Experiment: Apr28_cal_tst_expt vial 10, Thu Apr 28 17:02:30 2022
0.0027,29851
0.0078,29028
0.0131,29704
0.0188,29667
0.0244,29772
0.03,29851
0.0354,29890
0.041,29889
0.0466,29887
0.052,29837
0.0576,29858
0.0632,29852
0.0689,29884
0.0742,29838
0.0799,29776
0.0855,29870
0.0911,29880
0.0964,29809
0.1021,29718
0.1077,29811
0.1134,29838
0.1187,29645
0.1243,29857
0.1299,29671
0.1356,29851
0.1409,29872
0.1465,27655
0.1521,29542
0.1577,29362
0.1633,29516
0.1687,29092
0.1743,29577
0.1799,29722
0.1855,29229
0.1909,29512
0.1965,29562
0.2022,29674
0.2078,29382
0.2131,29472
0.2188,29446
0.2244,29496
0.23,29360
0.2354,29463
0.241,29493
0.2467,29463
0.252,29613
0.2577,29301
0.2633,29740
0.2689,29528
0.2743,29618
0.2799,29447
0.2855,29438
0.2911,29510
0.2965,29459
0.3021,29586
0.3078,29562
0.3134,29458
0.3187,29604
0.3243,29607
0.33,29681
0.3353,29558
0.341,29582
0.3466,29614
0.3522,29537
0.3576,29659
0.3632,29407
0.3688,29601
0.3745,29392
0.3798,29651
0.3854,29613
0.391,29672
0.3967,29760
0.4023,29386
0.4076,29663
0.4133,29703
0.4189,29664
0.4243,29621
0.4299,29611
0.4355,29670
0.4409,29637
0.4465,29680
0.4521,29432
0.4578,29605
0.4631,29650
0.4688,29645
0.4744,29750
0.48,29711
0.4854,29646
0.491,29456
0.4966,29722
0.5022,29527
0.5076,29671
0.5132,29688
0.5188,29642
0.5245,29641
0.5298,29634
0.5354,29682
0.541,29673
0.5467,29587
0.552,29714
0.5576,29751
0.5633,29681
0.5689,29707
0.5742,29720
0.5799,29653
0.5854,29705
0.591,29744
0.5966,29709
0.6022,29717
0.6076,29716
0.6132,29743
0.6188,29777
0.6244,29686
0.63,29350
0.6354,29664
0.641,29575
0.6466,29724
0.6522,29669
0.6576,29630
0.6632,29584
0.6688,29767
0.6744,29488
0.6798,29652
0.6854,29622
0.691,29654
0.6966,29653
0.7022,29391
0.7076,29694
0.7132,29688
0.7188,29551
0.7244,29655
0.73,29677
0.7354,29742
0.741,29710
0.7467,29624
0.7522,29506
0.7576,29607
0.7632,29683
0.7688,29688
0.7744,29653
0.7798,29601
0.7854,29523
0.791,29580
0.7966,29530
0.8023,29671
0.8076,29664
0.8132,29580
0.8188,29583
0.8245,29666
0.8298,29646
0.8354,29603
0.8411,29745
0.8467,29549
0.852,29609
0.8576,29515
0.8633,29689
0.8689,29701
0.8742,29706
0.8799,29538
0.8855,29531
0.8911,29611
0.8967,29578
0.9021,29590
0.9077,29691
0.9133,29727
0.919,29641
0.9243,29603
0.9299,29620
0.9355,29497
0.9409,29647
0.9465,29702
0.9522,29671
0.9578,29595
0.9631,29639
0.9688,29703
0.9744,29680
0.98,29672
0.9854,29609
0.991,29572
0.9966,29677
1.0022,29566
1.0076,29697
1.0133,29658
1.0188,29604
1.0244,29688
1.0298,29562
1.0354,29578
1.041,29601
1.0467,29600
1.052,29591
1.0577,29710
1.0633,29447
1.0689,29652
1.0743,29598
1.0799,29702
1.0855,29637
1.0911,29662
1.0965,29639
1.1021,29718
1.1077,29473
1.1133,29644
1.1187,29584
1.1243,29581
1.1299,29635
1.1355,29578
1.1412,29538
1.1465,29700
1.1522,29515
1.1578,29661
1.1631,29657
1.1688,29708
1.1744,29705
1.18,29659
1.1854,29659
1.191,29659
1.1966,29731
1.2023,29685
1.2076,29681
1.2132,29730
1.2189,29694
1.2245,29711
1.2298,29723
1.2355,29639
1.2411,29596
1.2465,29583
1.2521,29688
1.2577,29718
1.2634,29497
1.2687,29538
1.2743,29654
1.2799,29564
1.2856,29461
1.291,29679
1.2966,29674
1.3022,29677
1.3076,29639
1.3132,29706
1.3188,29636
1.3245,29663
1.3298,29610
1.3354,29639
1.341,29651
1.3467,29601
1.352,29574
1.3577,29520
1.3633,29631
1.3689,29583
1.3743,29666
1.3799,29636
1.3855,29679
1.3912,29678
1.3965,29680
1.4021,29633
1.4077,29635
1.4131,29654
1.4187,29634
1.4244,29671
1.43,29611
1.4356,29429
1.441,29660
1.4466,29524
1.4522,29635
1.4578,29632
1.4632,29624
1.4688,29618
1.4745,29646
1.4798,29592
1.4854,29662
1.4911,29587
1.4967,29626
1.502,29673
1.5077,29627
1.5133,29693
1.5189,29683
1.5243,29658
1.5299,29707
1.5355,29672
1.5412,29587
1.5465,29696
1.5521,29687
1.5577,29664
1.5634,29687
1.5687,29677
1.5743,29705
1.58,29689
1.5856,29695
1.5909,29706
1.5966,29678
1.6022,29711
1.6078,29700
1.6132,29687
1.6188,29677
1.6244,29695
1.63,29673
1.6354,29675
1.641,29693
1.6466,29696
1.6523,29698
1.6576,29669
1.6632,29650
1.6688,29683
1.6745,29660
1.6798,29672
1.6855,29678
1.6911,29687
1.6967,29662
1.7021,29665
1.7077,29664
1.7133,29675
1.7189,29678
1.7243,29673
1.7299,29683
1.7355,29677
1.7411,29676
1.7465,29674
1.7521,29611
1.7578,29615
1.7631,29619
1.7687,29599
1.7744,29628
1.78,29656
1.7854,29643
1.791,29626
1.7966,29648
1.8023,29650
1.8076,29642
1.8132,29659
1.8189,29618
1.8242,29634
1.8299,29626
1.8355,29632
1.8411,29666
1.8465,29665
1.8521,29659
1.8577,29663
1.8634,29659
1.8687,29622
1.8744,29588
1.88,29636
1.8854,29641
1.891,29652
1.8966,29605
1.9022,29548
1.9076,29525
1.9132,29531
1.9189,29599
1.9245,29534
1.9298,29613
1.9355,29432
1.9411,29402
1.9465,29542
1.9521,29516
1.9577,29556
1.9634,29613
1.9687,29609
1.9743,29518
1.9799,29597
1.9856,29597
1.9909,29581
1.9966,29574
2.0022,29588
2.0079,29591
2.0132,29597
2.0189,29603
2.0245,29589
2.0298,29602
2.0354,29605
2.0411,29601
2.0467,29615
2.052,29613
2.0576,29584
2.0633,29550
2.0689,29559
2.0742,29528
2.0799,29540
2.0855,29569
2.0911,29509
2.0965,29522
2.1021,29571
2.1076,29571
2.1132,29547
2.1188,29503
2.1244,29579
2.1301,29514
2.1354,29494
2.141,29568
2.1467,29552
2.1523,29546
2.1576,29539
2.1632,29555
2.1688,29554
2.1744,29512
2.1798,29409
2.1854,29507
2.191,29490
2.1966,29570
2.2023,29503
2.2076,29507
2.2132,29475
2.2188,29525
2.2244,29478
2.23,29551
2.2354,29507
2.241,29541
2.2466,29549
2.2522,29505
2.2576,29482
2.2632,29487
2.2688,29478
2.2744,29528
2.2801,29459
2.2854,29427
2.291,29442
2.2966,29515
2.3023,29520
2.3076,29440
2.3132,29511
2.3188,29523
2.3245,29475
2.3298,29460
2.3354,29493
2.341,29528
2.3467,29511
2.352,29535
2.3576,29535
2.3633,29539
2.3689,29541
2.3745,29533
2.3799,29524
2.3855,29523
2.3911,29526
2.3965,29523
2.4021,29523
2.4077,29521
2.4133,29525
2.4187,29525
2.4243,29510
2.4299,29497
2.4356,29482
2.4409,29481
2.4465,29483
2.4522,29479
2.4578,29481
2.4634,29463
2.4688,29450
2.4744,29462
2.48,29453
2.4854,29411
2.491,29475
2.4966,29489
2.5022,29349
2.5076,29479
2.5132,29468
2.5188,29412
2.5245,29405
2.5298,29446
2.5354,29448
2.5411,29428
2.5467,29355
2.552,29457
2.5577,29431
2.5633,29431
2.5689,29451
2.5743,29392
2.5799,29429
2.5855,29400
2.5911,29420
2.5965,29420
2.6021,29439
2.6077,29419
2.6133,29426
2.619,29437
2.6243,29422
2.6299,29425
2.6355,29446
2.6412,29408
2.6465,29426
2.6521,29425
2.6578,29425
2.6634,29438
2.6687,29438
2.6743,29439
2.68,29419
2.6856,29433
2.6911,29424
2.6965,29427
2.7021,29418
2.7077,29421
2.7134,29422
2.7187,29416
2.7243,29424
2.73,29398
2.7356,29396
2.7409,29402
2.7466,29399
2.7522,29406
2.7578,29362
2.7632,29369
2.7688,29368
2.7744,29373
2.7798,29378
2.7854,29386
2.7911,29375
2.7967,29341
2.8021,29339
2.8077,29318
2.8133,29362
2.8189,29363
2.8245,29308
2.8299,29334
2.8355,29324
2.8411,29296
2.8465,29295
2.8521,29355
2.8577,29158
2.8634,29314
2.8687,29281
2.8743,29170
2.8799,29284
2.8856,29296
2.8909,29309
2.8965,29176
2.9022,29275
2.9078,29286
2.9132,29316
2.9188,29312
2.9244,29266
2.93,29302
2.9354,29289
2.941,29283
2.9466,29299
2.9522,29177
2.9576,28980
2.9632,29291
2.9688,29185
2.9744,29255
2.98,29263
2.9854,29154
2.991,29165
2.9966,29230
3.0023,29247
3.0076,29236
3.0133,29246
3.0189,29261
3.0243,29266
3.0299,29177
3.0355,29156
3.0411,29211
3.0465,29219
3.0521,29159
3.0577,29206
3.0634,29195
3.0687,29210
3.0743,29160
3.08,29149
3.0856,29207
3.0909,29080
3.0966,29079
3.1022,29150
3.1078,29138
3.1132,29200
3.1188,29196
3.1244,29205
3.1301,29131
3.1354,29192
3.141,29141
3.1466,29184
3.1523,29174
3.1576,29157
3.1632,29162
3.1689,29162
3.1745,29148
3.1798,29115
3.1855,29067
3.1911,29090
3.1967,28985
3.2021,29162
3.2077,29136
3.2133,29169
3.2189,29078
3.2243,29093
3.2299,29136
3.2355,29102
3.2411,29114
3.2465,29155
3.2521,29155
3.2577,29153
3.2634,29137
3.2687,29122
3.2743,29148
3.28,29123
3.2856,29139
3.2912,29143
3.2966,29143
3.3022,29131
3.3078,29130
3.3132,29060
3.3188,29037
3.3244,29087
3.3298,29078
3.3354,29096
3.341,29047
3.3467,29072
3.352,29066
3.3577,29069
3.3633,29062
3.3689,28932
3.3745,29065
3.3799,28972
3.3855,28959
3.3911,29002
3.3967,28959
3.4021,28896
3.4077,29013
3.4133,29016
3.419,29017
3.4243,29038
3.4299,29025
3.4356,29039
3.4412,29050
3.4465,29049
3.4521,29041
3.4577,29031
3.4634,29038
3.4687,29026
3.4744,29011
3.48,28999
3.4856,29038
3.4909,28965
3.4966,28855
3.5022,28943
3.5078,28739
3.5132,28986
3.5188,28935
3.5244,28931
3.53,28981
3.5354,28925
3.541,28980
3.5466,28947
3.5523,28973
3.5576,28942
3.5632,28988
3.5689,28960
3.5745,28977
3.5799,28953
3.5855,28969
3.5911,28949
3.5967,28972
3.6021,28966
3.6077,28946
3.6133,28943
3.6187,28959
3.6243,28938
3.6298,28938
3.6355,28964
3.6411,28942
3.6467,28941
3.6521,28945
3.6576,28927
3.6633,28913
3.6689,28924
3.6745,28926
3.6799,28923
3.6854,28920
3.6911,28907
3.6967,28895
3.702,28614
3.7077,28785
3.7133,28795
3.7189,28778
3.7245,28789
3.7298,28847
3.7355,28844
3.7411,28838
3.7467,28761
3.7523,28755
3.7576,28794
3.7633,28823
3.7689,28838
3.7745,28826
3.7798,28813
3.7854,28808
3.7911,28822
3.7967,28818
3.8023,28769
3.8076,28648
3.8133,28775
3.8189,28778
3.8245,28741
3.8301,28761
3.8354,28771
3.8411,28746
3.8467,28754
3.8523,28780
3.8576,28768
3.8632,28768
3.8689,28723
3.8745,28712
3.8798,28715
3.8855,28768
3.8911,28772
3.8967,28752
3.9021,28772
3.9077,28762
3.9133,28769
3.9189,28757
3.9243,28763
3.9299,28764
3.9356,28765
3.9409,28742
3.9466,28760
3.9522,28754
3.9578,28676
3.9632,28728
3.9688,28732
3.9744,28704
3.98,28723
3.9857,28711
3.991,28644
3.9966,28723
4.0023,28699
4.0076,28679
4.0133,28715
4.0189,28702
4.0243,28682
4.0299,28700
4.0355,28682
4.0411,28690
4.0467,28665
4.0521,28672
4.0577,28677
4.0633,28671
4.0689,28654
4.0743,28651
4.0799,28662
4.0855,28654
4.0912,28658
4.0965,28639
4.1021,28633
4.1078,28637
4.1134,28641
4.1187,28632
4.1243,28623
4.1299,28564
4.1356,28573
4.1412,28586
4.1465,28540
4.1522,28567
4.1578,28547
4.1632,28586
4.1688,28578
4.1744,28570
4.18,28555
4.1854,28574
4.191,28568
4.1966,28556
4.2022,28571
4.2076,28576
4.2132,28559
4.2188,28560
4.2244,28557
4.2301,28542
4.2354,28554
4.241,28539
4.2466,28538
4.2523,28533
4.2576,28535
4.2632,28535
4.2689,28518
4.2745,28513
4.2798,28503
4.2855,28495
4.2911,28492
4.2967,28453
4.302,28468
4.3077,28464
4.3133,28468
4.3189,28459
4.3242,28468
4.3299,28466
4.3355,28459
4.3411,28460
4.3467,28478
4.3521,28355
4.3577,28388
4.3633,28366
4.3689,28397
4.3743,28392
4.3799,28385
4.3855,28408
4.3912,28401
4.3965,28370
4.4021,28400
4.4078,28365
4.4134,28367
4.4187,28368
4.4244,28269
4.43,28303
4.4356,28321
4.441,28254
4.4466,28137
4.4522,28148
4.4578,28247
4.4632,28269
4.4688,28246
4.4744,28176
4.48,28278
4.4857,28269
4.491,28296
4.4966,28287
4.5023,28296
4.5079,28300
4.5132,28157
4.5189,28165
4.5245,28231
4.5298,28227
4.5355,28225
4.5411,28168
4.5467,28123
4.5523,28164
4.5577,28171
4.5633,28125
4.5689,28170
4.5745,28142
4.5798,28157
4.5855,28157
4.5911,28185
4.5967,28208
4.6023,28173
4.6077,28177
4.6133,28183
4.6189,28158
4.6245,28182
4.6299,28104
4.6355,28158
4.6411,28072
4.6467,28069
4.6521,28113
4.6577,28057
4.6633,28124
4.669,27998
4.6743,28095
4.6799,27923
4.6856,28011
4.6912,27958
4.6965,28039
4.7022,27852
4.7078,27994
4.7134,27940
4.719,28056
4.7244,28001
4.73,27797
4.7356,27976
4.7413,27773
4.7466,27987
4.7522,27997
4.7579,27975
4.7632,27965
4.7688,28009
4.7745,27919
4.7801,28024
4.7854,27960
4.7911,28037
4.7967,27860
4.8023,27959
4.8077,27940
4.8133,27825
4.8189,27917
4.8245,27993
4.8299,27861
4.8355,27833
4.8411,27954
4.8467,27943
4.8521,27906
4.8577,27965
4.8633,27709
4.8689,27879
4.8746,27858
4.8799,27785
4.8855,27921
4.8912,27746
4.8968,27887
4.9021,27837
4.9077,27870
4.9133,27855
4.919,27867
4.9243,27789
4.9299,27762
4.9355,27734
4.9412,27765
4.9468,27642
4.9521,27645
4.9578,27787
4.9634,27765
4.969,27841
4.9744,27632
4.98,27756
4.9856,27788
4.9912,27811
4.9966,27814
5.0022,27767
5.0079,27660
5.0133,27801
5.0189,27782
5.0245,27681
5.0301,27721
5.0354,27706
5.041,27658
5.0467,27618
5.0523,27625
5.0579,27706
5.0632,27577
5.0689,27569
5.0745,27623
5.0801,27630
5.0855,27702
5.0911,27474
5.0967,27331
5.1024,27573
5.1077,27521
5.1133,27617
5.119,27462
5.1246,27531
5.1299,27592
5.1355,27544
5.1412,27615
5.1468,27533
5.1521,27651
5.1577,27634
5.1634,27616
5.169,27605
5.1746,27595
5.1799,27551
5.1855,27553
5.1912,27443
5.1968,27365
5.2021,27467
5.2077,27516
5.2133,27461
5.219,27588
5.2243,27573
5.2299,27561
5.2355,27551
5.2412,27403
5.2465,27514
5.2522,27162
5.2578,27519
5.2633,27306
5.269,27472
5.2746,27516
5.2799,27448
5.2856,27359
5.2911,27319
5.2968,27344
5.3024,27276
5.3077,27157
5.3133,27312
5.3188,27330
5.3244,27401
5.33,27441
5.3356,27305
5.3413,27331
5.3466,27294
5.3522,27221
5.3578,27278
5.3635,27233
5.3688,27116
5.3745,27231
5.3801,27363
5.3857,27239
5.3911,27277
5.3967,27195
5.4023,27264
5.4077,27286
5.4133,27233
5.419,27350
5.4246,27204
5.4299,27242
5.4355,27318
5.4412,27211
5.4468,27270
5.4521,27291
5.4578,27253
5.4635,27072
5.4689,27284
5.4745,27224
5.4801,27139
5.4854,27159
5.4911,27090
5.4967,27245
5.5023,27221
5.5079,27233
5.5133,27127
5.5189,27135
5.5245,27129
5.5302,27162
5.5355,27122
5.5411,27138
5.5468,27007
5.5524,27224
5.5577,27161
5.5634,27002
5.569,27053
5.5743,26868
5.58,27007
5.5856,26961
5.5912,27079
5.5968,27034
5.6022,27032
5.6078,26960
5.6134,26648
5.619,26999
5.6244,26969
5.63,26956
5.6356,27062
5.6413,27066
5.6466,26952
5.6522,26946
5.6578,27012
5.6635,26722
5.6688,26947
5.6744,26970
5.6801,27035
5.6857,26966
5.691,26642
5.6966,26978
5.7023,26939
5.7079,26882
5.7135,26882
5.7189,26979
5.7245,26948
5.7301,27008
5.7358,26884
5.7411,26930
5.7467,26962
5.7524,26932
5.7577,26852
5.7633,26876
5.769,26967
5.7746,26701
5.7799,26860
5.7856,26919
5.7912,26703
5.7968,26824
5.8022,26736
5.8078,26882
5.8134,26805
5.8191,26789
5.8244,26764
5.83,26832
5.8356,26842
5.8413,26785
5.8466,26805
5.8522,26850
5.8579,26863
5.8635,26766
5.8689,26771
5.8745,26850
5.8801,26681
5.8857,26776
5.8911,26649
5.8967,26642
5.9023,26792
5.9079,26777
5.9135,26809
5.9189,26802
5.9245,26783
5.9301,26810
5.9355,26719
5.9411,26789
5.9468,26715
5.9524,26742
5.9577,26618
5.9634,26559
5.969,26461
5.9746,26425
5.98,26599
5.9856,26608
5.9912,26573
5.9969,26519
6.0022,26477
6.0079,26470
6.0135,26638
6.0188,26560
6.0245,26455
6.0301,26598
6.0357,26581
6.0411,26615
6.0467,26573
6.0523,26595
6.058,26607
6.0633,26639
6.069,26622
6.0746,26575
6.0802,26570
6.0856,26545
6.0912,26559
6.0966,26427
6.1022,26449
6.1078,26514
6.1135,26123
6.1191,26451
6.1244,26411
6.13,26280
6.1356,26348
6.1413,26464
6.1466,26455
6.1522,26442
6.1579,26470
6.1635,26193
6.1688,26237
6.1744,26128
6.1801,26247
6.1857,26294
6.1913,26317
6.1966,26371
6.2023,26380
6.2079,26327
6.2135,26301
6.2189,26345
6.2245,26389
6.2301,26358
6.2357,26270
6.2411,26255
6.2467,26193
6.2523,26062
6.258,26234
6.2633,26241
6.269,26067
6.2746,26203
6.2799,25982
6.2856,26141
6.2912,26119
6.2968,26109
6.3022,26175
6.3078,26223
6.3135,26116
6.3191,26021
6.3244,26114
6.3301,26142
6.3357,26157
6.341,26164
6.3467,26095
6.3523,26199
6.3579,25919
6.3633,25832
6.3689,26018
6.3745,26080
6.3801,26144
6.3855,26114
6.3911,25940
6.3968,25931
6.4024,25863
6.408,25891
6.4134,26084
6.419,25980
6.4246,26056
6.43,26013
6.4356,26071
6.4412,25995
6.4469,26055
6.4522,26008
6.4578,25996
6.4635,26005
6.4688,26071
6.4745,25797
6.4801,25895
6.4857,25867
6.4913,25909
6.4967,25949
6.5023,25885
6.5079,25972
6.5135,25847
6.5189,25929
6.5245,25994
6.5301,25745
6.5358,25885
6.5411,25892
6.5468,25901
6.5524,25768
6.5577,25878
6.5634,25916
6.569,25768
6.5746,25800
6.58,25928
6.5856,25886
6.5912,25924
6.5969,25875
6.6022,25821
6.6078,25726
6.6135,25686
6.6191,25731
6.6244,25735
6.6301,25638
6.6357,25826
6.6413,25677
6.6467,25703
6.6523,25629
6.6579,25709
6.6633,25536
6.6689,25546
6.6746,25746
6.6802,25611
6.6855,25657
6.6911,25534
6.6968,25534
6.7024,25522
6.7078,25466
6.7134,25685
6.719,25558
6.7246,25627
6.73,25546
6.7356,25556
6.7412,25576
6.7469,25352
6.7522,25434
6.7577,25607
6.7634,25568
6.769,25509
6.7746,25432
6.78,25594
6.7856,25545
6.7912,25445
6.7968,25468
6.8024,25580
6.8078,25520
6.8134,25588
6.819,25484
6.8246,25624
6.83,25639
6.8356,25576
6.8412,25566
6.8468,25145
6.8524,25420
6.8578,25320
6.8634,25385
6.869,25527
6.8746,25557
6.88,25457
6.8856,25434
6.8912,25410
6.8968,25423
6.9024,25419
6.9078,25474
6.9135,25481
6.9191,25378
6.9244,25315
6.93,25390
6.9356,25465
6.9412,25441
6.9469,25413
6.9522,25439
6.9579,25459
6.9635,25404
6.9691,25386
6.9745,25423
6.9801,25439
6.9857,25360
6.9911,25271
6.9967,25335
7.0023,25300
7.0077,25335
7.0134,25370
7.019,25390
7.0246,25204
7.03,25272
7.0356,25284
7.0413,25108
7.0469,25145
7.0522,25179
7.0579,25208
7.0635,25232
7.0691,25241
7.0744,25227
7.0801,25310
7.0857,25278
7.0911,25178
7.0967,25242
7.1023,25212
7.1079,25281
7.1136,25224
7.1189,25271
7.1245,25223
7.1302,25253
7.1358,25141
7.1411,25070
7.1468,25252
7.1524,25205
7.1578,25241
7.1634,25162
7.169,25222
7.1746,25206
7.18,25215
7.1856,25071
7.1912,25095
7.1968,25174
7.2022,25079
7.2078,24982
7.2134,24934
7.219,25092
7.2244,25122
7.23,25117
7.2357,25127
7.2413,25170
7.2469,25140
7.2523,25068
7.2579,25084
7.2635,25045
7.2689,25081
7.2745,24996
7.2802,25052
7.2858,25042
7.2911,25078
7.2967,25004
7.3024,25003
7.308,25003
7.3133,25026
7.319,25024
7.3246,25070
7.3302,25069
7.3355,25035
7.3412,25015
7.3468,25033
7.3524,24784
7.3578,24910
7.3634,24838
7.369,24979
7.3747,24927
7.38,24750
7.3856,24958
7.3913,24960
7.3969,24846
7.4022,24965
7.4079,24826
7.4135,24835
7.4191,24653
7.4245,24860
7.4301,24721
7.4357,24903
7.4413,24954
7.4467,24966
7.4523,24916
7.4579,24914
7.4635,24934
7.4689,24942
7.4745,24923
7.4801,24790
7.4857,24844
7.4911,24886
7.4967,24912
7.5023,24920
7.508,24693
7.5133,24853
7.5189,24722
7.5246,24707
7.5302,24695
7.5356,24733
7.5412,24792
7.5468,24905
7.5525,24891
7.5579,24860
7.5635,24846
7.5691,24884
7.5744,24845
7.5801,24838
7.5857,24814
7.5914,24819
7.5967,24850
7.6023,24792
7.608,24809
7.6133,24813
7.619,24786
7.6246,24742
7.6302,24759
7.6356,24670
7.6412,24693
7.6468,24745
7.6525,24738
7.6578,24739
7.6634,24783
7.669,24808
7.6747,24801
7.68,24811
7.6857,24688
7.6913,24771
7.6969,24791
7.7023,24609
7.7079,24783
7.7135,24799
7.7191,24705
7.7245,24657
7.7301,24623
7.7357,24653
7.7413,24706
7.7467,24683
7.7523,24763
7.7579,24747
7.7636,24768
7.7689,24786
7.7745,24754
7.7802,24747
7.7858,24763
7.7911,24761
7.7968,24762
7.8024,24739
7.808,24730
7.8134,24740
7.819,24702
7.8246,24597
7.83,24679
7.8356,24633
7.8413,24720
7.8469,24701
7.8522,24643
7.8579,24667
7.8635,24653
7.8691,24677
7.8745,24691
7.8801,24710
7.8858,24668
7.8914,24527
7.8967,24585
7.9024,24560
7.908,24534
7.9133,24575
7.9189,24615
7.9246,24560
7.9302,24646
7.9358,24653
7.9412,24649
7.9468,24567
7.9524,24653
7.958,24602
7.9634,24532
7.969,24624
7.9746,24348
7.98,24485
7.9856,24379
7.9912,24574
7.9969,24595
8.0022,24590
8.0079,24578
8.0135,24615
8.0191,24558
8.0245,24614
8.0301,24648
8.0357,24584
8.0414,24642
8.0467,24558
8.0523,24481
8.0579,24568
8.0636,24593
8.0689,24493
8.0746,24474
8.0802,24393
8.0856,24432
8.0912,24518
8.0968,24513
8.1024,24539
8.108,24448
8.1134,24583
8.119,24571
8.1246,24444
8.1302,24571
8.1356,24557
8.1412,24544
8.1468,24595
8.1524,24531
8.1578,24487
8.1634,24609
8.169,24578
8.1747,24581
8.18,24613
8.1857,24603
8.1913,24590
8.1969,24613
8.2023,24607
8.2079,24619
8.2135,24535
8.2189,24567
8.2245,24575
8.2301,24521
8.2357,24580
8.2414,24501
8.2467,24568
8.2523,24553
8.258,24405
8.2636,24382
8.2689,24452
8.2746,24483
8.2802,24535
8.2858,24546
8.2911,24441
8.2968,24474
8.3024,24539
8.308,24529
8.3134,24443
8.319,24477
8.3247,24502
8.33,24405
8.3356,24453
8.3413,24368
8.3469,24366
8.3522,24321
8.3578,24301
8.3634,24248
8.369,24312
8.3746,24431
8.3802,24442
8.3856,24412
8.3911,24446
8.3968,24484
8.4024,24377
8.408,24311
8.4134,24343
8.419,24395
8.4246,24426
8.4302,24432
8.4358,24343
8.4411,24495
8.4468,24462
8.4524,24451
8.458,24501
8.4634,24466
8.469,24234
8.4746,24402
8.4802,24459
8.4856,24322
8.4912,24426
8.4968,24309
8.5024,24382
8.508,24386
8.5134,24416
8.519,24368
8.5246,24419
8.5302,24467
8.5356,24521
8.5412,24428
8.5468,24412
8.5524,24465
8.558,24375
8.5634,24436
8.569,24409
8.5746,24328
8.5802,24315
8.5856,24379
8.5912,24408
8.5968,24486
8.6025,24457
8.6078,24488
8.6135,24354
8.6191,24454
8.6247,24466
8.63,24499
8.6357,24422
8.6413,24513
8.6469,24550
8.6523,24525
8.6579,24410
8.6635,24442
8.6692,24531
8.6745,24404
8.6801,24279
8.6858,24479
8.6911,24494
8.6968,24370
8.7024,24463
8.708,24504
8.7134,24494
8.719,24458
8.7246,24472
8.7302,24460
8.7356,24496
8.7412,24521
8.7468,24503
8.7525,24549
8.7578,24546
8.7634,24541
8.7691,24545
8.7747,24497
8.7801,24524
8.7857,24556
8.7913,24506
8.7969,24491
8.8022,24570
8.8079,24349
8.8135,24410
8.8191,24372
8.8245,24516
8.8301,24352
8.8357,24484
8.8413,24500
8.8467,24506
8.8523,24503
8.8579,24461
8.8636,24513
8.8689,24503
8.8745,24501
8.8802,24559
8.8858,24510
8.8911,24550
8.8967,24503
8.9023,24444
8.908,24448
8.9136,24366
8.919,24276
8.9246,24270
8.9302,24300
8.9358,24416
8.9412,24452
8.9468,24430
8.9524,24213
8.9581,24344
8.9634,24424
8.9691,24399
8.9747,24527
8.98,24503
8.9857,24437
8.9913,24385
8.9969,24487
9.0023,24445
9.0079,24296
9.0135,24285
9.0192,24408
9.0245,24320
9.0302,24413
9.0358,24371
9.0412,24424
9.0468,24376
9.0524,24345
9.0578,24487
9.0634,24447
9.069,24450
9.0747,24327
9.0803,24456
9.0857,24325
9.0913,24449
9.0969,24398
9.1022,24379
9.1079,24413
9.1135,24439
9.1191,24453
9.1245,24364
9.1301,24439
9.1357,24509
9.1414,24412
9.1467,24436
9.1524,24333
9.158,24453
9.1636,24411
9.169,24371
9.1746,24461
9.1802,24350
9.1856,24381
9.1912,24336
9.1969,24327
9.2025,24204
9.2078,24440
9.2135,24265
9.2191,24468
9.2247,24499
9.2301,24489
9.2357,24435
9.2414,24393
9.2467,24282
9.2523,24374
9.258,24322
9.2633,24452
9.269,24541
9.2746,24453
9.2802,24360
9.2858,24390
9.2912,24272
9.2968,24385
9.3024,24414
9.3081,24391
9.3134,24466
9.319,24458
9.3247,24450
9.33,24240
9.3357,24444
9.3413,24464
9.3469,24506
9.3522,24517
9.3579,24568
9.3635,24554
9.3691,24367
9.3745,24439
9.3801,24511
9.3857,24496
9.3914,24511
9.3967,24554
9.4023,24553
9.408,24529
9.4136,24525
9.4189,24424
9.4246,24465
9.4302,24551
9.4356,24495
9.4412,24514
9.4468,24459
9.4524,24525
9.4578,24522
9.4634,24358
9.4691,24398
9.4747,24508
9.48,24456
9.4857,24487
9.4913,24314
9.4969,24367
9.5025,24417
9.5079,24378
9.5135,24503
9.5191,24438
9.5247,24515
9.5301,24560
9.5357,24331
9.5413,24465
9.547,24474
9.5523,24463
9.5579,24453
9.5636,24488
9.5689,24501
9.5745,24413
9.5802,24465
9.5858,24443
9.5911,24547
9.5967,24545
9.6024,24568
9.608,24613
9.6136,24577
9.619,24565
9.6246,24605
9.6302,24610
9.6356,24423
9.6412,24511
9.6468,24582
9.6524,24537
9.6581,24608
9.6634,24546
9.6691,24616
9.6747,24598
9.68,24578
9.6857,24562
9.6913,24548
9.6969,24615
9.7023,24554
9.7079,24515
9.7135,24536
9.7191,24551
9.7245,24610
9.7301,24507
9.7357,24516
9.7414,24490
9.7467,24568
9.7524,24590
9.758,24539
9.7636,24533
9.7689,24593
9.7746,24597
9.7802,24579
9.7858,24604
9.7912,24646
9.7968,24629
9.8024,24646
9.8081,24653
9.8134,24606
9.8191,24619
9.8247,24612
9.8301,24645
9.8357,24596
9.8413,24569
9.8469,24642
9.8523,24584
9.8579,24596
9.8635,24642
9.8692,24556
9.8745,24622
9.8801,24465
9.8858,24600
9.8914,24576
9.8967,24504
9.9024,24622
9.908,24522
9.9134,24626
9.919,24611
9.9246,24630
9.9303,24616
9.9356,24558
9.9412,24564
9.9468,24626
9.9525,24619
9.9581,24619
9.9634,24678
9.969,24573
9.9746,24532
9.9802,24503
9.9856,24675
9.9913,24539
9.9968,24521
10.0024,24565
10.0078,24611
10.0134,24621
10.019,24515
10.0246,24453
10.0301,24487
10.0358,24389
10.0414,24469
10.0468,24471
10.0524,24121
10.058,24497
10.0634,24475
10.069,24450
10.0747,24379
10.08,24538
10.0856,24558
10.0912,24521
10.0969,24629
10.1025,24595
10.1078,24586
10.1135,24665
10.1191,24623
10.1247,24605
10.1301,24623
10.1357,24663
10.1413,24630
10.1469,24610
10.1523,24449
10.1579,24533
10.1635,24706
10.1691,24425
10.1745,24615
10.1801,24488
10.1858,24430
10.1914,24628
10.1967,24315
10.2024,24511
10.208,24468
10.2136,24505
10.219,24583
10.2246,24421
10.2302,24523
10.2356,24495
10.2412,24598
10.2468,24637
10.2524,24608
10.2578,24591
10.2634,24635
10.2691,24627
10.2747,24644
10.28,24642
10.2857,24680
10.2913,24725
10.2969,24721
10.3023,24696
10.3079,24726
10.3135,24697
10.3191,24647
10.3245,24707
10.3301,24654
10.3357,24693
10.3414,24647
10.3467,24547
10.3523,24522
10.358,24586
10.3636,24514
10.3689,24616
10.3745,24633
10.3802,24664
10.3858,24721
10.3911,24629
10.3968,24612
10.4024,24730
10.408,24587
10.4134,24673
10.419,24614
10.4246,24629
10.4302,24606
10.4359,24661
10.4412,24661
10.4469,24653
10.4525,24640
10.4578,24632
10.4635,24608
10.4691,24647
10.4745,24675
10.4801,24646
10.4857,24730
10.4914,24757
10.4967,24754
10.5023,24753
10.508,24696
10.5136,24634
10.519,24594
10.5246,24591
10.5302,24717
10.5358,24724
10.5412,24752
10.5469,24725
10.5525,24730
10.5578,24740
10.5635,24728
10.5691,24672
10.5745,24563
10.5802,24588
10.5858,24600
10.5914,24671
10.5968,24571
10.6024,24602
10.6081,24620
10.6134,24628
10.619,24617
10.6247,24703
10.63,24719
10.6357,24715
10.6411,24722
10.6468,24733
10.6524,24756
10.658,24730
10.6634,24740
10.669,24756
10.6747,24757
10.6803,24751
10.6856,24777
10.6913,24799
10.6969,24719
10.7022,24769
10.7079,24777
10.7133,24768
10.719,24776
10.7246,24692
10.7302,24759
10.7359,24617
10.7412,24654
10.7468,24694
10.7525,24734
10.7581,24683
10.7634,24679
10.769,24764
10.7747,24759
10.7803,24783
10.7856,24736
10.7913,24766
10.7969,24736
10.8023,24788
10.8079,24794
10.8135,24752
10.8192,24762
10.8245,24782
10.8302,24754
10.8356,24776
10.8412,24789
10.8468,24789
10.8525,24819
10.8578,24819
10.8634,24813
10.8691,24817
10.8747,24805
10.8801,24781
10.8857,24774
10.8913,24799
10.897,24774
10.9023,24758
10.908,24828
10.9136,24718
10.9189,24449
10.9245,24733
10.9302,24463
10.9358,24697
10.9412,24672
10.9468,24734
10.9524,24691
10.9581,24747
10.9634,24791
10.969,24765
10.9746,24798
10.9803,24777
10.9856,24766
10.9913,24778
10.9969,24804
11.0025,24806
11.0079,24826
11.0135,24826
11.0192,24803
11.0245,24812
11.0301,24820
11.0358,24881
11.0414,24849
11.0467,24663
11.0524,24644
11.058,24654
11.0634,24701
11.069,24685
11.0746,24680
11.0802,24707
11.0856,24737
11.0912,24762
11.0969,24789
11.1025,24880
11.1078,24833
11.1135,24805
11.1191,24836
11.1247,24850
11.1303,24814
11.1357,24811
11.1413,24834
11.1469,24831
11.1523,24777
11.1579,24800
11.1635,24804
11.1691,24819
11.1745,24832
11.1801,24734
11.1858,24780
11.1914,24815
11.1967,24768
11.2024,24863
11.208,24801
11.2136,24825
11.219,24846
11.2246,24794
11.2302,24801
11.2358,24763
11.2412,24769
11.2468,24758
11.2525,24616
11.2581,24730
11.2634,24780
11.269,24744
11.2746,24841
11.2803,24831
11.2856,24832
11.2912,24846
11.2969,24893
11.3025,24679
11.3078,24781
11.3135,24759
11.3191,24702
11.3245,24728
11.3301,24780
11.3357,24807
11.3413,24820
11.3467,24872
11.3523,24871
11.3579,24884
11.3635,24872
11.3691,24853
11.3745,24854
11.3801,24882
11.3858,24886
11.3914,24865
11.3967,24872
11.4023,24881
11.4078,24907
11.4134,24779
11.4191,24805
11.4247,24855
11.4301,24829
11.4356,24820
11.4413,24834
11.4469,24823
11.4525,24861
11.4578,24885
11.4634,24852
11.469,24887
11.4746,24864
11.4803,24803
11.4856,24875
11.4912,24892
11.4968,24849
11.5025,24871
11.5081,24907
11.5134,24882
11.519,24880
11.5246,24956
11.5303,24853
11.5356,24906
11.5413,24866
11.5468,24868
11.5525,24902
11.5581,24897
11.5634,24880
11.569,24848
11.5746,24896
11.5803,24871
11.5856,24903
11.5912,24884
11.5968,24889
11.6024,24917
11.6081,24924
11.6134,24896
11.619,24874
11.6246,24934
11.6302,24848
11.6356,24872
11.6412,24794
11.6469,24889
11.6525,24853
11.6578,24848
11.6635,24926
11.6691,24935
11.6747,24933
11.6801,24909
11.6857,24932
11.6914,24949
11.6967,24946
11.7023,24926
11.7079,24954
11.7136,24559
11.7189,24935
11.7246,24687
11.7302,24669
11.7358,24812
11.7414,24889
11.7467,24694
11.7524,24781
11.758,24830
11.7636,24770
11.769,24854
11.7746,24761
11.7802,24883
11.7858,24889
11.7912,24819
11.7968,24805
11.8024,24855
11.8081,24813
11.8134,24837
11.819,24854
11.8247,24858
11.8303,24845
11.8356,24892
11.8413,24951
11.8469,24906
11.8523,24956
11.8579,24864
11.8635,24853
11.8692,24846
11.8745,24887
11.8802,24822
11.8858,24963
11.8914,24946
11.8967,24936
11.9024,24975
11.908,24836
11.9136,24870
11.919,24824
11.9246,24739
11.9302,24759
11.9356,24719
11.9412,24837
11.9469,24954
11.9525,24883
11.9579,24837
11.9635,24842
11.9691,24932
11.9745,24941
11.9801,24942
11.9857,24936
11.9914,24915
11.9967,24928
12.0024,24937
12.008,24918
12.0134,24991
12.019,24968
12.0246,24999
12.0303,24824
12.0356,24989
12.0413,24743
12.0469,24922
12.0525,24925
12.0579,24930
12.0635,24952
12.0691,24958
12.0747,24956
12.08,24971
12.0857,24974
12.0913,25001
12.0969,25009
12.1025,25022
12.1079,25029
12.1135,24980
12.1191,24983
12.1245,24999
12.1301,24973
12.1358,24932
12.1414,24957
12.1467,24982
12.1524,25013
12.158,24916
12.1633,24956
12.169,24972
12.1746,24956
12.1803,25001
12.1856,25028
12.1913,25033
12.1969,24964
12.2023,24943
12.2079,24995
12.2135,24937
12.2192,24945
12.2245,24964
12.2301,24913
12.2358,24891
12.2414,24917
12.2467,24992
12.2524,25031
12.258,24861
12.2636,24982
12.269,24945
12.2745,24974
12.2801,24978
12.2857,24997
12.2914,24983
12.2967,25025
12.3023,24929
12.308,24803
12.3136,24921
12.3192,24959
12.3246,24464
12.3302,24927
12.3358,24926
12.3412,24957
12.3468,24637
12.3524,24878
12.3581,24949
12.3634,24987
12.369,24929
12.3747,24915
12.38,24834
12.3857,24974
12.3913,25017
12.3969,25083
12.4022,25066
12.4079,25003
12.4135,25035
12.4191,25058
12.4248,25048
12.4301,25068
12.4358,25051
12.4414,25024
12.4468,24972
12.4524,24929
12.458,24850
12.4634,24898
12.469,24941
12.4746,24906
12.4803,24966
12.4859,25051
12.4912,24944
12.4969,24935
12.5025,24975
12.5079,24940
12.5135,25000
12.5191,24936
12.5247,24977
12.5301,24982
12.5357,25038
12.5413,25067
12.5467,25090
12.5524,25081
12.558,25045
12.5636,25054
12.569,25035
12.5746,25083
12.5802,25079
12.5859,24955
12.5912,24982
12.5968,25008
12.6025,25057
12.6078,25071
12.6135,25048
12.6191,25067
12.6245,24996
12.6301,25053
12.6358,25019
12.6414,24971
12.6468,25020
12.6524,24971
12.658,25007
12.6636,25028
12.669,25027
12.6746,25072
12.6803,25001
12.6859,25008
12.6912,24998
12.6969,24960
12.7025,24921
12.7079,24991
12.7134,24921
12.719,24978
12.7246,25045
12.7303,25021
12.7359,25088
12.7412,25108
12.7469,25048
12.7525,25044
12.7579,25101
12.7635,25111
12.7691,25118
12.7745,25012
12.7801,25081
12.7856,25088
12.7912,25145
12.7968,25094
12.8025,25069
12.8081,25088
12.8135,25046
12.8191,25097
12.8247,25085
12.8301,25083
12.8356,25055
12.8412,25088
12.8468,25086
12.8525,25091
12.8578,25130
12.8635,25115
12.8691,25077
12.8747,25069
12.8801,25098
12.8857,25118
12.8913,25106
12.897,25132
12.9023,25089
12.9079,25099
12.9136,25121
12.9192,25121
12.9245,25166
12.93,25077
12.9357,25098
12.9413,25074
12.947,25121
12.9523,25109
12.9578,25088
12.9634,25086
12.9691,25123
12.9747,25164
12.9801,25162
12.9856,25144
12.9913,25107
12.9969,25129
13.0023,25154
13.0079,25135
13.0134,25070
13.0191,25047
13.0247,25119
13.03,25049
13.0357,25109
13.0412,25082
13.0469,25137
13.0525,25125
13.0579,25158
13.0635,25156
13.069,25144
13.0747,25152
13.0803,25102
13.0857,25124
13.0913,25108
13.0969,25088
13.1025,25143
13.1081,25140
13.1134,25129
13.1191,25105
13.1247,25058
13.1303,25010
13.1357,25058
13.1413,25023
13.1469,25040
13.1523,25140
13.1579,25125
13.1635,25118
13.1692,25094
13.1745,25158
13.1802,25171
13.1858,25128
13.1914,25157
13.1967,25175
13.2024,25025
13.208,25111
13.2134,25091
13.219,25124
13.2247,25129
13.2303,25047
13.2356,25147
13.2413,25126
13.2469,25147
13.2525,25161
13.2579,25179
13.2635,25176
13.2691,25202
13.2748,25160
13.2801,25202
13.2858,25168
13.2914,25133
13.2968,25196
13.3024,25146
13.308,25156
13.3134,25029
13.319,25149
13.3247,25109
13.3303,25018
13.3356,24920
13.3413,24901
13.3469,25030
13.3525,24978
13.3579,25072
13.3635,25031
13.3691,25139
13.3745,24989
13.3801,25155
13.3857,25165
13.3914,25176
13.397,25150
13.4024,25177
13.408,25137
13.4136,25041
13.419,25110
13.4246,25131
13.4302,25176
13.4359,25124
13.4412,25097
13.4469,25183
13.4525,25110
13.4581,25053
13.4635,24999
13.4691,25126
13.4747,25135
13.4801,25139
13.4857,25163
13.4914,25152
13.4967,25172
13.5023,25170
13.508,25224
13.5136,25223
13.519,25150
13.5246,25231
13.5302,25217
13.5359,25219
13.5412,25236
13.5468,25244
13.5525,25214
13.5581,25244
13.5635,25234
13.5691,25227
13.5747,25201
13.5801,25273
13.5857,25276
13.5913,25239
13.5969,25262
13.6026,25189
13.6079,25233
13.6135,25239
13.6192,25235
13.6248,25186
13.6301,25118
13.6358,25231
13.6414,25224
13.647,25232
13.6524,25238
13.658,25218
13.6636,25259
13.669,25280
13.6746,25264
13.6802,25208
13.6858,25214
13.6912,25269
13.6968,25092
13.7025,25129
13.7081,24953
13.7137,25083
13.719,25143
13.7247,25235
13.7303,25214
13.7356,25254
13.7413,25255
13.7469,25186
13.7525,25099
13.7579,25238
13.7635,25100
13.7691,25206
13.7748,25178
13.7801,25140
13.7858,25201
13.7914,25270
13.797,25230
13.8023,25294
13.808,25286
13.8136,25292
13.819,25255
13.8246,25268
13.8302,25274
13.8359,25297
13.8415,25300
13.8469,25305
13.8525,25260
13.8581,25297
13.8635,25303
13.8691,25305
13.8747,25122
13.8801,25182
13.8857,25228
13.8913,25181
13.897,25227
13.9023,25241
13.9079,25275
13.9136,25216
13.9192,25262
13.9248,25271
13.9301,25257
13.9357,25270
13.9414,25295
13.947,25317
13.9524,25259
13.958,25271
13.9636,25305
13.9692,25317
13.9746,25337
13.9802,25335
13.9858,25323
13.9915,25348
13.9968,25283
14.0023,25325
14.008,25331
14.0136,25213
14.0192,25202
14.0246,25153
14.0302,25142
14.0359,25194
14.0415,25231
14.0468,25207
14.0525,25311
14.0581,25070
14.0634,24990
14.0691,25161
14.0745,25307
14.0802,25273
14.0858,25286
14.0914,25263
14.0968,25300
14.1024,25335
14.108,25334
14.1136,25337
14.119,25329
14.1246,25353
14.1303,25299
14.1359,25334
14.1413,25342
14.1469,25368
14.1525,25368
14.1581,25362
14.1637,25304
14.1691,25310
14.1747,25244
14.1803,25294
14.1857,25292
14.1913,25183
14.1969,25323
14.2026,25312
14.2082,25315
14.2135,25358
14.2191,25316
14.2248,25341
14.2304,25267
14.2357,25348
14.2414,25261
14.247,25273
14.2526,25322
14.2579,25328
14.2636,25291
14.2692,25249
14.2745,25377
14.2802,25317
14.2858,25337
14.2914,25362
14.2968,25239
14.3024,25281
14.308,25358
14.3136,25343
14.3193,25280
14.3246,25276
14.3303,25365
14.3359,25334
14.3415,25235
14.3468,25329
14.3525,25353
14.3581,25337
14.3635,25357
14.3691,25354
14.3747,25407
14.3803,25384
14.3857,25275
14.3913,25312
14.3969,25241
14.4026,25313
14.4082,25382
14.4135,25311
14.4192,25354
14.4248,25383
14.4301,25395
14.4357,25394
14.4414,25395
14.447,25412
14.4526,25410
14.458,25386
14.4636,25375
14.4692,25160
14.4748,25312
14.4802,25188
14.4858,25311
14.4914,25261
14.497,25314
14.5024,25363
14.508,25392
14.5136,25350
14.5193,25311
14.5246,25291
14.5302,25284
14.5357,25378
14.5413,25421
14.5469,25362
14.5525,25325
14.5582,25348
14.5635,25395
14.5691,25385
14.5747,25318
14.5803,25337
14.5857,25141
14.5913,25128
14.5969,25020
14.6025,24966
14.6079,25282
14.6135,25029
14.6191,25197
14.6247,25290
14.6304,25069
14.6357,25231
14.6413,25192
14.6469,25146
14.6525,25358
14.6581,25254
14.6635,25352
14.6691,25429
14.6747,25414
14.6801,25397
14.6858,25435
14.6914,25350
14.697,25255
14.7025,25310
14.7081,25384
14.7138,25402
14.7191,25414
14.7247,25425
14.7303,25417
14.736,25337
14.7413,25411
14.7469,25375
14.7524,25427
14.758,25353
14.7636,25434
14.7692,25415
14.7749,25425
14.7802,25424
14.7859,25456
14.7915,25463
14.7971,25401
14.8024,25372
14.8081,25479
14.8137,25422
14.8193,25306
14.8246,25352
14.8303,25399
14.8359,25423
14.8413,25484
14.8469,25431
14.8525,25432
14.8581,25494
14.8635,25507
14.8691,25483
14.8746,25473
14.8802,25488
14.8859,25496
14.8915,25467
14.8968,25447
14.9024,25362
14.9081,25301
14.9137,25383
14.9191,25367
14.9247,25372
14.9303,25423
14.9359,25396
14.9413,25355
14.9469,25363
14.9525,25386
14.9581,25223
14.9638,25244
14.9691,25434
14.9747,25347
14.9804,25362
14.986,25464
14.9913,25424
14.9968,25403
15.0025,25335
15.0081,25358
15.0138,25394
15.0191,25419
15.0247,25489
15.0303,25414
15.036,25414
15.0413,25200
15.0469,25419
15.0526,25360
15.0582,25428
15.0636,25415
15.0692,25443
15.0748,25465
15.0802,25490
15.0858,25493
15.0914,25507
15.0971,25433
15.1024,25497
15.108,25492
15.1137,25502
15.1193,25473
15.1247,25386
15.1303,25474
15.1359,25310
15.1415,25367
15.1469,25408
15.1525,25503
15.1581,25473
15.1638,25485
15.1691,25386
15.1747,25375
15.1804,25332
15.1857,25450
15.1914,25389
15.197,25416
15.2026,25392
15.208,25412
15.2136,25399
15.2193,25525
15.2246,25482
15.2302,25545
15.2358,25500
15.2415,25364
15.2471,25437
15.2525,25451
15.2581,25479
15.2637,25527
15.2693,25456
15.2747,25550
15.2803,25507
15.2859,25558
15.2915,25542
15.2969,25526
15.3025,25562
15.3081,25548
15.3138,25548
15.3191,25563
15.3248,25532
15.3304,25554
15.3357,25558
15.3414,25578
15.347,25515
15.3524,25524
15.358,25543
15.3636,25503
15.3692,25545
15.3749,25476
15.3802,25470
15.3859,25399
15.3915,25504
15.3971,25539
15.4024,25477
15.4081,25543
15.4137,25557
15.4193,25570
15.4247,25574
15.4303,25506
15.4359,25223
15.4416,25392
15.4469,25468
15.4525,25456
15.4582,25457
15.4635,25467
15.4692,25450
15.4748,25510
15.4804,25495
15.4858,25477
15.4914,25451
15.497,25460
15.5026,25453
15.508,25453
15.5136,25433
15.5192,25500
15.5249,25516
15.5302,25440
15.5358,25500
15.5415,25505
15.5471,25447
15.5524,25472
15.5581,25431
15.5637,25541
15.5691,25558
15.5747,25516
15.5803,25608
15.5859,25600
15.5916,25602
15.5969,25616
15.6026,25623
15.6082,25628
15.6136,25603
15.6192,25622
15.6248,25606
15.6302,25609
15.6358,25570
15.6414,25590
15.6471,25641
15.6524,25592
15.6581,25602
15.6637,25639
15.6693,25623
15.6747,25625
15.6803,25626
15.6859,25563
15.6916,25624
15.6969,25622
15.7025,25650
15.7082,25570
15.7135,25585
15.7191,25622
15.7247,25480
15.7304,25516
15.7357,25560
15.7414,25247
15.747,25370
15.7524,25454
15.758,25374
15.7637,25379
15.7691,25619
15.7747,25552
15.7804,25454
15.7858,25363
15.7915,25531
15.7969,25311
15.8025,25359
15.8081,25551
15.8135,25506
15.8192,25409
15.8248,25622
15.8302,25523
15.8359,25580
15.8415,25619
15.847,25622
15.8526,25666
15.858,25647
15.8636,25653
15.8693,25665
15.8747,25653
15.8803,25687
15.886,25671
15.8914,25651
15.897,25689
15.9027,25684
15.9081,25678
15.9137,25388
15.9193,25515
15.9247,25589
15.9303,25443
15.9359,25505
15.9413,25576
15.947,25438
15.9526,25394
15.9582,25420
15.9636,25390
15.9692,25325
15.9746,25513
15.9803,25341
15.9859,25557
15.9913,25542
15.997,25564
16.0026,25619
16.008,25597
16.0137,25642
16.0193,25656
16.0247,25642
16.0303,25635
16.036,25666
16.0414,25705
16.0471,25674
16.0525,25663
16.0581,25619
16.0638,25592
16.0692,25561
16.0749,25558
16.0803,25592
16.0858,25642
16.0914,25578
16.0971,25534
16.1025,25603
16.1081,25652
16.1136,25642
16.1192,25682
16.1249,25708
16.1303,25727
16.1359,25692
16.1414,25553
16.147,25594
16.1527,25636
16.158,25596
16.1636,25577
16.1692,25471
16.1749,25628
16.1803,25472
16.1859,25489
16.1913,25575
16.1969,25442
16.2026,25445
16.2082,25554
16.2136,25647
16.2192,25563
16.2248,25559
16.2305,25530
16.2358,25419
16.2415,25507
16.2471,25576
16.2525,25501
16.2581,25422
16.2635,25624
16.2692,25521
16.2748,25650
16.2804,25643
16.286,25711
16.2914,25592
16.297,25502
16.3027,25506
16.3081,25660
16.3137,25676
16.3193,25620
16.3247,25415
16.3303,25646
16.3358,25607
16.3414,25628
16.347,25643
16.3527,25658
16.3581,25657
16.3637,25702
16.3693,25458
16.3746,25694
16.3803,25585
16.3859,25701
16.3915,25539
16.3969,25503
16.4025,25579
16.408,25697
16.4136,25573
16.4192,25698
16.4249,25679
16.4302,25687
16.4359,25708
16.4415,25722
16.4469,25712
16.4525,25711
16.4581,25749
