Experiment: Apr28_cal_tst_expt vial 7, Thu Apr 28 17:02:30 2022
0.0027,28681
0.0078,28665
0.0131,28685
0.0188,28674
0.0244,28688
0.03,28694
0.0354,28660
0.041,28676
0.0466,28685
0.052,28694
0.0576,28666
0.0632,28681
0.0689,28668
0.0742,28659
0.0799,28679
0.0855,28668
0.0911,28645
0.0964,28658
0.1021,28589
0.1077,28665
0.1134,28616
0.1187,28636
0.1243,28525
0.1299,28584
0.1356,28437
0.1409,28644
0.1465,28660
0.1521,28666
0.1577,28657
0.1633,28642
0.1687,28654
0.1743,28647
0.1799,28659
0.1855,28672
0.1909,28684
0.1965,28663
0.2022,28685
0.2078,28684
0.2131,28625
0.2188,28685
0.2244,28667
0.23,28675
0.2354,28665
0.241,28689
0.2467,28678
0.252,28659
0.2577,28696
0.2633,28710
0.2689,28706
0.2743,28709
0.2799,28692
0.2855,28704
0.2911,28649
0.2965,28691
0.3021,28703
0.3078,28666
0.3134,28701
0.3187,28698
0.3243,28699
0.33,28684
0.3353,28709
0.341,28692
0.3466,28689
0.3522,28706
0.3576,28682
0.3632,28708
0.3688,28707
0.3745,28691
0.3798,28705
0.3854,28716
0.391,28708
0.3967,28707
0.4023,28711
0.4076,28709
0.4133,28710
0.4189,28712
0.4243,28718
0.4299,28717
0.4355,28712
0.4409,28715
0.4465,28725
0.4521,28709
0.4578,28723
0.4631,28705
0.4688,28721
0.4744,28713
0.48,28720
0.4854,28705
0.491,28713
0.4966,28725
0.5022,28713
0.5076,28702
0.5132,28717
0.5188,28713
0.5245,28723
0.5298,28718
0.5354,28714
0.541,28719
0.5467,28718
0.552,28726
0.5576,28719
0.5633,28722
0.5689,28720
0.5742,28720
0.5799,28711
0.5854,28722
0.591,28721
0.5966,28715
0.6022,28719
0.6076,28721
0.6132,28720
0.6188,28725
0.6244,28725
0.63,28720
0.6354,28720
0.641,28719
0.6466,28727
0.6522,28721
0.6576,28726
0.6632,28725
0.6688,28712
0.6744,28721
0.6798,28716
0.6854,28717
0.691,28720
0.6966,28722
0.7022,28718
0.7076,28717
0.7132,28723
0.7188,28718
0.7244,28721
0.73,28731
0.7354,28740
0.741,28733
0.7467,28734
0.7522,28734
0.7576,28727
0.7632,28735
0.7688,28738
0.7744,28733
0.7798,28736
0.7854,28733
0.791,28731
0.7966,28738
0.8023,28729
0.8076,28732
0.8132,28731
0.8188,28729
0.8245,28732
0.8298,28730
0.8354,28726
0.8411,28735
0.8467,28733
0.852,28731
0.8576,28733
0.8633,28736
0.8689,28737
0.8742,28735
0.8799,28736
0.8855,28739
0.8911,28736
0.8967,28734
0.9021,28727
0.9077,28734
0.9133,28740
0.919,28731
0.9243,28727
0.9299,28733
0.9355,28739
0.9409,28735
0.9465,28740
0.9522,28735
0.9578,28737
0.9631,28742
0.9688,28742
0.9744,28746
0.98,28737
0.9854,28735
0.991,28740
0.9966,28744
1.0022,28752
1.0076,28747
1.0133,28745
1.0188,28744
1.0244,28744
1.0298,28745
1.0354,28741
1.041,28743
1.0467,28746
1.052,28741
1.0577,28737
1.0633,28748
1.0689,28742
1.0743,28738
1.0799,28750
1.0855,28744
1.0911,28750
1.0965,28743
1.1021,28739
1.1077,28749
1.1133,28745
1.1187,28741
1.1243,28742
1.1299,28750
1.1355,28746
1.1412,28741
1.1465,28750
1.1522,28739
1.1578,28746
1.1631,28747
1.1688,28738
1.1744,28743
1.18,28744
1.1854,28746
1.191,28749
1.1966,28747
1.2023,28755
1.2076,28753
1.2132,28748
1.2189,28752
1.2245,28751
1.2298,28749
1.2355,28749
1.2411,28751
1.2465,28750
1.2521,28754
1.2577,28750
1.2634,28750
1.2687,28752
1.2743,28760
1.2799,28756
1.2856,28746
1.291,28749
1.2966,28749
1.3022,28739
1.3076,28744
1.3132,28754
1.3188,28749
1.3245,28740
1.3298,28748
1.3354,28742
1.341,28736
1.3467,28745
1.352,28748
1.3577,28737
1.3633,28747
1.3689,28723
1.3743,28744
1.3799,28747
1.3855,28746
1.3912,28744
1.3965,28747
1.4021,28748
1.4077,28749
1.4131,28758
1.4187,28751
1.4244,28752
1.43,28749
1.4356,28736
1.441,28750
1.4466,28744
1.4522,28754
1.4578,28752
1.4632,28740
1.4688,28748
1.4745,28741
1.4798,28740
1.4854,28735
1.4911,28738
1.4967,28737
1.502,28740
1.5077,28739
1.5133,28741
1.5189,28718
1.5243,28736
1.5299,28745
1.5355,28747
1.5412,28746
1.5465,28752
1.5521,28749
1.5577,28751
1.5634,28748
1.5687,28757
1.5743,28750
1.58,28750
1.5856,28755
1.5909,28753
1.5966,28754
1.6022,28754
1.6078,28749
1.6132,28753
1.6188,28754
1.6244,28752
1.63,28748
1.6354,28739
1.641,28750
1.6466,28748
1.6523,28765
1.6576,28754
1.6632,28755
1.6688,28753
1.6745,28746
1.6798,28750
1.6855,28750
1.6911,28752
1.6967,28750
1.7021,28748
1.7077,28749
1.7133,28748
1.7189,28754
1.7243,28749
1.7299,28768
1.7355,28756
1.7411,28751
1.7465,28754
1.7521,28761
1.7578,28749
1.7631,28754
1.7687,28752
1.7744,28754
1.78,28761
1.7854,28757
1.791,28750
1.7966,28757
1.8023,28758
1.8076,28758
1.8132,28748
1.8189,28755
1.8242,28752
1.8299,28752
1.8355,28752
1.8411,28750
1.8465,28754
1.8521,28754
1.8577,28748
1.8634,28747
1.8687,28754
1.8744,28750
1.88,28743
1.8854,28751
1.891,28743
1.8966,28734
1.9022,28728
1.9076,28748
1.9132,28749
1.9189,28751
1.9245,28738
1.9298,28751
1.9355,28751
1.9411,28752
1.9465,28747
1.9521,28748
1.9577,28753
1.9634,28762
1.9687,28750
1.9743,28751
1.9799,28748
1.9856,28744
1.9909,28740
1.9966,28749
2.0022,28748
2.0079,28740
2.0132,28753
2.0189,28738
2.0245,28754
2.0298,28744
2.0354,28746
2.0411,28743
2.0467,28745
2.052,28738
2.0576,28749
2.0633,28741
2.0689,28744
2.0742,28741
2.0799,28732
2.0855,28742
2.0911,28743
2.0965,28745
2.1021,28754
2.1076,28753
2.1132,28738
2.1188,28738
2.1244,28738
2.1301,28745
2.1354,28747
2.141,28738
2.1467,28751
2.1523,28740
2.1576,28738
2.1632,28742
2.1688,28740
2.1744,28734
2.1798,28737
2.1854,28743
2.191,28744
2.1966,28737
2.2023,28741
2.2076,28743
2.2132,28745
2.2188,28756
2.2244,28744
2.23,28739
2.2354,28746
2.241,28736
2.2466,28739
2.2522,28734
2.2576,28739
2.2632,28722
2.2688,28732
2.2744,28733
2.2801,28731
2.2854,28739
2.291,28737
2.2966,28736
2.3023,28730
2.3076,28727
2.3132,28697
2.3188,28727
2.3245,28695
2.3298,28729
2.3354,28734
2.341,28730
2.3467,28734
2.352,28741
2.3576,28732
2.3633,28733
2.3689,28721
2.3745,28727
2.3799,28723
2.3855,28709
2.3911,28717
2.3965,28712
2.4021,28728
2.4077,28727
2.4133,28720
2.4187,28725
2.4243,28722
2.4299,28719
2.4356,28714
2.4409,28720
2.4465,28718
2.4522,28721
2.4578,28720
2.4634,28715
2.4688,28722
2.4744,28716
2.48,28719
2.4854,28709
2.491,28710
2.4966,28715
2.5022,28711
2.5076,28704
2.5132,28707
2.5188,28710
2.5245,28713
2.5298,28708
2.5354,28707
2.5411,28715
2.5467,28703
2.552,28712
2.5577,28705
2.5633,28705
2.5689,28710
2.5743,28716
2.5799,28708
2.5855,28708
2.5911,28710
2.5965,28705
2.6021,28700
2.6077,28703
2.6133,28697
2.619,28709
2.6243,28710
2.6299,28702
2.6355,28698
2.6412,28700
2.6465,28697
2.6521,28698
2.6578,28697
2.6634,28686
2.6687,28692
2.6743,28700
2.68,28698
2.6856,28690
2.6911,28700
2.6965,28698
2.7021,28690
2.7077,28701
2.7134,28694
2.7187,28697
2.7243,28685
2.73,28687
2.7356,28683
2.7409,28682
2.7466,28686
2.7522,28692
2.7578,28683
2.7632,28699
2.7688,28688
2.7744,28664
2.7798,28685
2.7854,28672
2.7911,28671
2.7967,28676
2.8021,28672
2.8077,28662
2.8133,28682
2.8189,28668
2.8245,28677
2.8299,28675
2.8355,28675
2.8411,28673
2.8465,28661
2.8521,28671
2.8577,28682
2.8634,28668
2.8687,28670
2.8743,28670
2.8799,28660
2.8856,28675
2.8909,28666
2.8965,28669
2.9022,28664
2.9078,28652
2.9132,28650
2.9188,28645
2.9244,28649
2.93,28655
2.9354,28667
2.941,28650
2.9466,28657
2.9522,28653
2.9576,28641
2.9632,28638
2.9688,28651
2.9744,28654
2.98,28661
2.9854,28649
2.991,28648
2.9966,28650
3.0023,28651
3.0076,28644
3.0133,28639
3.0189,28642
3.0243,28647
3.0299,28644
3.0355,28636
3.0411,28639
3.0465,28628
3.0521,28626
3.0577,28631
3.0634,28637
3.0687,28635
3.0743,28628
3.08,28626
3.0856,28621
3.0909,28626
3.0966,28615
3.1022,28625
3.1078,28624
3.1132,28614
3.1188,28607
3.1244,28611
3.1301,28602
3.1354,28600
3.141,28608
3.1466,28608
3.1523,28607
3.1576,28609
3.1632,28604
3.1689,28607
3.1745,28602
3.1798,28602
3.1855,28609
3.1911,28589
3.1967,28590
3.2021,28606
3.2077,28588
3.2133,28590
3.2189,28604
3.2243,28582
3.2299,28584
3.2355,28597
3.2411,28587
3.2465,28580
3.2521,28590
3.2577,28588
3.2634,28606
3.2687,28583
3.2743,28594
3.28,28576
3.2856,28582
3.2912,28581
3.2966,28577
3.3022,28574
3.3078,28567
3.3132,28572
3.3188,28568
3.3244,28578
3.3298,28569
3.3354,28570
3.341,28572
3.3467,28561
3.352,28554
3.3577,28557
3.3633,28564
3.3689,28562
3.3745,28559
3.3799,28545
3.3855,28545
3.3911,28547
3.3967,28533
3.4021,28524
3.4077,28540
3.4133,28540
3.419,28541
3.4243,28545
3.4299,28540
3.4356,28539
3.4412,28520
3.4465,28515
3.4521,28525
3.4577,28520
3.4634,28521
3.4687,28522
3.4744,28533
3.48,28532
3.4856,28524
3.4909,28507
3.4966,28502
3.5022,28502
3.5078,28502
3.5132,28497
3.5188,28489
3.5244,28499
3.53,28501
3.5354,28480
3.541,28491
3.5466,28491
3.5523,28484
3.5576,28492
3.5632,28488
3.5689,28484
3.5745,28473
3.5799,28477
3.5855,28456
3.5911,28455
3.5967,28471
3.6021,28459
3.6077,28465
3.6133,28463
3.6187,28450
3.6243,28446
3.6298,28438
3.6355,28448
3.6411,28457
3.6467,28448
3.6521,28436
3.6576,28433
3.6633,28435
3.6689,28449
3.6745,28416
3.6799,28419
3.6854,28427
3.6911,28426
3.6967,28423
3.702,28429
3.7077,28407
3.7133,28400
3.7189,28402
3.7245,28405
3.7298,28418
3.7355,28399
3.7411,28402
3.7467,28387
3.7523,28399
3.7576,28379
3.7633,28388
3.7689,28398
3.7745,28383
3.7798,28377
3.7854,28360
3.7911,28381
3.7967,28379
3.8023,28373
3.8076,28370
3.8133,28376
3.8189,28375
3.8245,28364
3.8301,28364
3.8354,28353
3.8411,28375
3.8467,28382
3.8523,28363
3.8576,28357
3.8632,28346
3.8689,28352
3.8745,28356
3.8798,28345
3.8855,28321
3.8911,28334
3.8967,28337
3.9021,28331
3.9077,28326
3.9133,28328
3.9189,28328
3.9243,28313
3.9299,28328
3.9356,28317
3.9409,28326
3.9466,28297
3.9522,28319
3.9578,28317
3.9632,28310
3.9688,28302
3.9744,28290
3.98,28298
3.9857,28281
3.991,28277
3.9966,28291
4.0023,28276
4.0076,28274
4.0133,28282
4.0189,28276
4.0243,28252
4.0299,28266
4.0355,28260
4.0411,28262
4.0467,28264
4.0521,28237
4.0577,28267
4.0633,28261
4.0689,28202
4.0743,28237
4.0799,28216
4.0855,28234
4.0912,28236
4.0965,28235
4.1021,28218
4.1078,28215
4.1134,28204
4.1187,28218
4.1243,28215
4.1299,28217
4.1356,28196
4.1412,28195
4.1465,28217
4.1522,28191
4.1578,28196
4.1632,28183
4.1688,28186
4.1744,28178
4.18,28178
4.1854,28185
4.191,28187
4.1966,28176
4.2022,28187
4.2076,28169
4.2132,28175
4.2188,28174
4.2244,28165
4.2301,28165
4.2354,28151
4.241,28148
4.2466,28136
4.2523,28154
4.2576,28135
4.2632,28148
4.2689,28126
4.2745,28124
4.2798,28113
4.2855,28110
4.2911,28119
4.2967,28124
4.302,28108
4.3077,28107
4.3133,28106
4.3189,28122
4.3242,28115
4.3299,28093
4.3355,28086
4.3411,28087
4.3467,28076
4.3521,28076
4.3577,28097
4.3633,28085
4.3689,28060
4.3743,28067
4.3799,28055
4.3855,28063
4.3912,28054
4.3965,28046
4.4021,28046
4.4078,28044
4.4134,28033
4.4187,28012
4.4244,28025
4.43,28013
4.4356,28040
4.441,28017
4.4466,28010
4.4522,28004
4.4578,27995
4.4632,27986
4.4688,27987
4.4744,27994
4.48,27979
4.4857,27989
4.491,27978
4.4966,27975
4.5023,27990
4.5079,27961
4.5132,27950
4.5189,27960
4.5245,27949
4.5298,27946
4.5355,27948
4.5411,27949
4.5467,27935
4.5523,27946
4.5577,27950
4.5633,27925
4.5689,27923
4.5745,27923
4.5798,27901
4.5855,27923
4.5911,27915
4.5967,27898
4.6023,27892
4.6077,27902
4.6133,27900
4.6189,27890
4.6245,27895
4.6299,27880
4.6355,27865
4.6411,27858
4.6467,27868
4.6521,27864
4.6577,27854
4.6633,27848
4.669,27848
4.6743,27827
4.6799,27830
4.6856,27838
4.6912,27838
4.6965,27840
4.7022,27829
4.7078,27808
4.7134,27806
4.719,27818
4.7244,27797
4.73,27791
4.7356,27809
4.7413,27792
4.7466,27797
4.7522,27796
4.7579,27788
4.7632,27779
4.7688,27780
4.7745,27785
4.7801,27780
4.7854,27770
4.7911,27771
4.7967,27757
4.8023,27746
4.8077,27740
4.8133,27728
4.8189,27721
4.8245,27723
4.8299,27704
4.8355,27699
4.8411,27701
4.8467,27704
4.8521,27704
4.8577,27678
4.8633,27685
4.8689,27677
4.8746,27674
4.8799,27667
4.8855,27658
4.8912,27659
4.8968,27674
4.9021,27651
4.9077,27643
4.9133,27659
4.919,27631
4.9243,27638
4.9299,27612
4.9355,27624
4.9412,27626
4.9468,27631
4.9521,27600
4.9578,27593
4.9634,27581
4.969,27581
4.9744,27571
4.98,27583
4.9856,27605
4.9912,27591
4.9966,27560
5.0022,27574
5.0079,27570
5.0133,27565
5.0189,27550
5.0245,27536
5.0301,27545
5.0354,27542
5.041,27517
5.0467,27509
5.0523,27521
5.0579,27494
5.0632,27510
5.0689,27505
5.0745,27490
5.0801,27504
5.0855,27491
5.0911,27487
5.0967,27463
5.1024,27478
5.1077,27450
5.1133,27473
5.119,27457
5.1246,27444
5.1299,27451
5.1355,27447
5.1412,27454
5.1468,27443
5.1521,27440
5.1577,27418
5.1634,27411
5.169,27413
5.1746,27381
5.1799,27380
5.1855,27379
5.1912,27382
5.1968,27383
5.2021,27391
5.2077,27390
5.2133,27373
5.219,27357
5.2243,27357
5.2299,27396
5.2355,27352
5.2412,27341
5.2465,27340
5.2522,27332
5.2578,27314
5.2633,27332
5.269,27341
5.2746,27319
5.2799,27289
5.2856,27294
5.2911,27294
5.2968,27291
5.3024,27274
5.3077,27286
5.3133,27261
5.3188,27269
5.3244,27279
5.33,27279
5.3356,27253
5.3413,27265
5.3466,27250
5.3522,27247
5.3578,27225
5.3635,27224
5.3688,27242
5.3745,27211
5.3801,27198
5.3857,27190
5.3911,27184
5.3967,27175
5.4023,27174
5.4077,27160
5.4133,27169
5.419,27153
5.4246,27161
5.4299,27146
5.4355,27148
5.4412,27122
5.4468,27108
5.4521,27119
5.4578,27121
5.4635,27110
5.4689,27101
5.4745,27093
5.4801,27091
5.4854,27063
5.4911,27042
5.4967,27072
5.5023,27071
5.5079,27084
5.5133,27070
5.5189,27051
5.5245,27029
5.5302,27038
5.5355,27033
5.5411,27018
5.5468,27023
5.5524,27002
5.5577,27018
5.5634,26993
5.569,26980
5.5743,26975
5.58,26971
5.5856,26949
5.5912,26953
5.5968,26960
5.6022,26931
5.6078,26919
5.6134,26931
5.619,26923
5.6244,26910
5.63,26903
5.6356,26911
5.6413,26898
5.6466,26894
5.6522,26877
5.6578,26883
5.6635,26862
5.6688,26858
5.6744,26840
5.6801,26834
5.6857,26845
5.691,26814
5.6966,26843
5.7023,26832
5.7079,26818
5.7135,26812
5.7189,26828
5.7245,26795
5.7301,26797
5.7358,26776
5.7411,26766
5.7467,26768
5.7524,26780
5.7577,26787
5.7633,26757
5.769,26746
5.7746,26715
5.7799,26759
5.7856,26724
5.7912,26700
5.7968,26700
5.8022,26684
5.8078,26706
5.8134,26690
5.8191,26674
5.8244,26686
5.83,26657
5.8356,26655
5.8413,26654
5.8466,26629
5.8522,26640
5.8579,26645
5.8635,26613
5.8689,26604
5.8745,26618
5.8801,26595
5.8857,26592
5.8911,26599
5.8967,26513
5.9023,26590
5.9079,26567
5.9135,26568
5.9189,26545
5.9245,26562
5.9301,26573
5.9355,26538
5.9411,26557
5.9468,26545
5.9524,26509
5.9577,26514
5.9634,26496
5.969,26483
5.9746,26478
5.98,26489
5.9856,26469
5.9912,26447
5.9969,26480
6.0022,26467
6.0079,26444
6.0135,26443
6.0188,26432
6.0245,26419
6.0301,26404
6.0357,26434
6.0411,26429
6.0467,26411
6.0523,26380
6.058,26380
6.0633,26359
6.069,26368
6.0746,26333
6.0802,26341
6.0856,26322
6.0912,26338
6.0966,26349
6.1022,26314
6.1078,26333
6.1135,26312
6.1191,26293
6.1244,26287
6.13,26293
6.1356,26288
6.1413,26272
6.1466,26270
6.1522,26232
6.1579,26255
6.1635,26234
6.1688,26259
6.1744,26117
6.1801,26247
6.1857,26241
6.1913,26213
6.1966,26213
6.2023,26221
6.2079,26194
6.2135,26182
6.2189,26157
6.2245,26181
6.2301,26169
6.2357,26190
6.2411,26159
6.2467,26157
6.2523,26157
6.258,26154
6.2633,26138
6.269,26124
6.2746,26086
6.2799,26091
6.2856,26092
6.2912,26080
6.2968,26084
6.3022,26075
6.3078,26069
6.3135,26112
6.3191,26085
6.3244,26094
6.3301,26066
6.3357,26053
6.341,26027
6.3467,26029
6.3523,26031
6.3579,26003
6.3633,26010
6.3689,26028
6.3745,26020
6.3801,26011
6.3855,26004
6.3911,25972
6.3968,25981
6.4024,25969
6.408,25954
6.4134,25936
6.419,25975
6.4246,25942
6.43,25920
6.4356,25937
6.4412,25889
6.4469,25893
6.4522,25874
6.4578,25909
6.4635,25919
6.4688,25895
6.4745,25879
6.4801,25902
6.4857,25877
6.4913,25880
6.4967,25871
6.5023,25851
6.5079,25849
6.5135,25842
6.5189,25854
6.5245,25827
6.5301,25834
6.5358,25811
6.5411,25820
6.5468,25783
6.5524,25789
6.5577,25766
6.5634,25764
6.569,25761
6.5746,25771
6.58,25710
6.5856,25772
6.5912,25771
6.5969,25775
6.6022,25745
6.6078,25725
6.6135,25693
6.6191,25716
6.6244,25708
6.6301,25656
6.6357,25688
6.6413,25682
6.6467,25658
6.6523,25648
6.6579,25626
6.6633,25627
6.6689,25626
6.6746,25664
6.6802,25612
6.6855,25584
6.6911,25604
6.6968,25604
6.7024,25588
6.7078,25568
6.7134,25562
6.719,25568
6.7246,25554
6.73,25563
6.7356,25544
6.7412,25533
6.7469,25519
6.7522,25542
6.7577,25533
6.7634,25492
6.769,25520
6.7746,25515
6.78,25505
6.7856,25483
6.7912,25517
6.7968,25489
6.8024,25462
6.8078,25463
6.8134,25484
6.819,25458
6.8246,25473
6.83,25429
6.8356,25383
6.8412,25400
6.8468,25405
6.8524,25396
6.8578,25321
6.8634,25399
6.869,25419
6.8746,25375
6.88,25373
6.8856,25369
6.8912,25371
6.8968,25356
6.9024,25328
6.9078,25302
6.9135,25329
6.9191,25319
6.9244,25285
6.93,25298
6.9356,25288
6.9412,25296
6.9469,25265
6.9522,25316
6.9579,25306
6.9635,25244
6.9691,25260
6.9745,25262
6.9801,25225
6.9857,25208
6.9911,25227
6.9967,25250
7.0023,25173
7.0077,25231
7.0134,25191
7.019,25185
7.0246,25191
7.03,25197
7.0356,25162
7.0413,25157
7.0469,25126
7.0522,25142
7.0579,25162
7.0635,25133
7.0691,25190
7.0744,25177
7.0801,25089
7.0857,25126
7.0911,25106
7.0967,25098
7.1023,25127
7.1079,25105
7.1136,25110
7.1189,25057
7.1245,25101
7.1302,25029
7.1358,25093
7.1411,25063
7.1468,25061
7.1524,25046
7.1578,25060
7.1634,25005
7.169,25020
7.1746,25052
7.18,25029
7.1856,25026
7.1912,25035
7.1968,25009
7.2022,25004
7.2078,25024
7.2134,24967
7.219,24982
7.2244,24972
7.23,24950
7.2357,24932
7.2413,24962
7.2469,24970
7.2523,24959
7.2579,24917
7.2635,24908
7.2689,24934
7.2745,24917
7.2802,24893
7.2858,24920
7.2911,24862
7.2967,24852
7.3024,24886
7.308,24917
7.3133,24821
7.319,24861
7.3246,24875
7.3302,24846
7.3355,24848
7.3412,24883
7.3468,24854
7.3524,24821
7.3578,24854
7.3634,24823
7.369,24787
7.3747,24811
7.38,24833
7.3856,24768
7.3913,24798
7.3969,24795
7.4022,24796
7.4079,24802
7.4135,24729
7.4191,24785
7.4245,24762
7.4301,24724
7.4357,24745
7.4413,24710
7.4467,24746
7.4523,24714
7.4579,24729
7.4635,24689
7.4689,24675
7.4745,24667
7.4801,24662
7.4857,24726
7.4911,24701
7.4967,24663
7.5023,24680
7.508,24697
7.5133,24666
7.5189,24650
7.5246,24693
7.5302,24659
7.5356,24667
7.5412,24633
7.5468,24618
7.5525,24639
7.5579,24581
7.5635,24640
7.5691,24597
7.5744,24587
7.5801,24615
7.5857,24584
7.5914,24585
7.5967,24601
7.6023,24603
7.608,24590
7.6133,24585
7.619,24593
7.6246,24577
7.6302,24502
7.6356,24569
7.6412,24543
7.6468,24561
7.6525,24546
7.6578,24519
7.6634,24545
7.669,24511
7.6747,24504
7.68,24460
7.6857,24510
7.6913,24513
7.6969,24499
7.7023,24451
7.7079,24476
7.7135,24517
7.7191,24508
7.7245,24496
7.7301,24421
7.7357,24451
7.7413,24503
7.7467,24440
7.7523,24448
7.7579,24438
7.7636,24444
7.7689,24448
7.7745,24432
7.7802,24463
7.7858,24408
7.7911,24468
7.7968,24424
7.8024,24424
7.808,24449
7.8134,24426
7.819,24428
7.8246,24445
7.83,24429
7.8356,24364
7.8413,24410
7.8469,24390
7.8522,24380
7.8579,24357
7.8635,24340
7.8691,24351
7.8745,24394
7.8801,24347
7.8858,24343
7.8914,24346
7.8967,24339
7.9024,24383
7.908,24348
7.9133,24374
7.9189,24305
7.9246,24356
7.9302,24252
7.9358,24362
7.9412,24344
7.9468,24328
7.9524,24328
7.958,24329
7.9634,24363
7.969,24363
7.9746,24338
7.98,24304
7.9856,24309
7.9912,24284
7.9969,24314
8.0022,24333
8.0079,24308
8.0135,24322
8.0191,24303
8.0245,24266
8.0301,24216
8.0357,24223
8.0414,24260
8.0467,24196
8.0523,24283
8.0579,24205
8.0636,24293
8.0689,24325
8.0746,24296
8.0802,24213
8.0856,24236
8.0912,24283
8.0968,24265
8.1024,24217
8.108,24228
8.1134,24195
8.119,24256
8.1246,24234
8.1302,24211
8.1356,24292
8.1412,24230
8.1468,24228
8.1524,24297
8.1578,24250
8.1634,24239
8.169,24245
8.1747,24200
8.18,24229
8.1857,24271
8.1913,24228
8.1969,24228
8.2023,24242
8.2079,24244
8.2135,24206
8.2189,24183
8.2245,24242
8.2301,24188
8.2357,24261
8.2414,24215
8.2467,24204
8.2523,24255
8.258,24245
8.2636,24201
8.2689,24196
8.2746,24158
8.2802,24227
8.2858,24186
8.2911,24181
8.2968,24200
8.3024,24234
8.308,24165
8.3134,24136
8.319,24177
8.3247,24191
8.33,24185
8.3356,24165
8.3413,24183
8.3469,24199
8.3522,24148
8.3578,24212
8.3634,24152
8.369,24176
8.3746,24206
8.3802,24178
8.3856,24146
8.3911,24156
8.3968,24144
8.4024,24160
8.408,24209
8.4134,24172
8.419,24175
8.4246,24223
8.4302,24192
8.4358,24187
8.4411,24129
8.4468,24195
8.4524,24097
8.458,24166
8.4634,24131
8.469,24140
8.4746,24145
8.4802,24213
8.4856,24172
8.4912,24134
8.4968,24160
8.5024,24178
8.508,24159
8.5134,24142
8.519,24211
8.5246,24172
8.5302,24176
8.5356,24206
8.5412,24165
8.5468,24146
8.5524,24136
8.558,24154
8.5634,24135
8.569,24147
8.5746,24176
8.5802,24148
8.5856,24111
8.5912,24150
8.5968,24132
8.6025,24087
8.6078,24263
8.6135,24147
8.6191,24128
8.6247,24151
8.63,24199
8.6357,24147
8.6413,24144
8.6469,24133
8.6523,24180
8.6579,24132
8.6635,24171
8.6692,24136
8.6745,24116
8.6801,24141
8.6858,24139
8.6911,24119
8.6968,24132
8.7024,24103
8.708,24164
8.7134,24175
8.719,24130
8.7246,24133
8.7302,24098
8.7356,24112
8.7412,24153
8.7468,24107
8.7525,24178
8.7578,24137
8.7634,24168
8.7691,24153
8.7747,24153
8.7801,24173
8.7857,24158
8.7913,24194
8.7969,24140
8.8022,24068
8.8079,24216
8.8135,24106
8.8191,24141
8.8245,24149
8.8301,24122
8.8357,24134
8.8413,24159
8.8467,24147
8.8523,24091
8.8579,24164
8.8636,24081
8.8689,24118
8.8745,24146
8.8802,24183
8.8858,24138
8.8911,24104
8.8967,24094
8.9023,24158
8.908,24145
8.9136,24146
8.919,24175
8.9246,24153
8.9302,24123
8.9358,24140
8.9412,24129
8.9468,24150
8.9524,24119
8.9581,24112
8.9634,24123
8.9691,24105
8.9747,24240
8.98,24088
8.9857,24156
8.9913,24138
8.9969,24181
9.0023,24158
9.0079,24140
9.0135,24176
9.0192,24149
9.0245,24122
9.0302,24156
9.0358,24112
9.0412,24140
9.0468,24170
9.0524,24156
9.0578,24105
9.0634,24150
9.069,24144
9.0747,24140
9.0803,24148
9.0857,24151
9.0913,24195
9.0969,24162
9.1022,24146
9.1079,24149
9.1135,24113
9.1191,24161
9.1245,24115
9.1301,24076
9.1357,24143
9.1414,24121
9.1467,24229
9.1524,24173
9.158,24174
9.1636,24114
9.169,24177
9.1746,24115
9.1802,24186
9.1856,24220
9.1912,24224
9.1969,24143
9.2025,24119
9.2078,24182
9.2135,24226
9.2191,24192
9.2247,24123
9.2301,24189
9.2357,24201
9.2414,24127
9.2467,24163
9.2523,24199
9.258,24164
9.2633,24232
9.269,24200
9.2746,24209
9.2802,24165
9.2858,24137
9.2912,24177
9.2968,24145
9.3024,24172
9.3081,24180
9.3134,24163
9.319,24141
9.3247,24179
9.33,24185
9.3357,24130
9.3413,24201
9.3469,24115
9.3522,24114
9.3579,24226
9.3635,24239
9.3691,24159
9.3745,24185
9.3801,24179
9.3857,24136
9.3914,24160
9.3967,24172
9.4023,24170
9.408,24184
9.4136,24145
9.4189,24138
9.4246,24158
9.4302,24216
9.4356,24188
9.4412,24173
9.4468,24189
9.4524,24191
9.4578,24219
9.4634,24166
9.4691,24149
9.4747,24203
9.48,24231
9.4857,24130
9.4913,24183
9.4969,24140
9.5025,24173
9.5079,24200
9.5135,24134
9.5191,24138
9.5247,24152
9.5301,24159
9.5357,24202
9.5413,24213
9.547,24168
9.5523,24136
9.5579,24207
9.5636,24196
9.5689,24186
9.5745,24183
9.5802,24180
9.5858,24178
9.5911,24135
9.5967,24184
9.6024,24171
9.608,24249
9.6136,24172
9.619,24183
9.6246,24173
9.6302,24208
9.6356,24198
9.6412,24212
9.6468,24155
9.6524,24229
9.6581,24214
9.6634,24147
9.6691,24138
9.6747,24156
9.68,24175
9.6857,24185
9.6913,24224
9.6969,24190
9.7023,24174
9.7079,24225
9.7135,24237
9.7191,24235
9.7245,24232
9.7301,24207
9.7357,24173
9.7414,24246
9.7467,24209
9.7524,24240
9.758,24210
9.7636,24167
9.7689,24200
9.7746,24178
9.7802,24135
9.7858,24182
9.7912,24216
9.7968,24213
9.8024,24206
9.8081,24238
9.8134,24193
9.8191,24191
9.8247,24173
9.8301,24241
9.8357,24233
9.8413,24199
9.8469,24262
9.8523,24199
9.8579,24184
9.8635,24194
9.8692,24184
9.8745,24263
9.8801,24246
9.8858,24222
9.8914,24240
9.8967,24246
9.9024,24236
9.908,24203
9.9134,24211
9.919,24238
9.9246,24209
9.9303,24133
9.9356,24193
9.9412,24278
9.9468,24270
9.9525,24213
9.9581,24192
9.9634,24172
9.969,24196
9.9746,24271
9.9802,24207
9.9856,24259
9.9913,24226
9.9968,24259
10.0024,24170
10.0078,24244
10.0134,24193
10.019,24279
10.0246,24255
10.0301,24186
10.0358,24254
10.0414,24216
10.0468,24242
10.0524,24228
10.058,24275
10.0634,24226
10.069,24276
10.0747,24269
10.08,24279
10.0856,24200
10.0912,24253
10.0969,24281
10.1025,24295
10.1078,24239
10.1135,24296
10.1191,24275
10.1247,24277
10.1301,24218
10.1357,24258
10.1413,24280
10.1469,24270
10.1523,24276
10.1579,24292
10.1635,24244
10.1691,24225
10.1745,24239
10.1801,24246
10.1858,24278
10.1914,24247
10.1967,24296
10.2024,24312
10.208,24200
10.2136,24259
10.219,24237
10.2246,24285
10.2302,24248
10.2356,24258
10.2412,24220
10.2468,24278
10.2524,24308
10.2578,24297
10.2634,24279
10.2691,24329
10.2747,24293
10.28,24246
10.2857,24253
10.2913,24239
10.2969,24310
10.3023,24322
10.3079,24345
10.3135,24289
10.3191,24234
10.3245,24307
10.3301,24314
10.3357,24274
10.3414,24316
10.3467,24281
10.3523,24323
10.358,24268
10.3636,24345
10.3689,24308
10.3745,24276
10.3802,24301
10.3858,24387
10.3911,24296
10.3968,24300
10.4024,24294
10.408,24330
10.4134,24292
10.419,24312
10.4246,24354
10.4302,24301
10.4359,24309
10.4412,24335
10.4469,24276
10.4525,24351
10.4578,24377
10.4635,24319
10.4691,24309
10.4745,24347
10.4801,24355
10.4857,24336
10.4914,24385
10.4967,24317
10.5023,24362
10.508,24369
10.5136,24323
10.519,24328
10.5246,24291
10.5302,24321
10.5358,24347
10.5412,24358
10.5469,24288
10.5525,24331
10.5578,24360
10.5635,24339
10.5691,24362
10.5745,24365
10.5802,24351
10.5858,24305
10.5914,24346
10.5968,24393
10.6024,24356
10.6081,24280
10.6134,24319
10.619,24320
10.6247,24260
10.63,24320
10.6357,24358
10.6411,24397
10.6468,24324
10.6524,24338
10.658,24358
10.6634,24332
10.669,24336
10.6747,24250
10.6803,24299
10.6856,24331
10.6913,24321
10.6969,24311
10.7022,24332
10.7079,24301
10.7133,24309
10.719,24354
10.7246,24370
10.7302,24337
10.7359,24332
10.7412,24351
10.7468,24378
10.7525,24378
10.7581,24351
10.7634,24321
10.769,24376
10.7747,24359
10.7803,24365
10.7856,24359
10.7913,24443
10.7969,24371
10.8023,24378
10.8079,24400
10.8135,24439
10.8192,24402
10.8245,24375
10.8302,24271
10.8356,24376
10.8412,24417
10.8468,24367
10.8525,24357
10.8578,24406
10.8634,24351
10.8691,24384
10.8747,24424
10.8801,24371
10.8857,24406
10.8913,24342
10.897,24424
10.9023,24402
10.908,24379
10.9136,24395
10.9189,24385
10.9245,24361
10.9302,24433
10.9358,24398
10.9412,24337
10.9468,24390
10.9524,24418
10.9581,24365
10.9634,24419
10.969,24389
10.9746,24317
10.9803,24359
10.9856,24432
10.9913,24426
10.9969,24359
11.0025,24375
11.0079,24417
11.0135,24414
11.0192,24365
11.0245,24373
11.0301,24410
11.0358,24400
11.0414,24443
11.0467,24440
11.0524,24358
11.058,24388
11.0634,24371
11.069,24357
11.0746,24408
11.0802,24428
11.0856,24445
11.0912,24465
11.0969,24396
11.1025,24429
11.1078,24431
11.1135,24446
11.1191,24419
11.1247,24429
11.1303,24406
11.1357,24411
11.1413,24396
11.1469,24460
11.1523,24438
11.1579,24453
11.1635,24386
11.1691,24417
11.1745,24425
11.1801,24376
11.1858,24417
11.1914,24466
11.1967,24434
11.2024,24418
11.208,24441
11.2136,24465
11.219,24418
11.2246,24450
11.2302,24443
11.2358,24408
11.2412,24394
11.2468,24401
11.2525,24441
11.2581,24436
11.2634,24438
11.269,24431
11.2746,24401
11.2803,24398
11.2856,24470
11.2912,24491
11.2969,24466
11.3025,24433
11.3078,24430
11.3135,24499
11.3191,24376
11.3245,24488
11.3301,24445
11.3357,24457
11.3413,24379
11.3467,24416
11.3523,24450
11.3579,24434
11.3635,24470
11.3691,24427
11.3745,24454
11.3801,24483
11.3858,24413
11.3914,24460
11.3967,24518
11.4023,24460
11.4078,24492
11.4134,24434
11.4191,24444
11.4247,24481
11.4301,24498
11.4356,24461
11.4413,24460
11.4469,24506
11.4525,24504
11.4578,24500
11.4634,24483
11.469,24477
11.4746,24479
11.4803,24489
11.4856,24493
11.4912,24509
11.4968,24502
11.5025,24503
11.5081,24487
11.5134,24515
11.519,24478
11.5246,24484
11.5303,24460
11.5356,24449
11.5413,24477
11.5468,24515
11.5525,24499
11.5581,24475
11.5634,24499
11.569,24519
11.5746,24544
11.5803,24506
11.5856,24531
11.5912,24468
11.5968,24510
11.6024,24502
11.6081,24479
11.6134,24477
11.619,24517
11.6246,24494
11.6302,24467
11.6356,24490
11.6412,24554
11.6469,24467
11.6525,24502
11.6578,24524
11.6635,24531
11.6691,24504
11.6747,24505
11.6801,24544
11.6857,24539
11.6914,24535
11.6967,24563
11.7023,24566
11.7079,24558
11.7136,24587
11.7189,24493
11.7246,24547
11.7302,24498
11.7358,24471
11.7414,24552
11.7467,24526
11.7524,24519
11.758,24504
11.7636,24531
11.769,24554
11.7746,24554
11.7802,24583
11.7858,24520
11.7912,24557
11.7968,24602
11.8024,24566
11.8081,24591
11.8134,24595
11.819,24534
11.8247,24540
11.8303,24570
11.8356,24579
11.8413,24626
11.8469,24599
11.8523,24553
11.8579,24621
11.8635,24588
11.8692,24586
11.8745,24560
11.8802,24573
11.8858,24565
11.8914,24560
11.8967,24540
11.9024,24594
11.908,24555
11.9136,24619
11.919,24617
11.9246,24630
11.9302,24590
11.9356,24559
11.9412,24585
11.9469,24554
11.9525,24595
11.9579,24583
11.9635,24595
11.9691,24624
11.9745,24512
11.9801,24602
11.9857,24568
11.9914,24590
11.9967,24560
12.0024,24563
12.008,24567
12.0134,24606
12.019,24583
12.0246,24553
12.0303,24641
12.0356,24600
12.0413,24615
12.0469,24613
12.0525,24640
12.0579,24607
12.0635,24566
12.0691,24622
12.0747,24574
12.08,24657
12.0857,24617
12.0913,24636
12.0969,24635
12.1025,24630
12.1079,24588
12.1135,24683
12.1191,24571
12.1245,24640
12.1301,24590
12.1358,24601
12.1414,24644
12.1467,24681
12.1524,24650
12.158,24649
12.1633,24646
12.169,24627
12.1746,24622
12.1803,24662
12.1856,24587
12.1913,24670
12.1969,24640
12.2023,24599
12.2079,24683
12.2135,24640
12.2192,24639
12.2245,24680
12.2301,24664
12.2358,24638
12.2414,24653
12.2467,24658
12.2524,24627
12.258,24581
12.2636,24647
12.269,24663
12.2745,24615
12.2801,24623
12.2857,24633
12.2914,24668
12.2967,24604
12.3023,24633
12.308,24664
12.3136,24675
12.3192,24649
12.3246,24596
12.3302,24662
12.3358,24637
12.3412,24642
12.3468,24666
12.3524,24670
12.3581,24610
12.3634,24640
12.369,24661
12.3747,24667
12.38,24692
12.3857,24633
12.3913,24640
12.3969,24687
12.4022,24614
12.4079,24708
12.4135,24677
12.4191,24664
12.4248,24735
12.4301,24678
12.4358,24653
12.4414,24621
12.4468,24670
12.4524,24683
12.458,24675
12.4634,24682
12.469,24737
12.4746,24714
12.4803,24669
12.4859,24734
12.4912,24719
12.4969,24740
12.5025,24669
12.5079,24758
12.5135,24711
12.5191,24741
12.5247,24679
12.5301,24769
12.5357,24742
12.5413,24761
12.5467,24720
12.5524,24700
12.558,24722
12.5636,24733
12.569,24707
12.5746,24743
12.5802,24747
12.5859,24763
12.5912,24723
12.5968,24677
12.6025,24745
12.6078,24758
12.6135,24728
12.6191,24715
12.6245,24750
12.6301,24748
12.6358,24701
12.6414,24750
12.6468,24734
12.6524,24741
12.658,24735
12.6636,24762
12.669,24790
12.6746,24713
12.6803,24758
12.6859,24739
12.6912,24768
12.6969,24721
12.7025,24721
12.7079,24739
12.7134,24742
12.719,24787
12.7246,24777
12.7303,24777
12.7359,24795
12.7412,24788
12.7469,24782
12.7525,24790
12.7579,24767
12.7635,24814
12.7691,24753
12.7745,24778
12.7801,24766
12.7856,24753
12.7912,24778
12.7968,24740
12.8025,24739
12.8081,24796
12.8135,24793
12.8191,24723
12.8247,24795
12.8301,24725
12.8356,24804
12.8412,24853
12.8468,24794
12.8525,24800
12.8578,24800
12.8635,24763
12.8691,24788
12.8747,24797
12.8801,24757
12.8857,24813
12.8913,24730
12.897,24768
12.9023,24780
12.9079,24753
12.9136,24752
12.9192,24758
12.9245,24817
12.93,24753
12.9357,24788
12.9413,24840
12.947,24823
12.9523,24825
12.9578,24795
12.9634,24762
12.9691,24746
12.9747,24816
12.9801,24784
12.9856,24801
12.9913,24712
12.9969,24823
13.0023,24825
13.0079,24808
13.0134,24833
13.0191,24857
13.0247,24788
13.03,24688
13.0357,24823
13.0412,24843
13.0469,24773
13.0525,24808
13.0579,24803
13.0635,24776
13.069,24758
13.0747,24812
13.0803,24836
13.0857,24781
13.0913,24827
13.0969,24870
13.1025,24837
13.1081,24868
13.1134,24868
13.1191,24871
13.1247,24830
13.1303,24861
13.1357,24866
13.1413,24863
13.1469,24818
13.1523,24839
13.1579,24868
13.1635,24811
13.1692,24860
13.1745,24842
13.1802,24786
13.1858,24881
13.1914,24874
13.1967,24872
13.2024,24875
13.208,24861
13.2134,24857
13.219,24830
13.2247,24899
13.2303,24855
13.2356,24848
13.2413,24862
13.2469,24826
13.2525,24776
13.2579,24889
13.2635,24851
13.2691,24870
13.2748,24875
13.2801,24852
13.2858,24862
13.2914,24928
13.2968,24895
13.3024,24883
13.308,24847
13.3134,24887
13.319,24921
13.3247,24846
13.3303,24883
13.3356,24869
13.3413,24840
13.3469,24886
13.3525,24899
13.3579,24895
13.3635,24861
13.3691,24925
13.3745,24834
13.3801,24876
13.3857,24912
13.3914,24863
13.397,24884
13.4024,24894
13.408,24933
13.4136,24963
13.419,24872
13.4246,24911
13.4302,24844
13.4359,24859
13.4412,24889
13.4469,24962
13.4525,24934
13.4581,24922
13.4635,24951
13.4691,24937
13.4747,24898
13.4801,24905
13.4857,24973
13.4914,24951
13.4967,24948
13.5023,24894
13.508,24926
13.5136,24885
13.519,24917
13.5246,24929
13.5302,24929
13.5359,24916
13.5412,24949
13.5468,24905
13.5525,24880
13.5581,24921
13.5635,24925
13.5691,24910
13.5747,24900
13.5801,24901
13.5857,24923
13.5913,24950
13.5969,24921
13.6026,24960
13.6079,24921
13.6135,24931
13.6192,24941
13.6248,24911
13.6301,24927
13.6358,24920
13.6414,24884
13.647,24945
13.6524,24936
13.658,24956
13.6636,24917
13.669,24974
13.6746,24944
13.6802,24981
13.6858,25006
13.6912,24944
13.6968,24964
13.7025,24937
13.7081,24925
13.7137,24911
13.719,24941
13.7247,24954
13.7303,24937
13.7356,24998
13.7413,24976
13.7469,24909
13.7525,24945
13.7579,24961
13.7635,24957
13.7691,24965
13.7748,25010
13.7801,24970
13.7858,24956
13.7914,24984
13.797,24951
13.8023,24965
13.808,24968
13.8136,24947
13.819,24977
13.8246,25032
13.8302,24954
13.8359,24977
13.8415,25003
13.8469,24959
13.8525,24995
13.8581,24928
13.8635,24961
13.8691,24989
13.8747,24918
13.8801,24977
13.8857,24973
13.8913,25007
13.897,25004
13.9023,24963
13.9079,24989
13.9136,24947
13.9192,24966
13.9248,24988
13.9301,24893
13.9357,24939
13.9414,24970
13.947,24943
13.9524,24966
13.958,25026
13.9636,25001
13.9692,25019
13.9746,24992
13.9802,25079
13.9858,25022
13.9915,25032
13.9968,24998
14.0023,25057
14.008,25007
14.0136,24984
14.0192,25051
14.0246,25017
14.0302,25038
14.0359,25047
14.0415,25040
14.0468,24992
14.0525,24978
14.0581,24989
14.0634,24993
14.0691,25012
14.0745,25033
14.0802,24972
14.0858,25003
14.0914,25026
14.0968,25019
14.1024,24985
14.108,25037
14.1136,25007
14.119,25009
14.1246,25036
14.1303,25009
14.1359,25071
14.1413,25017
14.1469,25040
14.1525,25016
14.1581,25041
14.1637,24990
14.1691,24992
14.1747,24990
14.1803,25069
14.1857,25089
14.1913,25039
14.1969,25054
14.2026,25046
14.2082,25054
14.2135,25061
14.2191,25056
14.2248,25047
14.2304,25049
14.2357,25029
14.2414,25078
14.247,25040
14.2526,25054
14.2579,25084
14.2636,25067
14.2692,25033
14.2745,25045
14.2802,25103
14.2858,25057
14.2914,25028
14.2968,25062
14.3024,25088
14.308,25107
14.3136,25085
14.3193,25103
14.3246,25049
14.3303,25056
14.3359,25108
14.3415,25022
14.3468,25102
14.3525,25085
14.3581,25046
14.3635,25098
14.3691,25040
14.3747,25068
14.3803,25050
14.3857,25048
14.3913,25077
14.3969,25069
14.4026,25116
14.4082,25022
14.4135,25046
14.4192,25079
14.4248,25060
14.4301,25087
14.4357,25071
14.4414,25076
14.447,25069
14.4526,25109
14.458,25143
14.4636,25114
14.4692,25107
14.4748,25121
14.4802,25119
14.4858,25132
14.4914,25149
14.497,25113
14.5024,25090
14.508,25062
14.5136,25157
14.5193,25130
14.5246,25096
14.5302,25112
14.5357,25104
14.5413,25158
14.5469,25061
14.5525,25112
14.5582,25112
14.5635,25067
14.5691,25115
14.5747,25067
14.5803,25147
14.5857,25094
14.5913,25119
14.5969,25083
14.6025,25032
14.6079,25091
14.6135,25140
14.6191,25111
14.6247,25158
14.6304,25130
14.6357,25138
14.6413,25139
14.6469,25114
14.6525,25081
14.6581,25159
14.6635,25116
14.6691,25168
14.6747,25127
14.6801,25127
14.6858,25143
14.6914,25120
14.697,25146
14.7025,25184
14.7081,25112
14.7138,25174
14.7191,25149
14.7247,25166
14.7303,25187
14.736,25111
14.7413,25164
14.7469,25143
14.7524,25135
14.758,25165
14.7636,25123
14.7692,25151
14.7749,25133
14.7802,25156
14.7859,25150
14.7915,25100
14.7971,25151
14.8024,25149
14.8081,25182
14.8137,25134
14.8193,25133
14.8246,25121
14.8303,25173
14.8359,25168
14.8413,25092
14.8469,25138
14.8525,25187
14.8581,25106
14.8635,25133
14.8691,25160
14.8746,25205
14.8802,25176
14.8859,25180
14.8915,25145
14.8968,25182
14.9024,25177
14.9081,25130
14.9137,25132
14.9191,25135
14.9247,25164
14.9303,25167
14.9359,25151
14.9413,25147
14.9469,25142
14.9525,25164
14.9581,25167
14.9638,25189
14.9691,25119
14.9747,25192
14.9804,25212
14.986,25185
14.9913,25178
14.9968,25145
15.0025,25174
15.0081,25190
15.0138,25196
15.0191,25197
15.0247,25181
15.0303,25235
15.036,25203
15.0413,25237
15.0469,25229
15.0526,25190
15.0582,25196
15.0636,25177
15.0692,25180
15.0748,25199
15.0802,25185
15.0858,25218
15.0914,25188
15.0971,25240
15.1024,25197
15.108,25130
15.1137,25229
15.1193,25209
15.1247,25175
15.1303,25210
15.1359,25174
15.1415,25229
15.1469,25240
15.1525,25219
15.1581,25217
15.1638,25205
15.1691,25226
15.1747,25216
15.1804,25258
15.1857,25167
15.1914,25209
15.197,25242
15.2026,25236
15.208,25228
15.2136,25221
15.2193,25212
15.2246,25204
15.2302,25221
15.2358,25269
15.2415,25129
15.2471,25256
15.2525,25239
15.2581,25236
15.2637,25213
15.2693,25240
15.2747,25182
15.2803,25236
15.2859,25157
15.2915,25225
15.2969,25237
15.3025,25237
15.3081,25274
15.3138,25248
15.3191,25257
15.3248,25254
15.3304,25291
15.3357,25255
15.3414,25280
15.347,25265
15.3524,25263
15.358,25267
15.3636,25319
15.3692,25303
15.3749,25267
15.3802,25284
15.3859,25280
15.3915,25260
15.3971,25307
15.4024,25315
15.4081,25309
15.4137,25294
15.4193,25234
15.4247,25299
15.4303,25268
15.4359,25242
15.4416,25281
15.4469,25304
15.4525,25281
15.4582,25305
15.4635,25300
15.4692,25259
15.4748,25302
15.4804,25303
15.4858,25308
15.4914,25297
15.497,25329
15.5026,25295
15.508,25297
15.5136,25286
15.5192,25318
15.5249,25329
15.5302,25316
15.5358,25341
15.5415,25285
15.5471,25305
15.5524,25343
15.5581,25337
15.5637,25324
15.5691,25302
15.5747,25329
15.5803,25289
15.5859,25296
15.5916,25337
15.5969,25315
15.6026,25295
15.6082,25319
15.6136,25338
15.6192,25284
15.6248,25366
15.6302,25332
15.6358,25300
15.6414,25311
15.6471,25345
15.6524,25328
15.6581,25337
15.6637,25318
15.6693,25338
15.6747,25328
15.6803,25325
15.6859,25334
15.6916,25313
15.6969,25333
15.7025,25344
15.7082,25327
15.7135,25387
15.7191,25304
15.7247,25320
15.7304,25325
15.7357,25318
15.7414,25343
15.747,25354
15.7524,25344
15.758,25338
15.7637,25335
15.7691,25330
15.7747,25337
15.7804,25343
15.7858,25358
15.7915,25361
15.7969,25333
15.8025,25370
15.8081,25355
15.8135,25356
15.8192,25385
15.8248,25371
15.8302,25356
15.8359,25346
15.8415,25337
15.847,25352
15.8526,25363
15.858,25353
15.8636,25335
15.8693,25342
15.8747,25393
15.8803,25381
15.886,25355
15.8914,25371
15.897,25352
15.9027,25362
15.9081,25368
15.9137,25332
15.9193,25399
15.9247,25382
15.9303,25368
15.9359,25361
15.9413,25384
15.947,25376
15.9526,25412
15.9582,25368
15.9636,25407
15.9692,25375
15.9746,25382
15.9803,25387
15.9859,25393
15.9913,25392
15.997,25370
16.0026,25384
16.008,25363
16.0137,25401
16.0193,25387
16.0247,25384
16.0303,25418
16.036,25438
16.0414,25406
16.0471,25386
16.0525,25431
16.0581,25391
16.0638,25346
16.0692,25440
16.0749,25413
16.0803,25377
16.0858,25410
16.0914,25399
16.0971,25404
16.1025,25404
16.1081,25383
16.1136,25394
16.1192,25424
16.1249,25451
16.1303,25431
16.1359,25454
16.1414,25436
16.147,25454
16.1527,25465
16.158,25450
16.1636,25404
16.1692,25420
16.1749,25417
16.1803,25433
16.1859,25444
16.1913,25453
16.1969,25437
16.2026,25428
16.2082,25446
16.2136,25450
16.2192,25455
16.2248,25458
16.2305,25482
16.2358,25522
16.2415,25465
16.2471,25441
16.2525,25463
16.2581,25451
16.2635,25443
16.2692,25453
16.2748,25441
16.2804,25457
16.286,25441
16.2914,25477
16.297,25460
16.3027,25488
16.3081,25455
16.3137,25449
16.3193,25438
16.3247,25445
16.3303,25451
16.3358,25428
16.3414,25480
16.347,25426
16.3527,25465
16.3581,25456
16.3637,25458
16.3693,25462
16.3746,25484
16.3803,25467
16.3859,25468
16.3915,25465
16.3969,25459
16.4025,25471
16.408,25473
16.4136,25473
16.4192,25440
16.4249,25467
16.4302,25514
16.4359,25492
16.4415,25544
16.4469,25481
16.4525,25465
16.4581,25502
