Experiment: Mar_18_osmo_expt vial 7, Thu Mar 18 18:20:51 2021
0.0052,1607
0.0109,1609
0.0165,1609
0.0219,1613
0.0275,1620
0.0332,1626
0.0388,1626
0.0442,1621
0.0498,1625
0.0554,1626
0.0608,1623
0.0664,1624
0.072,1625
0.0777,1621
0.083,1625
0.0887,1626
0.0943,1623
0.0997,1626
0.1053,1627
0.111,1622
0.1163,1625
0.122,1628
0.1276,1622
0.1332,1626
0.1386,1627
0.1442,1620
0.1498,1624
0.1554,1626
0.1608,1622
0.1664,1624
0.1721,1628
0.1774,1624
0.183,1625
0.1887,1627
0.1943,1623
0.1997,1627
0.2053,1626
0.2109,1623
0.2166,1626
0.2219,1625
0.2276,1623
0.2332,1628
0.2386,1625
0.2442,1624
0.2498,1628
0.2555,1622
0.2608,1626
0.2665,1625
0.2721,1623
0.2775,1627
0.283,1626
0.2886,1624
0.2942,1628
0.2999,1624
0.3052,1622
0.3108,1628
0.3164,1626
0.3221,1624
0.3275,1626
0.3331,1628
0.3386,1621
0.3442,1626
0.3499,1625
0.3552,1623
0.3608,1626
0.3664,1624
0.372,1624
0.3774,1625
0.383,1626
0.3887,1622
0.3942,1627
0.3998,1625
0.4052,1623
0.4108,1629
0.4165,1623
0.422,1624
0.4277,1629
0.433,1623
0.4387,1624
0.4443,1628
0.4496,1625
0.4553,1625
0.4609,1629
0.4666,1623
0.4719,1623
0.4776,1628
0.4832,1626
0.4885,1624
0.4942,1629
0.4998,1625
0.5054,1622
0.5108,1627
0.5164,1623
0.522,1625
0.5277,1628
0.533,1623
0.5387,1624
0.5443,1628
0.5497,1621
0.5553,1623
0.561,1628
0.5666,1623
0.572,1624
0.5776,1628
0.5832,1623
0.5886,1624
0.5942,1627
0.5999,1624
0.6052,1625
0.6108,1629
0.6165,1626
0.6221,1622
0.6277,1628
0.6331,1623
0.6387,1625
0.6444,1628
0.6497,1623
0.6554,1623
0.661,1629
0.6663,1626
0.672,1622
0.6776,1626
0.6832,1627
0.6886,1621
0.6942,1625
0.6999,1629
0.7052,1623
0.7109,1623
0.7165,1627
0.7221,1621
0.7275,1624
0.7331,1629
0.7388,1623
0.7441,1622
0.7498,1629
0.7554,1624
0.7607,1625
0.7664,1628
0.772,1624
0.7777,1626
0.783,1626
0.7887,1622
0.7943,1628
0.7997,1628
0.8053,1621
0.8109,1626
0.8166,1626
0.8219,1622
0.8276,1625
0.8332,1627
0.8385,1623
0.8442,1625
0.8498,1627
0.8555,1621
0.8608,1625
0.8664,1628
0.872,1624
0.8777,1625
0.883,1628
0.8887,1624
0.8943,1626
0.8997,1628
0.9053,1623
0.9109,1625
0.9163,1626
0.9219,1623
0.9276,1626
0.9332,1629
0.9388,1621
0.9442,1626
0.9498,1628
0.9555,1623
0.9608,1626
0.9663,1627
0.972,1620
0.9776,1625
0.9832,1627
0.9886,1624
0.9941,1624
0.9998,1628
1.0054,1623
1.0108,1626
1.0164,1627
1.022,1624
1.0276,1626
1.0332,1628
1.0386,1621
1.0443,1624
1.0498,1628
1.0554,1624
1.0608,1626
1.0664,1627
1.072,1624
1.0776,1624
1.0832,1628
1.0886,1624
1.0942,1625
1.0999,1630
1.1054,1625
1.111,1620
1.1164,1628
1.122,1626
1.1276,1622
1.133,1627
1.1386,1626
1.1443,1623
1.1499,1626
1.1553,1628
1.1609,1620
1.1666,1623
1.1719,1628
1.1776,1624
1.1832,1626
1.1888,1626
1.1942,1625
1.1998,1624
1.2054,1627
1.2108,1625
1.2164,1623
1.222,1627
1.2277,1623
1.233,1625
1.2387,1628
1.2443,1621
1.2499,1625
1.2553,1627
1.2609,1623
1.2666,1625
1.2719,1629
1.2776,1623
1.2832,1623
1.2888,1629
1.2942,1624
1.2998,1624
1.3055,1627
1.3108,1624
1.3165,1624
1.3221,1627
1.3275,1624
1.3331,1622
1.3387,1627
1.3444,1625
1.3497,1622
1.3554,1626
1.361,1626
1.3664,1621
1.372,1627
1.3776,1629
1.383,1622
1.3886,1623
1.3943,1627
1.3999,1622
1.4053,1623
1.4109,1629
1.4166,1624
1.4219,1624
1.4275,1627
1.4332,1626
1.4388,1623
1.4442,1628
1.4498,1624
1.4554,1625
1.4608,1628
1.4664,1623
1.4721,1625
1.4777,1629
1.4831,1622
1.4887,1624
1.4943,1628
1.4997,1621
1.5053,1625
1.511,1629
1.5166,1622
1.522,1625
1.5276,1628
1.5333,1623
1.5386,1623
1.5443,1629
1.5499,1621
1.5553,1624
1.5609,1627
1.5665,1623
1.5722,1624
1.5775,1632
1.5832,1627
1.5888,1620
1.5942,1626
1.5998,1628
1.6054,1622
1.6108,1625
1.6165,1626
1.6221,1624
1.6277,1623
1.6331,1627
1.6387,1623
1.6443,1624
1.6497,1627
1.6553,1623
1.661,1624
1.6666,1626
1.6719,1623
1.6776,1624
1.6832,1627
1.6886,1622
1.6942,1623
1.6998,1628
1.7055,1624
1.7108,1622
1.7164,1628
1.7221,1624
1.7277,1624
1.7331,1627
1.7387,1628
1.7443,1622
1.7497,1626
1.7553,1627
1.761,1622
1.7666,1625
1.772,1628
1.7776,1624
1.7833,1626
1.7886,1629
1.7942,1624
1.7999,1625
1.8053,1627
1.8109,1623
1.8165,1625
1.8221,1628
1.8275,1620
1.8331,1622
1.8388,1630
1.8441,1625
1.8498,1622
1.8554,1627
1.861,1626
1.8664,1623
1.872,1626
1.8776,1626
1.8833,1623
1.8886,1626
1.8943,1625
1.8999,1623
1.9053,1626
1.9109,1625
1.9164,1623
1.922,1627
1.9277,1626
1.9333,1622
1.9386,1627
1.9442,1629
1.9499,1622
1.9555,1626
1.9609,1628
1.9665,1622
1.972,1626
1.9777,1624
1.9831,1623
1.9887,1627
1.9943,1625
1.9997,1623
2.0053,1626
2.0108,1623
2.0164,1624
2.022,1628
2.0276,1624
2.0333,1624
2.0386,1627
2.0443,1624
2.0499,1624
2.0553,1629
2.0609,1624
2.0666,1623
2.0719,1628
2.0776,1626
2.0832,1621
2.0886,1626
2.0942,1627
2.0998,1621
2.1055,1625
2.1108,1628
2.1165,1625
2.1221,1624
2.1277,1627
2.1331,1623
2.1387,1625
2.1443,1629
2.1497,1623
2.1554,1624
2.161,1629
2.1666,1626
2.172,1622
2.1776,1627
2.1832,1626
2.1886,1623
2.1943,1625
2.1999,1628
2.2052,1624
2.2109,1622
2.2165,1629
2.2219,1625
2.2275,1623
2.2332,1628
2.2388,1625
2.2442,1621
2.2498,1625
2.2555,1627
2.2608,1623
2.2665,1626
2.2721,1629
2.2775,1622
2.2831,1625
2.2887,1628
2.2944,1622
2.2997,1623
2.3054,1630
2.311,1626
2.3166,1623
2.322,1626
2.3277,1627
2.3333,1622
2.3386,1623
2.3443,1626
2.3499,1623
2.3555,1625
2.3609,1628
2.3665,1625
2.3721,1622
2.3775,1626
2.3831,1626
2.3888,1623
2.3944,1627
2.3998,1625
2.4054,1622
2.4108,1627
2.4164,1627
2.4221,1624
2.4277,1625
2.4331,1628
2.4387,1623
2.4443,1625
2.45,1627
2.4553,1622
2.461,1621
2.4666,1629
2.4719,1624
2.4776,1622
2.4832,1630
2.4888,1627
2.4942,1624
2.4998,1626
2.5055,1627
2.5108,1622
2.5164,1626
2.522,1628
2.5276,1622
2.5333,1624
2.5386,1628
2.5442,1622
2.5498,1624
2.5554,1628
2.5608,1624
2.5665,1622
2.572,1627
2.5776,1625
2.5833,1624
2.5886,1627
2.5942,1625
2.5998,1622
2.6054,1628
2.6111,1626
2.6164,1622
2.6221,1627
2.6276,1629
2.6332,1621
2.6386,1626
2.6442,1629
2.6499,1622
2.6554,1623
2.6611,1627
2.6664,1624
2.672,1623
2.6777,1629
2.683,1625
2.6886,1623
2.6943,1628
2.6999,1627
2.7055,1620
2.7109,1626
2.7165,1629
2.7222,1622
2.7275,1625
2.7332,1628
2.7388,1621
2.7442,1614
2.7498,1628
2.7554,1624
2.7611,1623
2.7665,1627
2.7721,1625
2.7777,1623
2.7831,1628
2.7887,1626
2.7943,1623
2.8,1626
2.8053,1626
2.811,1623
2.8166,1624
2.822,1629
2.8276,1624
2.8332,1625
2.8389,1627
2.8442,1626
2.8499,1623
2.8555,1627
2.8609,1626
2.8665,1624
2.8721,1628
2.8775,1626
2.8831,1620
2.8888,1627
2.8944,1629
2.8998,1624
2.9054,1623
2.9108,1627
2.9164,1624
2.9221,1622
2.9277,1628
2.9331,1624
2.9387,1621
2.9444,1627
2.9497,1625
2.9554,1622
2.961,1627
2.9664,1625
2.972,1622
2.9777,1626
2.983,1626
2.9887,1623
2.9943,1626
2.9997,1629
3.0054,1621
3.011,1625
3.0166,1628
3.022,1624
3.0277,1625
3.033,1629
3.0387,1625
3.0443,1625
3.0499,1627
3.0553,1623
3.0609,1622
3.0666,1627
3.0722,1627
3.0775,1622
3.0832,1626
3.0889,1625
3.0942,1622
3.0999,1624
3.1055,1628
3.1109,1621
3.1166,1625
3.1222,1629
3.1276,1623
3.1332,1622
3.1388,1628
3.1442,1626
3.1498,1623
3.1554,1628
3.1611,1627
3.1664,1623
3.1721,1626
3.1775,1628
3.1831,1621
3.1888,1623
3.1944,1626
3.1998,1624
3.2054,1628
3.2108,1627
3.2164,1621
3.2221,1627
3.2277,1626
3.2331,1623
3.2387,1624
3.2444,1629
3.2497,1624
3.2553,1624
3.261,1628
3.2666,1622
3.272,1622
3.2776,1627
3.2833,1624
3.2887,1623
3.2943,1628
3.2999,1626
3.3053,1622
3.3109,1626
3.3166,1626
3.322,1624
3.3276,1627
3.3332,1628
3.3389,1622
3.3442,1626
3.3499,1629
3.3555,1623
3.3608,1623
3.3665,1629
3.3721,1623
3.3778,1623
3.3831,1628
3.3888,1623
3.3944,1624
3.3998,1629
3.4054,1623
3.4111,1622
3.4164,1627
3.4221,1626
3.4277,1624
3.4331,1628
3.4388,1625
3.4444,1624
3.4498,1628
3.4554,1626
3.461,1622
3.4664,1628
3.4721,1623
3.4777,1622
3.4831,1627
3.4887,1626
3.4942,1623
3.4998,1627
3.5055,1628
3.5111,1621
3.5165,1627
3.522,1627
3.5276,1622
3.5333,1626
3.5386,1627
3.5443,1622
3.5498,1622
3.5554,1628
3.5611,1623
3.5664,1623
3.572,1627
3.5776,1626
3.5832,1623
3.5886,1628
3.5942,1624
3.5999,1622
3.6054,1627
3.6111,1627
3.6164,1623
3.6221,1627
3.6277,1629
3.6331,1621
3.6387,1625
3.6444,1628
3.6497,1623
3.6554,1625
3.661,1627
3.6667,1625
3.672,1624
3.6777,1629
3.6833,1624
3.6887,1622
3.6943,1626
3.7,1626
3.7053,1621
3.711,1624
3.7166,1626
3.722,1622
3.7276,1626
3.7332,1628
3.7389,1622
3.7442,1624
3.7499,1628
3.7555,1622
3.7609,1623
3.7665,1628
3.7721,1626
3.7775,1621
3.7831,1624
3.7888,1628
3.7944,1623
3.7998,1622
3.8054,1628
3.811,1625
3.8164,1624
3.822,1628
3.8277,1625
3.8333,1622
3.8387,1625
3.8443,1626
3.85,1622
3.8553,1624
3.861,1629
3.8666,1623
3.872,1624
3.8777,1629
3.8833,1623
3.8886,1623
3.8943,1627
3.8999,1626
3.9053,1621
3.911,1627
3.9166,1625
3.922,1621
3.9276,1626
3.9333,1625
3.9386,1624
3.9443,1626
3.9499,1627
3.9553,1620
3.9609,1626
3.9666,1626
3.972,1622
3.9776,1625
3.9833,1627
3.9886,1623
3.9943,1622
3.9999,1629
4.0053,1626
4.0109,1621
4.0166,1627
4.0222,1626
4.0276,1622
4.0332,1626
4.0389,1628
4.0442,1623
4.0499,1625
4.0555,1627
4.0609,1624
4.0665,1626
4.0722,1627
4.0775,1622
4.0832,1625
4.0888,1628
4.0942,1623
4.0998,1621
4.1055,1629
4.1111,1625
4.1165,1621
4.1221,1628
4.1278,1626
4.1332,1623
4.1388,1629
4.1444,1624
4.1497,1621
4.1554,1627
4.161,1626
4.1667,1622
4.172,1628
4.1775,1628
4.1832,1619
4.1888,1622
4.1945,1627
4.1998,1625
4.2053,1624
4.211,1627
4.2166,1622
4.222,1624
4.2276,1626
4.2331,1624
4.2388,1624
4.2442,1628
4.2498,1623
4.2555,1622
4.2609,1630
4.2665,1625
4.2721,1622
4.2778,1627
4.2831,1626
4.2888,1624
4.2944,1627
4.2998,1627
4.3054,1621
4.311,1625
4.3164,1628
4.3221,1621
4.3277,1623
4.3331,1627
4.3387,1624
4.3444,1623
4.35,1628
4.3553,1625
4.361,1622
4.3666,1625
4.372,1627
4.3776,1623
4.3832,1626
4.3886,1627
4.3942,1622
4.3999,1625
4.4055,1628
4.4109,1624
4.4165,1623
4.4222,1629
4.4275,1624
4.4332,1622
4.4388,1625
4.4445,1627
4.4498,1620
4.4555,1627
4.4611,1627
4.4665,1622
4.4721,1623
4.4777,1626
4.4834,1624
4.4887,1624
4.4944,1628
4.4998,1623
4.5054,1625
4.511,1628
4.5167,1624
4.522,1622
4.5277,1627
4.5333,1625
4.5387,1621
4.5443,1627
4.55,1627
4.5556,1622
4.561,1627
4.5666,1628
4.572,1623
4.5776,1624
4.5833,1628
4.5886,1620
4.5943,1623
4.5999,1629
4.6053,1626
4.611,1623
4.6166,1627
4.622,1628
4.6276,1621
4.6333,1626
4.6389,1628
4.6443,1621
4.6499,1624
4.6555,1629
4.6609,1622
4.6665,1625
4.6722,1626
4.6775,1624
4.6832,1623
4.6888,1629
4.6945,1625
4.6998,1621
4.7055,1627
4.7111,1625
4.7165,1623
4.7221,1628
4.7277,1625
4.7331,1623
4.7387,1626
4.7444,1628
4.75,1622
4.7554,1623
4.761,1628
4.7667,1623
4.772,1625
4.7776,1628
4.7833,1623
4.7886,1623
4.7943,1629
4.7999,1626
4.8056,1623
4.8109,1627
4.8166,1624
4.8222,1625
4.8276,1628
4.8332,1625
4.8389,1623
4.8442,1628
4.8499,1626
4.8555,1624
4.8609,1626
4.8665,1629
4.8722,1623
4.8776,1624
4.8832,1629
4.8889,1623
4.8943,1624
4.8999,1629
4.9055,1625
4.9109,1623
4.9165,1628
4.9222,1625
4.9278,1621
4.9332,1623
4.9388,1629
4.9445,1623
4.9499,1623
4.9555,1626
4.9611,1623
4.9665,1622
4.9721,1625
4.9775,1625
4.9832,1622
4.9888,1626
4.9944,1626
4.9998,1623
5.0055,1625
5.0108,1627
5.0165,1623
5.0221,1626
5.0278,1625
5.0331,1620
5.0388,1625
5.0444,1629
5.0497,1623
5.0554,1622
5.061,1628
5.0667,1623
5.072,1623
5.0776,1629
5.0833,1625
5.0889,1621
5.0943,1627
5.0998,1628
5.1054,1622
5.1111,1626
5.1167,1628
5.1221,1623
5.1276,1624
5.1333,1627
5.1389,1625
5.1443,1623
5.1499,1628
5.1554,1623
5.161,1622
5.1667,1627
5.172,1630
5.1777,1622
5.1832,1626
5.1889,1626
5.1942,1622
5.1998,1624
5.2055,1628
5.211,1624
5.2167,1623
5.222,1630
5.2277,1624
5.2333,1623
5.2386,1627
5.2443,1623
5.2499,1623
5.2556,1627
5.2609,1627
5.2665,1623
5.2722,1627
5.2775,1628
5.2832,1623
5.2888,1625
5.2944,1631
5.2998,1623
5.3054,1625
5.311,1627
5.3167,1623
5.322,1623
5.3277,1629
5.3333,1626
5.3387,1621
5.3443,1625
5.3499,1625
5.3556,1623
5.3609,1626
5.3666,1628
5.3722,1623
5.3775,1625
5.3832,1629
5.3888,1623
5.3945,1623
5.3998,1629
5.4055,1626
5.4111,1620
5.4165,1625
5.4221,1625
5.4277,1622
5.4331,1626
5.4387,1627
5.4444,1623
5.45,1624
5.4554,1628
5.461,1622
5.4667,1625
5.472,1630
5.4776,1624
5.4833,1622
5.4889,1628
5.4943,1623
5.4999,1623
5.5053,1627
5.5109,1624
5.5166,1622
5.5222,1628
5.5276,1624
5.5332,1621
5.5388,1626
5.5442,1627
5.5498,1622
5.5555,1625
5.5611,1628
5.5665,1624
5.5721,1625
5.5778,1628
5.5831,1626
5.5888,1623
5.5944,1628
5.6,1623
5.6054,1622
5.611,1627
5.6166,1625
5.6223,1620
5.6276,1627
5.6333,1626
5.6389,1623
5.6443,1622
5.6499,1628
5.6555,1624
5.6609,1624
5.6665,1627
5.6721,1625
5.6778,1624
5.6831,1626
5.6888,1623
5.6944,1623
5.6998,1627
5.7054,1626
5.7111,1623
5.7167,1629
5.7221,1624
5.7277,1623
5.7333,1626
5.7387,1626
5.7443,1622
5.75,1626
5.7553,1627
5.761,1622
5.7666,1623
5.7722,1628
5.7776,1623
5.7831,1624
5.7888,1627
5.7944,1627
5.8,1622
5.8054,1627
5.811,1628
5.8166,1625
5.8223,1625
5.8276,1627
5.8332,1623
5.8388,1625
5.8444,1627
5.8501,1623
5.8554,1622
5.861,1630
5.8666,1627
5.8722,1623
5.8776,1625
5.8832,1626
5.8888,1623
5.8944,1625
5.8998,1627
5.9054,1623
5.911,1624
5.9166,1627
5.9222,1623
5.9276,1623
5.9332,1628
5.9389,1624
5.9445,1623
5.9499,1628
5.9555,1627
5.9611,1623
5.9665,1624
5.9721,1629
5.9777,1624
5.9831,1623
5.9887,1629
5.9944,1623
6.0,1623
6.0054,1629
6.011,1625
6.0167,1624
6.022,1626
6.0276,1627
6.0333,1621
6.0389,1628
6.0443,1627
6.0499,1622
6.0555,1624
6.0609,1627
6.0665,1623
6.0722,1621
6.0778,1629
6.0832,1625
6.0889,1622
6.0942,1625
6.0998,1627
6.1055,1622
6.1111,1626
6.1165,1626
6.1221,1623
6.1278,1626
6.1332,1628
6.1388,1622
6.1445,1625
6.1498,1626
6.1555,1622
6.1611,1624
6.1665,1627
6.1721,1624
6.1778,1623
6.1834,1628
6.1887,1624
6.1944,1622
6.1998,1627
6.2054,1627
6.211,1622
6.2167,1627
6.222,1628
6.2277,1622
6.2333,1625
6.239,1627
6.2443,1625
6.25,1623
6.2556,1629
6.261,1624
6.2666,1623
6.2722,1629
6.2776,1627
6.2832,1620
6.2889,1628
6.2942,1629
6.2999,1623
6.3055,1624
6.3111,1630
6.3165,1625
6.3222,1622
6.3278,1627
6.3332,1625
6.3388,1621
6.3444,1626
6.3498,1626
6.3554,1623
6.3611,1626
6.3665,1628
6.3721,1621
6.3777,1624
6.3834,1628
6.3887,1623
6.3944,1624
6.4,1627
6.4054,1621
6.4111,1624
6.4164,1628
6.4221,1625
6.4277,1621
6.4334,1627
6.4387,1628
6.4444,1622
6.45,1626
6.4553,1629
6.461,1624
6.4666,1624
6.4723,1627
6.4776,1624
6.4832,1623
6.4889,1630
6.4945,1625
6.4999,1621
6.5055,1627
6.5111,1626
6.5165,1623
6.5221,1628
6.5278,1628
6.5331,1622
6.5388,1625
6.5444,1628
6.5501,1624
6.5554,1623
6.561,1628
6.5667,1626
6.572,1623
6.5777,1629
6.5833,1626
6.5889,1623
6.5943,1628
6.6,1624
6.6056,1623
6.611,1626
6.6166,1627
6.6222,1622
6.6276,1626
6.6333,1629
6.6389,1623
6.6443,1624
6.6499,1628
6.6555,1623
6.6612,1622
6.6665,1628
6.6722,1624
6.6776,1622
6.6832,1629
6.6889,1626
6.6945,1623
6.6998,1625
6.7054,1629
6.711,1623
6.7167,1623
6.7223,1627
6.7276,1623
6.7332,1623
6.7388,1625
6.7445,1624
6.7498,1623
6.7555,1628
6.761,1627
6.7666,1623
6.7723,1625
6.7777,1628
6.7833,1621
6.7887,1625
6.7943,1629
6.8,1623
6.8056,1623
6.811,1628
6.8166,1627
6.8222,1624
6.8276,1627
6.8333,1628
6.8389,1624
6.8443,1625
6.8499,1627
6.8555,1623
6.8609,1624
6.8666,1629
6.8722,1623
6.8779,1624
6.8832,1629
6.8889,1622
6.8942,1624
6.8999,1627
6.9055,1623
6.9112,1624
6.9165,1627
6.9222,1625
6.9278,1623
6.9332,1627
6.9388,1627
6.9445,1621
6.9498,1626
6.9554,1628
6.9611,1624
6.9664,1624
6.9721,1627
6.9777,1623
6.9834,1622
6.9887,1626
6.9944,1624
7.0,1623
7.0054,1629
7.011,1627
7.0167,1623
7.0223,1625
7.0277,1627
7.0333,1622
7.0387,1625
7.0443,1629
7.05,1621
7.0556,1626
7.061,1627
7.0666,1624
7.072,1623
7.0777,1628
7.0833,1623
7.0887,1624
7.0943,1628
7.1,1624
7.1056,1621
7.111,1627
7.1166,1626
7.122,1621
7.1277,1627
7.1333,1627
7.1389,1623
7.1443,1621
7.1499,1629
7.1556,1625
7.161,1624
7.1666,1629
7.1723,1627
7.1776,1624
7.1833,1626
7.1889,1628
7.1943,1622
7.1999,1626
7.2055,1626
7.2112,1622
7.2166,1626
7.2222,1627
7.2276,1620
7.2332,1625
7.2388,1628
7.2445,1624
7.2498,1623
7.2555,1629
7.2611,1626
7.2665,1620
7.2721,1628
7.2778,1629
7.2831,1621
7.2888,1624
7.2944,1628
7.2998,1624
7.3054,1621
7.3111,1630
7.3167,1625
7.3221,1622
7.3278,1628
7.3334,1627
7.3388,1622
7.3444,1628
7.35,1626
7.3554,1621
7.3609,1624
7.3666,1630
7.3722,1622
7.3779,1622
7.3832,1629
7.3887,1624
7.3944,1622
7.4,1625
7.4054,1626
7.411,1623
7.4166,1626
7.4222,1627
7.4278,1623
7.4332,1626
7.4389,1627
7.4444,1624
7.45,1623
7.4554,1626
7.461,1626
7.4666,1623
7.4722,1626
7.4778,1628
7.4832,1622
7.4888,1623
7.4945,1627
7.4998,1625
7.5055,1623
7.5111,1627
7.5165,1625
7.5221,1622
7.5278,1626
7.5332,1626
7.5388,1623
7.5444,1627
7.5501,1624
7.5554,1625
7.5611,1627
7.5667,1624
7.5721,1622
7.5777,1627
7.5833,1625
7.5887,1620
7.5944,1626
7.6,1626
7.6054,1622
7.611,1624
7.6166,1628
7.6223,1624
7.6276,1622
7.6333,1626
7.6389,1626
7.6443,1622
7.6499,1626
7.6556,1627
7.6609,1621
7.6665,1627
7.6722,1626
7.6778,1623
7.6832,1626
7.6888,1626
7.6945,1622
7.6998,1626
7.7055,1629
7.7111,1625
7.7168,1623
7.7221,1629
7.7278,1622
7.7331,1624
7.7388,1627
7.7444,1623
7.7498,1623
7.7554,1628
7.7611,1626
7.7667,1621
7.7721,1626
7.7777,1628
7.7834,1622
7.7888,1623
7.7944,1630
7.8001,1625
7.8054,1624
7.8111,1628
7.8167,1625
7.8221,1623
7.8277,1629
7.8333,1627
7.839,1623
7.8443,1626
7.85,1627
7.8556,1621
7.861,1627
7.8666,1627
7.8723,1624
7.8776,1626
7.8832,1628
7.8889,1623
7.8945,1627
7.8999,1628
7.9055,1625
7.9111,1622
7.9165,1628
7.9221,1625
7.9278,1622
7.9334,1626
7.9388,1625
7.9444,1622
7.95,1627
7.9554,1624
7.961,1622
7.9667,1629
7.972,1628
7.9777,1621
7.9833,1623
7.989,1628
7.9943,1624
8.0,1624
8.0056,1626
8.011,1622
8.0166,1624
8.022,1629
8.0277,1624
8.0333,1624
8.039,1628
8.0443,1625
8.05,1622
8.0556,1628
8.061,1625
8.0666,1622
8.0722,1627
8.0779,1627
8.0832,1622
8.0889,1626
8.0945,1626
8.0999,1621
8.1055,1625
8.1111,1628
8.1165,1623
8.1221,1624
8.1278,1629
8.1334,1623
8.1388,1621
8.1444,1628
8.15,1625
8.1554,1622
8.161,1627
8.1667,1626
8.1723,1621
8.1776,1627
8.1833,1628
8.1889,1622
8.1943,1625
8.1998,1627
8.2055,1625
8.2111,1626
8.2167,1628
8.2221,1623
8.2276,1624
8.2333,1627
8.2389,1625
8.2445,1625
8.2499,1629
8.2554,1625
8.2611,1622
8.2667,1628
8.2721,1626
8.2777,1623
8.2832,1627
8.2889,1628
8.2945,1621
8.2999,1625
8.3055,1628
8.311,1622
8.3167,1623
8.3221,1631
8.3277,1624
8.3334,1622
8.3388,1629
8.3444,1624
8.35,1621
8.3554,1627
8.361,1627
8.3667,1621
8.3723,1627
8.3777,1628
8.3833,1622
8.3889,1625
8.3943,1629
8.3999,1623
8.4055,1624
8.4112,1629
8.4165,1624
8.4222,1623
8.4278,1627
8.4332,1628
8.4388,1621
8.4445,1625
8.4501,1630
8.4554,1623
8.4611,1623
8.4667,1628
8.4721,1624
8.4777,1622
8.4834,1627
8.4888,1628
8.4944,1621
8.5,1623
8.5057,1628
8.511,1624
8.5167,1623
8.5223,1627
8.5277,1625
8.5333,1622
8.5389,1627
8.5446,1625
8.5499,1622
8.5556,1626
8.5609,1628
8.5666,1622
8.5722,1623
8.5778,1627
8.5832,1625
8.5888,1622
8.5945,1628
8.5999,1626
8.6055,1623
8.6111,1626
8.6168,1628
8.6221,1623
8.6278,1623
8.6334,1629
8.639,1623
8.6444,1624
8.65,1628
8.6556,1625
8.661,1622
8.6666,1627
8.6722,1624
8.6779,1622
8.6832,1627
8.6889,1626
8.6945,1623
8.6999,1627
8.7056,1626
8.7112,1623
8.7166,1625
8.7222,1631
8.7278,1625
8.7332,1622
8.7388,1630
8.7445,1623
8.7498,1624
8.7555,1627
8.7611,1626
8.7668,1623
8.7721,1627
8.7777,1625
8.7834,1622
8.7887,1627
8.7944,1626
8.8,1619
8.8056,1624
8.811,1628
8.8166,1623
8.8223,1622
8.8279,1628
8.8333,1623
8.8389,1621
8.8445,1629
8.8499,1626
8.8555,1623
8.8611,1626
8.8668,1629
8.8721,1623
8.8778,1623
8.8832,1629
8.8888,1622
8.8945,1624
8.9001,1627
8.9055,1627
8.911,1621
8.9166,1627
8.9223,1629
8.9277,1622
8.9333,1625
8.9388,1627
8.9445,1625
8.9501,1627
8.9555,1626
8.9611,1621
8.9666,1624
8.9723,1626
8.9779,1621
8.9833,1626
8.9889,1629
8.9944,1625
9.0001,1624
9.0055,1629
9.0111,1625
9.0168,1622
9.0221,1628
9.0277,1626
9.0334,1621
9.0387,1623
9.0444,1627
9.05,1622
9.0556,1623
9.061,1628
9.0666,1625
9.0723,1623
9.0776,1626
9.0833,1625
9.0889,1623
9.0945,1627
9.0999,1626
9.1055,1622
9.1112,1626
9.1166,1630
9.1222,1625
9.1279,1625
9.1332,1626
9.1389,1622
9.1445,1623
9.1499,1628
9.1555,1626
9.1612,1624
9.1665,1626
9.1722,1627
9.1778,1625
9.1832,1625
9.1889,1626
9.1945,1622
9.1999,1626
9.2056,1629
9.2112,1621
9.2166,1625
9.2222,1629
9.2279,1623
9.2332,1622
9.2389,1627
9.2445,1625
9.2499,1623
9.2555,1625
9.2612,1626
9.2668,1623
9.2722,1624
9.2778,1630
9.2834,1623
9.2888,1625
9.2944,1628
9.3001,1623
9.3055,1624
9.3111,1628
9.3167,1626
9.3221,1623
9.3277,1627
9.3334,1624
9.3388,1621
9.3444,1625
9.35,1626
9.3554,1622
9.361,1624
9.3667,1628
9.3721,1624
9.3777,1623
9.3833,1628
9.389,1627
9.3943,1622
9.4,1625
9.4056,1629
9.411,1623
9.4166,1625
9.4223,1630
9.4279,1623
9.4332,1624
9.4389,1629
9.4445,1626
9.4499,1623
9.4555,1626
9.4612,1628
9.4665,1621
9.4722,1624
9.4778,1627
9.4832,1623
9.4888,1625
9.4944,1628
9.5001,1625
9.5054,1623
9.5111,1629
9.5167,1626
9.5221,1624
9.5277,1628
9.5333,1626
9.539,1625
9.5443,1626
9.55,1628
9.5556,1624
9.561,1623
9.5666,1630
9.5723,1624
9.5779,1624
9.5832,1628
9.5889,1623
9.5946,1622
9.5999,1628
9.6055,1623
9.6112,1622
9.6166,1627
9.6222,1626
9.6279,1623
9.6332,1626
9.6389,1629
9.6445,1622
9.6499,1625
9.6555,1629
9.6612,1623
9.6665,1624
9.6721,1628
9.6778,1623
9.6834,1625
9.6888,1629
9.6944,1627
9.7,1622
9.7057,1627
9.711,1627
9.7166,1623
9.7223,1625
9.7276,1628
9.7333,1622
9.7389,1625
9.7445,1629
9.7499,1622
9.7555,1625
9.7612,1626
9.7668,1626
9.7721,1623
9.7778,1627
9.7834,1624
9.7887,1622
9.7944,1627
9.8,1627
9.8054,1623
9.8111,1626
9.8167,1629
9.8223,1622
9.8277,1627
9.8332,1628
9.8389,1620
9.8445,1623
9.8499,1627
9.8555,1623
9.861,1625
9.8667,1629
9.8723,1625
9.8777,1624
9.8833,1628
9.8889,1625
9.8945,1623
9.9001,1627
9.9055,1626
9.9111,1622
9.9167,1627
9.9223,1627
9.9277,1620
9.9333,1625
9.9389,1630
9.9445,1625
9.9498,1623
9.9555,1628
9.9611,1625
9.9667,1622
9.9721,1629
9.9777,1627
9.9834,1621
9.9887,1625
9.9944,1629
10.0,1621
10.0057,1624
10.011,1628
10.0167,1624
10.0221,1622
10.0277,1627
10.0333,1626
10.039,1623
10.0443,1626
10.05,1628
10.0556,1620
10.061,1625
10.0666,1628
10.0722,1624
10.0779,1623
10.0832,1628
10.0889,1625
10.0945,1621
10.0999,1625
10.1055,1627
10.1112,1621
10.1168,1626
10.1222,1631
10.1278,1623
10.1334,1621
10.1388,1628
10.1444,1626
10.1501,1624
10.1554,1626
10.1611,1627
10.1667,1623
10.1723,1629
10.1776,1625
10.1833,1622
10.1889,1625
10.1946,1627
10.1999,1622
10.2056,1625
10.2112,1627
10.2165,1623
10.2222,1626
10.2278,1629
10.2334,1624
10.2388,1622
10.2444,1627
10.2501,1625
10.2557,1620
10.2611,1626
10.2667,1626
10.2723,1623
10.2777,1627
10.2833,1626
10.289,1622
10.2943,1627
10.3,1628
10.3056,1622
10.311,1624
10.3166,1629
10.3223,1622
10.3279,1624
10.3332,1628
10.3389,1626
10.3445,1623
10.3499,1626
10.3555,1627
10.3612,1622
10.3668,1626
10.3722,1628
10.3778,1623
10.3832,1623
10.3888,1628
10.3945,1624
10.4001,1623
10.4055,1629
10.4111,1626
10.4167,1622
10.4223,1626
10.4277,1628
10.4332,1622
10.4389,1625
10.4445,1629
10.4501,1625
10.4555,1622
10.461,1629
10.4667,1625
10.4723,1622
10.4779,1627
10.4833,1627
10.4888,1623
10.4945,1626
10.5001,1627
10.5055,1622
10.5111,1625
10.5167,1626
10.5223,1623
10.5277,1624
10.5333,1628
10.5389,1624
10.5445,1623
10.5501,1627
10.5555,1626
10.5611,1623
10.5668,1626
10.5721,1628
10.5778,1622
10.5834,1622
10.5888,1629
10.5944,1624
10.6,1626
10.6057,1628
10.6113,1621
10.6167,1623
10.6223,1629
10.6279,1624
10.6333,1622
10.6389,1626
10.6445,1625
10.6501,1622
10.6555,1625
10.6611,1628
10.6668,1622
10.6724,1625
10.6778,1628
10.6834,1623
10.689,1625
10.6944,1629
10.7,1624
10.7057,1622
10.7111,1627
10.7167,1625
10.7224,1623
10.7277,1627
10.7334,1625
10.739,1622
10.7444,1625
10.75,1628
10.7557,1621
10.761,1627
10.7667,1627
10.7723,1621
10.778,1624
10.7833,1629
10.7889,1625
10.7946,1623
10.7999,1628
10.8056,1624
10.8112,1622
10.8166,1627
10.8223,1625
10.8279,1622
10.8333,1627
10.8389,1629
10.8445,1623
10.8502,1624
10.8555,1628
10.8612,1622
10.8666,1623
10.8722,1627
10.8779,1626
10.8835,1623
10.8888,1625
10.8945,1626
10.9001,1622
10.9055,1626
10.9111,1627
10.9168,1623
10.9224,1623
10.9278,1629
10.9334,1623
10.939,1624
10.9444,1629
10.95,1624
10.9557,1624
10.9613,1627
10.9666,1624
10.9723,1623
10.9779,1628
10.9833,1626
10.9889,1621
10.9946,1627
10.9999,1627
11.0056,1623
11.0112,1625
11.0168,1628
11.0222,1624
11.0278,1624
11.0335,1629
11.0388,1624
11.0445,1621
11.0501,1628
11.0557,1627
11.0611,1622
11.0667,1625
11.0724,1627
11.0777,1624
11.0834,1624
11.089,1627
11.0946,1624
11.1,1623
11.1056,1630
11.1113,1623
11.1166,1625
11.1223,1628
11.1279,1623
11.1333,1625
11.1389,1629
11.1445,1627
11.1502,1623
11.1555,1628
11.1612,1626
11.1668,1623
11.1721,1624
11.1778,1628
11.1834,1625
11.1891,1622
11.1944,1629
11.2,1624
11.2057,1622
11.211,1627
11.2167,1627
11.2223,1623
11.2277,1626
11.2333,1627
11.2389,1623
11.2446,1626
11.2499,1627
11.2556,1622
11.2612,1626
11.2668,1629
11.2722,1624
11.2778,1623
11.2835,1628
11.2888,1625
11.2944,1622
11.3001,1627
11.3057,1627
11.3111,1620
11.3168,1626
11.3224,1627
11.3277,1623
11.3334,1623
11.339,1629
11.3444,1624
11.35,1623
11.3556,1627
11.3613,1625
11.3666,1623
11.3722,1628
11.3779,1626
11.3835,1623
11.3889,1626
11.3945,1626
11.4002,1621
11.4055,1627
11.4112,1627
11.4168,1622
11.4222,1625
11.4278,1628
11.4335,1624
11.4388,1626
11.4444,1628
11.4501,1622
11.4557,1625
11.4611,1628
11.4667,1626
11.4724,1623
11.4777,1627
11.4834,1625
11.489,1621
11.4944,1628
11.5,1628
11.5057,1623
11.511,1624
11.5167,1628
11.5222,1623
11.5278,1625
11.5335,1629
11.5388,1621
11.5445,1626
11.55,1629
11.5557,1625
11.5613,1623
11.5667,1628
11.5723,1626
11.5778,1622
11.5835,1628
11.5888,1627
11.5945,1623
11.6001,1625
11.6055,1628
11.6111,1622
11.6168,1626
11.6224,1629
11.6277,1623
11.6334,1623
11.639,1627
11.6444,1623
11.65,1623
11.6556,1628
11.6612,1626
11.6666,1622
11.6722,1626
11.6779,1627
11.6835,1621
11.6889,1624
11.6945,1629
11.7002,1622
11.7055,1623
11.7111,1628
11.7168,1624
11.7222,1625
11.7278,1627
11.7334,1623
11.7391,1623
11.7444,1630
11.7501,1624
11.7557,1621
11.7611,1628
11.7667,1626
11.7724,1621
11.7777,1626
11.7834,1627
11.789,1621
11.7943,1626
11.8,1627
11.8056,1622
11.8112,1626
11.8169,1627
11.8222,1622
11.8279,1626
11.8335,1628
11.8389,1623
11.8445,1624
11.8501,1627
11.8555,1625
11.8611,1624
11.8668,1628
11.8724,1625
11.8778,1622
11.8834,1627
11.889,1627
11.8944,1623
11.9,1626
11.9057,1625
11.9113,1622
11.9167,1625
11.9223,1629
11.9277,1620
11.9333,1623
11.939,1628
11.9446,1623
11.95,1625
11.9556,1630
11.9612,1623
11.9666,1625
11.9722,1627
11.9779,1624
11.9835,1624
11.9888,1628
11.9945,1626
12.0002,1622
12.0056,1627
12.011,1628
12.0167,1622
12.0223,1624
12.0279,1627
12.0333,1625
12.0388,1623
12.0445,1628
12.0501,1626
12.0558,1624
12.0611,1629
12.0666,1627
12.0723,1623
12.0779,1624
12.0833,1628
12.0889,1624
12.0945,1623
12.1001,1628
12.1057,1622
12.1111,1623
12.1167,1628
12.1223,1624
12.1279,1623
12.1333,1630
12.1389,1627
12.1446,1622
12.1501,1628
12.1557,1627
12.1611,1622
12.1667,1628
12.1724,1626
12.1777,1622
12.1834,1626
12.189,1625
12.1944,1622
12.2,1630
12.2057,1626
12.2111,1623
12.2167,1626
12.2223,1623
12.2277,1624
12.2333,1627
12.239,1624
12.2446,1624
12.2499,1628
12.2556,1625
12.2612,1622
12.2666,1628
12.2722,1628
12.2779,1622
12.2835,1624
12.2889,1627
12.2945,1624
12.3001,1624
12.3055,1628
12.3111,1624
12.3168,1626
12.3221,1627
12.3278,1625
12.3334,1624
12.3391,1628
12.3444,1625
12.3501,1623
12.3557,1627
12.3611,1627
12.3667,1622
12.3724,1627
12.3777,1628
12.3833,1621
12.389,1626
12.3943,1627
12.4,1623
12.4057,1622
12.4113,1627
12.4167,1626
12.4223,1622
12.4279,1625
12.4333,1629
12.4389,1623
12.4446,1624
12.4502,1629
12.4556,1623
12.4612,1623
12.4668,1628
12.4722,1624
12.4778,1621
12.4834,1628
12.4891,1624
12.4945,1622
12.5001,1626
12.5057,1625
12.5111,1622
12.5167,1624
12.5224,1627
12.5277,1622
12.5333,1627
12.539,1623
12.5446,1623
12.55,1625
12.5556,1626
12.5613,1623
12.5666,1626
12.5723,1629
12.5779,1622
12.5833,1624
12.5889,1629
12.5946,1625
12.5999,1623
12.6056,1627
12.6112,1624
12.6169,1624
12.6222,1629
12.6279,1624
12.6335,1623
12.6389,1627
12.6445,1625
12.6501,1623
12.6558,1627
12.6611,1630
12.6668,1623
12.6721,1624
12.6778,1628
12.6834,1622
12.6891,1622
12.6944,1629
12.7,1625
12.7057,1627
12.7113,1629
12.7167,1625
12.7223,1622
12.728,1628
12.7333,1627
12.739,1622
12.7444,1628
12.75,1626
12.7557,1621
12.7613,1625
12.7666,1624
12.7723,1624
12.7779,1624
12.7833,1628
12.7889,1621
12.7946,1625
12.8002,1628
12.8056,1622
12.8112,1625
12.8166,1625
12.8222,1624
12.8279,1624
12.8335,1626
12.8389,1623
12.8445,1625
12.8502,1630
12.8555,1625
12.8612,1623
12.8668,1627
12.8722,1626
12.8779,1621
12.8835,1627
12.8888,1629
12.8945,1624
12.9001,1623
12.9057,1629
12.9111,1624
12.9167,1624
12.9224,1627
12.9277,1626
12.9334,1621
12.939,1625
12.9447,1627
12.95,1624
12.9557,1626
12.9613,1628
12.9666,1622
12.9723,1626
12.9779,1625
12.9833,1621
12.9889,1626
12.9946,1628
13.0002,1624
13.0056,1626
13.0112,1627
13.0169,1623
13.0222,1625
13.0279,1628
13.0335,1622
13.0388,1624
13.0445,1629
13.0501,1624
13.0555,1623
13.0611,1627
13.0667,1625
13.0724,1624
13.0777,1628
13.0834,1624
13.089,1623
13.0947,1627
13.1,1625
13.1057,1625
13.1113,1627
13.1167,1625
13.1223,1624
13.1279,1627
13.1333,1624
13.1389,1624
13.1445,1629
13.1502,1624
13.1555,1624
13.1611,1628
13.1668,1623
13.1724,1623
13.1778,1628
13.1833,1625
13.189,1623
13.1946,1626
13.2,1625
13.2056,1622
13.2111,1629
13.2168,1625
13.2224,1621
13.2278,1626
13.2334,1625
13.239,1623
13.2446,1625
13.25,1627
13.2556,1624
13.2613,1621
13.2668,1630
13.2724,1623
13.2778,1621
13.2834,1627
13.2891,1627
13.2944,1622
13.3001,1627
13.3058,1627
13.3111,1624
13.3167,1626
13.3224,1625
13.3278,1622
13.3334,1625
13.339,1628
13.3444,1625
13.3501,1623
13.3557,1628
13.3611,1624
13.3667,1622
13.3724,1628
13.378,1625
13.3834,1625
13.389,1628
13.3946,1624
13.4,1626
13.4056,1627
13.4113,1621
13.4166,1624
13.4222,1626
13.4279,1624
13.4335,1623
13.4389,1627
13.4445,1625
13.4502,1624
13.4555,1626
13.4612,1624
13.4668,1622
13.4724,1624
13.4778,1628
13.4834,1623
13.4891,1625
13.4944,1628
13.5001,1623
13.5057,1623
13.5113,1628
13.5167,1625
13.5223,1625
13.528,1627
13.5334,1626
13.539,1622
13.5446,1626
13.55,1625
13.5556,1623
13.5611,1625
13.5667,1625
13.5723,1622
13.578,1626
13.5833,1624
13.5889,1623
13.5945,1628
13.6001,1624
13.6058,1623
13.6111,1628
13.6167,1625
13.6224,1621
13.628,1625
13.6334,1628
13.639,1622
13.6445,1627
13.6501,1627
13.6558,1623
13.6611,1623
13.6668,1629
13.6723,1624
13.6779,1622
13.6833,1629
13.6889,1626
13.6946,1621
13.7001,1625
13.7058,1627
13.7111,1621
13.7168,1625
13.7224,1629
13.7279,1624
13.7333,1622
13.7389,1625
13.7446,1627
13.7502,1623
13.7556,1625
13.7612,1627
13.7669,1620
13.7722,1624
13.7778,1627
13.7835,1622
13.7891,1622
13.7945,1629
13.8001,1627
13.8058,1621
13.8111,1625
13.8167,1629
13.8224,1622
13.8277,1627
13.8334,1627
13.839,1623
13.8446,1624
13.85,1629
13.8556,1623
13.8612,1623
13.8669,1628
13.8722,1625
13.8779,1623
13.8835,1628
13.8888,1627
13.8945,1621
13.9001,1625
13.9057,1627
13.9111,1622
13.9167,1623
13.9224,1628
13.9277,1625
13.9334,1622
13.939,1631
13.9446,1624
13.95,1623
13.9557,1627
13.9613,1627
13.9667,1621
13.9723,1624
13.9779,1627
13.9833,1622
13.9889,1622
13.9946,1629
14.0002,1624
14.0056,1623
14.0112,1627
14.0169,1625
14.0222,1621
14.0279,1625
14.0335,1628
14.0391,1623
14.0445,1622
14.0501,1629
14.0557,1623
14.0611,1623
14.0667,1629
14.0723,1624
14.078,1623
14.0833,1629
14.089,1625
14.0946,1624
14.1002,1629
14.1057,1623
14.1113,1627
14.1166,1626
14.1223,1623
14.1279,1626
14.1335,1629
14.1389,1623
14.1445,1624
14.1502,1630
14.1555,1623
14.1612,1622
14.1668,1627
14.1724,1625
14.1778,1622
14.1834,1629
14.1891,1625
14.1944,1622
14.2001,1626
14.2057,1625
14.2113,1622
14.2167,1625
14.2223,1627
14.228,1624
14.2333,1625
14.239,1629
14.2446,1620
14.25,1626
14.2556,1628
14.2612,1622
14.2669,1623
14.2722,1629
14.2779,1624
14.2835,1621
14.2888,1626
14.2945,1628
14.3001,1622
14.3057,1625
14.3111,1628
14.3167,1624
14.3224,1622
14.328,1628
14.3334,1624
14.339,1621
14.3446,1627
14.35,1625
14.3556,1624
14.3612,1628
14.3669,1625
14.3722,1622
14.3779,1627
14.3835,1626
14.3891,1622
14.3945,1628
14.4001,1627
14.4057,1621
14.4113,1624
14.4167,1629
14.4223,1623
14.428,1623
14.4333,1629
14.439,1625
14.4446,1623
14.45,1626
14.4556,1626
14.4613,1622
14.4669,1627
14.4722,1627
14.4779,1620
14.4835,1625
14.4891,1627
14.4945,1622
14.5001,1623
14.5058,1629
14.5111,1627
14.5168,1623
14.5224,1626
14.5277,1626
14.5334,1623
14.539,1627
14.5447,1627
14.55,1622
14.5556,1624
14.5613,1628
14.5666,1623
14.5723,1623
14.5779,1630
14.5835,1626
14.5889,1620
14.5946,1626
14.6002,1628
14.6055,1622
14.6112,1625
14.6168,1627
14.6224,1625
14.6278,1624
14.6334,1626
14.6391,1624
14.6444,1627
14.6501,1628
14.6557,1622
14.6613,1627
14.6667,1626
14.6723,1623
14.678,1624
14.6834,1627
14.689,1622
14.6946,1624
14.7002,1628
14.7056,1625
14.7112,1622
14.7168,1628
14.7222,1625
14.7279,1624
14.7333,1626
14.7389,1625
14.7446,1625
14.7502,1627
14.7556,1624
14.7611,1625
14.7668,1626
14.7724,1622
14.778,1626
14.7834,1626
14.7889,1623
14.7946,1625
14.8002,1628
14.8056,1621
14.8112,1625
14.8167,1627
14.8224,1622
14.8277,1625
14.8334,1629
14.839,1624
14.8445,1625
14.8502,1630
14.8555,1625
14.8612,1623
14.8668,1627
14.8724,1625
14.878,1623
14.8834,1626
14.889,1625
14.8946,1621
14.9,1627
14.9056,1626
14.9113,1620
14.9169,1626
14.9223,1626
14.9279,1622
14.9335,1624
14.9389,1631
14.9445,1623
14.9502,1623
14.9558,1629
14.9611,1624
14.9668,1623
14.9724,1626
14.9778,1625
14.9834,1621
14.989,1626
14.9947,1628
15.0,1622
15.0057,1625
15.0113,1628
15.0167,1620
15.0223,1625
15.0279,1627
15.0336,1624
15.0389,1623
15.0445,1630
15.0502,1625
15.0555,1624
15.0612,1629
15.0668,1625
15.0724,1622
15.0778,1629
15.0834,1625
15.0891,1622
15.0944,1627
15.1001,1627
15.1057,1621
15.1114,1626
15.1167,1625
15.1224,1624
15.128,1627
15.1334,1629
15.139,1622
15.1446,1624
15.1503,1628
15.1556,1623
15.1613,1623
15.1667,1630
15.1723,1624
15.1779,1622
15.1836,1626
15.1889,1626
15.1945,1623
15.2001,1627
15.2058,1626
15.2114,1621
15.2168,1622
15.2223,1629
15.2279,1622
15.2336,1627
15.2389,1627
15.2446,1624
15.2501,1624
15.2557,1628
15.2614,1622
15.2667,1625
15.2723,1628
15.2779,1624
15.2836,1623
15.2889,1629
15.2946,1623
15.3002,1623
15.3057,1628
15.3114,1624
15.3167,1622
15.3224,1628
15.328,1627
15.3334,1622
15.339,1626
15.3447,1625
15.35,1623
15.3557,1628
15.3613,1626
15.3667,1622
15.3723,1625
15.378,1627
15.3836,1622
15.3889,1624
15.3946,1629
15.4002,1624
15.4059,1627
15.4112,1626
15.4168,1622
15.4225,1625
15.4278,1629
15.4335,1623
15.4391,1625
15.4445,1628
15.4501,1622
15.4557,1623
15.4613,1628
15.4667,1623
15.4723,1622
15.478,1627
15.4836,1627
15.489,1623
15.4946,1627
15.5002,1630
15.5056,1622
15.5112,1624
15.5169,1628
15.5225,1626
15.5279,1621
15.5335,1624
15.5391,1628
15.5445,1625
15.5501,1623
15.5558,1628
15.5611,1626
15.5668,1620
15.5724,1624
15.5779,1627
15.5836,1621
15.5889,1625
15.5945,1629
15.6002,1623
15.6058,1623
15.6112,1627
15.6169,1625
15.6222,1624
15.6279,1628
15.6335,1623
15.6391,1622
15.6445,1629
15.6501,1624
15.6558,1622
15.6611,1629
15.6668,1626
15.6724,1621
15.6778,1623
15.6834,1630
15.6891,1623
15.6945,1625
15.7001,1629
15.7057,1623
15.7114,1623
15.7167,1627
15.7224,1625
15.728,1622
15.7334,1628
15.7391,1627
15.7447,1622
15.7501,1624
15.7557,1629
15.7614,1624
15.7667,1623
15.7724,1628
15.7778,1626
15.7834,1622
15.789,1627
15.7947,1627
15.8001,1623
15.8057,1624
15.8114,1629
15.8167,1623
15.8224,1623
15.828,1627
15.8334,1626
15.839,1623
15.8446,1627
15.85,1628
15.8556,1623
15.8613,1624
15.8669,1629
15.8724,1625
15.878,1623
15.8834,1627
15.889,1624
15.8947,1620
15.9,1628
15.9057,1627
15.9113,1620
15.917,1624
15.9223,1628
15.928,1622
15.9336,1625
15.939,1629
15.9446,1624
15.9503,1619
15.9557,1628
15.9613,1627
15.9667,1622
15.9724,1625
15.978,1627
15.9834,1622
15.9891,1626
15.9947,1627
16.0001,1625
16.0058,1628
16.0112,1628
16.0169,1622
16.0223,1627
16.028,1631
16.0334,1624
16.0391,1625
16.0445,1626
16.0501,1622
16.0558,1623
16.0612,1629
16.0669,1623
16.0723,1624
16.0779,1627
16.0836,1627
16.089,1622
16.0946,1628
16.1002,1628
16.1056,1623
16.1112,1623
16.1169,1627
16.1225,1624
16.1279,1624
16.1335,1627
16.1389,1626
16.1445,1622
16.1502,1627
16.1558,1625
16.1614,1621
16.1668,1627
16.1724,1626
16.178,1622
16.1836,1627
16.189,1628
16.1946,1622
16.2003,1627
16.2056,1627
16.2113,1622
16.2169,1623
16.2223,1629
16.2279,1625
16.2336,1622
16.2389,1628
16.2445,1628
16.2502,1621
16.2558,1625
16.2612,1629
16.2668,1623
16.2724,1623
16.2781,1628
16.2833,1623
16.289,1624
16.2946,1627
16.3003,1624
16.3056,1625
16.3111,1629
16.3168,1624
16.3224,1622
16.328,1628
16.3334,1626
16.3389,1623
16.3446,1626
16.3502,1624
16.3556,1622
16.3612,1628
16.3668,1626
16.3724,1623
16.378,1628
16.3834,1627
16.389,1623
16.3946,1625
16.4002,1627
16.4056,1624
16.4112,1623
16.4168,1628
16.4224,1622
16.428,1622
16.4334,1627
16.439,1625
16.4447,1622
16.4502,1628
16.4558,1627
16.4612,1623
16.4668,1626
16.4725,1628
16.4778,1622
16.4835,1625
16.4891,1628
16.4945,1622
16.5001,1623
16.5057,1628
16.5114,1625
16.5167,1620
16.5224,1626
16.528,1626
16.5334,1622
16.539,1625
16.5446,1628
16.5503,1623
16.5556,1622
16.5612,1626
16.5669,1628
16.5722,1620
16.5779,1627
16.5835,1626
16.5891,1624
16.5945,1628
16.6001,1627
16.6058,1623
16.6114,1624
16.6167,1629
16.6224,1623
16.628,1621
16.6334,1626
16.639,1624
16.6446,1620
16.6503,1625
16.6556,1626
16.6612,1622
16.6669,1624
16.6725,1625
16.6779,1623
16.6835,1624
16.6891,1627
16.6945,1622
16.7001,1624
16.7057,1627
16.7114,1623
16.7167,1628
16.7224,1625
16.728,1623
16.7334,1626
16.739,1625
16.7446,1623
16.7503,1627
16.7556,1627
16.7613,1623
16.7669,1624
16.7725,1630
16.7779,1624
16.7835,1624
16.7891,1627
16.7945,1623
16.8,1620
16.8057,1629
16.8113,1625
16.817,1625
16.8223,1627
16.8279,1625
16.8335,1623
16.8391,1628
16.8445,1627
16.8501,1623
16.8557,1627
16.8613,1627
16.8669,1623
16.8723,1628
16.878,1627
16.8835,1623
16.8891,1626
16.8945,1628
16.9001,1624
16.9058,1624
16.9113,1628
16.9169,1622
16.9223,1623
16.9279,1627
16.9336,1623
16.9391,1622
16.9447,1628
16.9501,1623
16.9558,1623
16.9611,1627
16.9668,1624
16.9724,1622
16.9781,1627
16.9835,1625
16.9891,1622
16.9947,1627
17.0003,1627
17.0057,1623
17.0114,1627
17.0167,1623
17.0224,1624
17.028,1628
17.0336,1626
17.039,1625
17.0446,1627
17.0503,1625
17.0556,1622
17.0613,1627
17.0669,1627
17.0723,1621
17.0779,1628
17.0836,1627
17.0892,1622
17.0945,1625
17.1002,1628
17.1058,1622
17.1112,1625
17.1168,1626
17.1225,1622
17.1281,1623
17.1334,1635
17.1391,1624
17.1447,1623
17.1501,1627
17.1557,1623
17.1614,1625
17.1668,1627
17.1724,1623
17.1781,1627
17.1835,1628
17.1892,1620
17.1945,1623
17.2001,1627
17.2058,1624
17.2114,1624
17.2168,1628
17.2224,1622
17.2281,1624
17.2334,1628
17.2391,1624
17.2447,1625
17.2501,1628
17.2557,1622
17.2613,1624
17.267,1627
17.2723,1624
17.278,1625
17.2836,1626
17.289,1625
17.2946,1625
17.3003,1626
17.3056,1624
17.3113,1628
17.3169,1627
17.3223,1624
17.3279,1628
17.3336,1626
17.3392,1621
17.3446,1626
17.3502,1627
17.3559,1622
17.3612,1626
17.3669,1629
17.3725,1624
17.3779,1623
17.3835,1628
17.3892,1625
17.3946,1623
17.4002,1629
17.4058,1626
17.4112,1623
17.4169,1630
17.4225,1626
17.4279,1621
17.4335,1624
17.4392,1627
17.4445,1622
17.4502,1627
17.4558,1629
17.4612,1624
17.4668,1628
17.4725,1627
17.4781,1622
17.4835,1624
17.4891,1627
17.4947,1623
17.5001,1625
17.5058,1628
17.5114,1620
17.5168,1624
17.5224,1628
17.5281,1622
17.5335,1623
17.5391,1629
17.5447,1623
17.5501,1624
17.5557,1628
17.5614,1628
17.567,1623
17.5724,1628
17.578,1626
17.5834,1623
17.589,1627
17.5947,1627
17.6003,1623
17.6057,1625
17.6113,1627
17.617,1623
17.6223,1626
17.628,1626
17.6336,1624
17.639,1626
17.6446,1625
17.6503,1625
17.6557,1629
17.6613,1626
17.667,1625
17.6723,1626
17.678,1622
17.6836,1626
17.689,1626
17.6946,1623
17.7003,1627
17.7056,1625
17.7113,1622
17.717,1626
17.7223,1628
17.7279,1623
17.7336,1627
17.739,1629
17.7446,1623
17.7503,1626
17.7559,1625
17.7613,1623
17.7669,1626
17.7725,1627
17.7779,1621
17.7836,1624
17.7892,1628
17.7946,1624
17.8002,1622
17.8058,1627
17.8112,1626
17.8168,1621
17.8225,1627
17.8281,1626
17.8335,1623
17.8391,1625
17.8447,1629
17.8501,1622
17.8557,1625
17.8614,1627
17.867,1623
17.8724,1628
17.878,1626
17.8837,1621
17.889,1626
17.8947,1627
17.9003,1623
17.9057,1625
17.9113,1628
17.917,1624
17.9224,1625
17.928,1629
17.9337,1623
17.939,1626
17.9447,1627
17.9503,1622
17.9557,1627
17.9613,1629
17.967,1622
17.9723,1624
17.978,1629
17.9836,1623
17.989,1623
17.9946,1628
18.0001,1624
18.0057,1622
18.0114,1628
18.017,1626
18.0223,1621
18.0279,1625
18.0335,1629
18.0391,1622
18.0448,1623
18.0501,1628
18.0557,1624
18.0613,1621
18.067,1628
18.0723,1626
18.0779,1623
18.0835,1628
18.0892,1625
18.0948,1622
18.1001,1626
18.1058,1627
18.1113,1620
18.1169,1624
18.1223,1628
18.128,1625
18.1336,1623
18.139,1627
18.1446,1626
18.1502,1622
18.1559,1626
18.1612,1628
18.1668,1621
18.1725,1624
18.1781,1628
18.1835,1626
18.1891,1622
18.1947,1628
18.2001,1626
18.2058,1623
18.2114,1628
18.2168,1627
18.2224,1621
18.2281,1626
18.2335,1626
18.2391,1622
18.2445,1626
18.2502,1628
18.2559,1624
18.2612,1623
18.2669,1630
18.2726,1623
18.278,1621
18.2836,1627
18.289,1626
18.2947,1622
18.3001,1627
18.3058,1627
18.3114,1622
18.3168,1626
18.3225,1626
18.3281,1624
18.3335,1627
18.3392,1627
18.3446,1623
18.3503,1626
18.3557,1629
