0.0056,37.06474478592019
0.0113,36.892083468707256
0.0166,36.83452969630294
0.0223,37.00719101351588
0.0279,37.17985233072882
0.0333,37.06474478592019
0.0389,36.83452969630294
0.0446,36.805752810100785
0.0499,37.03596789971804
0.0556,37.15107544452666
0.0612,37.03596789971804
0.0666,36.83452969630294
0.0723,36.83452969630294
0.0779,37.03596789971804
0.0833,37.17985233072882
0.0889,37.03596789971804
0.0946,36.748199037696466
0.0999,36.863306582505096
0.1056,37.06474478592019
0.1112,37.1222985583245
0.1166,37.06474478592019
0.1222,36.863306582505096
0.1279,36.892083468707256
0.1333,37.06474478592019
0.1389,37.09352167212235
0.1445,36.97841412731372
0.1502,36.863306582505096
0.1555,36.92086035490941
0.1611,37.1222985583245
0.1668,37.1222985583245
0.1721,36.92086035490941
0.1777,36.863306582505096
0.1834,36.97841412731372
0.189,37.1222985583245
0.1944,37.1222985583245
0.2,36.94963724111157
0.2056,36.805752810100785
0.2113,36.892083468707256
0.2166,37.1222985583245
0.2223,37.06474478592019
0.2279,36.92086035490941
0.2332,36.892083468707256
0.2389,36.92086035490941
0.2445,37.1222985583245
0.2501,37.1222985583245
0.2555,36.94963724111157
0.2611,36.83452969630294
0.2668,36.97841412731372
0.2721,37.1222985583245
0.2778,37.15107544452666
0.2834,36.94963724111157
0.289,36.863306582505096
0.2944,37.00719101351588
0.2999,37.15107544452666
0.3056,37.09352167212235
0.3112,36.863306582505096
0.3165,36.892083468707256
0.3222,37.06474478592019
0.3277,37.23740610313313
0.3333,36.97841412731372
0.339,36.892083468707256
0.3446,37.00719101351588
0.3499,37.15107544452666
0.3555,37.1222985583245
0.3611,36.92086035490941
0.3668,36.83452969630294
0.3721,37.06474478592019
0.3778,37.15107544452666
0.3833,37.06474478592019
0.3889,36.83452969630294
0.3946,36.892083468707256
0.3999,37.1222985583245
0.4056,37.15107544452666
0.4111,37.00719101351588
0.4168,36.892083468707256
0.4224,36.892083468707256
0.4278,37.15107544452666
0.4334,37.20862921693097
0.4389,36.97841412731372
0.4446,36.83452969630294
0.4499,36.97841412731372
0.4556,37.15107544452666
0.4612,37.1222985583245
0.4666,36.892083468707256
0.4722,36.748199037696466
0.4778,37.03596789971804
0.4835,37.09352167212235
0.4888,37.09352167212235
0.4945,36.83452969630294
0.5001,36.92086035490941
0.5055,37.09352167212235
0.5111,37.17985233072882
0.5168,37.00719101351588
0.5221,36.863306582505096
0.5278,36.97841412731372
0.5334,37.1222985583245
0.5388,37.09352167212235
0.5444,36.92086035490941
0.5501,36.83452969630294
0.5557,37.1222985583245
0.5611,37.1222985583245
0.5667,37.03596789971804
0.5723,36.863306582505096
0.5777,36.92086035490941
0.5833,37.15107544452666
0.589,37.1222985583245
0.5943,36.94963724111157
0.6,36.92086035490941
0.6056,37.06474478592019
0.6112,37.09352167212235
0.6166,37.06474478592019
0.6222,36.92086035490941
0.6279,37.03596789971804
0.6332,37.09352167212235
0.6389,37.06474478592019
0.6445,36.892083468707256
0.6501,36.892083468707256
0.6555,37.09352167212235
0.6611,37.09352167212235
0.6668,36.94963724111157
0.6721,36.83452969630294
0.6777,36.97841412731372
0.6834,37.17985233072882
0.689,37.1222985583245
0.6944,36.83452969630294
0.7,36.805752810100785
0.7056,36.97841412731372
0.7113,37.20862921693097
0.7166,37.03596789971804
0.7222,36.863306582505096
0.7279,36.892083468707256
0.7332,37.03596789971804
0.7388,37.15107544452666
0.7445,37.09352167212235
0.7501,36.892083468707256
0.7555,36.92086035490941
0.7611,37.09352167212235
0.7667,37.09352167212235
0.7721,36.97841412731372
0.7777,36.863306582505096
0.7833,37.00719101351588
0.789,37.17985233072882
0.7946,37.09352167212235
0.8,36.94963724111157
0.8056,36.863306582505096
0.811,37.03596789971804
0.8166,37.15107544452666
0.8222,37.06474478592019
0.8279,36.863306582505096
0.8332,36.97841412731372
0.8389,37.17985233072882
0.8445,37.03596789971804
0.8501,36.892083468707256
0.8555,36.892083468707256
0.8612,37.1222985583245
0.8668,37.15107544452666
0.8722,37.00719101351588
0.8778,36.863306582505096
0.8834,36.94963724111157
0.8888,37.15107544452666
0.8944,37.09352167212235
0.9001,36.97841412731372
0.9054,36.92086035490941
0.9111,37.1222985583245
0.9167,37.15107544452666
0.9223,37.03596789971804
0.9277,36.92086035490941
0.9333,36.863306582505096
0.939,37.1222985583245
0.9443,37.1222985583245
0.95,36.97841412731372
0.9554,36.892083468707256
0.961,37.06474478592019
0.9667,37.1222985583245
0.9723,37.06474478592019
0.9777,36.92086035490941
0.9833,36.863306582505096
0.989,37.06474478592019
0.9943,37.1222985583245
1.0,36.92086035490941
1.0056,36.83452969630294
1.0113,37.03596789971804
1.0167,37.1222985583245
1.0223,37.03596789971804
1.0277,36.863306582505096
1.0333,36.97841412731372
1.039,37.09352167212235
1.0443,37.03596789971804
1.05,36.892083468707256
1.0556,36.92086035490941
1.061,37.03596789971804
1.0666,37.15107544452666
1.0723,37.00719101351588
1.0779,36.863306582505096
1.0833,37.03596789971804
1.0889,37.1222985583245
1.0945,37.03596789971804
1.0999,36.92086035490941
1.1055,36.94963724111157
1.1112,37.09352167212235
1.1168,37.1222985583245
1.1222,36.892083468707256
1.1278,36.863306582505096
1.1334,37.06474478592019
1.1388,37.17985233072882
1.1444,37.00719101351588
1.15,36.892083468707256
1.1557,36.92086035490941
1.161,37.15107544452666
1.1667,37.15107544452666
1.1723,36.94963724111157
1.1777,36.863306582505096
1.1833,36.92086035490941
1.1889,37.1222985583245
1.1943,37.15107544452666
1.1999,37.03596789971804
1.2055,36.892083468707256
1.2112,37.06474478592019
1.2166,37.15107544452666
1.2222,37.03596789971804
1.2278,36.92086035490941
1.2332,36.94963724111157
1.2388,37.06474478592019
1.2444,37.1222985583245
1.2501,36.94963724111157
1.2554,36.892083468707256
1.2611,37.03596789971804
1.2667,37.15107544452666
1.2723,37.03596789971804
1.2777,36.892083468707256
1.2833,36.92086035490941
1.2889,37.1222985583245
1.2946,37.09352167212235
1.2999,36.94963724111157
1.3056,36.863306582505096
1.3112,37.06474478592019
1.3165,37.1222985583245
1.3222,37.03596789971804
1.3278,36.92086035490941
1.3334,36.892083468707256
1.3388,37.1222985583245
1.3445,37.06474478592019
1.3501,37.00719101351588
1.3554,36.863306582505096
1.3611,37.00719101351588
1.3667,37.15107544452666
1.3724,37.03596789971804
1.3777,36.97841412731372
1.3833,36.892083468707256
1.389,37.09352167212235
1.3944,37.20862921693097
1.4,36.97841412731372
1.4057,36.94963724111157
1.411,37.03596789971804
1.4166,37.15107544452666
1.4223,36.97841412731372
1.4279,36.892083468707256
1.4333,36.94963724111157
1.4389,37.09352167212235
1.4446,37.1222985583245
1.4499,36.92086035490941
1.4555,36.892083468707256
1.4612,37.00719101351588
1.4666,37.17985233072882
1.4722,37.06474478592019
1.4778,36.863306582505096
1.4835,36.83452969630294
1.4888,37.06474478592019
1.4945,37.17985233072882
1.5001,37.06474478592019
1.5055,36.892083468707256
1.5111,36.94963724111157
1.5168,37.1222985583245
1.5221,37.15107544452666
1.5278,36.92086035490941
1.5334,36.92086035490941
1.539,37.06474478592019
1.5444,37.1222985583245
1.5501,36.97841412731372
1.5557,36.863306582505096
1.561,36.94963724111157
1.5667,37.09352167212235
1.5723,37.06474478592019
1.5777,36.892083468707256
1.5833,36.892083468707256
1.589,37.06474478592019
1.5946,37.09352167212235
1.6,37.03596789971804
1.6056,36.83452969630294
1.6112,36.94963724111157
1.6166,37.09352167212235
1.6222,37.15107544452666
1.6279,36.94963724111157
1.6333,36.892083468707256
1.6389,37.06474478592019
1.6445,37.17985233072882
1.6499,37.03596789971804
1.6555,36.92086035490941
1.6612,36.92086035490941
1.6668,37.1222985583245
1.6722,37.09352167212235
1.6778,36.863306582505096
1.6835,36.863306582505096
1.6888,37.03596789971804
1.6945,37.09352167212235
1.7001,37.06474478592019
1.7057,36.892083468707256
1.7111,36.94963724111157
1.7167,37.15107544452666
1.7224,37.06474478592019
1.7277,36.92086035490941
1.7333,36.863306582505096
1.739,37.03596789971804
1.7446,37.09352167212235
1.7499,37.06474478592019
1.7556,36.892083468707256
1.7612,36.94963724111157
1.7668,37.15107544452666
1.7722,37.03596789971804
1.7778,36.892083468707256
1.7835,36.94963724111157
1.7888,37.09352167212235
1.7944,37.06474478592019
1.8,36.94963724111157
1.8056,36.863306582505096
1.8113,37.09352167212235
1.8166,37.15107544452666
1.8222,36.97841412731372
1.8278,36.892083468707256
1.8335,37.00719101351588
1.8391,37.1222985583245
1.8445,37.00719101351588
1.85,36.892083468707256
1.8556,37.03596789971804
1.8613,37.17985233072882
1.8666,37.06474478592019
1.8723,36.892083468707256
1.8778,36.94963724111157
1.8835,37.1222985583245
1.8891,37.15107544452666
1.8945,36.94963724111157
1.9001,36.863306582505096
1.9056,37.03596789971804
1.9113,37.1222985583245
1.9166,37.03596789971804
1.9223,36.892083468707256
1.9279,36.94963724111157
1.9334,37.17985233072882
1.9391,37.09352167212235
1.9444,36.863306582505096
1.9501,36.863306582505096
1.9557,37.09352167212235
1.9611,37.15107544452666
1.9668,37.00719101351588
1.9724,36.92086035490941
1.9778,36.97841412731372
1.9834,37.17985233072882
1.989,37.1222985583245
1.9944,36.892083468707256
2.0001,36.92086035490941
2.0057,37.15107544452666
2.0111,37.15107544452666
2.0167,36.892083468707256
2.0224,36.892083468707256
2.0277,37.00719101351588
2.0334,37.17985233072882
2.039,37.03596789971804
2.0447,36.863306582505096
2.05,36.94963724111157
2.0557,37.09352167212235
2.061,37.06474478592019
2.0667,36.892083468707256
2.0722,36.863306582505096
2.0778,37.06474478592019
2.0835,37.15107544452666
2.0889,36.94963724111157
2.0945,36.83452969630294
2.1,36.94963724111157
2.1057,37.1222985583245
2.1113,37.09352167212235
2.1167,36.92086035490941
2.1223,36.83452969630294
2.1278,37.03596789971804
2.1335,37.20862921693097
2.1391,36.97841412731372
2.1445,36.863306582505096
2.1501,36.97841412731372
2.1556,37.1222985583245
2.1613,37.00719101351588
2.1666,36.863306582505096
2.1723,36.92086035490941
2.1779,37.1222985583245
2.1833,37.09352167212235
2.1889,36.94963724111157
2.1946,36.892083468707256
2.2002,37.06474478592019
2.2056,37.15107544452666
2.2112,37.00719101351588
2.2169,36.863306582505096
2.2223,36.92086035490941
2.2279,37.15107544452666
2.2335,37.09352167212235
2.2389,36.863306582505096
2.2445,36.892083468707256
2.2502,37.03596789971804
2.2555,37.17985233072882
2.2612,37.03596789971804
2.2668,36.892083468707256
2.2724,36.892083468707256
2.2778,37.09352167212235
2.2834,37.20862921693097
2.2891,37.03596789971804
2.2944,36.892083468707256
2.3001,36.83452969630294
2.3057,37.06474478592019
2.3111,37.20862921693097
2.3167,37.03596789971804
2.3224,36.92086035490941
2.328,36.97841412731372
2.3334,37.09352167212235
2.339,37.09352167212235
2.3447,36.92086035490941
2.3501,36.94963724111157
2.3557,37.06474478592019
2.3611,37.15107544452666
2.3667,36.97841412731372
2.3723,36.863306582505096
2.378,36.92086035490941
2.3833,37.15107544452666
2.389,37.09352167212235
2.3946,36.94963724111157
2.4003,36.92086035490941
2.4056,37.03596789971804
2.4112,37.1222985583245
2.4169,37.03596789971804
2.4223,36.92086035490941
2.4279,37.00719101351588
2.4335,37.17985233072882
2.4389,37.06474478592019
2.4446,36.863306582505096
2.4502,36.892083468707256
2.4556,37.06474478592019
2.4612,37.15107544452666
2.4669,37.06474478592019
2.4722,36.892083468707256
2.4779,36.863306582505096
2.4835,37.09352167212235
2.4892,37.17985233072882
2.4945,37.00719101351588
2.5002,36.892083468707256
2.5055,36.97841412731372
2.5112,37.15107544452666
2.5169,37.1222985583245
2.5222,36.92086035490941
2.5279,36.83452969630294
2.5335,37.00719101351588
2.5389,37.15107544452666
2.5445,37.03596789971804
2.5502,36.892083468707256
2.5555,36.892083468707256
2.5612,37.09352167212235
2.5669,37.15107544452666
2.5722,37.03596789971804
2.5779,36.863306582505096
2.5835,36.94963724111157
2.5889,37.15107544452666
2.5945,37.1222985583245
2.6002,37.00719101351588
2.6058,36.863306582505096
2.6112,37.03596789971804
2.6168,37.1222985583245
2.6225,37.00719101351588
2.6278,36.863306582505096
2.6335,36.94963724111157
2.6391,37.15107544452666
2.6445,37.03596789971804
2.6501,36.92086035490941
2.6558,36.94963724111157
2.6611,37.1222985583245
2.6668,37.03596789971804
2.6724,36.892083468707256
2.678,36.94963724111157
2.6834,37.09352167212235
2.689,37.1222985583245
2.6947,36.97841412731372
2.7,36.892083468707256
2.7057,37.00719101351588
2.7113,37.09352167212235
2.7167,37.00719101351588
2.7223,36.892083468707256
2.728,36.94963724111157
2.7333,37.06474478592019
2.739,37.03596789971804
2.7446,36.892083468707256
2.7503,36.92086035490941
2.7556,37.03596789971804
2.7613,37.15107544452666
2.7669,37.00719101351588
2.7722,36.83452969630294
2.7779,36.97841412731372
2.7835,37.20862921693097
2.7891,37.15107544452666
2.7945,36.94963724111157
2.8001,36.83452969630294
2.8058,37.03596789971804
2.8111,37.1222985583245
2.8168,37.09352167212235
2.8224,36.94963724111157
2.8281,36.94963724111157
2.8334,37.1222985583245
2.8391,37.09352167212235
2.8447,36.892083468707256
2.85,36.83452969630294
2.8557,37.1222985583245
2.8613,37.17985233072882
2.8669,37.1222985583245
2.8723,36.92086035490941
2.8779,36.892083468707256
2.8836,37.00719101351588
2.8889,37.20862921693097
2.8946,37.00719101351588
2.9002,36.892083468707256
2.9056,36.97841412731372
2.9112,37.15107544452666
2.9169,37.15107544452666
2.9225,36.94963724111157
2.9279,36.83452969630294
2.9336,37.06474478592019
2.939,37.20862921693097
2.9446,37.09352167212235
2.95,36.863306582505096
2.9556,36.92086035490941
2.9613,37.06474478592019
2.9667,37.1222985583245
2.9723,36.92086035490941
2.978,37.00719101351588
2.9836,37.06474478592019
2.989,37.09352167212235
2.9947,36.892083468707256
3.0,36.92086035490941
3.0057,37.1222985583245
3.0114,37.15107544452666
3.0167,36.892083468707256
3.0224,36.863306582505096
3.028,37.1222985583245
3.0334,37.09352167212235
3.039,36.92086035490941
3.0447,36.892083468707256
3.05,37.09352167212235
3.0557,37.03596789971804
3.0613,37.00719101351588
3.0669,36.863306582505096
3.0723,36.97841412731372
3.0779,37.1222985583245
3.0835,37.09352167212235
3.0889,36.92086035490941
3.0946,36.863306582505096
3.1002,37.06474478592019
3.1056,37.1222985583245
3.1112,37.00719101351588
3.1168,36.863306582505096
3.1225,36.863306582505096
3.1278,37.09352167212235
3.1335,37.20862921693097
3.1391,37.06474478592019
3.1445,36.892083468707256
3.1501,36.863306582505096
3.1557,37.06474478592019
3.1614,37.15107544452666
3.1668,37.00719101351588
3.1724,36.863306582505096
3.178,36.92086035490941
3.1834,37.1222985583245
3.1891,37.17985233072882
3.1947,36.892083468707256
3.2001,36.863306582505096
3.2057,37.03596789971804
3.2113,37.1222985583245
3.2167,37.03596789971804
3.2223,36.805752810100785
3.228,36.92086035490941
3.2336,37.15107544452666
3.239,37.06474478592019
3.2446,36.92086035490941
3.2502,36.83452969630294
3.2556,36.97841412731372
3.2612,37.17985233072882
3.2668,37.00719101351588
3.2724,36.83452969630294
3.2781,36.92086035490941
3.2834,37.09352167212235
3.289,37.15107544452666
3.2946,36.97841412731372
3.3002,36.863306582505096
3.3059,37.00719101351588
3.3112,37.00719101351588
3.3168,37.06474478592019
3.3224,36.863306582505096
3.328,36.863306582505096
3.3334,37.1222985583245
3.339,37.06474478592019
3.3446,36.94963724111157
3.3502,36.719422151494314
3.3556,37.03596789971804
3.3612,37.09352167212235
3.3669,37.06474478592019
3.3724,36.863306582505096
3.378,36.863306582505096
3.3834,37.03596789971804
3.389,37.17985233072882
3.3947,36.97841412731372
3.4001,36.94963724111157
3.4058,36.94963724111157
3.4111,37.17985233072882
3.4168,37.09352167212235
3.4224,36.92086035490941
3.4278,36.83452969630294
3.4335,37.03596789971804
3.4391,37.20862921693097
3.4447,37.09352167212235
3.4501,36.892083468707256
3.4558,36.83452969630294
3.4614,37.06474478592019
3.4668,37.15107544452666
3.4724,37.03596789971804
3.4781,36.863306582505096
3.4834,36.863306582505096
3.489,37.06474478592019
3.4947,37.09352167212235
3.5,36.92086035490941
3.5057,36.92086035490941
3.5113,37.06474478592019
3.517,37.15107544452666
3.5223,36.97841412731372
3.528,36.92086035490941
3.5336,36.97841412731372
3.539,37.1222985583245
3.5446,37.00719101351588
3.5503,36.892083468707256
3.5556,36.97841412731372
3.5613,37.1222985583245
3.5669,37.09352167212235
3.5723,36.892083468707256
3.5779,36.892083468707256
3.5835,37.09352167212235
3.5892,37.15107544452666
3.5945,36.97841412731372
3.6002,36.892083468707256
3.6058,36.97841412731372
3.6112,37.15107544452666
3.6168,37.03596789971804
3.6225,36.92086035490941
3.6279,36.863306582505096
3.6335,37.09352167212235
3.6391,37.1222985583245
3.6445,36.97841412731372
3.6501,36.83452969630294
3.6558,36.97841412731372
3.6614,37.1222985583245
3.6668,37.1222985583245
3.6724,36.92086035490941
3.678,36.83452969630294
3.6834,36.94963724111157
3.689,37.1222985583245
3.6947,37.06474478592019
3.7,36.892083468707256
3.7057,36.892083468707256
3.7113,37.09352167212235
3.717,37.1222985583245
3.7223,36.94963724111157
3.728,36.892083468707256
3.7336,37.00719101351588
3.739,37.06474478592019
3.7446,36.94963724111157
3.7503,36.863306582505096
3.7556,37.06474478592019
3.7611,37.17985233072882
3.7668,37.00719101351588
3.7724,36.863306582505096
3.778,36.94963724111157
3.7834,37.1222985583245
3.7889,37.09352167212235
3.7946,36.92086035490941
3.8002,36.892083468707256
3.8056,37.03596789971804
3.8112,37.09352167212235
3.8168,36.97841412731372
3.8224,36.863306582505096
3.828,37.00719101351588
3.8334,37.1222985583245
3.839,37.06474478592019
3.8446,36.863306582505096
3.8502,36.94963724111157
3.8556,37.09352167212235
3.8612,37.20862921693097
3.8669,37.09352167212235
3.8724,36.805752810100785
3.878,36.94963724111157
3.8834,37.15107544452666
3.889,37.15107544452666
3.8946,36.92086035490941
3.9002,36.863306582505096
3.9058,37.03596789971804
3.9112,37.09352167212235
3.9168,37.03596789971804
3.9225,36.863306582505096
3.9278,36.94963724111157
3.9335,37.1222985583245
3.9391,37.15107544452666
3.9447,36.94963724111157
3.9501,36.83452969630294
3.9557,37.00719101351588
3.9614,37.1222985583245
3.9667,37.09352167212235
3.9724,36.863306582505096
3.978,36.92086035490941
3.9836,37.06474478592019
3.989,37.1222985583245
3.9946,36.94963724111157
4.0003,36.892083468707256
4.0057,37.09352167212235
4.0113,37.06474478592019
4.0169,36.97841412731372
4.0223,36.863306582505096
4.028,37.03596789971804
4.0336,37.1222985583245
4.039,36.97841412731372
4.0446,36.863306582505096
4.0502,36.94963724111157
4.0556,37.1222985583245
4.0613,37.06474478592019
4.0669,36.94963724111157
4.0723,36.892083468707256
4.0779,37.1222985583245
4.0835,37.09352167212235
4.0892,36.97841412731372
4.0945,36.863306582505096
4.1002,37.03596789971804
4.1058,37.1222985583245
4.1112,37.06474478592019
4.1168,36.83452969630294
4.1225,36.92086035490941
4.1278,37.09352167212235
4.1335,37.06474478592019
4.1391,36.83452969630294
4.1445,36.94963724111157
4.1501,37.1222985583245
4.1558,37.1222985583245
4.1614,36.892083468707256
4.1668,36.863306582505096
4.1724,37.09352167212235
4.178,37.1222985583245
4.1834,37.00719101351588
4.189,36.892083468707256
4.1947,36.94963724111157
4.2003,37.17985233072882
4.2057,37.06474478592019
4.2113,36.92086035490941
4.217,36.94963724111157
4.2223,37.06474478592019
4.228,37.15107544452666
4.2336,36.97841412731372
4.239,36.892083468707256
4.2446,37.00719101351588
4.2503,37.15107544452666
4.2556,37.06474478592019
4.2613,36.92086035490941
4.2669,36.863306582505096
4.2723,37.1222985583245
4.2779,37.06474478592019
4.2836,36.97841412731372
4.2889,36.863306582505096
4.2946,36.97841412731372
4.3002,37.17985233072882
4.3058,37.03596789971804
4.3112,36.892083468707256
4.3168,36.97841412731372
4.3225,37.06474478592019
4.3278,37.09352167212235
4.3335,36.92086035490941
4.3391,36.863306582505096
4.3447,37.03596789971804
4.3501,37.17985233072882
4.3557,37.06474478592019
4.3614,36.863306582505096
4.367,36.94963724111157
4.3723,37.1222985583245
4.378,37.15107544452666
4.3836,37.00719101351588
4.389,36.83452969630294
4.3946,37.00719101351588
4.4002,37.15107544452666
4.4059,37.06474478592019
4.4112,36.892083468707256
4.4169,36.92086035490941
4.4223,37.09352167212235
4.4279,37.1222985583245
4.4336,36.892083468707256
4.439,36.92086035490941
4.4447,37.03596789971804
4.4503,37.09352167212235
4.4557,37.06474478592019
4.4613,36.863306582505096
4.467,37.03596789971804
4.4723,37.1222985583245
4.478,37.03596789971804
4.4836,36.892083468707256
4.489,37.00719101351588
4.4946,37.1222985583245
4.5002,37.1222985583245
4.5056,36.94963724111157
4.5113,36.97841412731372
4.5169,37.1222985583245
4.5223,37.06474478592019
4.5279,36.892083468707256
4.5335,36.892083468707256
4.5392,37.06474478592019
4.5445,37.1222985583245
4.5502,36.92086035490941
4.5556,36.83452969630294
4.5612,37.03596789971804
4.5669,37.1222985583245
4.5725,37.00719101351588
4.5779,36.92086035490941
4.5835,36.892083468707256
4.5892,37.1222985583245
4.5945,37.03596789971804
4.6002,36.892083468707256
4.6058,36.92086035490941
4.6112,37.09352167212235
4.6169,37.09352167212235
4.6225,36.92086035490941
4.6279,36.92086035490941
4.6335,37.06474478592019
4.6392,37.09352167212235
4.6445,36.94963724111157
4.6502,36.863306582505096
4.6558,36.94963724111157
4.6612,37.15107544452666
4.6668,37.06474478592019
4.6725,36.92086035490941
4.6778,36.92086035490941
4.6835,37.06474478592019
4.6891,37.09352167212235
4.6945,36.97841412731372
4.7002,36.94963724111157
4.7058,37.03596789971804
4.7112,37.1222985583245
4.7168,37.00719101351588
4.7225,36.892083468707256
4.7278,37.09352167212235
4.7335,37.09352167212235
4.7391,36.97841412731372
4.7448,36.892083468707256
4.7501,36.97841412731372
4.7558,37.09352167212235
4.7611,37.06474478592019
4.7668,36.892083468707256
4.7724,36.94963724111157
4.778,37.1222985583245
4.7834,37.09352167212235
4.789,36.97841412731372
4.7947,36.892083468707256
4.8003,37.00719101351588
4.8057,37.17985233072882
4.8112,37.1222985583245
4.8168,36.92086035490941
4.8225,36.863306582505096
4.8281,37.09352167212235
4.8334,37.1222985583245
4.839,37.00719101351588
4.8446,36.863306582505096
4.8503,36.94963724111157
4.8556,37.17985233072882
4.8613,37.09352167212235
4.8668,36.94963724111157
4.8725,36.83452969630294
4.8778,36.94963724111157
4.8835,37.23740610313313
4.8891,37.15107544452666
4.8946,36.92086035490941
4.9003,36.892083468707256
4.9056,36.97841412731372
4.9113,37.15107544452666
4.917,37.06474478592019
4.9223,36.92086035490941
4.928,36.92086035490941
4.9336,36.83452969630294
4.939,37.1222985583245
4.9446,36.94963724111157
4.9503,36.83452969630294
4.9556,37.00719101351588
4.9613,37.15107544452666
4.9669,37.00719101351588
4.9725,36.83452969630294
4.9779,36.892083468707256
4.9835,37.1222985583245
4.9892,37.1222985583245
4.9945,36.97841412731372
5.0002,36.92086035490941
5.0059,37.00719101351588
5.0112,37.06474478592019
5.0169,37.03596789971804
5.0222,36.83452969630294
5.0279,36.97841412731372
5.0336,37.03596789971804
5.0389,37.15107544452666
5.0446,36.97841412731372
5.0502,36.892083468707256
5.0559,37.1222985583245
5.0612,37.1222985583245
5.0669,37.03596789971804
5.0723,36.805752810100785
5.0779,36.92086035490941
5.0836,37.03596789971804
5.0889,37.1222985583245
5.0946,36.94963724111157
5.1002,36.892083468707256
5.1056,37.03596789971804
5.1113,37.1222985583245
5.1169,36.97841412731372
5.1223,36.863306582505096
5.1279,37.00719101351588
5.1336,37.1222985583245
5.139,37.06474478592019
5.1446,36.892083468707256
5.1503,36.892083468707256
5.1557,37.17985233072882
5.1613,37.1222985583245
5.1667,36.892083468707256
5.1723,36.83452969630294
5.178,37.09352167212235
5.1836,37.1222985583245
5.189,37.03596789971804
5.1946,36.863306582505096
5.2002,36.892083468707256
5.2056,37.1222985583245
5.2113,37.06474478592019
5.2169,36.892083468707256
5.2223,36.863306582505096
5.2279,37.09352167212235
5.2336,37.06474478592019
5.2389,36.97841412731372
5.2446,36.892083468707256
5.2502,36.97841412731372
5.2558,37.17985233072882
5.2612,37.06474478592019
5.2669,36.92086035490941
5.2725,36.92086035490941
5.2779,37.1222985583245
5.2835,37.1222985583245
5.2891,36.92086035490941
5.2945,36.805752810100785
5.3001,36.97841412731372
5.3058,37.17985233072882
5.3114,37.1222985583245
5.3167,36.94963724111157
5.3223,36.97841412731372
5.328,37.03596789971804
5.3336,37.09352167212235
5.339,36.94963724111157
5.3446,36.92086035490941
5.3502,37.06474478592019
5.3556,37.15107544452666
5.3612,37.03596789971804
5.3669,36.892083468707256
5.3725,36.97841412731372
5.3778,37.09352167212235
5.3835,37.03596789971804
5.3891,36.92086035490941
5.3945,36.92086035490941
5.4001,37.06474478592019
5.4057,37.09352167212235
5.4114,36.97841412731372
5.4167,36.863306582505096
5.4223,37.00719101351588
5.4279,37.20862921693097
5.4336,37.00719101351588
5.4389,36.892083468707256
5.4446,36.892083468707256
5.4501,37.09352167212235
5.4557,37.09352167212235
5.4614,37.06474478592019
5.4667,36.92086035490941
5.4724,36.92086035490941
5.4779,37.09352167212235
5.4835,37.06474478592019
5.4892,36.97841412731372
5.4945,36.805752810100785
5.5002,37.03596789971804
5.5057,37.15107544452666
5.5113,37.06474478592019
5.5167,36.92086035490941
5.5223,36.94963724111157
5.528,37.09352167212235
5.5335,37.09352167212235
5.5391,36.94963724111157
5.5445,36.94963724111157
5.5501,37.09352167212235
5.5558,37.1222985583245
5.5611,37.09352167212235
5.5668,36.83452969630294
5.5724,36.94963724111157
5.5778,37.09352167212235
5.5834,37.06474478592019
5.5891,36.94963724111157
5.5947,36.863306582505096
5.6001,37.03596789971804
5.6057,37.15107544452666
5.6114,37.06474478592019
5.6167,36.892083468707256
5.6224,36.92086035490941
5.628,37.06474478592019
5.6334,37.1222985583245
5.6424,36.92086035490941
5.6445,36.863306582505096
5.6501,37.06474478592019
5.6556,37.1222985583245
5.6614,37.03596789971804
5.6668,36.892083468707256
5.6723,36.92086035490941
5.6806,37.09352167212235
5.6834,37.06474478592019
5.6891,36.892083468707256
5.6947,36.892083468707256
5.7034,37.03596789971804
5.7057,37.20862921693097
5.7112,37.06474478592019
5.7169,36.863306582505096
5.7255,36.892083468707256
5.7298,37.1222985583245
5.7336,37.17985233072882
5.739,37.09352167212235
5.7446,36.863306582505096
5.7503,36.94963724111157
5.7556,37.17985233072882
5.7613,37.15107544452666
5.7669,36.97841412731372
5.7723,36.83452969630294
5.778,37.00719101351588
5.7834,37.1222985583245
5.7891,37.09352167212235
5.7947,36.92086035490941
5.8001,36.83452969630294
5.8057,36.97841412731372
5.8114,37.17985233072882
5.8167,37.00719101351588
5.8224,36.92086035490941
5.8281,36.94963724111157
5.8334,37.15107544452666
5.8391,37.09352167212235
5.8447,36.92086035490941
5.8501,36.863306582505096
5.8557,37.09352167212235
5.8614,37.1222985583245
5.8668,36.92086035490941
5.8724,36.892083468707256
5.878,37.09352167212235
5.8835,37.1222985583245
5.8892,37.00719101351588
5.8946,36.83452969630294
5.9002,37.00719101351588
5.9056,37.1222985583245
5.9113,37.09352167212235
5.9167,36.92086035490941
5.9224,36.97841412731372
5.928,37.1222985583245
5.9335,37.1222985583245
5.9389,36.92086035490941
5.9446,36.92086035490941
5.95,37.1222985583245
5.9557,37.09352167212235
5.9613,36.97841412731372
5.9667,36.892083468707256
5.9723,37.06474478592019
5.978,37.1222985583245
5.9836,36.83452969630294
5.989,36.892083468707256
5.9946,37.03596789971804
6.0003,37.15107544452666
6.0057,37.06474478592019
6.0113,36.776975923898625
6.017,36.94963724111157
6.0223,37.1222985583245
6.028,37.03596789971804
6.0334,36.863306582505096
6.0391,36.97841412731372
6.0447,37.1222985583245
6.0501,37.09352167212235
6.0557,36.92086035490941
6.0614,36.892083468707256
6.0667,37.06474478592019
6.0724,37.15107544452666
6.078,37.00719101351588
6.0834,36.863306582505096
6.089,36.863306582505096
6.0947,37.15107544452666
6.1,37.09352167212235
6.1057,36.92086035490941
6.1113,36.863306582505096
6.117,37.03596789971804
6.1223,37.1222985583245
6.128,37.06474478592019
6.1333,36.83452969630294
6.139,37.00719101351588
6.1446,37.09352167212235
6.1503,37.06474478592019
6.1556,36.83452969630294
6.1613,36.92086035490941
6.1667,37.09352167212235
6.1723,37.09352167212235
6.178,36.97841412731372
6.1833,36.94963724111157
6.189,37.03596789971804
6.1946,37.15107544452666
6.2003,37.03596789971804
6.2056,36.94963724111157
6.2113,37.00719101351588
6.2169,37.1222985583245
6.2222,37.00719101351588
6.2279,36.892083468707256
6.2335,36.92086035490941
6.2392,37.09352167212235
6.2446,37.15107544452666
6.25,37.00719101351588
6.2557,36.863306582505096
6.2613,36.97841412731372
6.2668,37.17985233072882
6.2724,37.06474478592019
6.2778,36.92086035490941
6.2835,36.892083468707256
6.2891,37.06474478592019
6.2945,37.15107544452666
6.3001,37.06474478592019
6.3056,36.892083468707256
6.3113,36.92086035490941
6.3169,37.1222985583245
6.3223,37.06474478592019
6.3279,36.94963724111157
6.3334,36.863306582505096
6.3391,37.03596789971804
6.3447,37.1222985583245
6.3501,36.94963724111157
6.3557,36.863306582505096
6.3613,36.94963724111157
6.3669,37.1222985583245
6.3723,37.03596789971804
6.3779,36.863306582505096
6.3836,36.892083468707256
6.3889,37.1222985583245
6.3946,37.15107544452666
6.4002,37.00719101351588
6.4058,36.92086035490941
6.4112,36.92086035490941
6.4168,37.1222985583245
6.4224,37.09352167212235
6.4278,36.805752810100785
6.4334,36.97841412731372
6.4391,37.09352167212235
6.4444,37.06474478592019
6.4501,36.94963724111157
6.4557,36.83452969630294
6.4614,37.03596789971804
6.4668,37.1222985583245
6.4724,37.06474478592019
6.4781,36.92086035490941
6.4834,36.94963724111157
6.4891,37.1222985583245
6.4944,37.1222985583245
6.5001,36.92086035490941
6.5058,36.863306582505096
6.5111,37.03596789971804
6.5168,37.17985233072882
6.5224,36.94963724111157
6.5278,36.863306582505096
6.5334,37.03596789971804
6.5391,37.09352167212235
6.5444,37.00719101351588
6.5501,36.92086035490941
6.5557,37.00719101351588
6.5614,37.1222985583245
6.5668,37.06474478592019
6.5724,36.892083468707256
6.5778,36.97841412731372
6.5834,37.09352167212235
6.5891,37.09352167212235
6.5947,36.94963724111157
6.6001,36.863306582505096
6.6057,37.00719101351588
6.6114,37.15107544452666
6.6168,37.06474478592019
6.6224,36.863306582505096
6.628,36.92086035490941
6.6334,37.1222985583245
6.639,37.17985233072882
6.6447,36.94963724111157
6.6501,36.863306582505096
6.6557,37.00719101351588
6.6613,37.17985233072882
6.6667,37.09352167212235
6.6723,36.863306582505096
6.678,36.863306582505096
6.6834,37.03596789971804
6.689,37.17985233072882
6.6947,37.09352167212235
6.7,36.863306582505096
6.7057,36.863306582505096
6.7113,37.09352167212235
6.7169,37.15107544452666
6.7223,36.97841412731372
6.7279,36.83452969630294
6.7333,36.97841412731372
6.7389,37.1222985583245
6.7446,37.06474478592019
6.7502,36.92086035490941
6.7556,36.892083468707256
6.7613,37.09352167212235
6.7669,37.09352167212235
6.7723,36.97841412731372
6.7779,36.94963724111157
6.7836,37.06474478592019
6.7889,37.1222985583245
6.7946,36.92086035490941
6.8002,36.863306582505096
6.8056,37.03596789971804
6.8112,37.17985233072882
6.8169,37.1222985583245
6.8222,36.92086035490941
6.8279,36.94963724111157
6.8335,37.06474478592019
6.8392,37.17985233072882
6.8445,37.00719101351588
6.8502,36.863306582505096
6.8558,36.92086035490941
6.8612,37.1222985583245
6.8668,37.15107544452666
6.8725,36.92086035490941
6.8778,36.863306582505096
6.8835,37.00719101351588
6.8891,37.15107544452666
6.8945,37.09352167212235
6.9001,36.92086035490941
6.9058,36.94963724111157
6.9111,37.09352167212235
6.9168,37.15107544452666
6.9224,36.94963724111157
6.9278,36.863306582505096
6.9335,37.00719101351588
6.9391,37.15107544452666
6.9445,37.09352167212235
6.9501,36.83452969630294
6.9558,36.94963724111157
6.9611,37.09352167212235
6.9668,37.00719101351588
6.9724,36.892083468707256
6.9778,37.00719101351588
6.9834,37.06474478592019
6.9891,37.03596789971804
6.9947,36.92086035490941
7.0001,36.94963724111157
7.0058,37.03596789971804
7.0111,37.00719101351588
7.0168,36.94963724111157
7.0223,36.97841412731372
7.0279,37.09352167212235
7.0333,37.06474478592019
7.039,36.92086035490941
7.0445,36.94963724111157
7.0502,37.1222985583245
7.0558,37.1222985583245
7.0612,36.97841412731372
7.0669,36.892083468707256
7.0723,37.00719101351588
7.078,37.17985233072882
7.0833,37.00719101351588
7.089,36.892083468707256
7.0947,36.97841412731372
7.1,37.1222985583245
7.1057,37.09352167212235
7.1112,36.892083468707256
7.1168,36.97841412731372
7.1224,37.09352167212235
7.1278,37.03596789971804
7.1334,36.892083468707256
7.139,36.94963724111157
7.1446,37.1222985583245
7.1503,37.1222985583245
7.1556,36.892083468707256
7.1613,36.94963724111157
7.1666,37.00719101351588
7.1723,37.15107544452666
7.1779,37.03596789971804
7.1833,36.892083468707256
7.189,36.892083468707256
7.1946,37.1222985583245
7.2002,37.1222985583245
7.2056,36.97841412731372
7.2112,36.892083468707256
7.2169,37.09352167212235
7.2223,37.15107544452666
7.2279,37.00719101351588
7.2336,36.863306582505096
7.2389,37.00719101351588
7.2446,37.17985233072882
7.2502,37.03596789971804
7.2556,36.863306582505096
7.2612,36.94963724111157
7.2669,37.06474478592019
7.2722,37.06474478592019
7.2779,36.92086035490941
7.2835,36.892083468707256
7.2889,37.06474478592019
7.2946,37.1222985583245
7.3002,37.00719101351588
7.3056,36.863306582505096
7.3113,36.97841412731372
7.3169,37.15107544452666
7.3223,37.06474478592019
7.3279,36.892083468707256
7.3336,36.92086035490941
7.3389,37.15107544452666
7.3446,37.06474478592019
7.3502,36.92086035490941
7.3556,36.92086035490941
7.3612,37.06474478592019
7.3669,37.09352167212235
7.3723,36.892083468707256
7.3779,36.892083468707256
7.3836,37.06474478592019
7.3889,37.06474478592019
7.3945,36.97841412731372
7.4002,36.83452969630294
7.4055,37.06474478592019
7.4112,37.15107544452666
7.4168,37.06474478592019
7.4225,36.863306582505096
7.4278,36.94963724111157
7.4335,37.09352167212235
7.4391,37.03596789971804
7.4445,36.892083468707256
7.4502,36.892083468707256
7.4555,37.1222985583245
7.4612,37.15107544452666
7.4668,37.06474478592019
7.4725,36.805752810100785
7.4778,36.97841412731372
7.4835,37.15107544452666
7.4888,37.09352167212235
7.4945,36.863306582505096
7.5001,36.863306582505096
7.5058,37.03596789971804
7.5111,37.1222985583245
7.5168,36.97841412731372
7.5224,36.805752810100785
7.5278,37.00719101351588
7.5335,37.09352167212235
7.5391,37.09352167212235
7.5445,36.92086035490941
7.5501,36.892083468707256
7.5558,37.09352167212235
7.5611,37.09352167212235
7.5668,36.94963724111157
7.5724,36.97841412731372
7.5778,37.03596789971804
7.5834,37.09352167212235
7.5891,36.97841412731372
7.5945,36.892083468707256
7.6001,37.06474478592019
7.6058,37.06474478592019
7.6111,37.03596789971804
7.6168,36.92086035490941
7.6224,36.97841412731372
7.6278,37.15107544452666
7.6334,37.03596789971804
7.6391,36.92086035490941
7.6444,36.863306582505096
7.6501,37.1222985583245
7.6557,37.15107544452666
7.6611,37.00719101351588
7.6667,36.863306582505096
7.6724,36.92086035490941
7.678,37.1222985583245
7.6834,37.06474478592019
7.6891,36.94963724111157
7.6944,36.863306582505096
7.7001,37.06474478592019
7.7057,37.17985233072882
7.7111,36.97841412731372
7.7167,36.92086035490941
7.7224,37.03596789971804
7.7277,37.1222985583245
7.7334,37.03596789971804
7.739,36.863306582505096
7.7447,37.06474478592019
7.7501,37.1222985583245
7.7557,37.03596789971804
7.7611,36.892083468707256
7.7668,36.97841412731372
7.7724,37.17985233072882
7.7778,37.1222985583245
7.7834,36.94963724111157
7.7891,36.83452969630294
7.7944,37.03596789971804
7.8,37.1222985583245
7.8056,37.06474478592019
7.8113,36.892083468707256
7.8167,36.92086035490941
7.8223,37.15107544452666
7.8278,37.15107544452666
7.8335,36.94963724111157
7.8391,36.863306582505096
7.8445,36.94963724111157
7.8501,37.09352167212235
7.8556,37.09352167212235
7.8613,36.92086035490941
7.8669,36.863306582505096
7.8723,37.06474478592019
7.8779,37.1222985583245
7.8834,37.06474478592019
7.8891,36.863306582505096
7.8944,36.94963724111157
7.9001,37.15107544452666
7.9057,37.15107544452666
7.9111,37.03596789971804
7.9168,36.863306582505096
7.9224,36.94963724111157
7.9278,37.15107544452666
7.9335,37.09352167212235
7.939,36.94963724111157
7.9447,36.863306582505096
7.95,37.06474478592019
7.9557,37.09352167212235
7.9613,37.00719101351588
7.9667,36.892083468707256
7.9723,37.03596789971804
7.978,37.15107544452666
7.9834,37.09352167212235
7.989,36.83452969630294
7.9944,36.892083468707256
8.0,37.1222985583245
8.0057,37.1222985583245
8.0111,37.03596789971804
8.0167,36.83452969630294
8.0223,36.97841412731372
8.028,37.17985233072882
8.0333,37.03596789971804
8.039,36.92086035490941
8.0446,36.892083468707256
8.05,37.03596789971804
8.0557,37.15107544452666
8.0613,37.03596789971804
8.0667,36.892083468707256
8.0723,36.94963724111157
8.078,37.17985233072882
8.0833,37.1222985583245
8.089,37.00719101351588
8.0947,36.863306582505096
8.1,36.94963724111157
8.1057,37.17985233072882
8.1113,37.09352167212235
8.1167,36.97841412731372
8.1223,36.892083468707256
8.128,36.94963724111157
8.1333,37.1222985583245
8.139,37.06474478592019
8.1446,36.892083468707256
8.15,36.92086035490941
8.1557,37.06474478592019
8.1613,37.15107544452666
8.1667,37.00719101351588
8.1723,36.863306582505096
8.178,36.94963724111157
8.1833,37.1222985583245
8.189,37.09352167212235
8.1946,36.863306582505096
8.2,36.863306582505096
8.2056,37.1222985583245
8.2113,37.1222985583245
8.2167,36.97841412731372
8.2223,36.892083468707256
8.2279,36.92086035490941
8.2333,37.1222985583245
8.239,37.06474478592019
8.2446,36.97841412731372
8.25,36.892083468707256
8.2556,37.03596789971804
8.2613,37.15107544452666
8.2667,37.03596789971804
8.2723,36.863306582505096
8.278,37.00719101351588
8.2834,37.09352167212235
8.289,37.1222985583245
8.2944,36.92086035490941
8.3,36.94963724111157
8.3057,37.1222985583245
8.3113,37.17985233072882
8.3167,36.97841412731372
8.3223,36.805752810100785
8.328,37.03596789971804
8.3334,37.17985233072882
8.339,37.1222985583245
8.3444,36.94963724111157
8.35,36.892083468707256
8.3557,37.03596789971804
8.3613,37.15107544452666
8.3667,37.03596789971804
8.3724,36.863306582505096
8.3777,36.92086035490941
8.3834,37.1222985583245
8.389,37.09352167212235
8.3944,36.97841412731372
8.4001,36.94963724111157
8.4057,37.06474478592019
8.4111,37.06474478592019
8.4167,37.03596789971804
8.4224,36.863306582505096
8.4277,37.00719101351588
8.4334,37.15107544452666
8.439,37.09352167212235
8.4444,36.92086035490941
8.45,36.94963724111157
8.4557,37.09352167212235
8.4611,37.17985233072882
8.4667,37.06474478592019
8.4724,36.83452969630294
8.4777,36.97841412731372
8.4834,37.15107544452666
8.489,37.1222985583245
8.4944,36.94963724111157
8.5001,36.863306582505096
8.5057,37.09352167212235
8.5111,37.20862921693097
8.5168,37.06474478592019
8.5221,36.863306582505096
8.5278,36.892083468707256
8.5334,37.1222985583245
8.5391,37.1222985583245
8.5444,37.06474478592019
8.5501,36.83452969630294
8.5557,36.97841412731372
8.5611,37.20862921693097
8.5667,37.09352167212235
8.5724,36.892083468707256
8.5778,36.92086035490941
8.5834,37.1222985583245
8.589,37.17985233072882
8.5944,37.00719101351588
8.6,36.83452969630294
8.6057,37.00719101351588
8.6113,37.15107544452666
8.6167,37.09352167212235
8.6223,36.97841412731372
8.628,36.94963724111157
8.6333,37.1222985583245
8.639,37.15107544452666
8.6444,37.00719101351588
8.65,36.83452969630294
8.6557,37.03596789971804
8.6613,37.09352167212235
8.6667,37.06474478592019
8.6723,36.892083468707256
8.6777,37.00719101351588
8.6833,37.1222985583245
8.689,37.17985233072882
8.6946,37.03596789971804
8.7,36.863306582505096
8.7056,36.97841412731372
8.7113,37.15107544452666
8.7166,37.1222985583245
8.7223,36.892083468707256
8.7279,36.892083468707256
8.7333,37.15107544452666
8.7389,37.15107544452666
8.7445,36.97841412731372
8.7499,36.863306582505096
8.7556,37.06474478592019
8.7612,37.17985233072882
8.7666,37.03596789971804
8.7722,36.892083468707256
8.7779,36.863306582505096
8.7835,37.09352167212235
8.7889,37.15107544452666
8.7946,37.03596789971804
8.7999,36.863306582505096
8.8056,36.92086035490941
8.8112,37.17985233072882
8.8168,37.1222985583245
8.8222,36.863306582505096
8.8278,36.892083468707256
8.8334,37.09352167212235
8.8391,37.15107544452666
8.8444,37.06474478592019
8.8501,36.863306582505096
8.8556,36.97841412731372
8.8612,37.15107544452666
8.8668,37.1222985583245
8.8722,36.97841412731372
8.8779,36.892083468707256
8.8833,37.06474478592019
8.8889,37.15107544452666
8.8946,37.06474478592019
8.9002,36.892083468707256
8.9056,36.863306582505096
8.9112,37.15107544452666
8.9168,37.1222985583245
8.9222,36.94963724111157
8.9278,36.863306582505096
8.9335,37.06474478592019
8.9388,37.15107544452666
8.9445,37.00719101351588
8.9501,36.863306582505096
8.9555,36.97841412731372
8.9611,37.15107544452666
8.9668,37.1222985583245
8.9721,36.892083468707256
8.9778,36.92086035490941
8.9834,37.06474478592019
8.9888,37.09352167212235
8.9944,37.00719101351588
9.0001,36.863306582505096
9.0055,37.03596789971804
9.0111,37.17985233072882
9.0167,37.00719101351588
9.0224,36.863306582505096
9.0277,36.94963724111157
9.0334,37.1222985583245
9.039,37.1222985583245
9.0444,37.00719101351588
9.05,36.892083468707256
9.0557,37.09352167212235
9.0613,37.17985233072882
9.0667,37.09352167212235
9.0723,36.892083468707256
9.0777,36.892083468707256
9.0833,37.1222985583245
9.089,37.15107544452666
9.0946,37.00719101351588
9.1,36.92086035490941
9.1056,37.00719101351588
9.111,37.15107544452666
9.1167,37.09352167212235
9.1223,36.92086035490941
9.1277,36.94963724111157
9.1333,37.15107544452666
9.139,37.1222985583245
9.1446,36.97841412731372
9.15,36.92086035490941
9.1556,37.03596789971804
9.161,37.09352167212235
9.1667,36.94963724111157
9.1723,36.92086035490941
9.1779,37.15107544452666
9.1833,37.1222985583245
9.1889,36.94963724111157
9.1946,36.92086035490941
9.1999,37.06474478592019
9.2056,37.1222985583245
9.2112,37.03596789971804
9.2169,36.92086035490941
9.2222,37.06474478592019
9.2279,37.15107544452666
9.2332,37.1222985583245
9.2389,36.892083468707256
9.2445,36.92086035490941
9.2502,37.1222985583245
9.2555,37.17985233072882
9.2612,36.94963724111157
9.2665,36.892083468707256
9.2722,37.09352167212235
9.2778,37.15107544452666
9.2835,37.03596789971804
9.2888,36.892083468707256
9.2945,36.94963724111157
9.3001,37.09352167212235
9.3054,37.06474478592019
9.3111,36.92086035490941
9.3167,36.92086035490941
9.3224,37.15107544452666
9.3277,37.09352167212235
9.3334,36.94963724111157
9.339,36.892083468707256
9.3444,37.03596789971804
9.3501,37.1222985583245
9.3557,37.03596789971804
9.3611,36.863306582505096
9.3667,36.97841412731372
9.3724,37.17985233072882
9.3777,37.20862921693097
9.3833,37.00719101351588
9.389,36.892083468707256
9.3944,37.03596789971804
9.4,37.17985233072882
9.4055,37.09352167212235
9.4111,36.94963724111157
9.4168,36.892083468707256
9.4222,37.09352167212235
9.4278,37.1222985583245
9.4333,36.97841412731372
9.4389,36.892083468707256
9.4446,37.09352167212235
9.45,37.15107544452666
9.4556,37.06474478592019
9.4611,36.94963724111157
9.4667,36.83452969630294
9.4724,37.1222985583245
9.4777,37.17985233072882
9.4834,37.03596789971804
9.4889,36.92086035490941
9.4946,36.94963724111157
9.4999,37.15107544452666
9.5056,37.15107544452666
9.5112,36.97841412731372
9.5166,36.892083468707256
9.5222,37.00719101351588
9.5279,37.1222985583245
9.5332,37.09352167212235
9.5389,36.892083468707256
9.5445,36.92086035490941
9.5499,37.06474478592019
9.5555,37.09352167212235
9.5612,36.97841412731372
9.5668,36.892083468707256
9.5722,37.06474478592019
9.5778,37.1222985583245
9.5832,37.03596789971804
9.5889,36.863306582505096
9.5945,36.892083468707256
9.6001,37.1222985583245
9.6055,37.17985233072882
9.6112,36.94963724111157
9.6168,36.892083468707256
9.6222,37.03596789971804
9.6279,37.17985233072882
9.6332,37.06474478592019
9.6389,36.863306582505096
9.6445,36.92086035490941
9.6502,37.15107544452666
9.6555,37.20862921693097
9.6612,36.97841412731372
9.6665,36.863306582505096
9.6722,37.00719101351588
9.6779,37.17985233072882
9.6832,37.03596789971804
9.6889,36.892083468707256
9.6945,36.97841412731372
9.7002,37.15107544452666
9.7055,37.03596789971804
9.7112,36.94963724111157
9.7166,36.92086035490941
9.7222,37.06474478592019
9.7278,37.15107544452666
9.7334,37.03596789971804
9.7388,36.892083468707256
9.7444,37.00719101351588
9.7501,37.17985233072882
9.7555,37.1222985583245
9.7611,36.97841412731372
9.7668,36.863306582505096
9.7721,37.06474478592019
9.7778,37.15107544452666
9.7834,37.06474478592019
9.7888,36.863306582505096
9.7944,36.94963724111157
9.8001,37.15107544452666
9.8057,37.09352167212235
9.8111,36.94963724111157
9.8167,36.892083468707256
9.8224,37.1222985583245
9.8277,37.17985233072882
9.8334,37.03596789971804
9.839,36.863306582505096
9.8444,36.892083468707256
9.85,37.1222985583245
9.8557,37.1222985583245
9.8611,37.03596789971804
9.8667,36.863306582505096
9.8721,37.00719101351588
9.8777,37.17985233072882
9.8834,37.06474478592019
9.889,36.863306582505096
9.8944,36.892083468707256
9.9001,37.1222985583245
9.9057,37.17985233072882
9.9111,37.03596789971804
9.9167,36.92086035490941
9.9224,36.94963724111157
9.9277,37.15107544452666
9.9334,37.06474478592019
9.939,36.94963724111157
9.9444,36.892083468707256
9.95,37.09352167212235
9.9557,37.17985233072882
9.961,37.00719101351588
9.9667,36.83452969630294
9.9723,36.863306582505096
9.9777,37.15107544452666
9.9833,37.1222985583245
9.989,37.00719101351588
9.9943,36.892083468707256
10.0,36.94963724111157
10.0057,37.17985233072882
10.011,37.15107544452666
10.0167,36.97841412731372
10.0223,36.92086035490941
10.0277,37.03596789971804
10.0334,37.1222985583245
10.039,37.06474478592019
10.0444,36.92086035490941
10.05,36.94963724111157
10.0554,37.1222985583245
10.0611,37.03596789971804
10.0667,37.00719101351588
10.0723,36.94963724111157
10.0777,37.1222985583245
10.0833,37.09352167212235
10.089,36.97841412731372
10.0944,36.892083468707256
10.1,37.06474478592019
10.1056,37.1222985583245
10.111,36.97841412731372
10.1167,36.94963724111157
10.1223,37.00719101351588
10.1277,37.1222985583245
10.1333,37.03596789971804
10.139,36.892083468707256
10.1444,36.97841412731372
10.15,37.15107544452666
10.1557,37.09352167212235
10.1611,36.92086035490941
10.1667,36.92086035490941
10.1724,37.1222985583245
10.1777,37.09352167212235
10.1834,36.97841412731372
10.1888,36.863306582505096
10.1944,37.03596789971804
10.2001,37.15107544452666
10.2057,37.03596789971804
10.2111,36.863306582505096
10.2167,36.97841412731372
10.2221,37.15107544452666
10.2277,37.1222985583245
10.2334,36.97841412731372
10.2388,36.892083468707256
10.2444,37.06474478592019
10.2501,37.1222985583245
10.2557,37.00719101351588
10.2611,36.863306582505096
10.2667,37.03596789971804
10.2721,37.15107544452666
10.2777,37.03596789971804
10.2834,36.83452969630294
10.289,36.94963724111157
10.2944,37.15107544452666
10.3,37.1222985583245
10.3057,36.94963724111157
10.311,36.83452969630294
10.3167,37.00719101351588
10.3223,37.17985233072882
10.3277,37.1222985583245
10.3333,36.92086035490941
10.339,36.863306582505096
10.3444,36.97841412731372
10.35,37.17985233072882
10.3557,37.1222985583245
10.3611,36.892083468707256
10.3667,36.892083468707256
10.3723,37.03596789971804
10.3777,37.15107544452666
10.3833,37.03596789971804
10.389,36.92086035490941
10.3944,36.892083468707256
10.4,37.09352167212235
10.4057,37.09352167212235
10.411,37.03596789971804
10.4167,36.863306582505096
10.4223,36.94963724111157
10.4277,37.1222985583245
10.4333,37.1222985583245
10.439,37.00719101351588
10.4443,36.92086035490941
10.45,37.00719101351588
10.4556,37.15107544452666
10.4613,37.00719101351588
10.4666,36.863306582505096
10.4723,37.00719101351588
10.4776,37.15107544452666
10.4833,37.09352167212235
10.4888,36.92086035490941
10.4944,36.94963724111157
10.5001,37.23740610313313
10.5055,37.09352167212235
10.5111,36.92086035490941
10.5166,36.94963724111157
10.5223,37.03596789971804
10.5279,37.1222985583245
10.5333,37.00719101351588
10.5389,36.863306582505096
10.5444,37.00719101351588
10.5501,37.15107544452666
10.5557,37.06474478592019
10.5611,36.892083468707256
10.5667,36.92086035490941
10.5722,37.1222985583245
10.5779,37.15107544452666
10.5832,36.92086035490941
10.5889,36.863306582505096
10.5945,37.00719101351588
10.5999,37.1222985583245
10.6055,36.94963724111157
10.6112,36.863306582505096
10.6168,37.06474478592019
10.6222,37.09352167212235
10.6278,36.97841412731372
10.6335,36.863306582505096
10.6388,37.09352167212235
10.6445,37.09352167212235
10.6502,37.00719101351588
10.6555,36.92086035490941
10.6612,37.03596789971804
10.6666,37.1222985583245
10.6722,37.06474478592019
10.6779,36.92086035490941
10.6835,36.94963724111157
10.6888,37.17985233072882
10.6945,37.09352167212235
10.7001,36.94963724111157
10.7055,36.892083468707256
10.7111,37.06474478592019
10.7168,37.1222985583245
10.7222,37.03596789971804
10.7278,36.863306582505096
10.7334,36.83452969630294
10.7388,37.1222985583245
10.7445,37.17985233072882
10.7501,37.00719101351588
10.7555,36.92086035490941
10.7611,36.97841412731372
10.7668,37.15107544452666
10.7724,37.17985233072882
10.7778,37.00719101351588
10.7834,36.892083468707256
10.7891,36.97841412731372
10.7944,37.15107544452666
10.8001,37.06474478592019
10.8057,36.92086035490941
10.8111,36.92086035490941
10.8167,37.17985233072882
10.8224,37.09352167212235
10.8277,37.00719101351588
10.8334,36.92086035490941
10.839,36.97841412731372
10.8444,37.17985233072882
10.8501,37.06474478592019
10.8557,36.892083468707256
10.8611,36.92086035490941
10.8667,37.09352167212235
10.8724,37.06474478592019
10.8777,37.00719101351588
10.8834,36.892083468707256
10.8891,37.06474478592019
10.8944,37.1222985583245
10.9,36.97841412731372
10.9057,36.892083468707256
10.9111,36.92086035490941
10.9167,37.1222985583245
10.9224,37.1222985583245
10.9277,36.97841412731372
10.9334,36.863306582505096
10.939,37.00719101351588
10.9444,37.1222985583245
10.95,37.06474478592019
10.9555,36.892083468707256
10.9612,36.92086035490941
10.9668,37.06474478592019
10.9722,37.17985233072882
10.9778,37.06474478592019
10.9833,36.863306582505096
10.989,36.892083468707256
10.9946,37.09352167212235
11.0,37.17985233072882
11.0057,37.06474478592019
11.0111,36.892083468707256
11.0168,36.94963724111157
11.0224,37.1222985583245
11.0278,37.1222985583245
11.0334,36.94963724111157
11.0389,36.892083468707256
11.0446,37.06474478592019
11.0502,37.1222985583245
11.0556,37.06474478592019
11.0613,36.92086035490941
11.0667,36.92086035490941
11.0723,37.03596789971804
11.078,37.1222985583245
11.0833,36.97841412731372
11.089,36.863306582505096
11.0946,36.97841412731372
11.0999,37.09352167212235
11.1056,37.09352167212235
11.1112,36.892083468707256
11.1166,36.83452969630294
11.1223,37.00719101351588
11.1279,37.17985233072882
11.1336,37.06474478592019
11.1389,36.97841412731372
11.1446,36.892083468707256
11.1499,37.00719101351588
11.1556,37.1222985583245
11.1612,36.94963724111157
11.1669,36.776975923898625
11.1723,36.94963724111157
11.1779,37.15107544452666
11.1833,37.1222985583245
11.189,36.892083468707256
11.1946,36.892083468707256
11.2,37.03596789971804
11.2056,37.1222985583245
11.2113,36.97841412731372
11.2167,36.892083468707256
11.2223,36.97841412731372
11.228,37.09352167212235
11.2334,37.06474478592019
11.239,36.863306582505096
11.2446,36.892083468707256
11.25,37.15107544452666
11.2557,37.09352167212235
11.2613,36.92086035490941
11.2667,36.892083468707256
11.2723,37.06474478592019
11.278,37.15107544452666
11.2833,36.97841412731372
11.289,36.863306582505096
11.2946,36.92086035490941
11.3,37.1222985583245
11.3056,37.15107544452666
11.3113,36.97841412731372
11.3167,36.892083468707256
11.3223,36.892083468707256
11.328,37.17985233072882
11.3333,37.1222985583245
11.339,36.94963724111157
11.3446,36.83452969630294
11.35,36.97841412731372
11.3556,37.1222985583245
11.3613,37.09352167212235
11.3666,36.92086035490941
11.3723,36.892083468707256
11.3779,37.06474478592019
11.3836,37.09352167212235
11.3889,36.97841412731372
11.3946,36.92086035490941
11.4,36.97841412731372
11.4056,37.17985233072882
11.4113,37.00719101351588
11.4166,36.892083468707256
11.4223,36.92086035490941
11.4279,37.09352167212235
11.4336,37.03596789971804
11.4389,36.94963724111157
11.4446,36.97841412731372
11.4502,37.03596789971804
11.4556,37.09352167212235
11.4612,37.00719101351588
11.4669,36.892083468707256
11.4722,37.00719101351588
11.4779,37.09352167212235
11.4835,36.97841412731372
11.4889,36.83452969630294
11.4946,37.00719101351588
11.5002,37.1222985583245
11.5056,37.06474478592019
11.5112,36.94963724111157
11.5169,36.863306582505096
11.5223,37.06474478592019
11.5279,37.17985233072882
11.5336,37.00719101351588
11.5389,36.92086035490941
11.5446,36.97841412731372
11.5502,37.1222985583245
11.5556,37.09352167212235
11.5612,36.892083468707256
11.5669,36.83452969630294
11.5722,37.03596789971804
11.5779,37.15107544452666
11.5835,37.03596789971804
11.5892,36.892083468707256
11.5945,36.97841412731372
11.6002,37.17985233072882
11.6055,37.1222985583245
11.6112,36.92086035490941
11.6168,36.83452969630294
11.6222,37.03596789971804
11.6279,37.23740610313313
11.6335,37.09352167212235
11.6392,36.892083468707256
11.6445,36.92086035490941
11.6502,37.06474478592019
11.6558,37.17985233072882
11.6611,37.06474478592019
11.6668,36.92086035490941
11.6724,36.892083468707256
11.6778,37.1222985583245
11.6835,37.1222985583245
11.6891,36.97841412731372
11.6945,36.805752810100785
11.7001,36.94963724111157
11.7058,37.17985233072882
11.7111,37.1222985583245
11.7168,36.94963724111157
11.7224,36.83452969630294
11.7278,36.94963724111157
11.7335,37.15107544452666
11.7391,37.1222985583245
11.7445,36.94963724111157
11.7501,36.863306582505096
11.7558,36.97841412731372
11.7614,37.15107544452666
11.7668,37.1222985583245
11.7724,36.94963724111157
11.7778,36.863306582505096
11.7834,36.97841412731372
11.7891,37.15107544452666
11.7947,37.03596789971804
11.8001,36.892083468707256
11.8057,36.94963724111157
11.8114,37.09352167212235
11.8167,37.03596789971804
11.8224,37.00719101351588
11.828,36.83452969630294
11.8334,36.92086035490941
11.839,37.17985233072882
11.8447,37.15107544452666
11.85,36.94963724111157
11.8557,36.892083468707256
11.8613,36.97841412731372
11.8667,37.1222985583245
11.8723,37.15107544452666
11.878,36.92086035490941
11.8836,36.892083468707256
11.889,37.03596789971804
11.8946,37.09352167212235
11.9,37.00719101351588
11.9056,36.92086035490941
11.9113,36.97841412731372
11.9169,37.17985233072882
11.9223,37.06474478592019
11.9279,36.92086035490941
11.9336,36.92086035490941
11.9389,37.1222985583245
11.9446,37.1222985583245
11.9503,37.00719101351588
11.9556,36.94963724111157
11.9613,37.03596789971804
11.9669,37.20862921693097
11.9723,37.06474478592019
11.9779,36.805752810100785
11.9836,36.94963724111157
11.9889,37.06474478592019
11.9946,37.09352167212235
12.0002,36.92086035490941
12.0056,36.892083468707256
12.0112,37.1222985583245
12.0169,37.09352167212235
12.0223,37.00719101351588
12.0279,36.94963724111157
12.0336,36.94963724111157
12.0389,37.1222985583245
12.0446,37.03596789971804
12.0502,36.863306582505096
12.0556,36.97841412731372
12.0612,37.1222985583245
12.0669,37.1222985583245
12.0725,36.863306582505096
12.0779,36.892083468707256
12.0835,37.06474478592019
12.0889,37.09352167212235
12.0945,37.00719101351588
12.1,36.83452969630294
12.1057,36.97841412731372
12.1113,37.1222985583245
12.1167,37.09352167212235
12.1223,36.92086035490941
12.1278,36.97841412731372
12.1335,37.03596789971804
12.1391,37.20862921693097
12.1445,37.03596789971804
12.15,36.863306582505096
12.1556,36.863306582505096
12.1613,37.09352167212235
12.1669,37.15107544452666
12.1723,36.92086035490941
12.1778,36.92086035490941
12.1835,37.03596789971804
12.1891,37.15107544452666
12.1948,37.00719101351588
12.2001,36.863306582505096
12.2056,36.97841412731372
12.2113,37.1222985583245
12.2169,37.17985233072882
12.2223,36.94963724111157
12.228,36.92086035490941
12.2334,37.03596789971804
12.2391,37.20862921693097
12.2447,37.03596789971804
12.2501,36.892083468707256
12.2558,36.94963724111157
12.2611,37.1222985583245
12.2668,37.09352167212235
12.2724,36.892083468707256
12.2781,36.863306582505096
12.2834,37.03596789971804
12.2891,37.17985233072882
12.2947,37.09352167212235
12.3001,36.892083468707256
12.3057,36.863306582505096
12.3114,37.06474478592019
12.3167,37.15107544452666
12.3224,37.03596789971804
12.328,36.863306582505096
12.3334,36.92086035490941
12.339,37.15107544452666
12.3447,37.1222985583245
12.35,36.94963724111157
12.3557,36.805752810100785
12.3613,36.97841412731372
12.367,37.1222985583245
12.3723,37.03596789971804
12.378,36.863306582505096
12.3836,36.97841412731372
12.389,37.1222985583245
12.3946,37.1222985583245
12.4003,36.92086035490941
12.4056,36.892083468707256
12.4113,37.03596789971804
12.4169,37.1222985583245
12.4223,37.03596789971804
12.4279,36.863306582505096
12.4336,36.97841412731372
12.4392,37.15107544452666
12.4446,37.1222985583245
12.4502,36.97841412731372
12.4556,36.863306582505096
12.4612,36.97841412731372
12.4669,37.06474478592019
12.4723,37.00719101351588
12.4778,36.892083468707256
12.4834,36.94963724111157
12.4891,37.09352167212235
12.4947,37.06474478592019
12.5001,36.92086035490941
12.5056,36.92086035490941
12.5113,37.1222985583245
12.5169,37.09352167212235
12.5223,36.92086035490941
12.5279,36.863306582505096
12.5334,37.09352167212235
12.5391,37.15107544452666
12.5447,36.97841412731372
12.5501,36.863306582505096
12.5557,37.00719101351588
12.5612,37.15107544452666
12.5669,37.06474478592019
12.5725,36.892083468707256
12.5779,36.863306582505096
12.5835,37.06474478592019
12.5889,37.09352167212235
12.5946,36.92086035490941
12.6002,36.863306582505096
12.6058,36.97841412731372
12.6112,37.15107544452666
12.6168,37.06474478592019
12.6225,36.892083468707256
12.6278,36.94963724111157
12.6335,37.09352167212235
12.6391,37.17985233072882
12.6445,36.97841412731372
12.6501,36.892083468707256
12.6558,36.97841412731372
12.6611,37.1222985583245
12.6668,37.03596789971804
12.6724,36.892083468707256
12.6781,36.92086035490941
12.6834,37.09352167212235
12.6891,37.06474478592019
12.6947,36.94963724111157
12.7001,36.92086035490941
12.7057,37.09352167212235
12.7114,37.06474478592019
12.7167,36.892083468707256
12.7224,36.892083468707256
12.728,37.03596789971804
12.7334,37.17985233072882
12.739,37.03596789971804
12.7447,36.863306582505096
12.75,36.97841412731372
12.7557,37.20862921693097
12.7613,37.09352167212235
12.767,36.92086035490941
12.7723,36.892083468707256
12.778,37.09352167212235
12.7836,37.15107544452666
12.789,37.03596789971804
12.7946,36.805752810100785
12.8003,36.92086035490941
12.8056,37.1222985583245
12.8113,37.09352167212235
12.8169,36.97841412731372
12.8223,36.892083468707256
12.8279,37.03596789971804
12.8335,37.09352167212235
12.8392,37.06474478592019
12.8446,36.92086035490941
12.8502,36.94963724111157
12.8558,37.09352167212235
12.8612,37.06474478592019
12.8669,36.892083468707256
12.8725,36.892083468707256
12.8779,37.1222985583245
12.8835,37.09352167212235
12.8892,36.92086035490941
12.8945,36.94963724111157
12.9002,37.09352167212235
12.9058,37.09352167212235
12.9112,36.892083468707256
12.9168,36.83452969630294
12.9225,37.09352167212235
12.9278,37.17985233072882
12.9335,37.06474478592019
12.9391,36.83452969630294
12.9445,36.92086035490941
12.9501,37.09352167212235
12.9558,37.20862921693097
12.9614,37.00719101351588
12.9668,36.83452969630294
12.9724,36.94963724111157
12.978,37.1222985583245
12.9834,37.1222985583245
12.9891,36.97841412731372
12.9947,36.863306582505096
13.0001,37.03596789971804
13.0058,37.1222985583245
13.0114,36.92086035490941
13.0168,36.94963724111157
13.0224,37.06474478592019
13.028,37.1222985583245
13.0334,36.94963724111157
13.039,36.83452969630294
13.0447,36.94963724111157
13.0501,37.1222985583245
13.0557,37.09352167212235
13.0614,36.892083468707256
13.0667,36.94963724111157
13.0724,37.1222985583245
13.078,37.1222985583245
13.0837,37.00719101351588
13.089,36.83452969630294
13.0947,36.94963724111157
13.1,37.1222985583245
13.1057,37.09352167212235
13.1113,36.97841412731372
13.117,36.805752810100785
13.1223,37.06474478592019
13.128,37.15107544452666
13.1336,37.03596789971804
13.139,36.892083468707256
13.1446,36.863306582505096
13.1503,37.06474478592019
13.1556,37.15107544452666
13.1613,37.03596789971804
13.1669,36.83452969630294
13.1723,36.92086035490941
13.1779,37.1222985583245
13.1836,37.09352167212235
13.1889,36.892083468707256
13.1946,36.863306582505096
13.2003,37.03596789971804
13.2056,37.1222985583245
13.2113,37.03596789971804
13.2169,36.892083468707256
13.2223,36.92086035490941
13.2279,37.17985233072882
13.2335,37.1222985583245
13.2392,36.94963724111157
13.2445,36.892083468707256
13.2502,36.97841412731372
13.2558,37.15107544452666
13.2612,37.03596789971804
13.2668,36.863306582505096
13.2725,36.892083468707256
13.2778,37.09352167212235
13.2835,37.1222985583245
13.2891,36.92086035490941
13.2945,36.805752810100785
13.3001,37.03596789971804
13.3058,37.15107544452666
13.3114,37.1222985583245
13.3168,36.892083468707256
13.3224,36.892083468707256
13.3281,37.09352167212235
13.3334,37.15107544452666
13.3391,36.94963724111157
13.3447,36.863306582505096
13.3501,36.97841412731372
13.3557,37.17985233072882
13.3614,37.03596789971804
13.367,36.863306582505096
13.3724,36.892083468707256
13.378,37.06474478592019
13.3834,37.09352167212235
13.389,36.94963724111157
13.3947,36.863306582505096
13.4003,37.03596789971804
13.4057,37.09352167212235
13.4113,37.00719101351588
13.4167,36.863306582505096
13.4223,37.00719101351588
13.428,37.17985233072882
13.4336,37.1222985583245
13.439,36.92086035490941
13.4446,36.892083468707256
13.4503,36.97841412731372
13.4556,37.1222985583245
13.4613,37.00719101351588
13.4669,36.892083468707256
13.4723,36.94963724111157
13.4779,37.1222985583245
13.4836,37.03596789971804
13.4892,36.92086035490941
13.4946,37.00719101351588
13.5002,37.1222985583245
13.5059,37.03596789971804
13.5112,36.892083468707256
13.5169,36.94963724111157
13.5225,37.1222985583245
13.5279,37.00719101351588
13.5335,36.863306582505096
13.5392,36.97841412731372
13.5445,37.09352167212235
13.5502,37.00719101351588
13.5558,36.92086035490941
13.5612,37.00719101351588
13.5668,37.15107544452666
13.5725,37.09352167212235
13.5778,36.94963724111157
13.5835,36.863306582505096
13.5891,37.09352167212235
13.5948,37.1222985583245
13.6001,36.97841412731372
13.6058,36.92086035490941
13.6114,37.03596789971804
13.6168,37.09352167212235
13.6224,36.97841412731372
13.6278,36.863306582505096
13.6335,37.00719101351588
13.6391,37.1222985583245
13.6448,36.97841412731372
13.6501,36.892083468707256
13.6557,37.00719101351588
13.6614,37.15107544452666
13.6668,37.06474478592019
13.6724,36.892083468707256
13.678,36.892083468707256
13.6834,37.09352167212235
13.689,37.1222985583245
13.6947,36.94963724111157
13.7,36.892083468707256
13.7057,37.00719101351588
13.7113,37.1222985583245
13.717,37.03596789971804
13.7223,36.83452969630294
13.728,36.97841412731372
13.7336,37.06474478592019
13.739,37.1222985583245
13.7446,36.892083468707256
13.7502,36.94963724111157
13.7559,37.1222985583245
13.7612,37.09352167212235
13.7669,36.97841412731372
13.7723,36.863306582505096
13.7779,36.97841412731372
13.7834,37.09352167212235
13.789,37.00719101351588
13.7946,36.92086035490941
13.8003,36.94963724111157
13.8056,37.09352167212235
13.8112,37.09352167212235
13.8168,36.892083468707256
13.8225,36.97841412731372
13.8281,37.17985233072882
13.8335,37.09352167212235
13.839,36.892083468707256
13.8446,36.94963724111157
13.8503,37.1222985583245
13.8556,37.03596789971804
13.8613,36.863306582505096
13.8668,36.92086035490941
13.8724,37.06474478592019
13.8781,37.03596789971804
13.8834,36.92086035490941
13.8891,36.94963724111157
13.8946,37.09352167212235
13.9003,37.1222985583245
13.9056,36.92086035490941
13.9113,36.892083468707256
13.9169,37.03596789971804
13.9223,37.17985233072882
13.9279,36.94963724111157
13.9336,36.892083468707256
13.9392,37.00719101351588
13.9446,37.1222985583245
13.9502,37.09352167212235
13.9556,36.92086035490941
13.9612,36.83452969630294
13.9669,36.94963724111157
13.9725,37.1222985583245
13.9779,36.94963724111157
13.9835,36.863306582505096
13.9891,37.06474478592019
13.9945,37.09352167212235
14.0001,37.03596789971804
14.0058,36.83452969630294
14.0114,36.94963724111157
14.0168,37.15107544452666
14.0224,37.1222985583245
14.0278,36.97841412731372
14.0335,36.92086035490941
14.0391,37.00719101351588
14.0447,37.15107544452666
14.0501,37.06474478592019
14.0558,36.92086035490941
14.0614,36.92086035490941
14.0668,37.15107544452666
14.0724,37.09352167212235
14.0781,36.94963724111157
14.0834,36.83452969630294
14.0891,37.00719101351588
14.0947,37.15107544452666
14.1001,37.06474478592019
14.1057,36.863306582505096
14.1114,36.92086035490941
14.1167,37.1222985583245
14.1224,37.15107544452666
14.128,37.00719101351588
14.1334,36.892083468707256
14.139,36.92086035490941
14.1446,37.15107544452666
14.1503,37.17985233072882
14.1556,36.92086035490941
14.1613,36.892083468707256
14.1668,36.97841412731372
14.1724,37.15107544452666
14.1781,37.09352167212235
14.1834,36.805752810100785
14.1891,36.92086035490941
14.1946,37.15107544452666
14.2002,37.09352167212235
14.2058,36.92086035490941
14.2112,36.83452969630294
14.2169,36.97841412731372
14.2224,37.15107544452666
14.228,37.03596789971804
14.2334,36.92086035490941
14.2391,36.892083468707256
14.2447,37.15107544452666
14.2501,37.1222985583245
14.2557,36.97841412731372
14.2614,36.805752810100785
14.2667,36.97841412731372
14.2724,37.15107544452666
14.278,37.1222985583245
14.2836,36.92086035490941
14.289,36.805752810100785
14.2946,37.00719101351588
14.3003,37.09352167212235
14.3056,37.06474478592019
14.3113,36.863306582505096
14.3169,36.92086035490941
14.3223,37.1222985583245
14.328,37.09352167212235
14.3336,36.92086035490941
14.339,36.83452969630294
14.3446,37.00719101351588
14.3503,37.17985233072882
14.3556,37.09352167212235
14.3613,36.892083468707256
14.3669,36.776975923898625
14.3723,37.00719101351588
14.3779,37.23740610313313
14.3836,37.06474478592019
14.3889,36.863306582505096
14.3946,36.83452969630294
14.4002,37.09352167212235
14.4056,37.17985233072882
14.4112,37.03596789971804
14.4169,36.92086035490941
14.4225,36.892083468707256
14.4279,37.1222985583245
14.4335,37.09352167212235
14.4392,36.863306582505096
14.4445,36.97841412731372
14.4502,37.06474478592019
14.4558,37.1222985583245
14.4612,37.00719101351588
14.4668,36.92086035490941
14.4725,37.03596789971804
14.4779,37.1222985583245
14.4835,37.06474478592019
14.4892,36.892083468707256
14.4945,36.92086035490941
14.5002,37.15107544452666
14.5058,37.09352167212235
14.5112,36.892083468707256
14.5168,36.892083468707256
14.5225,37.03596789971804
14.5278,37.15107544452666
14.5335,37.00719101351588
14.5391,36.892083468707256
14.5445,36.94963724111157
14.5501,37.1222985583245
14.5558,37.06474478592019
14.5612,36.892083468707256
14.5668,36.94963724111157
14.5725,37.09352167212235
14.5778,37.1222985583245
14.5835,36.94963724111157
14.5891,36.892083468707256
14.5945,37.06474478592019
14.6002,37.1222985583245
14.6058,37.03596789971804
14.6112,36.863306582505096
14.6168,36.97841412731372
14.6225,37.15107544452666
14.6278,37.06474478592019
14.6335,36.863306582505096
14.6392,36.863306582505096
14.6445,37.09352167212235
14.6502,37.15107544452666
14.6558,36.92086035490941
14.6612,36.863306582505096
14.6668,36.97841412731372
14.6725,37.17985233072882
14.6778,37.09352167212235
14.6835,36.863306582505096
14.6891,36.892083468707256
14.6945,37.06474478592019
14.7001,37.1222985583245
14.7058,37.09352167212235
14.7111,36.92086035490941
14.7168,36.92086035490941
14.7224,37.1222985583245
14.7281,37.06474478592019
14.7334,36.892083468707256
14.7391,36.892083468707256
14.7447,37.1222985583245
14.7501,37.09352167212235
14.7557,36.92086035490941
14.7614,36.94963724111157
14.7668,37.09352167212235
14.7724,37.09352167212235
14.778,36.97841412731372
14.7834,36.83452969630294
14.789,37.00719101351588
14.7947,37.15107544452666
14.8001,37.15107544452666
14.8057,36.892083468707256
14.8114,36.892083468707256
14.817,37.09352167212235
14.8224,37.06474478592019
14.828,36.97841412731372
14.8334,36.863306582505096
14.839,37.03596789971804
14.8447,37.15107544452666
14.85,36.97841412731372
14.8557,36.863306582505096
14.8613,36.97841412731372
14.8667,37.1222985583245
14.8723,37.1222985583245
14.878,36.94963724111157
14.8836,36.892083468707256
14.889,37.06474478592019
14.8946,37.15107544452666
14.9003,37.00719101351588
14.9056,36.863306582505096
14.9113,36.97841412731372
14.9169,37.15107544452666
14.9223,37.06474478592019
14.9279,36.863306582505096
14.9336,36.92086035490941
14.9391,37.1222985583245
14.9445,37.15107544452666
14.9501,36.94963724111157
14.9557,36.83452969630294
14.9614,37.03596789971804
14.9667,37.15107544452666
14.9724,37.09352167212235
14.978,36.92086035490941
14.9836,36.97841412731372
14.989,37.09352167212235
14.9946,37.03596789971804
15.0003,36.92086035490941
15.0056,36.94963724111157
15.0113,37.1222985583245
15.0169,37.06474478592019
15.0278,36.690645265292154
15.0334,36.37409951706843
15.039,36.02877688264255
15.0446,35.74100802062098
15.0502,35.424462272397264
15.0556,34.99280897936491
15.0612,34.705040117343344
15.0669,34.38849436911962
15.0725,34.071948620895895
15.0778,33.81295664507649
15.0835,33.496410896852765
15.0891,33.294972693437664
15.0947,33.0072038314161
15.1001,32.74821185559669
15.1058,32.46044299357512
15.1114,32.25900479016003
15.1168,32.086343472947085
15.1224,31.79857461092552
15.128,31.654690179914738
15.1334,31.453251976499637
15.139,31.280590659286702
15.1446,31.0791524558716
15.1503,30.906491138658666
15.1556,30.705052935243565
15.1613,30.532391618030623
15.167,30.359730300817688
15.1723,30.273399642211217
15.178,30.100738324998275
15.1836,29.956853893987493
15.1889,29.87052323538102
15.1946,29.69786191816808
15.2002,29.582754373359457
15.2058,29.525200600955145
15.2112,29.381316169944355
15.2169,29.237431738933573
15.2225,29.151101080327102
15.2279,29.03599353551848
15.2335,28.978439763114167
15.2391,28.92088599070985
15.2445,28.777001559699066
15.2501,28.690670901092595
15.2557,28.60434024248613
15.2614,28.4892326976775
15.2667,28.43167892527319
15.2723,28.37412515286887
15.278,28.287794494262407
15.2836,28.230240721858088
15.289,28.143910063251624
15.2946,28.086356290847306
15.3003,27.971248746038682
15.3056,27.942471859836523
15.3113,27.913694973634364
15.3169,27.856141201230052
15.3222,27.71225677021927
15.3279,27.71225677021927
15.3335,27.683479884017117
15.3392,27.654702997814958
15.3445,27.568372339208487
15.3502,27.453264794399857
15.3558,27.482041680602016
15.3612,27.338157249591234
15.3669,27.309380363389074
15.3725,27.280603477186922
15.3778,27.22304970478261
15.3835,27.19427281858045
15.3891,27.165495932378292
15.3945,27.10794215997398
15.4001,27.02161150136751
15.4057,26.99283461516535
15.4114,26.99283461516535
15.4167,26.964057728963198
15.4223,26.877727070356727
15.428,26.848950184154567
15.4336,26.762619525548104
15.439,26.762619525548104
