Experiment: Mar_18_osmo_expt vial 5, Thu Mar 18 18:20:50 2021
0.0052,54255
0.0109,54259
0.0165,54243
0.0219,54245
0.0275,54253
0.0332,54254
0.0388,54254
0.0442,54241
0.0498,54249
0.0554,53061
0.0608,53061
0.0664,51590
0.072,53013
0.0777,53033
0.083,53071
0.0887,52846
0.0943,53032
0.0997,53068
0.1053,53077
0.111,53029
0.1163,53060
0.122,53086
0.1276,53063
0.1332,52966
0.1386,53060
0.1442,52998
0.1498,52999
0.1554,53064
0.1608,53070
0.1664,53055
0.1721,53035
0.1774,53058
0.183,53063
0.1887,53034
0.1943,53042
0.1997,53036
0.2053,53043
0.2109,53025
0.2166,53024
0.2219,53017
0.2276,53029
0.2332,52938
0.2386,53026
0.2442,53023
0.2498,53027
0.2555,52919
0.2608,53030
0.2665,53026
0.2721,53023
0.2775,52899
0.283,52688
0.2886,52972
0.2942,52957
0.2999,52962
0.3052,52870
0.3108,52972
0.3164,52985
0.3221,52923
0.3275,52922
0.3331,52949
0.3386,52914
0.3442,52958
0.3499,52936
0.3552,52938
0.3608,52972
0.3664,52993
0.372,52944
0.3774,52944
0.383,52929
0.3887,52910
0.3942,52956
0.3998,52974
0.4052,52927
0.4108,52886
0.4165,52940
0.422,52943
0.4277,52942
0.433,52955
0.4387,52941
0.4443,52949
0.4496,52939
0.4553,52941
0.4609,52928
0.4666,52945
0.4719,52914
0.4776,52909
0.4832,52916
0.4885,52912
0.4942,52898
0.4998,52890
0.5054,52888
0.5108,52899
0.5164,52910
0.522,52888
0.5277,52889
0.533,52895
0.5387,52891
0.5443,52904
0.5497,52881
0.5553,52898
0.561,52894
0.5666,52884
0.572,52877
0.5776,52871
0.5832,52851
0.5886,52874
0.5942,52850
0.5999,52854
0.6052,52856
0.6108,52835
0.6165,52856
0.6221,52874
0.6277,52869
0.6331,52838
0.6387,52823
0.6444,52847
0.6497,52818
0.6554,52823
0.661,52828
0.6663,52839
0.672,52823
0.6776,52818
0.6832,52809
0.6886,52812
0.6942,52834
0.6999,52804
0.7052,52798
0.7109,52789
0.7165,52790
0.7221,52772
0.7275,52782
0.7331,52769
0.7388,52783
0.7441,52753
0.7498,52785
0.7554,52773
0.7607,52761
0.7664,52754
0.772,52757
0.7777,52759
0.783,52755
0.7887,52763
0.7943,52750
0.7997,52757
0.8053,52745
0.8109,52731
0.8166,52754
0.8219,52728
0.8276,52729
0.8332,52720
0.8385,52702
0.8442,52713
0.8498,52721
0.8555,52700
0.8608,52705
0.8664,52690
0.872,52716
0.8777,52723
0.883,52704
0.8887,52693
0.8943,52688
0.8997,52678
0.9053,52673
0.9109,52674
0.9163,52670
0.9219,52678
0.9276,52666
0.9332,52656
0.9388,52656
0.9442,52636
0.9498,52643
0.9555,52648
0.9608,52636
0.9663,52638
0.972,52634
0.9776,52627
0.9832,52617
0.9886,52607
0.9941,52616
0.9998,52613
1.0054,52614
1.0108,52574
1.0164,52595
1.022,52602
1.0276,52587
1.0332,52564
1.0386,52557
1.0443,52569
1.0498,52572
1.0554,52548
1.0608,52560
1.0664,52562
1.072,52525
1.0776,52545
1.0832,52533
1.0886,52514
1.0942,52517
1.0999,52499
1.1054,52498
1.111,52512
1.1164,52517
1.122,52514
1.1276,52499
1.133,52491
1.1386,52498
1.1443,52441
1.1499,52458
1.1553,52468
1.1609,52447
1.1666,52458
1.1719,52442
1.1776,52426
1.1832,52426
1.1888,52426
1.1942,52441
1.1998,52429
1.2054,52406
1.2108,52398
1.2164,52424
1.222,52414
1.2277,52402
1.233,52379
1.2387,52407
1.2443,52386
1.2499,52368
1.2553,52385
1.2609,52359
1.2666,52347
1.2719,52352
1.2776,52369
1.2832,52354
1.2888,52339
1.2942,52340
1.2998,52341
1.3055,52328
1.3108,52337
1.3165,52351
1.3221,52313
1.3275,52319
1.3331,52306
1.3387,52320
1.3444,52295
1.3497,52284
1.3554,52299
1.361,52288
1.3664,52278
1.372,52273
1.3776,52257
1.383,52263
1.3886,52236
1.3943,52238
1.3999,52218
1.4053,52215
1.4109,52207
1.4166,52241
1.4219,52206
1.4275,52206
1.4332,52189
1.4388,52176
1.4442,52164
1.4498,52181
1.4554,52161
1.4608,52155
1.4664,52172
1.4721,52162
1.4777,52111
1.4831,52111
1.4887,52150
1.4943,52097
1.4997,52114
1.5053,52111
1.511,52064
1.5166,52081
1.522,52035
1.5276,52053
1.5333,52059
1.5386,52035
1.5443,52023
1.5499,52027
1.5553,52033
1.5609,51990
1.5665,51989
1.5722,51987
1.5775,52022
1.5832,51972
1.5888,51984
1.5942,51981
1.5998,51971
1.6054,51981
1.6108,51950
1.6165,51933
1.6221,51975
1.6277,51918
1.6331,51900
1.6387,51922
1.6443,51935
1.6497,51913
1.6553,51916
1.661,51882
1.6666,51862
1.6719,51896
1.6776,51878
1.6832,51906
1.6886,51869
1.6942,51844
1.6998,51887
1.7055,51873
1.7108,51839
1.7164,51824
1.7221,51822
1.7277,51798
1.7331,51774
1.7387,51765
1.7443,51817
1.7497,51772
1.7553,51789
1.761,51735
1.7666,51760
1.772,51761
1.7776,51747
1.7833,51746
1.7886,51730
1.7942,51707
1.7999,51709
1.8053,51694
1.8109,51666
1.8165,51684
1.8221,51677
1.8275,51648
1.8331,51609
1.8388,51603
1.8441,51612
1.8498,51636
1.8554,51563
1.861,51557
1.8664,51569
1.872,51564
1.8776,51575
1.8833,51587
1.8886,51530
1.8943,51533
1.8999,51536
1.9053,51507
1.9109,51501
1.9164,51446
1.922,51478
1.9277,51477
1.9333,51445
1.9386,51480
1.9442,51453
1.9499,51400
1.9555,51386
1.9609,51394
1.9665,51430
1.972,51350
1.9777,51393
1.9831,51379
1.9887,51367
1.9943,51322
1.9997,51377
2.0053,51298
2.0108,51289
2.0164,51276
2.022,51283
2.0276,51278
2.0333,51289
2.0386,51233
2.0443,51228
2.0499,51223
2.0553,51235
2.0609,51222
2.0666,51194
2.0719,51225
2.0776,51165
2.0832,51186
2.0886,51205
2.0942,51221
2.0998,51157
2.1055,51140
2.1108,51115
2.1165,51127
2.1221,51124
2.1277,51099
2.1331,51114
2.1387,51090
2.1443,51087
2.1497,51154
2.1554,51115
2.161,51080
2.1666,51075
2.172,51089
2.1776,51017
2.1832,51043
2.1886,50983
2.1943,50974
2.1999,50953
2.2052,50920
2.2109,50889
2.2165,50958
2.2219,50920
2.2275,50901
2.2332,50873
2.2388,50891
2.2442,50877
2.2498,50887
2.2555,50841
2.2608,50811
2.2665,50836
2.2721,50838
2.2775,50809
2.2831,50775
2.2887,50805
2.2944,50756
2.2997,50766
2.3054,50752
2.311,50744
2.3166,50712
2.322,50750
2.3277,50677
2.3333,50658
2.3386,50716
2.3443,50584
2.3499,50605
2.3555,50578
2.3609,50575
2.3665,50562
2.3721,50586
2.3775,50565
2.3831,50516
2.3888,50583
2.3944,50561
2.3998,50503
2.4054,50428
2.4108,50477
2.4164,50466
2.4221,50460
2.4277,50438
2.4331,50395
2.4387,50391
2.4443,50375
2.45,50359
2.4553,50320
2.461,50295
2.4666,50297
2.4719,50337
2.4776,50276
2.4832,50279
2.4888,50306
2.4942,50259
2.4998,50152
2.5055,50255
2.5108,50207
2.5164,50172
2.522,50172
2.5276,50129
2.5333,50168
2.5386,50123
2.5442,50158
2.5498,50078
2.5554,50102
2.5608,50085
2.5665,50050
2.572,50046
2.5776,49998
2.5833,49966
2.5886,49993
2.5942,49932
2.5998,49957
2.6054,49936
2.6111,49909
2.6164,49856
2.6221,49818
2.6276,49823
2.6332,49835
2.6386,49821
2.6442,49773
2.6499,49797
2.6554,49759
2.6611,49739
2.6664,49732
2.672,49724
2.6777,49684
2.683,49760
2.6886,49647
2.6943,49701
2.6999,49655
2.7055,49583
2.7109,49599
2.7165,49572
2.7222,49592
2.7275,49557
2.7332,49592
2.7388,49502
2.7442,49486
2.7498,49511
2.7554,49485
2.7611,49491
2.7665,49377
2.7721,49472
2.7777,49383
2.7831,49362
2.7887,49342
2.7943,49407
2.8,49294
2.8053,49354
2.811,49285
2.8166,49301
2.822,49212
2.8276,49263
2.8332,49202
2.8389,49219
2.8442,49177
2.8499,49201
2.8555,49129
2.8609,49140
2.8665,49165
2.8721,49084
2.8775,49169
2.8831,49028
2.8888,49066
2.8944,49023
2.8998,48980
2.9054,49015
2.9108,48945
2.9164,48902
2.9221,48897
2.9277,48866
2.9331,48941
2.9387,48841
2.9444,48816
2.9497,48771
2.9554,48882
2.961,48816
2.9664,48729
2.972,48699
2.9777,48664
2.983,48688
2.9887,48687
2.9943,48616
2.9997,48666
3.0054,48606
3.011,48594
3.0166,48540
3.022,48564
3.0277,48484
3.033,48568
3.0387,48530
3.0443,48401
3.0499,48409
3.0553,48422
3.0609,48379
3.0666,48255
3.0722,48347
3.0775,48246
3.0832,48321
3.0889,48327
3.0942,48253
3.0999,48245
3.1055,48073
3.1109,48239
3.1166,48256
3.1222,48137
3.1276,48166
3.1332,48111
3.1388,48122
3.1442,47993
3.1498,48004
3.1554,48027
3.1611,47985
3.1664,48000
3.1721,47961
3.1775,48007
3.1831,47899
3.1888,47850
3.1944,47830
3.1998,47859
3.2054,47849
3.2108,47806
3.2164,47812
3.2221,47716
3.2277,47626
3.2331,47693
3.2387,47663
3.2444,47631
3.2497,47550
3.2553,47575
3.261,47488
3.2666,47542
3.272,47541
3.2776,47460
3.2833,47585
3.2887,47432
3.2943,47534
3.2999,47442
3.3053,47389
3.3109,47377
3.3166,47454
3.322,47230
3.3276,47261
3.3332,47344
3.3389,47232
3.3442,47201
3.3499,47111
3.3555,47170
3.3608,47082
3.3665,47062
3.3721,47064
3.3778,47054
3.3831,47009
3.3888,47011
3.3944,47071
3.3998,47001
3.4054,46904
3.4111,46941
3.4164,46963
3.4221,46988
3.4277,46801
3.4331,46780
3.4388,46839
3.4444,46782
3.4498,46734
3.4554,46589
3.461,46632
3.4664,46651
3.4721,46626
3.4777,46648
3.4831,46585
3.4887,46484
3.4942,46601
3.4998,46386
3.5055,46455
3.5111,46374
3.5165,46427
3.522,46319
3.5276,46344
3.5333,46401
3.5386,46235
3.5443,46295
3.5498,46123
3.5554,46182
3.5611,46259
3.5664,46190
3.572,46248
3.5776,46128
3.5832,45965
3.5886,46218
3.5942,46000
3.5999,45892
3.6054,45989
3.6111,45913
3.6164,45887
3.6221,45767
3.6277,45894
3.6331,45750
3.6387,45852
3.6444,45834
3.6497,45581
3.6554,45658
3.661,45659
3.6667,45489
3.672,45512
3.6777,45445
3.6833,45423
3.6887,45572
3.6943,45668
3.7,45375
3.7053,45244
3.711,45302
3.7166,45391
3.722,45372
3.7276,45191
3.7332,45183
3.7389,45142
3.7442,45102
3.7499,45155
3.7555,45136
3.7609,45139
3.7665,45030
3.7721,45069
3.7775,44967
3.7831,44819
3.7888,44925
3.7944,44922
3.7998,44764
3.8054,44752
3.811,44847
3.8164,44714
3.822,44661
3.8277,44688
3.8333,44567
3.8387,44626
3.8443,44534
3.85,44492
3.8553,44465
3.861,44604
3.8666,44371
3.872,44431
3.8777,44467
3.8833,44585
3.8886,44469
3.8943,44360
3.8999,44461
3.9053,44240
3.911,44397
3.9166,44218
3.922,44152
3.9276,44161
3.9333,44255
3.9386,44160
3.9443,44216
3.9499,44125
3.9553,43992
3.9609,44179
3.9666,44129
3.972,44014
3.9776,44166
3.9833,43854
3.9886,43979
3.9943,43923
3.9999,43970
4.0053,44005
4.0109,43890
4.0166,43929
4.0222,43879
4.0276,43928
4.0332,43756
4.0389,43651
4.0442,43657
4.0499,43900
4.0555,43774
4.0609,43602
4.0665,43596
4.0722,43585
4.0775,43471
4.0832,43483
4.0888,43585
4.0942,43574
4.0998,43581
4.1055,43474
4.1111,43473
4.1165,43411
4.1221,43199
4.1278,43481
4.1332,43324
4.1388,43176
4.1444,43229
4.1497,43281
4.1554,43292
4.161,43177
4.1667,43255
4.172,43202
4.1775,43186
4.1832,43269
4.1888,43161
4.1945,43110
4.1998,43086
4.2053,43164
4.211,42858
4.2166,43192
4.222,43008
4.2276,43026
4.2331,43022
4.2388,42979
4.2442,42991
4.2498,42834
4.2555,42823
4.2609,42968
4.2665,42938
4.2721,42843
4.2778,42839
4.2831,42848
4.2888,42725
4.2944,42866
4.2998,42728
4.3054,42675
4.311,42719
4.3164,42586
4.3221,42571
4.3277,42678
4.3331,42755
4.3387,42706
4.3444,42621
4.35,42598
4.3553,42440
4.361,42541
4.3666,42693
4.372,42427
4.3776,42502
4.3832,42404
4.3886,42383
4.3942,42507
4.3999,42368
4.4055,42311
4.4109,42348
4.4165,42219
4.4222,42313
4.4275,42243
4.4332,42330
4.4388,42331
4.4445,42127
4.4498,42215
4.4555,42129
4.4611,42142
4.4665,42104
4.4721,42117
4.4777,42110
4.4834,41928
4.4887,41871
4.4944,42069
4.4998,41923
4.5054,41952
4.511,41969
4.5167,41935
4.522,41893
4.5277,41890
4.5333,41662
4.5387,41744
4.5443,41977
4.55,41778
4.5556,41752
4.561,41869
4.5666,41655
4.572,41608
4.5776,41564
4.5833,41668
4.5886,41673
4.5943,41511
4.5999,41537
4.6053,41527
4.611,41399
4.6166,41488
4.622,41520
4.6276,41446
4.6333,41405
4.6389,41468
4.6443,41235
4.6499,41328
4.6555,41501
4.6609,41277
4.6665,41272
4.6722,41251
4.6775,41105
4.6832,41180
4.6888,41251
4.6945,40980
4.6998,41163
4.7055,41092
4.7111,41033
4.7165,41075
4.7221,40948
4.7277,40958
4.7331,40867
4.7387,40802
4.7444,40814
4.75,40950
4.7554,40817
4.761,40835
4.7667,40804
4.772,40571
4.7776,40639
4.7833,40784
4.7886,40562
4.7943,40624
4.7999,40595
4.8056,40557
4.8109,40582
4.8166,40621
4.8222,40506
4.8276,40505
4.8332,40600
4.8389,40434
4.8442,40449
4.8499,40473
4.8555,40581
4.8609,40204
4.8665,40322
4.8722,40314
4.8776,40296
4.8832,40360
4.8889,40302
4.8943,40110
4.8999,40341
4.9055,40009
4.9109,40144
4.9165,40157
4.9222,40092
4.9278,40116
4.9332,39946
4.9388,39996
4.9445,39914
4.9499,39889
4.9555,39871
4.9611,39788
4.9665,39787
4.9721,39949
4.9775,39817
4.9832,39745
4.9888,39894
4.9944,39816
4.9998,39935
5.0055,39518
5.0108,39612
5.0165,39667
5.0221,39716
5.0278,39570
5.0331,39578
5.0388,39543
5.0444,39611
5.0497,39523
5.0554,39377
5.061,39376
5.0667,39629
5.072,39388
5.0776,39355
5.0833,39472
5.0889,39272
5.0943,39198
5.0998,39266
5.1054,39179
5.1111,39303
5.1167,39180
5.1221,39009
5.1276,39135
5.1333,39162
5.1389,39280
5.1443,39071
5.1499,38909
5.1554,39023
5.161,38926
5.1667,38936
5.172,38901
5.1777,38958
5.1832,39012
5.1889,38779
5.1942,38736
5.1998,38932
5.2055,38863
5.211,38905
5.2167,38634
5.222,38950
5.2277,38798
5.2333,38789
5.2386,38602
5.2443,38572
5.2499,38628
5.2556,38579
5.2609,38790
5.2665,38741
5.2722,38560
5.2775,38333
5.2832,38432
5.2888,38439
5.2944,38389
5.2998,38480
5.3054,38400
5.311,38236
5.3167,38339
5.322,38290
5.3277,38402
5.3333,38374
5.3387,38255
5.3443,38262
5.3499,38154
5.3556,38137
5.3609,38132
5.3666,38146
5.3722,38029
5.3775,37990
5.3832,38064
5.3888,38027
5.3945,37912
5.3998,38189
5.4055,37909
5.4111,38064
5.4165,37962
5.4221,38048
5.4277,37850
5.4331,37914
5.4387,37981
5.4444,37850
5.45,37800
5.4554,37787
5.461,37889
5.4667,37665
5.472,37842
5.4776,37528
5.4833,37727
5.4889,37839
5.4943,37571
5.4999,37610
5.5053,37720
5.5109,37536
5.5166,37515
5.5222,37473
5.5276,37514
5.5332,37605
5.5388,37571
5.5442,37631
5.5498,37432
5.5555,37411
5.5611,37531
5.5665,37286
5.5721,37445
5.5778,37255
5.5831,37404
5.5888,37292
5.5944,37395
5.6,37342
5.6054,37218
5.611,37257
5.6166,37217
5.6223,37384
5.6276,37224
5.6333,37153
5.6389,36994
5.6443,37039
5.6499,37046
5.6555,37143
5.6609,37093
5.6665,37191
5.6721,36975
5.6778,37102
5.6831,36862
5.6888,36970
5.6944,36849
5.6998,36875
5.7054,36893
5.7111,36889
5.7167,37032
5.7221,36801
5.7277,36810
5.7333,36963
5.7387,36692
5.7443,36729
5.75,36798
5.7553,36807
5.761,36630
5.7666,36786
5.7722,36815
5.7776,36747
5.7831,36623
5.7888,36636
5.7944,36675
5.8,36778
5.8054,36640
5.811,36454
5.8166,36598
5.8223,36482
5.8276,36563
5.8332,36612
5.8388,36541
5.8444,36430
5.8501,36391
5.8554,36393
5.861,36490
5.8666,36350
5.8722,36380
5.8776,36337
5.8832,36383
5.8888,36251
5.8944,36446
5.8998,36237
5.9054,36202
5.911,36214
5.9166,36252
5.9222,36340
5.9276,36166
5.9332,36201
5.9389,36144
5.9445,36193
5.9499,36148
5.9555,36034
5.9611,36120
5.9665,35995
5.9721,36179
5.9777,36191
5.9831,36071
5.9887,35903
5.9944,36034
6.0,35880
6.0054,35936
6.011,35916
6.0167,36034
6.022,35951
6.0276,36039
6.0333,35840
6.0389,35999
6.0443,35937
6.0499,36028
6.0555,35847
6.0609,35892
6.0665,35675
6.0722,36004
6.0778,35846
6.0832,35849
6.0889,35719
6.0942,36022
6.0998,35764
6.1055,35957
6.1111,35801
6.1165,35653
6.1221,35840
6.1278,35754
6.1332,35810
6.1388,35793
6.1445,35614
6.1498,35759
6.1555,35751
6.1611,35788
6.1665,35732
6.1721,35669
6.1778,35721
6.1834,35678
6.1887,35695
6.1944,35649
6.1998,35660
6.2054,35489
6.211,35676
6.2167,35690
6.222,35525
6.2277,35774
6.2333,35414
6.239,35553
6.2443,35581
6.25,35501
6.2556,35485
6.261,35616
6.2666,35581
6.2722,35478
6.2776,35449
6.2832,35389
6.2889,35311
6.2942,35599
6.2999,35611
6.3055,35561
6.3111,35429
6.3165,35391
6.3222,35603
6.3278,35447
6.3332,35301
6.3388,35454
6.3444,35370
6.3498,35406
6.3554,35299
6.3611,35409
6.3665,35460
6.3721,35286
6.3777,35357
6.3834,35297
6.3887,35350
6.3944,35332
6.4,35470
6.4054,35456
6.4111,35439
6.4164,35293
6.4221,35298
6.4277,35382
6.4334,35325
6.4387,35241
6.4444,35321
6.45,35373
6.4553,35241
6.461,35370
6.4666,35290
6.4723,35228
6.4776,35290
6.4832,35174
6.4889,35415
6.4945,35220
6.4999,35232
6.5055,35258
6.5111,35402
6.5165,35253
6.5221,35377
6.5278,35272
6.5331,35197
6.5388,35288
6.5444,35223
6.5501,35364
6.5554,35235
6.561,35087
6.5667,35210
6.572,35250
6.5777,35087
6.5833,35323
6.5889,35268
6.5943,35242
6.6,35237
6.6056,35042
6.611,35272
6.6166,35256
6.6222,35157
6.6276,35284
6.6333,35251
6.6389,35088
6.6443,35279
6.6499,35157
6.6555,35300
6.6612,35203
6.6665,35219
6.6722,35333
6.6776,35062
6.6832,35042
6.6889,35252
6.6945,35024
6.6998,35223
6.7054,35263
6.711,35170
6.7167,35191
6.7223,35183
6.7276,35260
6.7332,35178
6.7388,35374
6.7445,35198
6.7498,35104
6.7555,35089
6.761,35168
6.7666,34974
6.7723,35216
6.7777,35102
6.7833,35154
6.7887,35268
6.7943,35240
6.8,35175
6.8056,35068
6.811,35087
6.8166,35258
6.8222,35242
6.8276,35293
6.8333,35258
6.8389,35161
6.8443,35094
6.8499,35260
6.8555,35171
6.8609,35289
6.8666,35293
6.8722,35095
6.8779,35156
6.8832,35312
6.8889,35298
6.8942,35165
6.8999,35145
6.9055,35183
6.9112,35281
6.9165,35094
6.9222,35020
6.9278,35302
6.9332,35113
6.9388,35271
6.9445,35170
6.9498,35094
6.9554,35154
6.9611,35263
6.9664,35277
6.9721,35186
6.9777,35384
6.9834,35225
6.9887,35190
6.9944,35371
7.0,35195
7.0054,35174
7.011,35299
7.0167,35325
7.0223,35274
7.0277,35271
7.0333,35469
7.0387,35267
7.0443,35441
7.05,35363
7.0556,35231
7.061,35188
7.0666,35249
7.072,35314
7.0777,35395
7.0833,35306
7.0887,35338
7.0943,35325
7.1,35338
7.1056,35275
7.111,35393
7.1166,35227
7.122,35355
7.1277,35466
7.1333,35267
7.1389,35393
7.1443,35347
7.1499,35207
7.1556,35283
7.161,35293
7.1666,35369
7.1723,35438
7.1776,35451
7.1833,35260
7.1889,35395
7.1943,35359
7.1999,35325
7.2055,35456
7.2112,35389
7.2166,35548
7.2222,35521
7.2276,35341
7.2332,35511
7.2388,35363
7.2445,35352
7.2498,35454
7.2555,35375
7.2611,35564
7.2665,35429
7.2721,35566
7.2778,35529
7.2831,35421
7.2888,35411
7.2944,35538
7.2998,35400
7.3054,35671
7.3111,35496
7.3167,35556
7.3221,35582
7.3278,35633
7.3334,35580
7.3388,35617
7.3444,35532
7.35,35572
7.3554,35606
7.3609,35599
7.3666,35510
7.3722,35664
7.3779,35588
7.3832,35601
7.3887,35744
7.3944,35597
7.4,35813
7.4054,35585
7.411,35689
7.4166,35754
7.4222,35673
7.4278,35572
7.4332,35671
7.4389,35671
7.4444,35544
7.45,35728
7.4554,35773
7.461,35759
7.4666,35820
7.4722,35734
7.4778,35805
7.4832,35778
7.4888,35728
7.4945,35845
7.4998,35929
7.5055,35760
7.5111,35747
7.5165,35898
7.5221,35870
7.5278,35720
7.5332,35930
7.5388,35927
7.5444,35927
7.5501,35956
7.5554,35982
7.5611,35849
7.5667,36006
7.5721,35961
7.5777,35949
7.5833,35994
7.5887,35998
7.5944,35865
7.6,36043
7.6054,36072
7.611,35922
7.6166,36093
7.6223,35970
7.6276,35979
7.6333,36008
7.6389,36163
7.6443,36079
7.6499,36174
7.6556,36119
7.6609,36109
7.6665,36099
7.6722,36209
7.6778,36219
7.6832,36161
7.6888,36201
7.6945,36127
7.6998,36226
7.7055,36161
7.7111,36207
7.7168,36210
7.7221,36263
7.7278,36325
7.7331,36234
7.7388,36310
7.7444,36274
7.7498,36269
7.7554,36275
7.7611,36283
7.7667,36246
7.7721,36356
7.7777,36409
7.7834,36381
7.7888,36305
7.7944,36377
7.8001,36351
7.8054,36438
7.8111,36470
7.8167,36336
7.8221,36432
7.8277,36431
7.8333,36484
7.839,36455
7.8443,36457
7.85,36356
7.8556,36427
7.861,36424
7.8666,36464
7.8723,36499
7.8776,36618
7.8832,36530
7.8889,36465
7.8945,36491
7.8999,36653
7.9055,36572
7.9111,36544
7.9165,36556
7.9221,36594
7.9278,36528
7.9334,36575
7.9388,36645
7.9444,36766
7.95,36665
7.9554,36578
7.961,36580
7.9667,36654
7.972,36711
7.9777,36709
7.9833,36804
7.989,36747
7.9943,36739
8.0,36738
8.0056,36727
8.011,36775
8.0166,36810
8.022,36797
8.0277,36878
8.0333,36864
8.039,36926
8.0443,36877
8.05,36846
8.0556,36929
8.061,36996
8.0666,36903
8.0722,36896
8.0779,36866
8.0832,36908
8.0889,36876
8.0945,36897
8.0999,36985
8.1055,36957
8.1111,36914
8.1165,36954
8.1221,37004
8.1278,37033
8.1334,37029
8.1388,37211
8.1444,36983
8.15,37036
8.1554,37110
8.161,37024
8.1667,37065
8.1723,36987
8.1776,37075
8.1833,37193
8.1889,37027
8.1943,37091
8.1998,37175
8.2055,37127
8.2111,37117
8.2167,37143
8.2221,37150
8.2276,37211
8.2333,37201
8.2389,37347
8.2445,37238
8.2499,37044
8.2554,37244
8.2611,37147
8.2667,37315
8.2721,37423
8.2777,37266
8.2832,37210
8.2889,37354
8.2945,37367
8.2999,37287
8.3055,37271
8.311,37532
8.3167,37246
8.3221,37389
8.3277,37403
8.3334,37388
8.3388,37413
8.3444,37496
8.35,37396
8.3554,37353
8.361,37410
8.3667,37514
8.3723,37429
8.3777,37441
8.3833,37388
8.3889,37411
8.3943,37462
8.3999,37478
8.4055,37444
8.4112,37463
8.4165,37532
8.4222,37394
8.4278,37612
8.4332,37559
8.4388,37541
8.4445,37600
8.4501,37567
8.4554,37640
8.4611,37609
8.4667,37484
8.4721,37558
8.4777,37607
8.4834,37627
8.4888,37660
8.4944,37616
8.5,37577
8.5057,37635
8.511,37539
8.5167,37724
8.5223,37668
8.5277,37660
8.5333,37795
8.5389,37659
8.5446,37663
8.5499,37641
8.5556,37723
8.5609,37744
8.5666,37690
8.5722,37614
8.5778,37761
8.5832,37734
8.5888,37757
8.5945,37730
8.5999,37623
8.6055,37774
8.6111,37820
8.6168,37789
8.6221,37811
8.6278,37843
8.6334,37857
8.639,37841
8.6444,37904
8.65,37887
8.6556,37831
8.661,37787
8.6666,37909
8.6722,37859
8.6779,37901
8.6832,37803
8.6889,37947
8.6945,37929
8.6999,37855
8.7056,37883
8.7112,37877
8.7166,37883
8.7222,37980
8.7278,37964
8.7332,37941
8.7388,37983
8.7445,37944
8.7498,38024
8.7555,37964
8.7611,37908
8.7668,37956
8.7721,38072
8.7777,37947
8.7834,38043
8.7887,37945
8.7944,38012
8.8,37960
8.8056,37914
8.811,38002
8.8166,38051
8.8223,38036
8.8279,37962
8.8333,38096
8.8389,38069
8.8445,38005
8.8499,38057
8.8555,38043
8.8611,38016
8.8668,38151
8.8721,38048
8.8778,38154
8.8832,38218
8.8888,38033
8.8945,38090
8.9001,38110
8.9055,38164
8.911,38055
8.9166,38115
8.9223,38132
8.9277,38154
8.9333,38155
8.9388,38098
8.9445,38204
8.9501,38217
8.9555,38182
8.9611,38143
8.9666,38238
8.9723,38192
8.9779,38194
8.9833,38260
8.9889,38240
8.9944,38176
9.0001,38153
9.0055,38211
9.0111,38211
9.0168,38193
9.0221,38274
9.0277,38151
9.0334,38203
9.0387,38217
9.0444,38167
9.05,38163
9.0556,38173
9.061,38230
9.0666,38215
9.0723,38130
9.0776,38225
9.0833,38263
9.0889,38343
9.0945,38215
9.0999,38134
9.1055,38262
9.1112,38295
9.1166,38258
9.1222,38338
9.1279,38262
9.1332,38405
9.1389,38326
9.1445,38230
9.1499,38248
9.1555,38286
9.1612,38291
9.1665,38375
9.1722,38412
9.1778,38380
9.1832,38382
9.1889,38376
9.1945,38259
9.1999,38267
9.2056,38375
9.2112,38380
9.2166,38290
9.2222,38375
9.2279,38315
9.2332,38343
9.2389,38346
9.2445,38446
9.2499,38427
9.2555,38412
9.2612,38485
9.2668,38311
9.2722,38337
9.2778,38345
9.2834,38404
9.2888,38405
9.2944,38357
9.3001,38376
9.3055,38314
9.3111,38401
9.3167,38393
9.3221,38356
9.3277,38381
9.3334,38341
9.3388,38419
9.3444,38368
9.35,38480
9.3554,38440
9.361,38443
9.3667,38365
9.3721,38427
9.3777,38451
9.3833,38352
9.389,38386
9.3943,38467
9.4,38449
9.4056,38344
9.411,38445
9.4166,38337
9.4223,38493
9.4279,38444
9.4332,38456
9.4389,38406
9.4445,38404
9.4499,38486
9.4555,38400
9.4612,38436
9.4665,38410
9.4722,38341
9.4778,38484
9.4832,38500
9.4888,38405
9.4944,38440
9.5001,38546
9.5054,38495
9.5111,38454
9.5167,38443
9.5221,38495
9.5277,38379
9.5333,38447
9.539,38512
9.5443,38473
9.55,38401
9.5556,38510
9.561,38450
9.5666,38516
9.5723,38462
9.5779,38500
9.5832,38575
9.5889,38458
9.5946,38466
9.5999,38395
9.6055,38438
9.6112,38536
9.6166,38481
9.6222,38492
9.6279,38583
9.6332,38463
9.6389,38369
9.6445,38478
9.6499,38531
9.6555,38561
9.6612,38476
9.6665,38494
9.6721,38507
9.6778,38475
9.6834,38561
9.6888,38519
9.6944,38561
9.7,38502
9.7057,38427
9.711,38495
9.7166,38526
9.7223,38460
9.7276,38593
9.7333,38506
9.7389,38495
9.7445,38493
9.7499,38475
9.7555,38576
9.7612,38414
9.7668,38521
9.7721,38640
9.7778,38503
9.7834,38527
9.7887,38575
9.7944,38563
9.8,38468
9.8054,38485
9.8111,38518
9.8167,38553
9.8223,38493
9.8277,38538
9.8332,38631
9.8389,38519
9.8445,38437
9.8499,38543
9.8555,38498
9.861,38544
9.8667,38623
9.8723,38508
9.8777,38538
9.8833,38518
9.8889,38473
9.8945,38566
9.9001,38579
9.9055,38563
9.9111,38504
9.9167,38524
9.9223,38599
9.9277,38398
9.9333,38588
9.9389,38527
9.9445,38523
9.9498,38559
9.9555,38506
9.9611,38586
9.9667,38510
9.9721,38524
9.9777,38506
9.9834,38538
9.9887,38556
9.9944,38455
10.0,38538
10.0057,38511
10.011,38549
10.0167,38599
10.0221,38543
10.0277,38506
10.0333,38469
10.039,38531
10.0443,38553
10.05,38555
10.0556,38472
10.061,38501
10.0666,38568
10.0722,38620
10.0779,38490
10.0832,38510
10.0889,38470
10.0945,38477
10.0999,38476
10.1055,38592
10.1112,38467
10.1168,38492
10.1222,38564
10.1278,38466
10.1334,38547
10.1388,38542
10.1444,38475
10.1501,38541
10.1554,38505
10.1611,38507
10.1667,38515
10.1723,38490
10.1776,38600
10.1833,38587
10.1889,38527
10.1946,38497
10.1999,38526
10.2056,38547
10.2112,38632
10.2165,38516
10.2222,38581
10.2278,38523
10.2334,38510
10.2388,38522
10.2444,38529
10.2501,38516
10.2557,38446
10.2611,38576
10.2667,38514
10.2723,38592
10.2777,38576
10.2833,38587
10.289,38473
10.2943,38495
10.3,38522
10.3056,38589
10.311,38447
10.3166,38490
10.3223,38438
10.3279,38463
10.3332,38472
10.3389,38442
10.3445,38442
10.3499,38550
10.3555,38470
10.3612,38466
10.3668,38526
10.3722,38567
10.3778,38498
10.3832,38505
10.3888,38545
10.3945,38524
10.4001,38607
10.4055,38441
10.4111,38528
10.4167,38452
10.4223,38419
10.4277,38498
10.4332,38495
10.4389,38528
10.4445,38555
10.4501,38454
10.4555,38458
10.461,38484
10.4667,38473
10.4723,38508
10.4779,38412
10.4833,38517
10.4888,38483
10.4945,38529
10.5001,38444
10.5055,38427
10.5111,38418
10.5167,38419
10.5223,38471
10.5277,38504
10.5333,38567
10.5389,38445
10.5445,38515
10.5501,38503
10.5555,38383
10.5611,38497
10.5668,38527
10.5721,38497
10.5778,38496
10.5834,38504
10.5888,38468
10.5944,38508
10.6,38528
10.6057,38531
10.6113,38513
10.6167,38386
10.6223,38379
10.6279,38497
10.6333,38492
10.6389,38425
10.6445,38468
10.6501,38532
10.6555,38487
10.6611,38528
10.6668,38363
10.6724,38463
10.6778,38486
10.6834,38476
10.689,38477
10.6944,38522
10.7,38477
10.7057,38390
10.7111,38509
10.7167,38488
10.7224,38540
10.7277,38496
10.7334,38519
10.739,38486
10.7444,38553
10.75,38523
10.7557,38466
10.761,38442
10.7667,38503
10.7723,38469
10.778,38443
10.7833,38485
10.7889,38517
10.7946,38465
10.7999,38499
10.8056,38496
10.8112,38455
10.8166,38512
10.8223,38458
10.8279,38505
10.8333,38409
10.8389,38472
10.8445,38505
10.8502,38454
10.8555,38510
10.8612,38402
10.8666,38378
10.8722,38404
10.8779,38355
10.8835,38361
10.8888,38373
10.8945,38420
10.9001,38405
10.9055,38448
10.9111,38368
10.9168,38454
10.9224,38454
10.9278,38369
10.9334,38473
10.939,38476
10.9444,38500
10.95,38511
10.9557,38424
10.9613,38398
10.9666,38410
10.9723,38384
10.9779,38511
10.9833,38438
10.9889,38379
10.9946,38453
10.9999,38385
11.0056,38447
11.0112,38339
11.0168,38385
11.0222,38460
11.0278,38409
11.0335,38384
11.0388,38425
11.0445,38417
11.0501,38391
11.0557,38317
11.0611,38400
11.0667,38294
11.0724,38406
11.0777,38421
11.0834,38449
11.089,38324
11.0946,38441
11.1,38322
11.1056,38422
11.1113,38326
11.1166,38348
11.1223,38291
11.1279,38414
11.1333,38413
11.1389,38367
11.1445,38369
11.1502,38390
11.1555,38450
11.1612,38310
11.1668,38314
11.1721,38334
11.1778,38366
11.1834,38315
11.1891,38296
11.1944,38476
11.2,38331
11.2057,38383
11.211,38340
11.2167,38395
11.2223,38310
11.2277,38393
11.2333,38404
11.2389,38302
11.2446,38330
11.2499,38369
11.2556,38446
11.2612,38389
11.2668,38383
11.2722,38302
11.2778,38311
11.2835,38339
11.2888,38378
11.2944,38314
11.3001,38288
11.3057,38307
11.3111,38447
11.3168,38383
11.3224,38295
11.3277,38395
11.3334,38238
11.339,38357
11.3444,38327
11.35,38310
11.3556,38303
11.3613,38256
11.3666,38263
11.3722,38319
11.3779,38234
11.3835,38315
11.3889,38336
11.3945,38247
11.4002,38315
11.4055,38370
11.4112,38314
11.4168,38386
11.4222,38252
11.4278,38303
11.4335,38260
11.4388,38266
11.4444,38270
11.4501,38202
11.4557,38224
11.4611,38287
11.4667,38351
11.4724,38361
11.4777,38304
11.4834,38262
11.489,38364
11.4944,38307
11.5,38382
11.5057,38237
11.511,38309
11.5167,38329
11.5222,38261
11.5278,38252
11.5335,38303
11.5388,38273
11.5445,38219
11.55,38295
11.5557,38259
11.5613,38340
11.5667,38197
11.5723,38277
11.5778,38314
11.5835,38161
11.5888,38255
11.5945,38300
11.6001,38323
11.6055,38332
11.6111,38252
11.6168,38129
11.6224,38329
11.6277,38196
11.6334,38238
11.639,38215
11.6444,38291
11.65,38230
11.6556,38323
11.6612,38290
11.6666,38239
11.6722,38274
11.6779,38295
11.6835,38222
11.6889,38296
11.6945,38180
11.7002,38236
11.7055,38330
11.7111,38236
11.7168,38217
11.7222,38284
11.7278,38281
11.7334,38143
11.7391,38066
11.7444,38194
11.7501,38139
11.7557,38219
11.7611,38211
11.7667,38152
11.7724,38185
11.7777,38203
11.7834,38291
11.789,38310
11.7943,38310
11.8,38171
11.8056,38140
11.8112,38182
11.8169,38105
11.8222,38097
11.8279,38179
11.8335,38175
11.8389,38207
11.8445,38188
11.8501,38165
11.8555,38118
11.8611,38201
11.8668,38254
11.8724,38200
11.8778,38056
11.8834,38210
11.889,38271
11.8944,38140
11.9,38127
11.9057,38196
11.9113,38154
11.9167,38183
11.9223,38171
11.9277,38112
11.9333,38236
11.939,38215
11.9446,38201
11.95,38148
11.9556,38204
11.9612,38090
11.9666,38168
11.9722,38153
11.9779,38188
11.9835,38138
11.9888,38217
11.9945,38225
12.0002,38198
12.0056,38272
12.011,38194
12.0167,38195
12.0223,38102
12.0279,38252
12.0333,38140
12.0388,38273
12.0445,38069
12.0501,38193
12.0558,38143
12.0611,38130
12.0666,38117
12.0723,38127
12.0779,38236
12.0833,38230
12.0889,38170
12.0945,38132
12.1001,38148
12.1057,38157
12.1111,38239
12.1167,38144
12.1223,38229
12.1279,38098
12.1333,38168
12.1389,38188
12.1446,38201
12.1501,38151
12.1557,38264
12.1611,38160
12.1667,38198
12.1724,38110
12.1777,38060
12.1834,38208
12.189,38255
12.1944,38126
12.2,38234
12.2057,38163
12.2111,38064
12.2167,38201
12.2223,38183
12.2277,38073
12.2333,38217
12.239,38184
12.2446,38201
12.2499,38131
12.2556,38124
12.2612,38221
12.2666,38094
12.2722,38183
12.2779,38209
12.2835,38157
12.2889,38181
12.2945,38203
12.3001,38209
12.3055,38267
12.3111,38146
12.3168,38328
12.3221,38075
12.3278,38192
12.3334,38113
12.3391,38148
12.3444,38119
12.3501,38114
12.3557,38079
12.3611,38113
12.3667,38198
12.3724,38231
12.3777,38168
12.3833,38180
12.389,37992
12.3943,38157
12.4,38046
12.4057,38209
12.4113,38064
12.4167,38082
12.4223,38245
12.4279,38133
12.4333,38156
12.4389,38167
12.4446,38093
12.4502,38071
12.4556,38060
12.4612,38121
12.4668,38171
12.4722,38053
12.4778,38099
12.4834,38092
12.4891,38251
12.4945,37992
12.5001,38072
12.5057,38004
12.5111,38031
12.5167,38090
12.5224,38007
12.5277,37959
12.5333,38037
12.539,37912
12.5446,38052
12.55,38044
12.5556,37967
12.5613,37968
12.5666,38072
12.5723,38106
12.5779,38079
12.5833,38161
12.5889,37968
12.5946,38033
12.5999,38157
12.6056,37939
12.6112,38035
12.6169,38143
12.6222,38059
12.6279,38133
12.6335,38055
12.6389,38015
12.6445,38035
12.6501,38055
12.6558,38101
12.6611,38060
12.6668,38021
12.6721,38249
12.6778,38182
12.6834,38102
12.6891,37974
12.6944,38090
12.7,38070
12.7057,38026
12.7113,37996
12.7167,37991
12.7223,37987
12.728,38031
12.7333,37973
12.739,37989
12.7444,38034
12.75,37977
12.7557,38026
12.7613,37941
12.7666,37936
12.7723,37957
12.7779,37972
12.7833,37998
12.7889,38002
12.7946,37981
12.8002,38086
12.8056,37845
12.8112,37905
12.8166,37889
12.8222,37936
12.8279,38001
12.8335,37971
12.8389,37915
12.8445,38042
12.8502,37934
12.8555,38029
12.8612,38017
12.8668,37923
12.8722,38046
12.8779,37942
12.8835,38074
12.8888,38012
12.8945,38007
12.9001,37994
12.9057,37989
12.9111,38023
12.9167,37875
12.9224,38093
12.9277,37958
12.9334,37918
12.939,38094
12.9447,38037
12.95,37862
12.9557,37920
12.9613,38037
12.9666,38034
12.9723,38095
12.9779,37931
12.9833,37915
12.9889,37853
12.9946,38019
13.0002,37942
13.0056,37907
13.0112,37907
13.0169,38025
13.0222,37973
13.0279,37775
13.0335,37932
13.0388,37911
13.0445,37876
13.0501,38016
13.0555,37829
13.0611,37889
13.0667,38048
13.0724,37845
13.0777,37885
13.0834,37847
13.089,37916
13.0947,37933
13.1,37877
13.1057,37867
13.1113,38009
13.1167,37959
13.1223,37897
13.1279,37845
13.1333,37842
13.1389,37922
13.1445,38039
13.1502,37937
13.1555,37905
13.1611,37959
13.1668,37808
13.1724,38002
13.1778,37985
13.1833,37786
13.189,37937
13.1946,37848
13.2,37880
13.2056,37977
13.2111,37799
13.2168,37937
13.2224,37795
13.2278,38008
13.2334,37831
13.239,37868
13.2446,37879
13.25,37768
13.2556,37855
13.2613,37781
13.2668,37746
13.2724,37881
13.2778,37852
13.2834,37780
13.2891,37767
13.2944,37869
13.3001,37805
13.3058,37725
13.3111,37831
13.3167,37923
13.3224,37749
13.3278,37745
13.3334,37684
13.339,37718
13.3444,37843
13.3501,37855
13.3557,37743
13.3611,37735
13.3667,37893
13.3724,37777
13.378,37723
13.3834,37797
13.389,37762
13.3946,37855
13.4,37761
13.4056,37697
13.4113,37778
13.4166,37787
13.4222,37832
13.4279,37761
13.4335,37698
13.4389,37792
13.4445,37804
13.4502,37793
13.4555,37714
13.4612,37670
13.4668,37758
13.4724,37776
13.4778,37847
13.4834,37733
13.4891,37829
13.4944,37695
13.5001,37718
13.5057,37842
13.5113,37844
13.5167,37710
13.5223,37759
13.528,37653
13.5334,37683
13.539,37811
13.5446,37788
13.55,37685
13.5556,37663
13.5611,37730
13.5667,37853
13.5723,37740
13.578,37709
13.5833,37685
13.5889,37646
13.5945,37735
13.6001,37698
13.6058,37725
13.6111,37723
13.6167,37683
13.6224,37622
13.628,37694
13.6334,37755
13.639,37737
13.6445,37780
13.6501,37797
13.6558,37674
13.6611,37630
13.6668,37727
13.6723,37744
13.6779,37746
13.6833,37733
13.6889,37761
13.6946,37636
13.7001,37778
13.7058,37702
13.7111,37701
13.7168,37746
13.7224,37745
13.7279,37728
13.7333,37640
13.7389,37755
13.7446,37712
13.7502,37841
13.7556,37622
13.7612,37693
13.7669,37781
13.7722,37633
13.7778,37685
13.7835,37592
13.7891,37602
13.7945,37668
13.8001,37654
13.8058,37728
13.8111,37719
13.8167,37476
13.8224,37772
13.8277,37658
13.8334,37715
13.839,37718
13.8446,37679
13.85,37606
13.8556,37666
13.8612,37669
13.8669,37615
13.8722,37717
13.8779,37729
13.8835,37807
13.8888,37652
13.8945,37673
13.9001,37709
13.9057,37737
13.9111,37754
13.9167,37710
13.9224,37783
13.9277,37720
13.9334,37760
13.939,37618
13.9446,37646
13.95,37708
13.9557,37537
13.9613,37594
13.9667,37540
13.9723,37581
13.9779,37684
13.9833,37722
13.9889,37509
13.9946,37766
14.0002,37655
14.0056,37719
14.0112,37621
14.0169,37597
14.0222,37577
14.0279,37628
14.0335,37620
14.0391,37598
14.0445,37521
14.0501,37600
14.0557,37598
14.0611,37575
14.0667,37511
14.0723,37588
14.078,37439
14.0833,37581
14.089,37538
14.0946,37536
14.1002,37560
14.1057,37590
14.1113,37546
14.1166,37648
14.1223,37662
14.1279,37610
14.1335,37617
14.1389,37564
14.1445,37677
14.1502,37636
14.1555,37584
14.1612,37566
14.1668,37674
14.1724,37520
14.1778,37646
14.1834,37670
14.1891,37645
14.1944,37705
14.2001,37610
14.2057,37593
14.2113,37579
14.2167,37609
14.2223,37556
14.228,37571
14.2333,37584
14.239,37694
14.2446,37557
14.25,37493
14.2556,37656
14.2612,37573
14.2669,37477
14.2722,37562
14.2779,37536
14.2835,37621
14.2888,37577
14.2945,37577
14.3001,37451
14.3057,37553
14.3111,37458
14.3167,37730
14.3224,37576
14.328,37535
14.3334,37587
14.339,37458
14.3446,37627
14.35,37613
14.3556,37534
14.3612,37621
14.3669,37615
14.3722,37499
14.3779,37625
14.3835,37602
14.3891,37612
14.3945,37504
14.4001,37464
14.4057,37644
14.4113,37680
14.4167,37501
14.4223,37579
14.428,37531
14.4333,37570
14.439,37577
14.4446,37514
14.45,37444
14.4556,37511
14.4613,37416
14.4669,37473
14.4722,37492
14.4779,37511
14.4835,37534
14.4891,37501
14.4945,37540
14.5001,37516
14.5058,37577
14.5111,37402
14.5168,37479
14.5224,37420
14.5277,37442
14.5334,37516
14.539,37516
14.5447,37598
14.55,37538
14.5556,37476
14.5613,37461
14.5666,37474
14.5723,37547
14.5779,37440
14.5835,37432
14.5889,37517
14.5946,37470
14.6002,37663
14.6055,37474
14.6112,37422
14.6168,37531
14.6224,37446
14.6278,37568
14.6334,37442
14.6391,37525
14.6444,37457
14.6501,37406
14.6557,37576
14.6613,37434
14.6667,37461
14.6723,37469
14.678,37411
14.6834,37446
14.689,37415
14.6946,37394
14.7002,37384
14.7056,37367
14.7112,37456
14.7168,37502
14.7222,37346
14.7279,37468
14.7333,37401
14.7389,37406
14.7446,37450
14.7502,37493
14.7556,37472
14.7611,37378
14.7668,37490
14.7724,37387
14.778,37461
14.7834,37371
14.7889,37487
14.7946,37394
14.8002,37364
14.8056,37529
14.8112,37312
14.8167,37268
14.8224,37281
14.8277,37348
14.8334,37407
14.839,37342
14.8445,37306
14.8502,37399
14.8555,37408
14.8612,37396
14.8668,37321
14.8724,37185
14.878,37414
14.8834,37337
14.889,37408
14.8946,37371
14.9,37287
14.9056,37403
14.9113,37238
14.9169,37352
14.9223,37298
14.9279,37403
14.9335,37385
14.9389,37272
14.9445,37279
14.9502,37436
14.9558,37280
14.9611,37366
14.9668,37266
14.9724,37260
14.9778,37296
14.9834,37277
14.989,37360
14.9947,37353
15.0,37291
15.0057,37285
15.0113,37421
15.0167,37383
15.0223,37203
15.0279,37246
15.0336,37328
15.0389,37457
15.0445,37363
15.0502,37357
15.0555,37378
15.0612,37293
15.0668,37458
15.0724,37374
15.0778,37310
15.0834,37343
15.0891,37353
15.0944,37338
15.1001,37310
15.1057,37379
15.1114,37271
15.1167,37289
15.1224,37346
15.128,37253
15.1334,37321
15.139,37283
15.1446,37292
15.1503,37367
15.1556,37333
15.1613,37369
15.1667,37349
15.1723,37376
15.1779,37274
15.1836,37259
15.1889,37390
15.1945,37362
15.2001,37368
15.2058,37214
15.2114,37320
15.2168,37333
15.2223,37401
15.2279,37283
15.2336,37253
15.2389,37257
15.2446,37282
15.2501,37280
15.2557,37290
15.2614,37354
15.2667,37300
15.2723,37177
15.2779,37299
15.2836,37283
15.2889,37306
15.2946,37190
15.3002,37220
15.3057,37281
15.3114,37160
15.3167,37210
15.3224,37150
15.328,37319
15.3334,37277
15.339,37257
15.3447,37380
15.35,37268
15.3557,37282
15.3613,37164
15.3667,37244
15.3723,37248
15.378,37319
15.3836,37255
15.3889,37272
15.3946,37302
15.4002,37226
15.4059,37263
15.4112,37297
15.4168,37230
15.4225,37251
15.4278,37183
15.4335,37278
15.4391,37139
15.4445,37242
15.4501,37233
15.4557,37242
15.4613,37129
15.4667,37108
15.4723,37226
15.478,37145
15.4836,37222
15.489,37287
15.4946,37154
15.5002,37106
15.5056,37201
15.5112,37264
15.5169,37187
15.5225,37176
15.5279,37191
15.5335,37161
15.5391,37164
15.5445,37323
15.5501,37281
15.5558,37357
15.5611,37238
15.5668,37241
15.5724,37114
15.5779,37398
15.5836,37300
15.5889,37383
15.5945,37195
15.6002,37239
15.6058,37284
15.6112,37223
15.6169,37251
15.6222,37188
15.6279,37164
15.6335,37157
15.6391,37167
15.6445,37055
15.6501,37309
15.6558,37004
15.6611,37222
15.6668,37203
15.6724,37282
15.6778,37202
15.6834,37222
15.6891,37160
15.6945,37304
15.7001,37265
15.7057,37236
15.7114,37135
15.7167,37059
15.7224,37130
15.728,37135
15.7334,37106
15.7391,37120
15.7447,37181
15.7501,37214
15.7557,37330
15.7614,37062
15.7667,37166
15.7724,37093
15.7778,37164
15.7834,37259
15.789,37187
15.7947,37081
15.8001,37019
15.8057,36985
15.8114,37130
15.8167,37093
15.8224,37128
15.828,37098
15.8334,37123
15.839,37281
15.8446,37088
15.85,37160
15.8556,36967
15.8613,37150
15.8669,37140
15.8724,37223
15.878,37095
15.8834,37181
15.889,37102
15.8947,37031
15.9,37019
15.9057,37136
15.9113,37099
15.917,37113
15.9223,37106
15.928,37044
15.9336,37107
15.939,37229
15.9446,37129
15.9503,37179
15.9557,36950
15.9613,37126
15.9667,37047
15.9724,37014
15.978,37036
15.9834,36981
15.9891,37254
15.9947,37049
16.0001,37002
16.0058,36883
16.0112,37060
16.0169,37099
16.0223,37000
16.028,36891
16.0334,37243
16.0391,37155
16.0445,36991
16.0501,37101
16.0558,37060
16.0612,37120
16.0669,37100
16.0723,37084
16.0779,37078
16.0836,37093
16.089,37091
16.0946,36933
16.1002,37204
16.1056,36991
16.1112,37018
16.1169,36958
16.1225,36912
16.1279,36946
16.1335,37148
16.1389,37048
16.1445,37056
16.1502,37116
16.1558,37108
16.1614,37097
16.1668,37107
16.1724,37083
16.178,37092
16.1836,37064
16.189,37234
16.1946,37106
16.2003,37041
16.2056,37113
16.2113,37157
16.2169,37096
16.2223,37107
16.2279,37088
16.2336,37036
16.2389,37123
16.2445,37190
16.2502,37108
16.2558,37163
16.2612,37066
16.2668,37189
16.2724,37117
16.2781,37077
16.2833,37001
16.289,37068
16.2946,37119
16.3003,37082
16.3056,37063
16.3111,37053
16.3168,37149
16.3224,37091
16.328,37044
16.3334,37064
16.3389,37164
16.3446,37106
16.3502,37027
16.3556,37197
16.3612,37131
16.3668,37149
16.3724,37062
16.378,37261
16.3834,37160
16.389,37078
16.3946,37144
16.4002,37134
16.4056,36987
16.4112,37026
16.4168,37207
16.4224,37101
16.428,37155
16.4334,37216
16.439,37087
16.4447,37126
16.4502,37136
16.4558,37061
16.4612,37026
16.4668,37104
16.4725,37124
16.4778,37190
16.4835,37216
16.4891,37015
16.4945,36946
16.5001,36903
16.5057,37071
16.5114,36926
16.5167,37054
16.5224,37092
16.528,37093
16.5334,37067
16.539,36966
16.5446,37101
16.5503,36871
16.5556,36978
16.5612,36924
16.5669,37040
16.5722,36964
16.5779,37061
16.5835,37053
16.5891,37058
16.5945,37010
16.6001,36971
16.6058,37076
16.6114,36872
16.6167,37012
16.6224,37054
16.628,37079
16.6334,37030
16.639,36995
16.6446,37024
16.6503,36921
16.6556,36949
16.6612,36969
16.6669,37086
16.6725,36903
16.6779,36937
16.6835,36960
16.6891,37029
16.6945,37088
16.7001,36943
16.7057,36955
16.7114,36946
16.7167,36941
16.7224,36879
16.728,37073
16.7334,36896
16.739,36960
16.7446,37066
16.7503,36971
16.7556,36971
16.7613,36968
16.7669,36919
16.7725,36935
16.7779,36953
16.7835,36981
16.7891,36903
16.7945,36887
16.8,36928
16.8057,36873
16.8113,36845
16.817,36890
16.8223,36862
16.8279,36910
16.8335,36943
16.8391,36918
16.8445,36986
16.8501,36926
16.8557,36920
16.8613,36879
16.8669,36927
16.8723,36932
16.878,36869
16.8835,36944
16.8891,36864
16.8945,37020
16.9001,36930
16.9058,36848
16.9113,36938
16.9169,36823
16.9223,36809
16.9279,36907
16.9336,36868
16.9391,36903
16.9447,36978
16.9501,36794
16.9558,36954
16.9611,36801
16.9668,36877
16.9724,36749
16.9781,36690
16.9835,36849
16.9891,36952
16.9947,36934
17.0003,36843
17.0057,36925
17.0114,36860
17.0167,36805
17.0224,36911
17.028,36899
17.0336,36860
17.039,36873
17.0446,36931
17.0503,36780
17.0556,36920
17.0613,36926
17.0669,36872
17.0723,36890
17.0779,36970
17.0836,36828
17.0892,36957
17.0945,36983
17.1002,36830
17.1058,36961
17.1112,36845
17.1168,36904
17.1225,36885
17.1281,37030
17.1334,36770
17.1391,36934
17.1447,36819
17.1501,36909
17.1557,36777
17.1614,36898
17.1668,36758
17.1724,36782
17.1781,36782
17.1835,36864
17.1892,36850
17.1945,36799
17.2001,36911
17.2058,36936
17.2114,36940
17.2168,36891
17.2224,37025
17.2281,36991
17.2334,36933
17.2391,36852
17.2447,36817
17.2501,36909
17.2557,36891
17.2613,36948
17.267,36946
17.2723,36878
17.278,36874
17.2836,36900
17.289,36781
17.2946,36839
17.3003,36880
17.3056,36797
17.3113,36821
17.3169,36835
17.3223,36776
17.3279,36859
17.3336,36921
17.3392,36826
17.3446,36963
17.3502,36807
17.3559,36808
17.3612,36848
17.3669,36921
17.3725,36898
17.3779,36870
17.3835,36844
17.3892,36946
17.3946,36856
17.4002,36943
17.4058,36889
17.4112,36835
17.4169,36896
17.4225,36803
17.4279,36825
17.4335,36752
17.4392,36989
17.4445,36905
17.4502,36968
17.4558,37008
17.4612,36897
17.4668,36724
17.4725,36850
17.4781,36897
17.4835,37003
17.4891,36984
17.4947,36918
17.5001,36901
17.5058,36900
17.5114,36953
17.5168,36919
17.5224,36883
17.5281,36826
17.5335,36788
17.5391,36934
17.5447,36810
17.5501,36963
17.5557,36696
17.5614,36904
17.567,36942
17.5724,36850
17.578,37013
17.5834,36986
17.589,36750
17.5947,36782
17.6003,36942
17.6057,36890
17.6113,36890
17.617,36875
17.6223,36843
17.628,36911
17.6336,36786
17.639,36892
17.6446,36821
17.6503,36826
17.6557,36847
17.6613,36777
17.667,36866
17.6723,36705
17.678,36928
17.6836,36906
17.689,36985
17.6946,36989
17.7003,36895
17.7056,37005
17.7113,36832
17.717,36874
17.7223,36842
17.7279,36914
17.7336,36781
17.739,36909
17.7446,36876
17.7503,36932
17.7559,36846
17.7613,36891
17.7669,36867
17.7725,36920
17.7779,36901
17.7836,36937
17.7892,36822
17.7946,36820
17.8002,36824
17.8058,36910
17.8112,36850
17.8168,36937
17.8225,36966
17.8281,36872
17.8335,36861
17.8391,36948
17.8447,36879
17.8501,36810
17.8557,36863
17.8614,36756
17.867,36768
17.8724,36725
17.878,36915
17.8837,36799
17.889,36888
17.8947,36968
17.9003,36821
17.9057,36762
17.9113,36671
17.917,36663
17.9224,36737
17.928,36932
17.9337,36921
17.939,36695
17.9447,36713
17.9503,36936
17.9557,36694
17.9613,36728
17.967,36843
17.9723,36829
17.978,36827
17.9836,36843
17.989,36798
17.9946,36859
18.0001,36846
18.0057,36983
18.0114,36898
18.017,36985
18.0223,36882
18.0279,36892
18.0335,36900
18.0391,36777
18.0448,36933
18.0501,36985
18.0557,36961
18.0613,36830
18.067,36940
18.0723,36888
18.0779,37029
18.0835,36877
18.0892,36893
18.0948,36930
18.1001,36808
18.1058,36804
18.1113,36922
18.1169,36883
18.1223,36863
18.128,36867
18.1336,36813
18.139,36903
18.1446,36974
18.1502,36845
18.1559,36818
18.1612,36838
18.1668,36898
18.1725,36966
18.1781,36898
18.1835,36882
18.1891,36880
18.1947,36913
18.2001,36999
18.2058,36856
18.2114,36818
18.2168,36835
18.2224,36820
18.2281,36877
18.2335,36771
18.2391,36804
18.2445,36857
18.2502,36899
18.2559,36884
18.2612,36794
18.2669,36794
18.2726,36769
18.278,36826
18.2836,36820
18.289,36755
18.2947,36759
18.3001,36869
18.3058,36707
18.3114,36774
18.3168,36674
18.3225,36819
18.3281,36863
18.3335,36805
18.3392,36755
18.3446,36843
18.3503,36690
18.3557,36800
