Experiment: Mar_18_osmo_expt vial 14, Thu Mar 18 18:20:50 2021
0.0052,59519
0.0109,59516
0.0165,59521
0.0219,59522
0.0275,59516
0.0332,59520
0.0388,59521
0.0442,59520
0.0498,59520
0.0554,59519
0.0608,59520
0.0664,59521
0.072,59516
0.0777,59516
0.083,59519
0.0887,59518
0.0943,59520
0.0997,59522
0.1053,59521
0.111,59520
0.1163,59519
0.122,59523
0.1276,59521
0.1332,59520
0.1386,59521
0.1442,59517
0.1498,59521
0.1554,59518
0.1608,59521
0.1664,59517
0.1721,59518
0.1774,59517
0.183,59518
0.1887,59518
0.1943,59518
0.1997,59519
0.2053,59519
0.2109,59515
0.2166,59517
0.2219,59514
0.2276,59520
0.2332,59515
0.2386,59519
0.2442,59518
0.2498,59517
0.2555,59517
0.2608,59519
0.2665,59518
0.2721,59515
0.2775,59518
0.283,59519
0.2886,59515
0.2942,59515
0.2999,59517
0.3052,59515
0.3108,59518
0.3164,59515
0.3221,59516
0.3275,59516
0.3331,59518
0.3386,59514
0.3442,59516
0.3499,59513
0.3552,59516
0.3608,59518
0.3664,59516
0.372,59519
0.3774,59517
0.383,59519
0.3887,59516
0.3942,59514
0.3998,59519
0.4052,59517
0.4108,59515
0.4165,59514
0.422,59517
0.4277,59519
0.433,59519
0.4387,59517
0.4443,59518
0.4496,59516
0.4553,59516
0.4609,59514
0.4666,59512
0.4719,59516
0.4776,59512
0.4832,59515
0.4885,59516
0.4942,59509
0.4998,59513
0.5054,59513
0.5108,59516
0.5164,59516
0.522,59515
0.5277,59513
0.533,59516
0.5387,59518
0.5443,59515
0.5497,59515
0.5553,59516
0.561,59512
0.5666,59517
0.572,59516
0.5776,59516
0.5832,59515
0.5886,59513
0.5942,59516
0.5999,59518
0.6052,59515
0.6108,59516
0.6165,59515
0.6221,59516
0.6277,59517
0.6331,59514
0.6387,59511
0.6444,59513
0.6497,59515
0.6554,59516
0.661,59516
0.6663,59518
0.672,59517
0.6776,59517
0.6832,59515
0.6886,59512
0.6942,59514
0.6999,59511
0.7052,59512
0.7109,59514
0.7165,59512
0.7221,59514
0.7275,59516
0.7331,59513
0.7388,59513
0.7441,59513
0.7498,59515
0.7554,59514
0.7607,59513
0.7664,59516
0.772,59517
0.7777,59516
0.783,59513
0.7887,59519
0.7943,59512
0.7997,59516
0.8053,59515
0.8109,59513
0.8166,59512
0.8219,59518
0.8276,59516
0.8332,59518
0.8385,59517
0.8442,59513
0.8498,59515
0.8555,59515
0.8608,59517
0.8664,59516
0.872,59519
0.8777,59516
0.883,59514
0.8887,59520
0.8943,59519
0.8997,59516
0.9053,59515
0.9109,59515
0.9163,59517
0.9219,59514
0.9276,59518
0.9332,59515
0.9388,59513
0.9442,59514
0.9498,59513
0.9555,59514
0.9608,59516
0.9663,59516
0.972,59515
0.9776,59514
0.9832,59513
0.9886,59514
0.9941,59514
0.9998,59517
1.0054,59516
1.0108,59518
1.0164,59515
1.022,59513
1.0276,59516
1.0332,59508
1.0386,59511
1.0443,59517
1.0498,59512
1.0554,59517
1.0608,59514
1.0664,59515
1.072,59520
1.0776,59515
1.0832,59517
1.0886,59515
1.0942,59514
1.0999,59516
1.1054,59517
1.111,59513
1.1164,59515
1.122,59516
1.1276,59514
1.133,59513
1.1386,59514
1.1443,59514
1.1499,59512
1.1553,59517
1.1609,59516
1.1666,59512
1.1719,59514
1.1776,59515
1.1832,59517
1.1888,59515
1.1942,59513
1.1998,59516
1.2054,59516
1.2108,59513
1.2164,59516
1.222,59515
1.2277,59516
1.233,59512
1.2387,59515
1.2443,59515
1.2499,59514
1.2553,59514
1.2609,59519
1.2666,59514
1.2719,59518
1.2776,59512
1.2832,59513
1.2888,59511
1.2942,59515
1.2998,59517
1.3055,59518
1.3108,59517
1.3165,59515
1.3221,59516
1.3275,59514
1.3331,59514
1.3387,59514
1.3444,59517
1.3497,59514
1.3554,59518
1.361,59519
1.3664,59514
1.372,59519
1.3776,59516
1.383,59517
1.3886,59519
1.3943,59517
1.3999,59519
1.4053,59516
1.4109,59517
1.4166,59516
1.4219,59516
1.4275,59515
1.4332,59516
1.4388,59519
1.4442,59518
1.4498,59518
1.4554,59515
1.4608,59514
1.4664,59516
1.4721,59517
1.4777,59516
1.4831,59517
1.4887,59514
1.4943,59516
1.4997,59516
1.5053,59517
1.511,59517
1.5166,59514
1.522,59512
1.5276,59514
1.5333,59513
1.5386,59515
1.5443,59514
1.5499,59516
1.5553,59513
1.5609,59516
1.5665,59516
1.5722,59513
1.5775,59514
1.5832,59514
1.5888,59515
1.5942,59515
1.5998,59515
1.6054,59518
1.6108,59512
1.6165,59515
1.6221,59514
1.6277,59514
1.6331,59511
1.6387,59515
1.6443,59515
1.6497,59514
1.6553,59516
1.661,59513
1.6666,59514
1.6719,59515
1.6776,59515
1.6832,59513
1.6886,59514
1.6942,59511
1.6998,59512
1.7055,59516
1.7108,59512
1.7164,59516
1.7221,59515
1.7277,59512
1.7331,59518
1.7387,59515
1.7443,59515
1.7497,59515
1.7553,59514
1.761,59514
1.7666,59512
1.772,59514
1.7776,59513
1.7833,59512
1.7886,59514
1.7942,59515
1.7999,59515
1.8053,59513
1.8109,59515
1.8165,59514
1.8221,59516
1.8275,59516
1.8331,59516
1.8388,59516
1.8441,59514
1.8498,59516
1.8554,59515
1.861,59514
1.8664,59516
1.872,59515
1.8776,59516
1.8833,59517
1.8886,59510
1.8943,59516
1.8999,59516
1.9053,59512
1.9109,59517
1.9164,59517
1.922,59517
1.9277,59514
1.9333,59516
1.9386,59513
1.9442,59514
1.9499,59511
1.9555,59513
1.9609,59516
1.9665,59515
1.972,59517
1.9777,59511
1.9831,59514
1.9887,59515
1.9943,59515
1.9997,59515
2.0053,59515
2.0108,59517
2.0164,59515
2.022,59516
2.0276,59514
2.0333,59515
2.0386,59514
2.0443,59516
2.0499,59513
2.0553,59515
2.0609,59513
2.0666,59514
2.0719,59513
2.0776,59512
2.0832,59514
2.0886,59511
2.0942,59512
2.0998,59513
2.1055,59511
2.1108,59507
2.1165,59512
2.1221,59509
2.1277,59509
2.1331,59512
2.1387,59510
2.1443,59513
2.1497,59507
2.1554,59508
2.161,59508
2.1666,59512
2.172,59512
2.1776,59511
2.1832,59510
2.1886,59509
2.1943,59510
2.1999,59510
2.2052,59511
2.2109,59507
2.2165,59508
2.2219,59509
2.2275,59507
2.2332,59508
2.2388,59509
2.2442,59510
2.2498,59507
2.2555,59506
2.2608,59508
2.2665,59510
2.2721,59511
2.2775,59506
2.2831,59511
2.2887,59506
2.2944,59508
2.2997,59510
2.3054,59512
2.311,59512
2.3166,59511
2.322,59511
2.3277,59506
2.3333,59505
2.3386,59509
2.3443,59513
2.3499,59508
2.3555,59510
2.3609,59509
2.3665,59505
2.3721,59508
2.3775,59507
2.3831,59512
2.3888,59507
2.3944,59506
2.3998,59510
2.4054,59511
2.4108,59504
2.4164,59509
2.4221,59510
2.4277,59511
2.4331,59508
2.4387,59506
2.4443,59511
2.45,59509
2.4553,59509
2.461,59505
2.4666,59506
2.4719,59504
2.4776,59509
2.4832,59503
2.4888,59505
2.4942,59508
2.4998,59506
2.5055,59510
2.5108,59509
2.5164,59508
2.522,59506
2.5276,59507
2.5333,59509
2.5386,59508
2.5442,59507
2.5498,59504
2.5554,59508
2.5608,59505
2.5665,59508
2.572,59508
2.5776,59514
2.5833,59503
2.5886,59507
2.5942,59508
2.5998,59510
2.6054,59506
2.6111,59509
2.6164,59509
2.6221,59506
2.6276,59508
2.6332,59508
2.6386,59506
2.6442,59506
2.6499,59508
2.6554,59505
2.6611,59507
2.6664,59510
2.672,59507
2.6777,59509
2.683,59504
2.6886,59507
2.6943,59505
2.6999,59510
2.7055,59509
2.7109,59505
2.7165,59507
2.7222,59506
2.7275,59503
2.7332,59509
2.7388,59508
2.7442,59507
2.7498,59507
2.7554,59509
2.7611,59506
2.7665,59509
2.7721,59509
2.7777,59509
2.7831,59508
2.7887,59506
2.7943,59505
2.8,59507
2.8053,59505
2.811,59508
2.8166,59506
2.822,59507
2.8276,59507
2.8332,59508
2.8389,59506
2.8442,59504
2.8499,59511
2.8555,59506
2.8609,59505
2.8665,59507
2.8721,59505
2.8775,59504
2.8831,59512
2.8888,59508
2.8944,59507
2.8998,59508
2.9054,59507
2.9108,59511
2.9164,59509
2.9221,59507
2.9277,59509
2.9331,59505
2.9387,59509
2.9444,59507
2.9497,59504
2.9554,59506
2.961,59505
2.9664,59508
2.972,59509
2.9777,59506
2.983,59508
2.9887,59503
2.9943,59506
2.9997,59506
3.0054,59503
3.011,59504
3.0166,59503
3.022,59502
3.0277,59509
3.033,59502
3.0387,59510
3.0443,59506
3.0499,59505
3.0553,59505
3.0609,59503
3.0666,59502
3.0722,59505
3.0775,59505
3.0832,59504
3.0889,59504
3.0942,59505
3.0999,59505
3.1055,59505
3.1109,59507
3.1166,59506
3.1222,59507
3.1276,59505
3.1332,59503
3.1388,59507
3.1442,59504
3.1498,59508
3.1554,59504
3.1611,59507
3.1664,59502
3.1721,59503
3.1775,59507
3.1831,59505
3.1888,59504
3.1944,59501
3.1998,59502
3.2054,59502
3.2108,59505
3.2164,59507
3.2221,59505
3.2277,59500
3.2331,59504
3.2387,59505
3.2444,59507
3.2497,59504
3.2553,59507
3.261,59506
3.2666,59507
3.272,59505
3.2776,59506
3.2833,59505
3.2887,59505
3.2943,59501
3.2999,59505
3.3053,59506
3.3109,59505
3.3166,59506
3.322,59505
3.3276,59506
3.3332,59504
3.3389,59504
3.3442,59507
3.3499,59505
3.3555,59508
3.3608,59502
3.3665,59507
3.3721,59502
3.3778,59506
3.3831,59502
3.3888,59506
3.3944,59509
3.3998,59503
3.4054,59503
3.4111,59508
3.4164,59510
3.4221,59506
3.4277,59507
3.4331,59513
3.4388,59508
3.4444,59505
3.4498,59510
3.4554,59508
3.461,59508
3.4664,59506
3.4721,59507
3.4777,59511
3.4831,59510
3.4887,59508
3.4942,59512
3.4998,59508
3.5055,59510
3.5111,59507
3.5165,59505
3.522,59508
3.5276,59508
3.5333,59509
3.5386,59508
3.5443,59503
3.5498,59507
3.5554,59507
3.5611,59507
3.5664,59505
3.572,59504
3.5776,59507
3.5832,59505
3.5886,59506
3.5942,59508
3.5999,59504
3.6054,59505
3.6111,59507
3.6164,59507
3.6221,59507
3.6277,59505
3.6331,59504
3.6387,59506
3.6444,59504
3.6497,59508
3.6554,59506
3.661,59504
3.6667,59507
3.672,59500
3.6777,59508
3.6833,59507
3.6887,59503
3.6943,59508
3.7,59507
3.7053,59506
3.711,59504
3.7166,59503
3.722,59505
3.7276,59508
3.7332,59506
3.7389,59505
3.7442,59503
3.7499,59502
3.7555,59504
3.7609,59508
3.7665,59505
3.7721,59508
3.7775,59506
3.7831,59506
3.7888,59501
3.7944,59505
3.7998,59508
3.8054,59507
3.811,59505
3.8164,59507
3.822,59504
3.8277,59507
3.8333,59507
3.8387,59504
3.8443,59506
3.85,59504
3.8553,59501
3.861,59507
3.8666,59505
3.872,59506
3.8777,59509
3.8833,59506
3.8886,59506
3.8943,59505
3.8999,59505
3.9053,59506
3.911,59505
3.9166,59505
3.922,59506
3.9276,59509
3.9333,59507
3.9386,59508
3.9443,59506
3.9499,59505
3.9553,59509
3.9609,59504
3.9666,59503
3.972,59505
3.9776,59507
3.9833,59508
3.9886,59506
3.9943,59507
3.9999,59503
4.0053,59507
4.0109,59509
4.0166,59507
4.0222,59505
4.0276,59508
4.0332,59506
4.0389,59505
4.0442,59507
4.0499,59507
4.0555,59506
4.0609,59506
4.0665,59508
4.0722,59507
4.0775,59509
4.0832,59506
4.0888,59509
4.0942,59505
4.0998,59507
4.1055,59508
4.1111,59506
4.1165,59507
4.1221,59506
4.1278,59508
4.1332,59510
4.1388,59505
4.1444,59507
4.1497,59506
4.1554,59506
4.161,59505
4.1667,59508
4.172,59507
4.1775,59504
4.1832,59504
4.1888,59507
4.1945,59505
4.1998,59505
4.2053,59508
4.211,59504
4.2166,59503
4.222,59503
4.2276,59502
4.2331,59505
4.2388,59504
4.2442,59507
4.2498,59502
4.2555,59504
4.2609,59505
4.2665,59502
4.2721,59505
4.2778,59502
4.2831,59504
4.2888,59504
4.2944,59504
4.2998,59504
4.3054,59506
4.311,59502
4.3164,59505
4.3221,59504
4.3277,59504
4.3331,59503
4.3387,59507
4.3444,59501
4.35,59505
4.3553,59505
4.361,59504
4.3666,59504
4.372,59503
4.3776,59506
4.3832,59501
4.3886,59504
4.3942,59505
4.3999,59504
4.4055,59504
4.4109,59503
4.4165,59504
4.4222,59509
4.4275,59505
4.4332,59506
4.4388,59503
4.4445,59504
4.4498,59501
4.4555,59505
4.4611,59508
4.4665,59504
4.4721,59504
4.4777,59504
4.4834,59498
4.4887,59500
4.4944,59503
4.4998,59501
4.5054,59503
4.511,59504
4.5167,59504
4.522,59502
4.5277,59505
4.5333,59504
4.5387,59503
4.5443,59503
4.55,59507
4.5556,59506
4.561,59505
4.5666,59508
4.572,59504
4.5776,59502
4.5833,59506
4.5886,59505
4.5943,59505
4.5999,59505
4.6053,59503
4.611,59502
4.6166,59502
4.622,59506
4.6276,59506
4.6333,59505
4.6389,59502
4.6443,59503
4.6499,59507
4.6555,59504
4.6609,59506
4.6665,59503
4.6722,59506
4.6775,59503
4.6832,59506
4.6888,59502
4.6945,59504
4.6998,59506
4.7055,59504
4.7111,59507
4.7165,59506
4.7221,59505
4.7277,59506
4.7331,59503
4.7387,59503
4.7444,59503
4.75,59501
4.7554,59502
4.761,59505
4.7667,59505
4.772,59505
4.7776,59503
4.7833,59501
4.7886,59498
4.7943,59502
4.7999,59507
4.8056,59506
4.8109,59503
4.8166,59504
4.8222,59503
4.8276,59507
4.8332,59509
4.8389,59505
4.8442,59506
4.8499,59503
4.8555,59505
4.8609,59504
4.8665,59506
4.8722,59503
4.8776,59505
4.8832,59502
4.8889,59506
4.8943,59502
4.8999,59509
4.9055,59505
4.9109,59502
4.9165,59505
4.9222,59502
4.9278,59506
4.9332,59502
4.9388,59505
4.9445,59506
4.9499,59500
4.9555,59503
4.9611,59505
4.9665,59503
4.9721,59503
4.9775,59502
4.9832,59506
4.9888,59506
4.9944,59503
4.9998,59503
5.0055,59503
5.0108,59506
5.0165,59502
5.0221,59508
5.0278,59505
5.0331,59506
5.0388,59505
5.0444,59506
5.0497,59503
5.0554,59504
5.061,59504
5.0667,59505
5.072,59505
5.0776,59506
5.0833,59503
5.0889,59506
5.0943,59504
5.0998,59501
5.1054,59502
5.1111,59503
5.1167,59503
5.1221,59508
5.1276,59507
5.1333,59504
5.1389,59503
5.1443,59504
5.1499,59505
5.1554,59505
5.161,59505
5.1667,59508
5.172,59504
5.1777,59505
5.1832,59504
5.1889,59499
5.1942,59502
5.1998,59503
5.2055,59506
5.211,59502
5.2167,59504
5.222,59507
5.2277,59506
5.2333,59506
5.2386,59506
5.2443,59503
5.2499,59507
5.2556,59507
5.2609,59506
5.2665,59506
5.2722,59506
5.2775,59504
5.2832,59503
5.2888,59505
5.2944,59504
5.2998,59505
5.3054,59503
5.311,59503
5.3167,59502
5.322,59508
5.3277,59502
5.3333,59498
5.3387,59503
5.3443,59501
5.3499,59504
5.3556,59503
5.3609,59502
5.3666,59506
5.3722,59505
5.3775,59504
5.3832,59504
5.3888,59504
5.3945,59503
5.3998,59505
5.4055,59504
5.4111,59500
5.4165,59505
5.4221,59500
5.4277,59503
5.4331,59505
5.4387,59502
5.4444,59505
5.45,59505
5.4554,59505
5.461,59507
5.4667,59508
5.472,59505
5.4776,59506
5.4833,59503
5.4889,59503
5.4943,59504
5.4999,59502
5.5053,59502
5.5109,59500
5.5166,59501
5.5222,59504
5.5276,59504
5.5332,59503
5.5388,59505
5.5442,59506
5.5498,59505
5.5555,59504
5.5611,59504
5.5665,59504
5.5721,59504
5.5778,59505
5.5831,59507
5.5888,59506
5.5944,59505
5.6,59504
5.6054,59507
5.611,59506
5.6166,59507
5.6223,59506
5.6276,59504
5.6333,59507
5.6389,59506
5.6443,59505
5.6499,59506
5.6555,59508
5.6609,59505
5.6665,59506
5.6721,59507
5.6778,59507
5.6831,59505
5.6888,59503
5.6944,59506
5.6998,59503
5.7054,59501
5.7111,59506
5.7167,59505
5.7221,59503
5.7277,59503
5.7333,59502
5.7387,59502
5.7443,59503
5.75,59504
5.7553,59503
5.761,59502
5.7666,59503
5.7722,59499
5.7776,59500
5.7831,59498
5.7888,59501
5.7944,59501
5.8,59503
5.8054,59504
5.811,59504
5.8166,59503
5.8223,59501
5.8276,59501
5.8332,59502
5.8388,59499
5.8444,59504
5.8501,59503
5.8554,59506
5.861,59504
5.8666,59502
5.8722,59504
5.8776,59501
5.8832,59502
5.8888,59503
5.8944,59503
5.8998,59503
5.9054,59503
5.911,59504
5.9166,59505
5.9222,59504
5.9276,59501
5.9332,59505
5.9389,59508
5.9445,59505
5.9499,59505
5.9555,59503
5.9611,59506
5.9665,59505
5.9721,59504
5.9777,59501
5.9831,59505
5.9887,59504
5.9944,59506
6.0,59507
6.0054,59503
6.011,59507
6.0167,59502
6.022,59507
6.0276,59505
6.0333,59508
6.0389,59505
6.0443,59507
6.0499,59505
6.0555,59503
6.0609,59504
6.0665,59505
6.0722,59503
6.0778,59507
6.0832,59501
6.0889,59504
6.0942,59504
6.0998,59507
6.1055,59507
6.1111,59506
6.1165,59506
6.1221,59505
6.1278,59502
6.1332,59502
6.1388,59506
6.1445,59502
6.1498,59506
6.1555,59504
6.1611,59503
6.1665,59506
6.1721,59506
6.1778,59508
6.1834,59505
6.1887,59506
6.1944,59505
6.1998,59506
6.2054,59505
6.211,59507
6.2167,59505
6.222,59505
6.2277,59504
6.2333,59508
6.239,59505
6.2443,59507
6.25,59507
6.2556,59505
6.261,59504
6.2666,59506
6.2722,59510
6.2776,59506
6.2832,59509
6.2889,59506
6.2942,59504
6.2999,59508
6.3055,59508
6.3111,59504
6.3165,59504
6.3222,59507
6.3278,59505
6.3332,59505
6.3388,59507
6.3444,59505
6.3498,59505
6.3554,59507
6.3611,59505
6.3665,59509
6.3721,59509
6.3777,59506
6.3834,59508
6.3887,59504
6.3944,59506
6.4,59505
6.4054,59506
6.4111,59503
6.4164,59506
6.4221,59500
6.4277,59504
6.4334,59507
6.4387,59505
6.4444,59503
6.45,59504
6.4553,59503
6.461,59503
6.4666,59506
6.4723,59502
6.4776,59499
6.4832,59500
6.4889,59499
6.4945,59503
6.4999,59503
6.5055,59506
6.5111,59505
6.5165,59500
6.5221,59506
6.5278,59504
6.5331,59506
6.5388,59501
6.5444,59501
6.5501,59502
6.5554,59503
6.561,59500
6.5667,59504
6.572,59504
6.5777,59503
6.5833,59505
6.5889,59504
6.5943,59503
6.6,59506
6.6056,59506
6.611,59504
6.6166,59505
6.6222,59504
6.6276,59508
6.6333,59506
6.6389,59504
6.6443,59504
6.6499,59506
6.6555,59504
6.6612,59503
6.6665,59502
6.6722,59500
6.6776,59502
6.6832,59504
6.6889,59504
6.6945,59503
6.6998,59503
6.7054,59504
6.711,59501
6.7167,59508
6.7223,59504
6.7276,59505
6.7332,59504
6.7388,59506
6.7445,59507
6.7498,59504
6.7555,59505
6.761,59501
6.7666,59503
6.7723,59505
6.7777,59503
6.7833,59504
6.7887,59506
6.7943,59504
6.8,59504
6.8056,59505
6.811,59505
6.8166,59501
6.8222,59504
6.8276,59509
6.8333,59509
6.8389,59503
6.8443,59500
6.8499,59503
6.8555,59506
6.8609,59506
6.8666,59502
6.8722,59501
6.8779,59505
6.8832,59505
6.8889,59501
6.8942,59502
6.8999,59507
6.9055,59505
6.9112,59503
6.9165,59505
6.9222,59501
6.9278,59504
6.9332,59505
6.9388,59504
6.9445,59504
6.9498,59504
6.9554,59502
6.9611,59504
6.9664,59502
6.9721,59503
6.9777,59504
6.9834,59504
6.9887,59505
6.9944,59506
7.0,59504
7.0054,59504
7.011,59503
7.0167,59504
7.0223,59504
7.0277,59505
7.0333,59504
7.0387,59504
7.0443,59504
7.05,59504
7.0556,59503
7.061,59506
7.0666,59504
7.072,59506
7.0777,59505
7.0833,59506
7.0887,59506
7.0943,59505
7.1,59501
7.1056,59503
7.111,59503
7.1166,59506
7.122,59504
7.1277,59502
7.1333,59505
7.1389,59505
7.1443,59504
7.1499,59503
7.1556,59504
7.161,59501
7.1666,59505
7.1723,59506
7.1776,59506
7.1833,59501
7.1889,59503
7.1943,59498
7.1999,59503
7.2055,59507
7.2112,59509
7.2166,59505
7.2222,59501
7.2276,59505
7.2332,59506
7.2388,59505
7.2445,59503
7.2498,59504
7.2555,59509
7.2611,59503
7.2665,59503
7.2721,59500
7.2778,59504
7.2831,59504
7.2888,59502
7.2944,59502
7.2998,59504
7.3054,59505
7.3111,59503
7.3167,59501
7.3221,59508
7.3278,59507
7.3334,59506
7.3388,59504
7.3444,59502
7.35,59504
7.3554,59501
7.3609,59508
7.3666,59504
7.3722,59506
7.3779,59503
7.3832,59505
7.3887,59505
7.3944,59504
7.4,59505
7.4054,59505
7.411,59503
7.4166,59504
7.4222,59501
7.4278,59506
7.4332,59504
7.4389,59506
7.4444,59505
7.45,59503
7.4554,59508
7.461,59506
7.4666,59507
7.4722,59508
7.4778,59505
7.4832,59505
7.4888,59507
7.4945,59506
7.4998,59503
7.5055,59504
7.5111,59503
7.5165,59505
7.5221,59504
7.5278,59503
7.5332,59505
7.5388,59506
7.5444,59505
7.5501,59504
7.5554,59506
7.5611,59505
7.5667,59503
7.5721,59504
7.5777,59498
7.5833,59501
7.5887,59505
7.5944,59502
7.6,59503
7.6054,59504
7.611,59503
7.6166,59506
7.6223,59503
7.6276,59505
7.6333,59500
7.6389,59506
7.6443,59503
7.6499,59505
7.6556,59506
7.6609,59506
7.6665,59502
7.6722,59504
7.6778,59500
7.6832,59502
7.6888,59505
7.6945,59505
7.6998,59507
7.7055,59505
7.7111,59503
7.7168,59503
7.7221,59502
7.7278,59505
7.7331,59502
7.7388,59506
7.7444,59506
7.7498,59504
7.7554,59503
7.7611,59503
7.7667,59504
7.7721,59502
7.7777,59501
7.7834,59504
7.7888,59504
7.7944,59502
7.8001,59503
7.8054,59500
7.8111,59501
7.8167,59505
7.8221,59504
7.8277,59503
7.8333,59500
7.839,59505
7.8443,59505
7.85,59500
7.8556,59500
7.861,59503
7.8666,59500
7.8723,59501
7.8776,59501
7.8832,59500
7.8889,59499
7.8945,59503
7.8999,59505
7.9055,59503
7.9111,59505
7.9165,59503
7.9221,59504
7.9278,59501
7.9334,59503
7.9388,59501
7.9444,59505
7.95,59505
7.9554,59504
7.961,59503
7.9667,59502
7.972,59508
7.9777,59501
7.9833,59508
7.989,59503
7.9943,59501
8.0,59505
8.0056,59504
8.011,59503
8.0166,59502
8.022,59503
8.0277,59502
8.0333,59500
8.039,59504
8.0443,59507
8.05,59505
8.0556,59503
8.061,59507
8.0666,59506
8.0722,59504
8.0779,59506
8.0832,59505
8.0889,59508
8.0945,59506
8.0999,59503
8.1055,59505
8.1111,59508
8.1165,59506
8.1221,59506
8.1278,59504
8.1334,59505
8.1388,59505
8.1444,59503
8.15,59504
8.1554,59505
8.161,59502
8.1667,59503
8.1723,59499
8.1776,59499
8.1833,59504
8.1889,59505
8.1943,59501
8.1998,59504
8.2055,59502
8.2111,59501
8.2167,59502
8.2221,59502
8.2276,59503
8.2333,59503
8.2389,59502
8.2445,59502
8.2499,59508
8.2554,59505
8.2611,59502
8.2667,59504
8.2721,59504
8.2777,59505
8.2832,59502
8.2889,59507
8.2945,59507
8.2999,59507
8.3055,59506
8.311,59504
8.3167,59503
8.3221,59503
8.3277,59504
8.3334,59507
8.3388,59504
8.3444,59502
8.35,59500
8.3554,59502
8.361,59502
8.3667,59503
8.3723,59505
8.3777,59502
8.3833,59507
8.3889,59505
8.3943,59502
8.3999,59502
8.4055,59502
8.4112,59502
8.4165,59504
8.4222,59501
8.4278,59505
8.4332,59504
8.4388,59505
8.4445,59505
8.4501,59502
8.4554,59508
8.4611,59508
8.4667,59503
8.4721,59504
8.4777,59504
8.4834,59505
8.4888,59507
8.4944,59502
8.5,59504
8.5057,59507
8.511,59503
8.5167,59506
8.5223,59505
8.5277,59502
8.5333,59505
8.5389,59503
8.5446,59502
8.5499,59506
8.5556,59507
8.5609,59509
8.5666,59506
8.5722,59505
8.5778,59504
8.5832,59505
8.5888,59502
8.5945,59505
8.5999,59505
8.6055,59507
8.6111,59505
8.6168,59505
8.6221,59507
8.6278,59504
8.6334,59505
8.639,59507
8.6444,59504
8.65,59502
8.6556,59504
8.661,59503
8.6666,59504
8.6722,59502
8.6779,59503
8.6832,59505
8.6889,59505
8.6945,59503
8.6999,59507
8.7056,59501
8.7112,59502
8.7166,59505
8.7222,59503
8.7278,59506
8.7332,59503
8.7388,59504
8.7445,59504
8.7498,59501
8.7555,59504
8.7611,59502
8.7668,59504
8.7721,59507
8.7777,59503
8.7834,59501
8.7887,59504
8.7944,59505
8.8,59502
8.8056,59504
8.811,59504
8.8166,59502
8.8223,59504
8.8279,59505
8.8333,59504
8.8389,59505
8.8445,59506
8.8499,59505
8.8555,59508
8.8611,59506
8.8668,59506
8.8721,59509
8.8778,59507
8.8832,59504
8.8888,59503
8.8945,59506
8.9001,59507
8.9055,59508
8.911,59509
8.9166,59507
8.9223,59507
8.9277,59506
8.9333,59504
8.9388,59506
8.9445,59506
8.9501,59505
8.9555,59507
8.9611,59505
8.9666,59507
8.9723,59504
8.9779,59508
8.9833,59507
8.9889,59505
8.9944,59504
9.0001,59509
9.0055,59508
9.0111,59505
9.0168,59499
9.0221,59504
9.0277,59506
9.0334,59505
9.0387,59502
9.0444,59503
9.05,59506
9.0556,59501
9.061,59506
9.0666,59504
9.0723,59502
9.0776,59506
9.0833,59503
9.0889,59503
9.0945,59504
9.0999,59506
9.1055,59506
9.1112,59505
9.1166,59506
9.1222,59504
9.1279,59505
9.1332,59504
9.1389,59506
9.1445,59505
9.1499,59506
9.1555,59506
9.1612,59503
9.1665,59500
9.1722,59503
9.1778,59503
9.1832,59504
9.1889,59504
9.1945,59503
9.1999,59505
9.2056,59504
9.2112,59499
9.2166,59498
9.2222,59501
9.2279,59505
9.2332,59502
9.2389,59503
9.2445,59506
9.2499,59503
9.2555,59504
9.2612,59504
9.2668,59507
9.2722,59504
9.2778,59506
9.2834,59502
9.2888,59506
9.2944,59505
9.3001,59505
9.3055,59500
9.3111,59505
9.3167,59502
9.3221,59505
9.3277,59504
9.3334,59500
9.3388,59503
9.3444,59501
9.35,59505
9.3554,59503
9.361,59508
9.3667,59506
9.3721,59504
9.3777,59503
9.3833,59505
9.389,59505
9.3943,59504
9.4,59506
9.4056,59505
9.411,59504
9.4166,59504
9.4223,59506
9.4279,59506
9.4332,59508
9.4389,59504
9.4445,59506
9.4499,59505
9.4555,59504
9.4612,59505
9.4665,59503
9.4722,59505
9.4778,59506
9.4832,59504
9.4888,59508
9.4944,59501
9.5001,59501
9.5054,59504
9.5111,59503
9.5167,59506
9.5221,59507
9.5277,59504
9.5333,59503
9.539,59504
9.5443,59505
9.55,59503
9.5556,59505
9.561,59506
9.5666,59505
9.5723,59503
9.5779,59503
9.5832,59508
9.5889,59506
9.5946,59506
9.5999,59504
9.6055,59504
9.6112,59506
9.6166,59505
9.6222,59504
9.6279,59504
9.6332,59503
9.6389,59505
9.6445,59506
9.6499,59506
9.6555,59504
9.6612,59503
9.6665,59505
9.6721,59506
9.6778,59506
9.6834,59507
9.6888,59506
9.6944,59504
9.7,59506
9.7057,59505
9.711,59507
9.7166,59506
9.7223,59505
9.7276,59506
9.7333,59509
9.7389,59505
9.7445,59506
9.7499,59505
9.7555,59506
9.7612,59506
9.7668,59510
9.7721,59508
9.7778,59504
9.7834,59505
9.7887,59505
9.7944,59504
9.8,59505
9.8054,59507
9.8111,59505
9.8167,59505
9.8223,59504
9.8277,59500
9.8332,59506
9.8389,59503
9.8445,59506
9.8499,59506
9.8555,59505
9.861,59503
9.8667,59507
9.8723,59502
9.8777,59506
9.8833,59502
9.8889,59506
9.8945,59505
9.9001,59506
9.9055,59505
9.9111,59505
9.9167,59506
9.9223,59507
9.9277,59504
9.9333,59507
9.9389,59505
9.9445,59504
9.9498,59503
9.9555,59506
9.9611,59507
9.9667,59507
9.9721,59503
9.9777,59505
9.9834,59502
9.9887,59503
9.9944,59506
10.0,59505
10.0057,59511
10.011,59503
10.0167,59506
10.0221,59507
10.0277,59503
10.0333,59505
10.039,59505
10.0443,59502
10.05,59502
10.0556,59506
10.061,59503
10.0666,59505
10.0722,59500
10.0779,59506
10.0832,59505
10.0889,59503
10.0945,59504
10.0999,59501
10.1055,59504
10.1112,59505
10.1168,59502
10.1222,59504
10.1278,59504
10.1334,59507
10.1388,59505
10.1444,59505
10.1501,59505
10.1554,59503
10.1611,59504
10.1667,59504
10.1723,59506
10.1776,59507
10.1833,59506
10.1889,59504
10.1946,59502
10.1999,59504
10.2056,59506
10.2112,59505
10.2165,59507
10.2222,59504
10.2278,59502
10.2334,59506
10.2388,59506
10.2444,59504
10.2501,59507
10.2557,59507
10.2611,59506
10.2667,59508
10.2723,59505
10.2777,59506
10.2833,59505
10.289,59503
10.2943,59505
10.3,59508
10.3056,59503
10.311,59507
10.3166,59506
10.3223,59505
10.3279,59504
10.3332,59505
10.3389,59505
10.3445,59504
10.3499,59505
10.3555,59508
10.3612,59507
10.3668,59507
10.3722,59506
10.3778,59503
10.3832,59503
10.3888,59507
10.3945,59506
10.4001,59508
10.4055,59507
10.4111,59508
10.4167,59503
10.4223,59503
10.4277,59503
10.4332,59507
10.4389,59500
10.4445,59504
10.4501,59507
10.4555,59506
10.461,59503
10.4667,59503
10.4723,59505
10.4779,59503
10.4833,59508
10.4888,59505
10.4945,59507
10.5001,59508
10.5055,59506
10.5111,59507
10.5167,59506
10.5223,59507
10.5277,59505
10.5333,59508
10.5389,59505
10.5445,59505
10.5501,59507
10.5555,59507
10.5611,59510
10.5668,59510
10.5721,59508
10.5778,59503
10.5834,59507
10.5888,59509
10.5944,59507
10.6,59506
10.6057,59506
10.6113,59505
10.6167,59505
10.6223,59507
10.6279,59505
10.6333,59507
10.6389,59506
10.6445,59505
10.6501,59509
10.6555,59509
10.6611,59508
10.6668,59507
10.6724,59509
10.6778,59511
10.6834,59506
10.689,59506
10.6944,59509
10.7,59505
10.7057,59506
10.7111,59505
10.7167,59507
10.7224,59508
10.7277,59508
10.7334,59509
10.739,59509
10.7444,59508
10.75,59509
10.7557,59507
10.761,59509
10.7667,59507
10.7723,59505
10.778,59506
10.7833,59508
10.7889,59509
10.7946,59508
10.7999,59507
10.8056,59505
10.8112,59509
10.8166,59511
10.8223,59506
10.8279,59507
10.8333,59506
10.8389,59508
10.8445,59507
10.8502,59507
10.8555,59505
10.8612,59508
10.8666,59507
10.8722,59508
10.8779,59504
10.8835,59505
10.8888,59503
10.8945,59506
10.9001,59508
10.9055,59504
10.9111,59505
10.9168,59502
10.9224,59507
10.9278,59507
10.9334,59505
10.939,59505
10.9444,59505
10.95,59505
10.9557,59508
10.9613,59504
10.9666,59505
10.9723,59503
10.9779,59504
10.9833,59505
10.9889,59504
10.9946,59501
10.9999,59507
11.0056,59503
11.0112,59505
11.0168,59507
11.0222,59506
11.0278,59505
11.0335,59507
11.0388,59507
11.0445,59506
11.0501,59506
11.0557,59506
11.0611,59506
11.0667,59508
11.0724,59507
11.0777,59509
11.0834,59509
11.089,59505
11.0946,59507
11.1,59507
11.1056,59509
11.1113,59509
11.1166,59506
11.1223,59506
11.1279,59504
11.1333,59508
11.1389,59508
11.1445,59507
11.1502,59506
11.1555,59507
11.1612,59508
11.1668,59506
11.1721,59509
11.1778,59507
11.1834,59505
11.1891,59505
11.1944,59506
11.2,59509
11.2057,59508
11.211,59508
11.2167,59507
11.2223,59508
11.2277,59509
11.2333,59509
11.2389,59506
11.2446,59506
11.2499,59507
11.2556,59505
11.2612,59507
11.2668,59506
11.2722,59504
11.2778,59504
11.2835,59505
11.2888,59506
11.2944,59506
11.3001,59503
11.3057,59505
11.3111,59506
11.3168,59506
11.3224,59506
11.3277,59506
11.3334,59505
11.339,59507
11.3444,59506
11.35,59507
11.3556,59505
11.3613,59508
11.3666,59504
11.3722,59506
11.3779,59505
11.3835,59507
11.3889,59507
11.3945,59506
11.4002,59506
11.4055,59506
11.4112,59508
11.4168,59501
11.4222,59506
11.4278,59509
11.4335,59506
11.4388,59505
11.4444,59504
11.4501,59504
11.4557,59505
11.4611,59504
11.4667,59505
11.4724,59506
11.4777,59506
11.4834,59504
11.489,59505
11.4944,59507
11.5,59507
11.5057,59508
11.511,59508
11.5167,59506
11.5222,59502
11.5278,59506
11.5335,59499
11.5388,59501
11.5445,59502
11.55,59504
11.5557,59502
11.5613,59506
11.5667,59503
11.5723,59509
11.5778,59503
11.5835,59505
11.5888,59507
11.5945,59507
11.6001,59507
11.6055,59504
11.6111,59509
11.6168,59508
11.6224,59507
11.6277,59507
11.6334,59512
11.639,59509
11.6444,59504
11.65,59507
11.6556,59509
11.6612,59506
11.6666,59508
11.6722,59508
11.6779,59507
11.6835,59508
11.6889,59511
11.6945,59508
11.7002,59509
11.7055,59507
11.7111,59505
11.7168,59508
11.7222,59506
11.7278,59507
11.7334,59507
11.7391,59507
11.7444,59505
11.7501,59506
11.7557,59507
11.7611,59508
11.7667,59508
11.7724,59505
11.7777,59509
11.7834,59504
11.789,59505
11.7943,59507
11.8,59505
11.8056,59508
11.8112,59510
11.8169,59506
11.8222,59505
11.8279,59506
11.8335,59508
11.8389,59505
11.8445,59506
11.8501,59506
11.8555,59508
11.8611,59505
11.8668,59508
11.8724,59506
11.8778,59509
11.8834,59507
11.889,59507
11.8944,59504
11.9,59507
11.9057,59505
11.9113,59505
11.9167,59507
11.9223,59508
11.9277,59508
11.9333,59506
11.939,59505
11.9446,59508
11.95,59506
11.9556,59501
11.9612,59507
11.9666,59508
11.9722,59507
11.9779,59509
11.9835,59511
11.9888,59511
11.9945,59508
12.0002,59509
12.0056,59512
12.011,59509
12.0167,59511
12.0223,59508
12.0279,59508
12.0333,59510
12.0388,59509
12.0445,59511
12.0501,59514
12.0558,59511
12.0611,59515
12.0666,59514
12.0723,59512
12.0779,59514
12.0833,59516
12.0889,59511
12.0945,59511
12.1001,59513
12.1057,59514
12.1111,59512
12.1167,59510
12.1223,59513
12.1279,59514
12.1333,59513
12.1389,59511
12.1446,59513
12.1501,59515
12.1557,59513
12.1611,59515
12.1667,59511
12.1724,59515
12.1777,59514
12.1834,59516
12.189,59512
12.1944,59512
12.2,59515
12.2057,59510
12.2111,59512
12.2167,59512
12.2223,59514
12.2277,59513
12.2333,59513
12.239,59514
12.2446,59514
12.2499,59515
12.2556,59516
12.2612,59515
12.2666,59514
12.2722,59513
12.2779,59509
12.2835,59515
12.2889,59515
12.2945,59513
12.3001,59516
12.3055,59511
12.3111,59514
12.3168,59515
12.3221,59512
12.3278,59516
12.3334,59515
12.3391,59515
12.3444,59514
12.3501,59514
12.3557,59515
12.3611,59512
12.3667,59515
12.3724,59517
12.3777,59514
12.3833,59511
12.389,59508
12.3943,59514
12.4,59513
12.4057,59514
12.4113,59512
12.4167,59515
12.4223,59514
12.4279,59513
12.4333,59515
12.4389,59516
12.4446,59515
12.4502,59515
12.4556,59514
12.4612,59514
12.4668,59512
12.4722,59516
12.4778,59516
12.4834,59516
12.4891,59511
12.4945,59514
12.5001,59518
12.5057,59515
12.5111,59512
12.5167,59516
12.5224,59514
12.5277,59515
12.5333,59510
12.539,59516
12.5446,59515
12.55,59515
12.5556,59514
12.5613,59517
12.5666,59515
12.5723,59517
12.5779,59516
12.5833,59516
12.5889,59522
12.5946,59515
12.5999,59519
12.6056,59519
12.6112,59516
12.6169,59521
12.6222,59517
12.6279,59516
12.6335,59514
12.6389,59517
12.6445,59518
12.6501,59519
12.6558,59519
12.6611,59517
12.6668,59519
12.6721,59523
12.6778,59520
12.6834,59514
12.6891,59515
12.6944,59518
12.7,59516
12.7057,59518
12.7113,59517
12.7167,59515
12.7223,59517
12.728,59514
12.7333,59512
12.739,59514
12.7444,59511
12.75,59518
12.7557,59516
12.7613,59517
12.7666,59514
12.7723,59515
12.7779,59514
12.7833,59516
12.7889,59516
12.7946,59518
12.8002,59516
12.8056,59514
12.8112,59515
12.8166,59512
12.8222,59515
12.8279,59514
12.8335,59516
12.8389,59514
12.8445,59512
12.8502,59514
12.8555,59516
12.8612,59516
12.8668,59518
12.8722,59515
12.8779,59513
12.8835,59512
12.8888,59514
12.8945,59517
12.9001,59515
12.9057,59514
12.9111,59513
12.9167,59515
12.9224,59517
12.9277,59516
12.9334,59514
12.939,59518
12.9447,59519
12.95,59516
12.9557,59516
12.9613,59516
12.9666,59515
12.9723,59512
12.9779,59515
12.9833,59512
12.9889,59517
12.9946,59514
13.0002,59514
13.0056,59513
13.0112,59515
13.0169,59516
13.0222,59514
13.0279,59515
13.0335,59518
13.0388,59514
13.0445,59513
13.0501,59511
13.0555,59514
13.0611,59517
13.0667,59514
13.0724,59515
13.0777,59514
13.0834,59513
13.089,59516
13.0947,59516
13.1,59519
13.1057,59518
13.1113,59518
13.1167,59519
13.1223,59518
13.1279,59516
13.1333,59514
13.1389,59516
13.1445,59517
13.1502,59513
13.1555,59518
13.1611,59513
13.1668,59518
13.1724,59515
13.1778,59516
13.1833,59515
13.189,59516
13.1946,59510
13.2,59513
13.2056,59516
13.2111,59513
13.2168,59513
13.2224,59512
13.2278,59514
13.2334,59513
13.239,59511
13.2446,59519
13.25,59516
13.2556,59515
13.2613,59517
13.2668,59516
13.2724,59512
13.2778,59515
13.2834,59516
13.2891,59517
13.2944,59515
13.3001,59517
13.3058,59516
13.3111,59518
13.3167,59517
13.3224,59516
13.3278,59516
13.3334,59516
13.339,59513
13.3444,59513
13.3501,59517
13.3557,59519
13.3611,59518
13.3667,59516
13.3724,59517
13.378,59516
13.3834,59516
13.389,59515
13.3946,59514
13.4,59520
13.4056,59516
13.4113,59517
13.4166,59511
13.4222,59517
13.4279,59520
13.4335,59517
13.4389,59520
13.4445,59516
13.4502,59515
13.4555,59519
13.4612,59518
13.4668,59517
13.4724,59518
13.4778,59512
13.4834,59513
13.4891,59517
13.4944,59516
13.5001,59514
13.5057,59518
13.5113,59516
13.5167,59511
13.5223,59515
13.528,59517
13.5334,59513
13.539,59514
13.5446,59514
13.55,59522
13.5556,59516
13.5611,59516
13.5667,59517
13.5723,59514
13.578,59515
13.5833,59517
13.5889,59515
13.5945,59513
13.6001,59517
13.6058,59518
13.6111,59519
13.6167,59514
13.6224,59519
13.628,59517
13.6334,59516
13.639,59515
13.6445,59517
13.6501,59516
13.6558,59516
13.6611,59516
13.6668,59517
13.6723,59518
13.6779,59516
13.6833,59514
13.6889,59513
13.6946,59511
13.7001,59514
13.7058,59508
13.7111,59514
13.7168,59514
13.7224,59512
13.7279,59512
13.7333,59514
13.7389,59512
13.7446,59512
13.7502,59516
13.7556,59511
13.7612,59511
13.7669,59510
13.7722,59512
13.7778,59511
13.7835,59514
13.7891,59512
13.7945,59511
13.8001,59512
13.8058,59511
13.8111,59515
13.8167,59514
13.8224,59516
13.8277,59516
13.8334,59513
13.839,59513
13.8446,59517
13.85,59514
13.8556,59515
13.8612,59511
13.8669,59513
13.8722,59514
13.8779,59515
13.8835,59510
13.8888,59512
13.8945,59514
13.9001,59515
13.9057,59514
13.9111,59512
13.9167,59514
13.9224,59513
13.9277,59509
13.9334,59510
13.939,59509
13.9446,59509
13.95,59512
13.9557,59513
13.9613,59511
13.9667,59513
13.9723,59508
13.9779,59509
13.9833,59513
13.9889,59512
13.9946,59515
14.0002,59515
14.0056,59515
14.0112,59514
14.0169,59514
14.0222,59506
14.0279,59515
14.0335,59515
14.0391,59515
14.0445,59516
14.0501,59517
14.0557,59514
14.0611,59516
14.0667,59517
14.0723,59514
14.078,59515
14.0833,59513
14.089,59517
14.0946,59514
14.1002,59516
14.1057,59516
14.1113,59514
14.1166,59514
14.1223,59513
14.1279,59516
14.1335,59512
14.1389,59513
14.1445,59516
14.1502,59515
14.1555,59515
14.1612,59516
14.1668,59516
14.1724,59515
14.1778,59515
14.1834,59516
14.1891,59514
14.1944,59514
14.2001,59519
14.2057,59518
14.2113,59515
14.2167,59512
14.2223,59514
14.228,59512
14.2333,59514
14.239,59514
14.2446,59514
14.25,59514
14.2556,59512
14.2612,59515
14.2669,59512
14.2722,59515
14.2779,59519
14.2835,59517
14.2888,59516
14.2945,59513
14.3001,59516
14.3057,59515
14.3111,59516
14.3167,59514
14.3224,59513
14.328,59515
14.3334,59512
14.339,59516
14.3446,59517
14.35,59519
14.3556,59512
14.3612,59514
14.3669,59517
14.3722,59515
14.3779,59517
14.3835,59513
14.3891,59514
14.3945,59518
14.4001,59517
14.4057,59516
14.4113,59519
14.4167,59516
14.4223,59506
14.428,59513
14.4333,59514
14.439,59514
14.4446,59515
14.45,59513
14.4556,59518
14.4613,59514
14.4669,59520
14.4722,59516
14.4779,59517
14.4835,59519
14.4891,59518
14.4945,59514
14.5001,59516
14.5058,59515
14.5111,59515
14.5168,59512
14.5224,59510
14.5277,59517
14.5334,59515
14.539,59516
14.5447,59516
14.55,59519
14.5556,59515
14.5613,59517
14.5666,59518
14.5723,59518
14.5779,59516
14.5835,59515
14.5889,59514
14.5946,59518
14.6002,59511
14.6055,59517
14.6112,59518
14.6168,59514
14.6224,59514
14.6278,59514
14.6334,59515
14.6391,59516
14.6444,59510
14.6501,59515
14.6557,59516
14.6613,59515
14.6667,59517
14.6723,59516
14.678,59516
14.6834,59519
14.689,59510
14.6946,59518
14.7002,59514
14.7056,59514
14.7112,59513
14.7168,59515
14.7222,59517
14.7279,59514
14.7333,59516
14.7389,59516
14.7446,59516
14.7502,59517
14.7556,59518
14.7611,59515
14.7668,59515
14.7724,59516
14.778,59515
14.7834,59516
14.7889,59515
14.7946,59517
14.8002,59514
14.8056,59515
14.8112,59516
14.8167,59513
14.8224,59517
14.8277,59515
14.8334,59516
14.839,59515
14.8445,59516
14.8502,59517
14.8555,59515
14.8612,59514
14.8668,59516
14.8724,59513
14.878,59516
14.8834,59517
14.889,59513
14.8946,59517
14.9,59517
14.9056,59513
14.9113,59513
14.9169,59517
14.9223,59519
14.9279,59517
14.9335,59513
14.9389,59519
14.9445,59517
14.9502,59515
14.9558,59513
14.9611,59517
14.9668,59517
14.9724,59519
14.9778,59514
14.9834,59519
14.989,59516
14.9947,59518
15.0,59517
15.0057,59515
15.0113,59516
15.0167,59516
15.0223,59520
15.0279,59520
15.0336,59514
15.0389,59514
15.0445,59517
15.0502,59516
15.0555,59517
15.0612,59517
15.0668,59516
15.0724,59515
15.0778,59517
15.0834,59516
15.0891,59520
15.0944,59520
15.1001,59517
15.1057,59519
15.1114,59517
15.1167,59517
15.1224,59516
15.128,59518
15.1334,59515
15.139,59520
15.1446,59520
15.1503,59519
15.1556,59515
15.1613,59518
15.1667,59518
15.1723,59522
15.1779,59517
15.1836,59521
15.1889,59517
15.1945,59516
15.2001,59521
15.2058,59517
15.2114,59517
15.2168,59519
15.2223,59519
15.2279,59521
15.2336,59519
15.2389,59518
15.2446,59521
15.2501,59519
15.2557,59518
15.2614,59516
15.2667,59518
15.2723,59518
15.2779,59517
15.2836,59516
15.2889,59516
15.2946,59515
15.3002,59517
15.3057,59519
15.3114,59519
15.3167,59518
15.3224,59518
15.328,59518
15.3334,59516
15.339,59516
15.3447,59518
15.35,59515
15.3557,59518
15.3613,59515
15.3667,59518
15.3723,59519
15.378,59519
15.3836,59519
15.3889,59517
15.3946,59517
15.4002,59518
15.4059,59517
15.4112,59516
15.4168,59517
15.4225,59517
15.4278,59515
15.4335,59516
15.4391,59516
15.4445,59518
15.4501,59515
15.4557,59516
15.4613,59513
15.4667,59519
15.4723,59519
15.478,59517
15.4836,59517
15.489,59514
15.4946,59516
15.5002,59514
15.5056,59518
15.5112,59521
15.5169,59517
15.5225,59519
15.5279,59517
15.5335,59518
15.5391,59517
15.5445,59518
15.5501,59519
15.5558,59515
15.5611,59518
15.5668,59516
15.5724,59517
15.5779,59517
15.5836,59518
15.5889,59517
15.5945,59519
15.6002,59516
15.6058,59519
15.6112,59517
15.6169,59517
15.6222,59514
15.6279,59515
15.6335,59519
15.6391,59515
15.6445,59520
15.6501,59518
15.6558,59518
15.6611,59517
15.6668,59516
15.6724,59516
15.6778,59519
15.6834,59520
15.6891,59515
15.6945,59518
15.7001,59515
15.7057,59515
15.7114,59517
15.7167,59517
15.7224,59517
15.728,59515
15.7334,59517
15.7391,59515
15.7447,59513
15.7501,59514
15.7557,59516
15.7614,59516
15.7667,59515
15.7724,59517
15.7778,59515
15.7834,59517
15.789,59516
15.7947,59515
15.8001,59516
15.8057,59517
15.8114,59514
15.8167,59517
15.8224,59514
15.828,59518
15.8334,59515
15.839,59518
15.8446,59521
15.85,59520
15.8556,59516
15.8613,59518
15.8669,59515
15.8724,59515
15.878,59517
15.8834,59516
15.889,59515
15.8947,59514
15.9,59519
15.9057,59514
15.9113,59515
15.917,59511
15.9223,59517
15.928,59515
15.9336,59514
15.939,59515
15.9446,59517
15.9503,59515
15.9557,59518
15.9613,59517
15.9667,59515
15.9724,59516
15.978,59517
15.9834,59518
15.9891,59518
15.9947,59515
16.0001,59513
16.0058,59514
16.0112,59514
16.0169,59515
16.0223,59510
16.028,59513
16.0334,59516
16.0391,59514
16.0445,59516
16.0501,59514
16.0558,59514
16.0612,59515
16.0669,59509
16.0723,59514
16.0779,59515
16.0836,59512
16.089,59515
16.0946,59514
16.1002,59513
16.1056,59517
16.1112,59511
16.1169,59513
16.1225,59513
16.1279,59513
16.1335,59514
16.1389,59513
16.1445,59514
16.1502,59513
16.1558,59515
16.1614,59517
16.1668,59515
16.1724,59513
16.178,59516
16.1836,59513
16.189,59513
16.1946,59515
16.2003,59515
16.2056,59512
16.2113,59513
16.2169,59515
16.2223,59515
16.2279,59514
16.2336,59511
16.2389,59516
16.2445,59512
16.2502,59513
16.2558,59514
16.2612,59515
16.2668,59517
16.2724,59512
16.2781,59518
16.2833,59513
16.289,59514
16.2946,59514
16.3003,59511
16.3056,59515
16.3111,59513
16.3168,59511
16.3224,59517
16.328,59516
16.3334,59514
16.3389,59515
16.3446,59514
16.3502,59513
16.3556,59515
16.3612,59514
16.3668,59512
16.3724,59515
16.378,59514
16.3834,59514
16.389,59512
16.3946,59516
16.4002,59513
16.4056,59513
16.4112,59517
16.4168,59515
16.4224,59515
16.428,59517
16.4334,59521
16.439,59515
16.4447,59514
16.4502,59516
16.4558,59517
16.4612,59515
16.4668,59510
16.4725,59511
16.4778,59515
16.4835,59513
16.4891,59510
16.4945,59511
16.5001,59511
16.5057,59514
16.5114,59511
16.5167,59512
16.5224,59512
16.528,59514
16.5334,59513
16.539,59517
16.5446,59514
16.5503,59514
16.5556,59514
16.5612,59515
16.5669,59515
16.5722,59514
16.5779,59514
16.5835,59516
16.5891,59514
16.5945,59513
16.6001,59514
16.6058,59515
16.6114,59514
16.6167,59518
16.6224,59511
16.628,59520
16.6334,59516
16.639,59516
16.6446,59514
16.6503,59514
16.6556,59518
16.6612,59519
16.6669,59516
16.6725,59514
16.6779,59516
16.6835,59519
16.6891,59517
16.6945,59516
16.7001,59517
16.7057,59517
16.7114,59513
16.7167,59515
16.7224,59515
16.728,59518
16.7334,59512
16.739,59518
16.7446,59514
16.7503,59518
16.7556,59513
16.7613,59516
16.7669,59514
16.7725,59516
16.7779,59516
16.7835,59512
16.7891,59516
16.7945,59517
16.8,59515
16.8057,59518
16.8113,59514
16.817,59516
16.8223,59517
16.8279,59516
16.8335,59517
16.8391,59515
16.8445,59515
16.8501,59517
16.8557,59516
16.8613,59513
16.8669,59514
16.8723,59516
16.878,59516
16.8835,59515
16.8891,59514
16.8945,59516
16.9001,59514
16.9058,59515
16.9113,59513
16.9169,59519
16.9223,59516
16.9279,59516
16.9336,59517
16.9391,59512
16.9447,59515
16.9501,59513
16.9558,59517
16.9611,59517
16.9668,59516
16.9724,59517
16.9781,59514
16.9835,59514
16.9891,59516
16.9947,59515
17.0003,59517
17.0057,59516
17.0114,59518
17.0167,59509
17.0224,59518
17.028,59517
17.0336,59516
17.039,59515
17.0446,59516
17.0503,59513
17.0556,59515
17.0613,59512
17.0669,59516
17.0723,59516
17.0779,59516
17.0836,59513
17.0892,59513
17.0945,59514
17.1002,59518
17.1058,59517
17.1112,59513
17.1168,59516
17.1225,59514
17.1281,59517
17.1334,59514
17.1391,59515
17.1447,59512
17.1501,59515
17.1557,59515
17.1614,59515
17.1668,59515
17.1724,59515
17.1781,59518
17.1835,59516
17.1892,59519
17.1945,59516
17.2001,59514
17.2058,59518
17.2114,59517
17.2168,59513
17.2224,59516
17.2281,59514
17.2334,59515
17.2391,59517
17.2447,59516
17.2501,59513
17.2557,59515
17.2613,59512
17.267,59512
17.2723,59515
17.278,59515
17.2836,59516
17.289,59515
17.2946,59516
17.3003,59514
17.3056,59517
17.3113,59515
17.3169,59518
17.3223,59514
17.3279,59514
17.3336,59517
17.3392,59517
17.3446,59518
17.3502,59519
17.3559,59514
17.3612,59517
17.3669,59518
17.3725,59518
17.3779,59518
17.3835,59515
17.3892,59519
17.3946,59520
17.4002,59515
17.4058,59518
17.4112,59518
17.4169,59519
17.4225,59518
17.4279,59521
17.4335,59519
17.4392,59518
17.4445,59517
17.4502,59520
17.4558,59519
17.4612,59519
17.4668,59517
17.4725,59518
17.4781,59521
17.4835,59517
17.4891,59513
17.4947,59518
17.5001,59519
17.5058,59517
17.5114,59518
17.5168,59519
17.5224,59520
17.5281,59519
17.5335,59518
17.5391,59519
17.5447,59515
17.5501,59515
17.5557,59520
17.5614,59519
17.567,59520
17.5724,59517
17.578,59520
17.5834,59518
17.589,59516
17.5947,59516
17.6003,59519
17.6057,59518
17.6113,59518
17.617,59516
17.6223,59520
17.628,59520
17.6336,59521
17.639,59517
17.6446,59520
17.6503,59517
17.6557,59519
17.6613,59514
17.667,59516
17.6723,59517
17.678,59521
17.6836,59520
17.689,59517
17.6946,59518
17.7003,59515
17.7056,59517
17.7113,59519
17.717,59519
17.7223,59515
17.7279,59514
17.7336,59518
17.739,59518
17.7446,59517
17.7503,59514
17.7559,59519
17.7613,59515
17.7669,59515
17.7725,59521
17.7779,59514
17.7836,59515
17.7892,59516
17.7946,59516
17.8002,59516
17.8058,59524
17.8112,59518
17.8168,59519
17.8225,59518
17.8281,59515
17.8335,59515
17.8391,59520
17.8447,59518
17.8501,59518
17.8557,59518
17.8614,59518
17.867,59517
17.8724,59518
17.878,59514
17.8837,59517
17.889,59515
17.8947,59517
17.9003,59514
17.9057,59516
17.9113,59515
17.917,59519
17.9224,59517
17.928,59519
17.9337,59517
17.939,59517
17.9447,59517
17.9503,59517
17.9557,59518
17.9613,59517
17.967,59519
17.9723,59517
17.978,59517
17.9836,59521
17.989,59519
17.9946,59516
18.0001,59521
18.0057,59519
18.0114,59515
18.017,59515
18.0223,59515
18.0279,59516
18.0335,59516
18.0391,59517
18.0448,59515
18.0501,59518
18.0557,59516
18.0613,59517
18.067,59513
18.0723,59515
18.0779,59518
18.0835,59518
18.0892,59516
18.0948,59514
18.1001,59514
18.1058,59520
18.1113,59519
18.1169,59516
18.1223,59512
18.128,59514
18.1336,59516
18.139,59516
18.1446,59514
18.1502,59518
18.1559,59517
18.1612,59514
18.1668,59516
18.1725,59513
18.1781,59513
18.1835,59517
18.1891,59514
18.1947,59513
18.2001,59514
18.2058,59515
18.2114,59514
18.2168,59513
18.2224,59512
18.2281,59516
18.2335,59518
18.2391,59517
18.2445,59517
18.2502,59514
18.2559,59511
18.2612,59514
18.2669,59514
18.2726,59513
18.278,59514
18.2836,59513
18.289,59518
18.2947,59515
18.3001,59515
18.3058,59515
18.3114,59513
18.3168,59515
18.3225,59513
18.3281,59514
18.3335,59514
18.3392,59516
18.3446,59516
18.3503,59512
18.3557,59514
