Experiment: Mar_2_Turb_expt vial 2, Tue Mar  2 18:45:49 2021
0.0056,1607
0.0113,1605
0.0166,1612
0.0223,1612
0.0279,1607
0.0333,1608
0.0389,1611
0.0446,1605
0.0499,1608
0.0556,1613
0.0612,1611
0.0666,1606
0.0723,1610
0.0779,1608
0.0833,1606
0.0889,1606
0.0946,1613
0.0999,1610
0.1056,1606
0.1112,1609
0.1166,1610
0.1222,1604
0.1279,1608
0.1333,1611
0.1389,1606
0.1445,1607
0.1502,1610
0.1555,1608
0.1611,1606
0.1668,1614
0.1721,1608
0.1777,1605
0.1834,1610
0.189,1608
0.1944,1604
0.2,1608
0.2056,1610
0.2113,1607
0.2166,1607
0.2223,1612
0.2279,1610
0.2332,1603
0.2389,1610
0.2445,1611
0.2501,1606
0.2555,1606
0.2611,1611
0.2668,1609
0.2721,1606
0.2778,1609
0.2834,1609
0.289,1605
0.2944,1611
0.2999,1610
0.3056,1605
0.3112,1612
0.3165,1612
0.3222,1607
0.3277,1611
0.3333,1608
0.339,1605
0.3446,1610
0.3499,1609
0.3555,1605
0.3611,1609
0.3668,1608
0.3721,1604
0.3778,1610
0.3833,1612
0.3889,1603
0.3946,1607
0.3999,1611
0.4056,1607
0.4111,1607
0.4168,1610
0.4224,1607
0.4278,1607
0.4334,1610
0.4389,1607
0.4446,1606
0.4499,1610
0.4556,1606
0.4612,1604
0.4666,1612
0.4722,1608
0.4778,1604
0.4835,1611
0.4888,1610
0.4945,1603
0.5001,1606
0.5055,1612
0.5111,1610
0.5168,1604
0.5221,1611
0.5278,1613
0.5334,1605
0.5388,1605
0.5444,1611
0.5501,1610
0.5557,1605
0.5611,1609
0.5667,1609
0.5723,1606
0.5777,1606
0.5833,1612
0.589,1609
0.5943,1606
0.6,1609
0.6056,1611
0.6112,1607
0.6166,1606
0.6222,1612
0.6279,1607
0.6332,1606
0.6389,1609
0.6445,1609
0.6501,1604
0.6555,1612
0.6611,1612
0.6668,1604
0.6721,1607
0.6777,1612
0.6834,1607
0.689,1603
0.6944,1611
0.7,1610
0.7056,1605
0.7113,1610
0.7166,1612
0.7222,1607
0.7279,1607
0.7332,1610
0.7388,1606
0.7445,1605
0.7501,1610
0.7555,1608
0.7611,1605
0.7667,1611
0.7721,1606
0.7777,1604
0.7833,1611
0.789,1608
0.7946,1607
0.8,1610
0.8056,1611
0.811,1605
0.8166,1608
0.8222,1611
0.8279,1604
0.8332,1605
0.8389,1611
0.8445,1611
0.8501,1606
0.8555,1606
0.8612,1611
0.8668,1610
0.8722,1605
0.8778,1608
0.8834,1612
0.8888,1608
0.8944,1607
0.9001,1612
0.9054,1609
0.9111,1604
0.9167,1608
0.9223,1610
0.9277,1607
0.9333,1607
0.939,1610
0.9443,1606
0.95,1607
0.9554,1611
0.961,1609
0.9667,1606
0.9723,1610
0.9777,1609
0.9833,1605
0.989,1609
0.9943,1612
1.0,1606
1.0056,1608
1.0113,1611
1.0167,1607
1.0223,1605
1.0277,1610
1.0333,1608
1.039,1604
1.0443,1609
1.05,1612
1.0556,1606
1.061,1606
1.0666,1610
1.0723,1609
1.0779,1604
1.0833,1608
1.0889,1612
1.0945,1605
1.0999,1606
1.1055,1611
1.1112,1609
1.1168,1604
1.1222,1609
1.1278,1612
1.1334,1606
1.1388,1606
1.1444,1613
1.15,1606
1.1557,1605
1.161,1612
1.1667,1612
1.1723,1605
1.1777,1608
1.1833,1612
1.1889,1606
1.1943,1605
1.1999,1610
1.2055,1611
1.2112,1604
1.2166,1606
1.2222,1613
1.2278,1607
1.2332,1605
1.2388,1611
1.2444,1608
1.2501,1606
1.2554,1610
1.2611,1609
1.2667,1604
1.2723,1610
1.2777,1612
1.2833,1604
1.2889,1606
1.2946,1612
1.2999,1606
1.3056,1606
1.3112,1613
1.3165,1608
1.3222,1605
1.3278,1609
1.3334,1612
1.3388,1606
1.3445,1604
1.3501,1611
1.3554,1608
1.3611,1604
1.3667,1609
1.3724,1610
1.3777,1605
1.3833,1607
1.389,1612
1.3944,1607
1.4,1605
1.4057,1610
1.411,1611
1.4166,1607
1.4223,1610
1.4279,1609
1.4333,1605
1.4389,1609
1.4446,1607
1.4499,1604
1.4555,1610
1.4612,1611
1.4666,1604
1.4722,1608
1.4778,1615
1.4835,1608
1.4888,1607
1.4945,1611
1.5001,1609
1.5055,1603
1.5111,1609
1.5168,1612
1.5221,1604
1.5278,1603
1.5334,1611
1.539,1607
1.5444,1601
1.5501,1609
1.5557,1610
1.561,1606
1.5667,1605
1.5723,1611
1.5777,1608
1.5833,1605
1.589,1611
1.5946,1610
1.6,1603
1.6056,1609
1.6112,1609
1.6166,1606
1.6222,1607
1.6279,1612
1.6333,1606
1.6389,1606
1.6445,1613
1.6499,1609
1.6555,1604
1.6612,1607
1.6668,1613
1.6722,1608
1.6778,1607
1.6835,1610
1.6888,1609
1.6945,1606
1.7001,1609
1.7057,1616
1.7111,1607
1.7167,1605
1.7224,1611
1.7277,1609
1.7333,1604
1.739,1610
1.7446,1610
1.7499,1607
1.7556,1605
1.7612,1611
1.7668,1608
1.7722,1607
1.7778,1612
1.7835,1607
1.7888,1609
1.7944,1610
1.8,1607
1.8056,1608
1.8113,1609
1.8166,1605
1.8222,1606
1.8278,1610
1.8335,1607
1.8391,1607
1.8445,1613
1.85,1610
1.8556,1605
1.8613,1605
1.8666,1611
1.8723,1607
1.8778,1602
1.8835,1609
1.8891,1611
1.8945,1605
1.9001,1607
1.9056,1612
1.9113,1608
1.9166,1603
1.9223,1611
1.9279,1613
1.9334,1607
1.9391,1605
1.9444,1612
1.9501,1609
1.9557,1605
1.9611,1611
1.9668,1611
1.9724,1606
1.9778,1608
1.9834,1612
1.989,1610
1.9944,1604
2.0001,1607
2.0057,1612
2.0111,1608
2.0167,1604
2.0224,1609
2.0277,1612
2.0334,1604
2.039,1609
2.0447,1611
2.05,1608
2.0557,1605
2.061,1612
2.0667,1610
2.0722,1605
2.0778,1608
2.0835,1612
2.0889,1606
2.0945,1605
2.1,1612
2.1057,1607
2.1113,1605
2.1167,1611
2.1223,1609
2.1278,1606
2.1335,1611
2.1391,1607
2.1445,1605
2.1501,1609
2.1556,1612
2.1613,1604
2.1666,1607
2.1723,1612
2.1779,1607
2.1833,1602
2.1889,1611
2.1946,1609
2.2002,1605
2.2056,1608
2.2112,1611
2.2169,1606
2.2223,1606
2.2279,1613
2.2335,1607
2.2389,1606
2.2445,1611
2.2502,1610
2.2555,1606
2.2612,1609
2.2668,1611
2.2724,1605
2.2778,1608
2.2834,1610
2.2891,1603
2.2944,1606
2.3001,1610
2.3057,1604
2.3111,1607
2.3167,1610
2.3224,1604
2.328,1606
2.3334,1610
2.339,1608
2.3447,1602
2.3501,1608
2.3557,1610
2.3611,1604
2.3667,1607
2.3723,1612
2.378,1608
2.3833,1605
2.389,1611
2.3946,1610
2.4003,1605
2.4056,1609
2.4112,1610
2.4169,1605
2.4223,1607
2.4279,1610
2.4335,1608
2.4389,1602
2.4446,1609
2.4502,1614
2.4556,1608
2.4612,1604
2.4669,1612
2.4722,1612
2.4779,1604
2.4835,1605
2.4892,1613
2.4945,1609
2.5002,1604
2.5055,1608
2.5112,1613
2.5169,1607
2.5222,1605
2.5279,1611
2.5335,1607
2.5389,1606
2.5445,1611
2.5502,1610
2.5555,1605
2.5612,1608
2.5669,1610
2.5722,1605
2.5779,1606
2.5835,1611
2.5889,1607
2.5945,1609
2.6002,1610
2.6058,1607
2.6112,1607
2.6168,1611
2.6225,1606
2.6278,1603
2.6335,1609
2.6391,1610
2.6445,1604
2.6501,1607
2.6558,1611
2.6611,1608
2.6668,1602
2.6724,1610
2.678,1608
2.6834,1605
2.689,1607
2.6947,1614
2.7,1608
2.7057,1605
2.7113,1612
2.7167,1608
2.7223,1605
2.728,1610
2.7333,1611
2.739,1604
2.7446,1610
2.7503,1612
2.7556,1606
2.7613,1606
2.7669,1612
2.7722,1609
2.7779,1605
2.7835,1608
2.7891,1609
2.7945,1605
2.8001,1608
2.8058,1614
2.8111,1609
2.8168,1603
2.8224,1610
2.8281,1611
2.8334,1606
2.8391,1607
2.8447,1611
2.85,1608
2.8557,1610
2.8613,1608
2.8669,1605
2.8723,1611
2.8779,1610
2.8836,1604
2.8889,1611
2.8946,1612
2.9002,1606
2.9056,1607
2.9112,1609
2.9169,1607
2.9225,1604
2.9279,1609
2.9336,1612
2.939,1605
2.9446,1608
2.95,1610
2.9556,1606
2.9613,1604
2.9667,1612
2.9723,1607
2.978,1606
2.9836,1611
2.989,1610
2.9947,1603
3.0,1609
3.0057,1611
3.0114,1604
3.0167,1607
3.0224,1610
3.028,1607
3.0334,1605
3.039,1610
3.0447,1611
3.05,1605
3.0557,1609
3.0613,1612
3.0669,1606
3.0723,1607
3.0779,1611
3.0835,1607
3.0889,1603
3.0946,1608
3.1002,1611
3.1056,1606
3.1112,1607
3.1168,1610
3.1225,1607
3.1278,1605
3.1335,1610
3.1391,1609
3.1445,1604
3.1501,1608
3.1557,1613
3.1614,1607
3.1668,1605
3.1724,1612
3.178,1608
3.1834,1606
3.1891,1610
3.1947,1608
3.2001,1606
3.2057,1609
3.2113,1608
3.2167,1606
3.2223,1610
3.228,1610
3.2336,1603
3.239,1607
3.2446,1611
3.2502,1605
3.2556,1608
3.2612,1610
3.2668,1605
3.2724,1608
3.2781,1613
3.2834,1606
3.289,1609
3.2946,1612
3.3002,1606
3.3059,1608
3.3112,1613
3.3168,1604
3.3224,1606
3.328,1613
3.3334,1607
3.339,1605
3.3446,1610
3.3502,1611
3.3556,1604
3.3612,1608
3.3669,1611
3.3724,1609
3.378,1603
3.3834,1608
3.389,1612
3.3947,1605
3.4001,1606
3.4058,1612
3.4111,1611
3.4168,1605
3.4224,1610
3.4278,1610
3.4335,1607
3.4391,1607
3.4447,1611
3.4501,1606
3.4558,1607
3.4614,1612
3.4668,1608
3.4724,1605
3.4781,1611
3.4834,1612
3.489,1606
3.4947,1607
3.5,1612
3.5057,1606
3.5113,1605
3.517,1609
3.5223,1611
3.528,1604
3.5336,1610
3.539,1611
3.5446,1605
3.5503,1607
3.5556,1609
3.5613,1606
3.5669,1607
3.5723,1612
3.5779,1606
3.5835,1605
3.5892,1609
3.5945,1607
3.6002,1605
3.6058,1610
3.6112,1612
3.6168,1604
3.6225,1610
3.6279,1610
3.6335,1605
3.6391,1608
3.6445,1613
3.6501,1606
3.6558,1606
3.6614,1612
3.6668,1608
3.6724,1606
3.678,1611
3.6834,1607
3.689,1605
3.6947,1611
3.7,1609
3.7057,1605
3.7113,1609
3.717,1611
3.7223,1605
3.728,1607
3.7336,1611
3.739,1606
3.7446,1608
3.7503,1609
3.7556,1607
3.7611,1608
3.7668,1612
3.7724,1607
3.778,1604
3.7834,1610
3.7889,1610
3.7946,1603
3.8002,1609
3.8056,1611
3.8112,1608
3.8168,1605
3.8224,1610
3.828,1609
3.8334,1605
3.839,1611
3.8446,1612
3.8502,1603
3.8556,1608
3.8612,1611
3.8669,1607
3.8724,1605
3.878,1612
3.8834,1609
3.889,1606
3.8946,1608
3.9002,1609
3.9058,1607
3.9112,1607
3.9168,1612
3.9225,1607
3.9278,1607
3.9335,1611
3.9391,1609
3.9447,1605
3.9501,1611
3.9557,1611
3.9614,1605
3.9667,1610
3.9724,1611
3.978,1604
3.9836,1606
3.989,1613
3.9946,1608
4.0003,1607
4.0057,1611
4.0113,1608
4.0169,1604
4.0223,1610
4.028,1610
4.0336,1607
4.039,1610
4.0446,1611
4.0502,1605
4.0556,1607
4.0613,1612
4.0669,1608
4.0723,1606
4.0779,1610
4.0835,1609
4.0892,1605
4.0945,1610
4.1002,1612
4.1058,1604
4.1112,1607
4.1168,1611
4.1225,1606
4.1278,1606
4.1335,1611
4.1391,1610
4.1445,1605
4.1501,1609
4.1558,1611
4.1614,1605
4.1668,1609
4.1724,1608
4.178,1606
4.1834,1604
4.189,1612
4.1947,1610
4.2003,1605
4.2057,1609
4.2113,1609
4.217,1604
4.2223,1608
4.228,1610
4.2336,1605
4.239,1607
4.2446,1612
4.2503,1608
4.2556,1603
4.2613,1611
4.2669,1614
4.2723,1606
4.2779,1603
4.2836,1612
4.2889,1609
4.2946,1604
4.3002,1609
4.3058,1612
4.3112,1606
4.3168,1605
4.3225,1612
4.3278,1608
4.3335,1603
4.3391,1609
4.3447,1613
4.3501,1607
4.3557,1603
4.3614,1610
4.367,1611
4.3723,1605
4.378,1607
4.3836,1609
4.389,1605
4.3946,1607
4.4002,1612
4.4059,1606
4.4112,1605
4.4169,1609
4.4223,1609
4.4279,1606
4.4336,1608
4.439,1611
4.4447,1605
4.4503,1607
4.4557,1610
4.4613,1610
4.467,1604
4.4723,1609
4.478,1610
4.4836,1609
4.489,1604
4.4946,1610
4.5002,1611
4.5056,1605
4.5113,1606
4.5169,1611
4.5223,1609
4.5279,1605
4.5335,1609
4.5392,1611
4.5445,1606
4.5502,1609
4.5556,1610
4.5612,1607
4.5669,1606
4.5725,1611
4.5779,1610
4.5835,1605
4.5892,1609
4.5945,1610
4.6002,1606
4.6058,1607
4.6112,1611
4.6169,1606
4.6225,1606
4.6279,1610
4.6335,1606
4.6392,1607
4.6445,1611
4.6502,1607
4.6558,1607
4.6612,1612
4.6668,1609
4.6725,1602
4.6778,1611
4.6835,1611
4.6891,1607
4.6945,1607
4.7002,1612
4.7058,1608
4.7112,1605
4.7168,1609
4.7225,1608
4.7278,1605
4.7335,1611
4.7391,1610
4.7448,1604
4.7501,1609
4.7558,1611
4.7611,1607
4.7668,1605
4.7724,1612
4.778,1608
4.7834,1605
4.789,1608
4.7947,1610
4.8003,1604
4.8057,1607
4.8112,1612
4.8168,1606
4.8225,1605
4.8281,1613
4.8334,1610
4.839,1603
4.8446,1608
4.8503,1613
4.8556,1606
4.8613,1606
4.8668,1611
4.8725,1607
4.8778,1603
4.8835,1611
4.8891,1611
4.8946,1605
4.9003,1606
4.9056,1612
4.9113,1608
4.917,1605
4.9223,1611
4.928,1612
4.9336,1604
4.939,1606
4.9446,1612
4.9503,1607
4.9556,1605
4.9613,1612
4.9669,1608
4.9725,1604
4.9779,1610
4.9835,1611
4.9892,1605
4.9945,1608
5.0002,1609
5.0059,1606
5.0112,1606
5.0169,1612
5.0222,1604
5.0279,1608
5.0336,1610
5.0389,1608
5.0446,1604
5.0502,1612
5.0559,1611
5.0612,1606
5.0669,1609
5.0723,1611
5.0779,1605
5.0836,1607
5.0889,1611
5.0946,1609
5.1002,1607
5.1056,1611
5.1113,1608
5.1169,1605
5.1223,1612
5.1279,1610
5.1336,1605
5.139,1606
5.1446,1612
5.1503,1607
5.1557,1606
5.1613,1611
5.1667,1610
5.1723,1606
5.178,1609
5.1836,1611
5.189,1606
5.1946,1605
5.2002,1612
5.2056,1609
5.2113,1607
5.2169,1611
5.2223,1608
5.2279,1604
5.2336,1609
5.2389,1610
5.2446,1606
5.2502,1607
5.2558,1611
5.2612,1606
5.2669,1607
5.2725,1610
5.2779,1605
5.2835,1606
5.2891,1612
5.2945,1611
5.3001,1606
5.3058,1609
5.3114,1611
5.3167,1607
5.3223,1606
5.328,1612
5.3336,1607
5.339,1607
5.3446,1611
5.3502,1608
5.3556,1606
5.3612,1610
5.3669,1609
5.3725,1606
5.3778,1609
5.3835,1609
5.3891,1604
5.3945,1608
5.4001,1612
5.4057,1605
5.4114,1608
5.4167,1613
5.4223,1609
5.4279,1606
5.4336,1610
5.4389,1609
5.4446,1605
5.4501,1608
5.4557,1611
5.4614,1606
5.4667,1607
5.4724,1610
5.4779,1607
5.4835,1605
5.4892,1611
5.4945,1609
5.5002,1604
5.5057,1610
5.5113,1611
5.5167,1604
5.5223,1606
5.528,1611
5.5335,1606
5.5391,1605
5.5445,1610
5.5501,1610
5.5558,1605
5.5611,1606
5.5668,1612
5.5724,1608
5.5778,1606
5.5834,1611
5.5891,1608
5.5947,1604
5.6001,1609
5.6057,1612
5.6114,1605
5.6167,1607
5.6224,1612
5.628,1607
5.6334,1605
5.6424,1609
5.6445,1610
5.6501,1605
5.6556,1608
5.6614,1610
5.6668,1609
5.6723,1605
5.6806,1613
5.6834,1608
5.6891,1604
5.6947,1608
5.7034,1612
5.7057,1606
5.7112,1607
5.7169,1612
5.7255,1609
5.7298,1605
5.7336,1611
5.739,1610
5.7446,1604
5.7503,1609
5.7556,1612
5.7613,1607
5.7669,1605
5.7723,1610
5.778,1609
5.7834,1604
5.7891,1611
5.7947,1611
5.8001,1607
5.8057,1606
5.8114,1611
5.8167,1610
5.8224,1604
5.8281,1608
5.8334,1612
5.8391,1608
5.8447,1606
5.8501,1613
5.8557,1610
5.8614,1605
5.8668,1608
5.8724,1612
5.878,1606
5.8835,1607
5.8892,1609
5.8946,1605
5.9002,1606
5.9056,1611
5.9113,1608
5.9167,1606
5.9224,1609
5.928,1608
5.9335,1604
5.9389,1609
5.9446,1611
5.95,1605
5.9557,1610
5.9613,1611
5.9667,1606
5.9723,1607
5.978,1612
5.9836,1606
5.989,1606
5.9946,1610
6.0003,1607
6.0057,1608
6.0113,1608
6.017,1606
6.0223,1606
6.028,1612
6.0334,1608
6.0391,1604
6.0447,1610
6.0501,1609
6.0557,1605
6.0614,1607
6.0667,1611
6.0724,1606
6.078,1607
6.0834,1611
6.089,1605
6.0947,1606
6.1,1609
6.1057,1610
6.1113,1603
6.117,1609
6.1223,1613
6.128,1608
6.1333,1605
6.139,1609
6.1446,1609
6.1503,1606
6.1556,1611
6.1613,1610
6.1667,1605
6.1723,1607
6.178,1613
6.1833,1608
6.189,1607
6.1946,1611
6.2003,1607
6.2056,1605
6.2113,1609
6.2169,1611
6.2222,1605
6.2279,1604
6.2335,1611
6.2392,1606
6.2446,1607
6.25,1612
6.2557,1607
6.2613,1608
6.2668,1611
6.2724,1606
6.2778,1608
6.2835,1612
6.2891,1606
6.2945,1604
6.3001,1613
6.3056,1608
6.3113,1604
6.3169,1609
6.3223,1609
6.3279,1605
6.3334,1610
6.3391,1609
6.3447,1607
6.3501,1612
6.3557,1610
6.3613,1604
6.3669,1605
6.3723,1610
6.3779,1606
6.3836,1605
6.3889,1610
6.3946,1609
6.4002,1606
6.4058,1608
6.4112,1607
6.4168,1610
6.4224,1609
6.4278,1607
6.4334,1611
6.4391,1610
6.4444,1609
6.4501,1609
6.4557,1609
6.4614,1607
6.4668,1612
6.4724,1607
6.4781,1605
6.4834,1611
6.4891,1608
6.4944,1605
6.5001,1610
6.5058,1610
6.5111,1605
6.5168,1607
6.5224,1614
6.5278,1608
6.5334,1603
6.5391,1610
6.5444,1611
6.5501,1605
6.5557,1610
6.5614,1612
6.5668,1607
6.5724,1608
6.5778,1612
6.5834,1607
6.5891,1604
6.5947,1611
6.6001,1610
6.6057,1605
6.6114,1607
6.6168,1612
6.6224,1606
6.628,1607
6.6334,1611
6.639,1610
6.6447,1604
6.6501,1609
6.6557,1609
6.6613,1605
6.6667,1607
6.6723,1611
6.678,1607
6.6834,1605
6.689,1611
6.6947,1610
6.7,1606
6.7057,1611
6.7113,1611
6.7169,1603
6.7223,1606
6.7279,1612
6.7333,1604
6.7389,1608
6.7446,1611
6.7502,1607
6.7556,1605
6.7613,1610
6.7669,1609
6.7723,1604
6.7779,1607
6.7836,1612
6.7889,1607
6.7946,1604
6.8002,1612
6.8056,1609
6.8112,1604
6.8169,1607
6.8222,1610
6.8279,1605
6.8335,1607
6.8392,1610
6.8445,1607
6.8502,1609
6.8558,1611
6.8612,1606
6.8668,1606
6.8725,1612
6.8778,1609
6.8835,1604
6.8891,1608
6.8945,1611
6.9001,1605
6.9058,1606
6.9111,1612
6.9168,1609
6.9224,1602
6.9278,1608
6.9335,1614
6.9391,1606
6.9445,1607
6.9501,1612
6.9558,1610
6.9611,1605
6.9668,1607
6.9724,1612
6.9778,1606
6.9834,1606
6.9891,1613
6.9947,1608
7.0001,1605
7.0058,1608
7.0111,1611
7.0168,1607
7.0223,1608
7.0279,1610
7.0333,1607
7.039,1604
7.0445,1612
7.0502,1610
7.0558,1605
7.0612,1609
7.0669,1611
7.0723,1605
7.078,1606
7.0833,1610
7.089,1604
7.0947,1606
7.1,1611
7.1057,1607
7.1112,1607
7.1168,1611
7.1224,1607
7.1278,1607
7.1334,1610
7.139,1610
7.1446,1605
7.1503,1608
7.1556,1611
7.1613,1605
7.1666,1606
7.1723,1611
7.1779,1611
7.1833,1606
7.189,1607
7.1946,1612
7.2002,1608
7.2056,1607
7.2112,1611
7.2169,1607
7.2223,1605
7.2279,1611
7.2336,1611
7.2389,1605
7.2446,1608
7.2502,1612
7.2556,1607
7.2612,1605
7.2669,1611
7.2722,1609
7.2779,1606
7.2835,1610
7.2889,1611
7.2946,1606
7.3002,1605
7.3056,1611
7.3113,1607
7.3169,1603
7.3223,1610
7.3279,1611
7.3336,1605
7.3389,1607
7.3446,1611
7.3502,1608
7.3556,1606
7.3612,1611
7.3669,1608
7.3723,1604
7.3779,1609
7.3836,1611
7.3889,1604
7.3945,1607
7.4002,1610
7.4055,1608
7.4112,1606
7.4168,1611
7.4225,1609
7.4278,1603
7.4335,1611
7.4391,1613
7.4445,1607
7.4502,1604
7.4555,1612
7.4612,1611
7.4668,1603
7.4725,1607
7.4778,1612
7.4835,1608
7.4888,1605
7.4945,1612
7.5001,1611
7.5058,1604
7.5111,1609
7.5168,1611
7.5224,1607
7.5278,1604
7.5335,1611
7.5391,1608
7.5445,1603
7.5501,1609
7.5558,1612
7.5611,1605
7.5668,1607
7.5724,1611
7.5778,1609
7.5834,1606
7.5891,1610
7.5945,1606
7.6001,1608
7.6058,1611
7.6111,1607
7.6168,1607
7.6224,1612
7.6278,1605
7.6334,1605
7.6391,1610
7.6444,1607
7.6501,1605
7.6557,1609
7.6611,1611
7.6667,1605
7.6724,1604
7.678,1612
7.6834,1610
7.6891,1602
7.6944,1610
7.7001,1610
7.7057,1605
7.7111,1607
7.7167,1611
7.7224,1606
7.7277,1607
7.7334,1613
7.739,1607
7.7447,1605
7.7501,1612
7.7557,1610
7.7611,1608
7.7668,1605
7.7724,1612
7.7778,1607
7.7834,1606
7.7891,1611
7.7944,1611
7.8,1604
7.8056,1610
7.8113,1611
7.8167,1607
7.8223,1607
7.8278,1612
7.8335,1610
7.8391,1604
7.8445,1611
7.8501,1609
7.8556,1602
7.8613,1609
7.8669,1611
7.8723,1608
7.8779,1606
7.8834,1608
7.8891,1610
7.8944,1605
7.9001,1611
7.9057,1612
7.9111,1606
7.9168,1609
7.9224,1612
7.9278,1605
7.9335,1606
7.939,1613
7.9447,1608
7.95,1605
7.9557,1610
7.9613,1609
7.9667,1607
7.9723,1610
7.978,1608
7.9834,1605
7.989,1610
7.9944,1610
8.0,1605
8.0057,1609
8.0111,1611
8.0167,1607
8.0223,1608
8.028,1611
8.0333,1608
8.039,1607
8.0446,1610
8.05,1608
8.0557,1604
8.0613,1610
8.0667,1610
8.0723,1603
8.078,1607
8.0833,1614
8.089,1607
8.0947,1604
8.1,1612
8.1057,1610
8.1113,1605
8.1167,1607
8.1223,1612
8.128,1605
8.1333,1609
8.139,1609
8.1446,1607
8.15,1606
8.1557,1613
8.1613,1607
8.1667,1605
8.1723,1611
8.178,1608
8.1833,1606
8.189,1608
8.1946,1610
8.2,1605
8.2056,1607
8.2113,1610
8.2167,1605
8.2223,1608
8.2279,1611
8.2333,1607
8.239,1606
8.2446,1610
8.25,1607
8.2556,1607
8.2613,1610
8.2667,1606
8.2723,1608
8.278,1610
8.2834,1607
8.289,1606
8.2944,1613
8.3,1611
8.3057,1605
8.3113,1605
8.3167,1612
8.3223,1609
8.328,1604
8.3334,1609
8.339,1610
8.3444,1604
8.35,1607
8.3557,1613
8.3613,1607
8.3667,1604
8.3724,1609
8.3777,1611
8.3834,1604
8.389,1607
8.3944,1611
8.4001,1610
8.4057,1604
8.4111,1608
8.4167,1611
8.4224,1605
8.4277,1606
8.4334,1612
8.439,1609
8.4444,1605
8.45,1610
8.4557,1609
8.4611,1604
8.4667,1608
8.4724,1611
8.4777,1606
8.4834,1604
8.489,1609
8.4944,1610
8.5001,1605
8.5057,1608
8.5111,1613
8.5168,1607
8.5221,1607
8.5278,1612
8.5334,1609
8.5391,1604
8.5444,1607
8.5501,1613
8.5557,1605
8.5611,1606
8.5667,1611
8.5724,1610
8.5778,1605
8.5834,1609
8.589,1612
8.5944,1606
8.6,1606
8.6057,1613
8.6113,1610
8.6167,1603
8.6223,1608
8.628,1613
8.6333,1606
8.639,1605
8.6444,1610
8.65,1612
8.6557,1605
8.6613,1608
8.6667,1613
8.6723,1606
8.6777,1605
8.6833,1612
8.689,1608
8.6946,1604
8.7,1611
8.7056,1613
8.7113,1606
8.7166,1606
8.7223,1612
8.7279,1608
8.7333,1605
8.7389,1610
8.7445,1610
8.7499,1605
8.7556,1608
8.7612,1612
8.7666,1606
8.7722,1607
8.7779,1612
8.7835,1610
8.7889,1604
8.7946,1608
8.7999,1611
8.8056,1607
8.8112,1605
8.8168,1610
8.8222,1610
8.8278,1604
8.8334,1607
8.8391,1611
8.8444,1608
8.8501,1604
8.8556,1610
8.8612,1611
8.8668,1604
8.8722,1608
8.8779,1611
8.8833,1608
8.8889,1604
8.8946,1610
8.9002,1612
8.9056,1605
8.9112,1610
8.9168,1611
8.9222,1608
8.9278,1606
8.9335,1611
8.9388,1609
8.9445,1606
8.9501,1611
8.9555,1609
8.9611,1604
8.9668,1607
8.9721,1612
8.9778,1609
8.9834,1604
8.9888,1611
8.9944,1612
9.0001,1605
9.0055,1611
9.0111,1611
9.0167,1608
9.0224,1606
9.0277,1612
9.0334,1609
9.039,1605
9.0444,1608
9.05,1613
9.0557,1606
9.0613,1606
9.0667,1611
9.0723,1609
9.0777,1607
9.0833,1610
9.089,1612
9.0946,1606
9.1,1608
9.1056,1612
9.111,1606
9.1167,1604
9.1223,1610
9.1277,1609
9.1333,1606
9.139,1610
9.1446,1609
9.15,1606
9.1556,1607
9.161,1611
9.1667,1605
9.1723,1605
9.1779,1612
9.1833,1612
9.1889,1606
9.1946,1607
9.1999,1611
9.2056,1606
9.2112,1606
9.2169,1611
9.2222,1607
9.2279,1606
9.2332,1611
9.2389,1608
9.2445,1606
9.2502,1611
9.2555,1611
9.2612,1605
9.2665,1608
9.2722,1610
9.2778,1606
9.2835,1606
9.2888,1613
9.2945,1610
9.3001,1604
9.3054,1610
9.3111,1609
9.3167,1604
9.3224,1609
9.3277,1610
9.3334,1605
9.339,1608
9.3444,1613
9.3501,1608
9.3557,1606
9.3611,1607
9.3667,1610
9.3724,1604
9.3777,1610
9.3833,1610
9.389,1605
9.3944,1605
9.4,1611
9.4055,1609
9.4111,1604
9.4168,1610
9.4222,1611
9.4278,1604
9.4333,1606
9.4389,1611
9.4446,1610
9.45,1604
9.4556,1610
9.4611,1611
9.4667,1605
9.4724,1606
9.4777,1612
9.4834,1609
9.4889,1604
9.4946,1606
9.4999,1612
9.5056,1606
9.5112,1604
9.5166,1611
9.5222,1610
9.5279,1604
9.5332,1610
9.5389,1611
9.5445,1605
9.5499,1605
9.5555,1613
9.5612,1607
9.5668,1604
9.5722,1611
9.5778,1610
9.5832,1603
9.5889,1607
9.5945,1611
9.6001,1605
9.6055,1605
9.6112,1611
9.6168,1608
9.6222,1604
9.6279,1610
9.6332,1612
9.6389,1604
9.6445,1606
9.6502,1611
9.6555,1607
9.6612,1607
9.6665,1611
9.6722,1609
9.6779,1604
9.6832,1610
9.6889,1612
9.6945,1606
9.7002,1605
9.7055,1610
9.7112,1609
9.7166,1605
9.7222,1608
9.7278,1608
9.7334,1604
9.7388,1610
9.7444,1610
9.7501,1606
9.7555,1605
9.7611,1611
9.7668,1607
9.7721,1607
9.7778,1612
9.7834,1609
9.7888,1605
9.7944,1611
9.8001,1609
9.8057,1606
9.8111,1608
9.8167,1610
9.8224,1607
9.8277,1605
9.8334,1611
9.839,1609
9.8444,1603
9.85,1609
9.8557,1612
9.8611,1604
9.8667,1606
9.8721,1613
9.8777,1610
9.8834,1603
9.889,1606
9.8944,1614
9.9001,1607
9.9057,1604
9.9111,1612
9.9167,1612
9.9224,1604
9.9277,1607
9.9334,1611
9.939,1606
9.9444,1604
9.95,1610
9.9557,1611
9.961,1605
9.9667,1606
9.9723,1614
9.9777,1608
9.9833,1606
9.989,1609
9.9943,1611
10.0,1603
10.0057,1608
10.011,1612
10.0167,1604
10.0223,1605
10.0277,1612
10.0334,1608
10.039,1604
10.0444,1609
10.05,1611
10.0554,1607
10.0611,1608
10.0667,1613
10.0723,1605
10.0777,1604
10.0833,1612
10.089,1610
10.0944,1605
10.1,1607
10.1056,1611
10.111,1606
10.1167,1605
10.1223,1613
10.1277,1608
10.1333,1606
10.139,1609
10.1444,1610
10.15,1605
10.1557,1606
10.1611,1612
10.1667,1609
10.1724,1605
10.1777,1610
10.1834,1612
10.1888,1605
10.1944,1608
10.2001,1612
10.2057,1606
10.2111,1605
10.2167,1610
10.2221,1609
10.2277,1604
10.2334,1607
10.2388,1613
10.2444,1603
10.2501,1607
10.2557,1610
10.2611,1609
10.2667,1605
10.2721,1608
10.2777,1611
10.2834,1605
10.289,1605
10.2944,1613
10.3,1608
10.3057,1605
10.311,1609
10.3167,1612
10.3223,1603
10.3277,1607
10.3333,1613
10.339,1608
10.3444,1606
10.35,1612
10.3557,1610
10.3611,1606
10.3667,1606
10.3723,1611
10.3777,1606
10.3833,1605
10.389,1610
10.3944,1609
10.4,1605
10.4057,1607
10.411,1611
10.4167,1608
10.4223,1605
10.4277,1612
10.4333,1609
10.439,1604
10.4443,1608
10.45,1614
10.4556,1606
10.4613,1605
10.4666,1612
10.4723,1610
10.4776,1606
10.4833,1610
10.4888,1610
10.4944,1604
10.5001,1607
10.5055,1614
10.5111,1606
10.5166,1606
10.5223,1610
10.5279,1608
10.5333,1602
10.5389,1608
10.5444,1613
10.5501,1605
10.5557,1606
10.5611,1612
10.5667,1607
10.5722,1604
10.5779,1611
10.5832,1611
10.5889,1603
10.5945,1610
10.5999,1611
10.6055,1606
10.6112,1605
10.6168,1610
10.6222,1610
10.6278,1607
10.6335,1611
10.6388,1609
10.6445,1606
10.6502,1609
10.6555,1611
10.6612,1605
10.6666,1605
10.6722,1612
10.6779,1608
10.6835,1604
10.6888,1609
10.6945,1609
10.7001,1603
10.7055,1605
10.7111,1612
10.7168,1607
10.7222,1605
10.7278,1608
10.7334,1610
10.7388,1606
10.7445,1607
10.7501,1612
10.7555,1607
10.7611,1605
10.7668,1611
10.7724,1609
10.7778,1605
10.7834,1608
10.7891,1612
10.7944,1606
10.8001,1607
10.8057,1611
10.8111,1606
10.8167,1604
10.8224,1611
10.8277,1612
10.8334,1604
10.839,1609
10.8444,1612
10.8501,1607
10.8557,1607
10.8611,1611
10.8667,1606
10.8724,1604
10.8777,1611
10.8834,1608
10.8891,1604
10.8944,1607
10.9,1612
10.9057,1606
10.9111,1604
10.9167,1611
10.9224,1608
10.9277,1606
10.9334,1611
10.939,1612
10.9444,1605
10.95,1608
10.9555,1612
10.9612,1608
10.9668,1604
10.9722,1610
10.9778,1611
10.9833,1605
10.989,1606
10.9946,1613
11.0,1611
11.0057,1603
11.0111,1606
11.0168,1612
11.0224,1610
11.0278,1603
11.0334,1609
11.0389,1613
11.0446,1608
11.0502,1607
11.0556,1610
11.0613,1608
11.0667,1606
11.0723,1610
11.078,1609
11.0833,1604
11.089,1609
11.0946,1610
11.0999,1604
11.1056,1609
11.1112,1612
11.1166,1604
11.1223,1605
11.1279,1611
11.1336,1607
11.1389,1606
11.1446,1610
11.1499,1606
11.1556,1606
11.1612,1610
11.1669,1606
11.1723,1608
11.1779,1609
11.1833,1606
11.189,1607
11.1946,1610
11.2,1604
11.2056,1608
11.2113,1612
11.2167,1607
11.2223,1607
11.228,1611
11.2334,1607
11.239,1606
11.2446,1611
11.25,1607
11.2557,1605
11.2613,1611
11.2667,1609
11.2723,1606
11.278,1611
11.2833,1611
11.289,1603
11.2946,1611
11.3,1608
11.3056,1604
11.3113,1606
11.3167,1610
11.3223,1607
11.328,1604
11.3333,1611
11.339,1610
11.3446,1606
11.35,1610
11.3556,1611
11.3613,1607
11.3666,1607
11.3723,1613
11.3779,1610
11.3836,1605
11.3889,1610
11.3946,1610
11.4,1606
11.4056,1609
11.4113,1611
11.4166,1607
11.4223,1606
11.4279,1611
11.4336,1608
11.4389,1605
11.4446,1610
11.4502,1607
11.4556,1607
11.4612,1611
11.4669,1609
11.4722,1606
11.4779,1610
11.4835,1610
11.4889,1606
11.4946,1608
11.5002,1612
11.5056,1606
11.5112,1606
11.5169,1610
11.5223,1609
11.5279,1603
11.5336,1609
11.5389,1609
11.5446,1606
11.5502,1608
11.5556,1611
11.5612,1605
11.5669,1606
11.5722,1614
11.5779,1608
11.5835,1606
11.5892,1608
11.5945,1610
11.6002,1605
11.6055,1606
11.6112,1612
11.6168,1609
11.6222,1606
11.6279,1611
11.6335,1610
11.6392,1604
11.6445,1610
11.6502,1611
11.6558,1606
11.6611,1607
11.6668,1611
11.6724,1606
11.6778,1606
11.6835,1612
11.6891,1608
11.6945,1605
11.7001,1611
11.7058,1608
11.7111,1605
11.7168,1608
11.7224,1611
11.7278,1606
11.7335,1606
11.7391,1613
11.7445,1607
11.7501,1605
11.7558,1609
11.7614,1610
11.7668,1605
11.7724,1606
11.7778,1610
11.7834,1609
11.7891,1605
11.7947,1611
11.8001,1606
11.8057,1606
11.8114,1611
11.8167,1614
11.8224,1605
11.828,1610
11.8334,1609
11.839,1603
11.8447,1608
11.85,1610
11.8557,1603
11.8613,1607
11.8667,1612
11.8723,1606
11.878,1608
11.8836,1609
11.889,1609
11.8946,1603
11.9,1609
11.9056,1611
11.9113,1607
11.9169,1605
11.9223,1612
11.9279,1610
11.9336,1606
11.9389,1609
11.9446,1611
11.9503,1607
11.9556,1606
11.9613,1613
11.9669,1608
11.9723,1603
11.9779,1610
11.9836,1612
11.9889,1605
11.9946,1607
12.0002,1612
12.0056,1608
12.0112,1604
12.0169,1609
12.0223,1612
12.0279,1605
12.0336,1607
12.0389,1612
12.0446,1607
12.0502,1605
12.0556,1609
12.0612,1610
12.0669,1605
12.0725,1608
12.0779,1610
12.0835,1605
12.0889,1607
12.0945,1611
12.1,1609
12.1057,1603
12.1113,1609
12.1167,1610
12.1223,1605
12.1278,1605
12.1335,1612
12.1391,1607
12.1445,1605
12.15,1612
12.1556,1610
12.1613,1606
12.1669,1608
12.1723,1613
12.1778,1607
12.1835,1605
12.1891,1611
12.1948,1608
12.2001,1605
12.2056,1610
12.2113,1608
12.2169,1604
12.2223,1608
12.228,1611
12.2334,1606
12.2391,1607
12.2447,1611
12.2501,1611
12.2558,1605
12.2611,1607
12.2668,1611
12.2724,1606
12.2781,1606
12.2834,1614
12.2891,1610
12.2947,1605
12.3001,1608
12.3057,1612
12.3114,1608
12.3167,1604
12.3224,1610
12.328,1611
12.3334,1606
12.339,1609
12.3447,1610
12.35,1608
12.3557,1605
12.3613,1614
12.367,1609
12.3723,1606
12.378,1610
12.3836,1608
12.389,1606
12.3946,1607
12.4003,1614
12.4056,1609
12.4113,1603
12.4169,1610
12.4223,1612
12.4279,1608
12.4336,1609
12.4392,1612
12.4446,1609
12.4502,1607
12.4556,1610
12.4612,1611
12.4669,1606
12.4723,1608
12.4778,1611
12.4834,1607
12.4891,1606
12.4947,1611
12.5001,1607
12.5056,1606
12.5113,1611
12.5169,1606
12.5223,1605
12.5279,1610
12.5334,1609
12.5391,1606
12.5447,1610
12.5501,1607
12.5557,1605
12.5612,1611
12.5669,1610
12.5725,1604
12.5779,1609
12.5835,1610
12.5889,1605
12.5946,1605
12.6002,1610
12.6058,1610
12.6112,1604
12.6168,1608
12.6225,1610
12.6278,1605
12.6335,1605
12.6391,1610
12.6445,1608
12.6501,1606
12.6558,1609
12.6611,1613
12.6668,1606
12.6724,1605
12.6781,1611
12.6834,1610
12.6891,1603
12.6947,1606
12.7001,1611
12.7057,1606
12.7114,1605
12.7167,1610
12.7224,1609
12.728,1603
12.7334,1612
12.739,1611
12.7447,1604
12.75,1608
12.7557,1612
12.7613,1607
12.767,1607
12.7723,1610
12.778,1609
12.7836,1604
12.789,1611
12.7946,1609
12.8003,1605
12.8056,1609
12.8113,1610
12.8169,1603
12.8223,1607
12.8279,1611
12.8335,1606
12.8392,1605
12.8446,1611
12.8502,1608
12.8558,1605
12.8612,1610
12.8669,1609
12.8725,1604
12.8779,1609
12.8835,1610
12.8892,1606
12.8945,1606
12.9002,1610
12.9058,1606
12.9112,1604
12.9168,1611
12.9225,1609
12.9278,1605
12.9335,1610
12.9391,1611
12.9445,1608
12.9501,1605
12.9558,1611
12.9614,1611
12.9668,1604
12.9724,1610
12.978,1609
12.9834,1605
12.9891,1606
12.9947,1611
13.0001,1607
13.0058,1606
13.0114,1612
13.0168,1607
13.0224,1605
13.028,1609
13.0334,1612
13.039,1605
13.0447,1608
13.0501,1611
13.0557,1607
13.0614,1607
13.0667,1611
13.0724,1612
13.078,1605
13.0837,1607
13.089,1611
13.0947,1607
13.1,1603
13.1057,1610
13.1113,1611
13.117,1606
13.1223,1609
13.128,1611
13.1336,1606
13.139,1606
13.1446,1613
13.1503,1605
13.1556,1605
13.1613,1611
13.1669,1612
13.1723,1603
13.1779,1606
13.1836,1613
13.1889,1610
13.1946,1605
13.2003,1608
13.2056,1610
13.2113,1604
13.2169,1605
13.2223,1613
13.2279,1609
13.2335,1605
13.2392,1607
13.2445,1612
13.2502,1605
13.2558,1607
13.2612,1611
13.2668,1608
13.2725,1608
13.2778,1612
13.2835,1607
13.2891,1606
13.2945,1613
13.3001,1610
13.3058,1605
13.3114,1610
13.3168,1611
13.3224,1605
13.3281,1605
13.3334,1612
13.3391,1610
13.3447,1603
13.3501,1607
13.3557,1611
13.3614,1608
13.367,1605
13.3724,1612
13.378,1610
13.3834,1606
13.389,1608
13.3947,1612
13.4003,1610
13.4057,1604
13.4113,1611
13.4167,1610
13.4223,1603
13.428,1609
13.4336,1612
13.439,1608
13.4446,1603
13.4503,1610
13.4556,1610
13.4613,1607
13.4669,1606
13.4723,1611
13.4779,1608
13.4836,1605
13.4892,1613
13.4946,1607
13.5002,1604
13.5059,1610
13.5112,1608
13.5169,1605
13.5225,1610
13.5279,1611
13.5335,1606
13.5392,1606
13.5445,1613
13.5502,1607
13.5558,1606
13.5612,1612
13.5668,1608
13.5725,1606
13.5778,1609
13.5835,1610
13.5891,1605
13.5948,1608
13.6001,1614
13.6058,1606
13.6114,1604
13.6168,1611
13.6224,1610
13.6278,1604
13.6335,1606
13.6391,1611
13.6448,1609
13.6501,1605
13.6557,1611
13.6614,1610
13.6668,1605
13.6724,1608
13.678,1612
13.6834,1607
13.689,1604
13.6947,1609
13.7,1610
13.7057,1603
13.7113,1608
13.717,1613
13.7223,1607
13.728,1605
13.7336,1611
13.739,1609
13.7446,1604
13.7502,1612
13.7559,1610
13.7612,1607
13.7669,1609
13.7723,1610
13.7779,1603
13.7834,1610
13.789,1612
13.7946,1604
13.8003,1606
13.8056,1613
13.8112,1610
13.8168,1606
13.8225,1611
13.8281,1612
13.8335,1605
13.839,1608
13.8446,1611
13.8503,1604
13.8556,1608
13.8613,1612
13.8668,1607
13.8724,1605
13.8781,1612
13.8834,1612
13.8891,1605
13.8946,1607
13.9003,1611
13.9056,1607
13.9113,1605
13.9169,1613
13.9223,1609
13.9279,1605
13.9336,1611
13.9392,1608
13.9446,1606
13.9502,1611
13.9556,1609
13.9612,1605
13.9669,1615
13.9725,1610
13.9779,1605
13.9835,1607
13.9891,1610
13.9945,1607
14.0001,1607
14.0058,1611
14.0114,1607
14.0168,1606
14.0224,1610
14.0278,1610
14.0335,1607
14.0391,1606
14.0447,1610
14.0501,1607
14.0558,1606
14.0614,1612
14.0668,1610
14.0724,1604
14.0781,1609
14.0834,1612
14.0891,1606
14.0947,1605
14.1001,1611
14.1057,1608
14.1114,1609
14.1167,1611
14.1224,1608
14.128,1609
14.1334,1610
14.139,1608
14.1446,1605
14.1503,1610
14.1556,1609
14.1613,1605
14.1668,1607
14.1724,1613
14.1781,1608
14.1834,1604
14.1891,1612
14.1946,1611
14.2002,1604
14.2058,1606
14.2112,1612
14.2169,1608
14.2224,1602
14.228,1611
14.2334,1613
14.2391,1605
14.2447,1606
14.2501,1610
14.2557,1608
14.2614,1607
14.2667,1612
14.2724,1607
14.278,1606
14.2836,1610
14.289,1609
14.2946,1604
14.3003,1606
14.3056,1613
14.3113,1608
14.3169,1606
14.3223,1612
14.328,1608
14.3336,1604
14.339,1611
14.3446,1613
14.3503,1605
14.3556,1605
14.3613,1610
14.3669,1610
14.3723,1604
14.3779,1607
14.3836,1610
14.3889,1605
14.3946,1608
14.4002,1613
14.4056,1608
14.4112,1605
14.4169,1610
14.4225,1611
14.4279,1604
14.4335,1608
14.4392,1614
14.4445,1604
14.4502,1605
14.4558,1611
14.4612,1608
14.4668,1604
14.4725,1609
14.4779,1610
14.4835,1608
14.4892,1604
14.4945,1610
14.5002,1609
14.5058,1605
14.5112,1609
14.5168,1611
14.5225,1606
14.5278,1604
14.5335,1610
14.5391,1612
14.5445,1604
14.5501,1607
14.5558,1611
14.5612,1608
14.5668,1605
14.5725,1608
14.5778,1611
14.5835,1606
14.5891,1606
14.5945,1610
14.6002,1609
14.6058,1605
14.6112,1609
14.6168,1610
14.6225,1606
14.6278,1607
14.6335,1610
14.6392,1605
14.6445,1605
14.6502,1610
14.6558,1606
14.6612,1606
14.6668,1611
14.6725,1611
14.6778,1605
14.6835,1608
14.6891,1610
14.6945,1606
14.7001,1605
14.7058,1611
14.7111,1610
14.7168,1606
14.7224,1608
14.7281,1613
14.7334,1607
14.7391,1609
14.7447,1610
14.7501,1605
14.7557,1607
14.7614,1610
14.7668,1606
14.7724,1608
14.778,1610
14.7834,1607
14.789,1606
14.7947,1609
14.8001,1607
14.8057,1605
14.8114,1610
14.817,1611
14.8224,1603
14.828,1610
14.8334,1611
14.839,1604
14.8447,1607
14.85,1610
14.8557,1607
14.8613,1605
14.8667,1612
14.8723,1610
14.878,1603
14.8836,1607
14.889,1612
14.8946,1605
14.9003,1607
14.9056,1611
14.9113,1608
14.9169,1604
14.9223,1608
14.9279,1610
14.9336,1604
14.9391,1606
14.9445,1613
14.9501,1608
14.9557,1605
14.9614,1610
14.9667,1611
14.9724,1603
14.978,1607
14.9836,1612
14.989,1606
14.9946,1607
15.0003,1610
15.0056,1607
15.0113,1606
15.0169,1611
15.0278,1610
15.0334,1618
15.039,1629
15.0446,1639
15.0502,1652
15.0556,1659
15.0612,1668
15.0669,1676
15.0725,1682
15.0778,1689
15.0835,1695
15.0891,1699
15.0947,1703
15.1001,1710
15.1058,1715
15.1114,1718
15.1168,1722
15.1224,1727
15.128,1731
15.1334,1734
15.139,1738
15.1446,1741
15.1503,1743
15.1556,1748
15.1613,1749
15.167,1753
15.1723,1757
15.178,1760
15.1836,1764
15.1889,1766
15.1946,1769
15.2002,1771
15.2058,1774
15.2112,1778
15.2169,1780
15.2225,1781
15.2279,1787
15.2335,1788
15.2391,1788
15.2445,1794
15.2501,1796
15.2557,1797
15.2614,1802
15.2667,1803
15.2723,1804
15.278,1808
15.2836,1812
15.289,1814
15.2946,1814
15.3003,1818
15.3056,1820
15.3113,1823
15.3169,1825
15.3222,1827
15.3279,1828
15.3335,1830
15.3392,1831
15.3445,1835
15.3502,1837
15.3558,1838
15.3612,1840
15.3669,1844
15.3725,1845
15.3778,1848
15.3835,1851
15.3891,1852
15.3945,1854
15.4001,1855
15.4057,1858
15.4114,1858
15.4167,1859
15.4223,1861
15.428,1865
15.4336,1865
15.439,1868
