Experiment: Mar_2_Turb_expt vial 10, Tue Mar  2 18:45:49 2021
0.0056,4065
0.0113,4066
0.0166,4066
0.0223,4066
0.0279,4064
0.0333,4066
0.0389,4063
0.0446,4064
0.0499,4066
0.0556,4065
0.0612,4064
0.0666,4065
0.0723,4063
0.0779,4065
0.0833,4064
0.0889,4066
0.0946,4068
0.0999,4065
0.1056,4065
0.1112,4065
0.1166,4066
0.1222,4065
0.1279,4066
0.1333,4066
0.1389,4066
0.1445,4066
0.1502,4064
0.1555,4066
0.1611,4065
0.1668,4064
0.1721,4065
0.1777,4065
0.1834,4067
0.189,4064
0.1944,4064
0.2,4067
0.2056,4066
0.2113,4065
0.2166,4063
0.2223,4065
0.2279,4067
0.2332,4067
0.2389,4067
0.2445,4065
0.2501,4065
0.2555,4066
0.2611,4064
0.2668,4066
0.2721,4068
0.2778,4066
0.2834,4066
0.289,4065
0.2944,4066
0.2999,4066
0.3056,4066
0.3112,4066
0.3165,4066
0.3222,4064
0.3277,4066
0.3333,4066
0.339,4067
0.3446,4067
0.3499,4066
0.3555,4067
0.3611,4065
0.3668,4065
0.3721,4066
0.3778,4065
0.3833,4066
0.3889,4066
0.3946,4065
0.3999,4065
0.4056,4065
0.4111,4066
0.4168,4064
0.4224,4065
0.4278,4066
0.4334,4064
0.4389,4067
0.4446,4065
0.4499,4066
0.4556,4066
0.4612,4066
0.4666,4065
0.4722,4065
0.4778,4065
0.4835,4066
0.4888,4065
0.4945,4065
0.5001,4064
0.5055,4066
0.5111,4066
0.5168,4066
0.5221,4065
0.5278,4064
0.5334,4065
0.5388,4066
0.5444,4066
0.5501,4065
0.5557,4065
0.5611,4066
0.5667,4066
0.5723,4066
0.5777,4065
0.5833,4066
0.589,4066
0.5943,4067
0.6,4066
0.6056,4064
0.6112,4065
0.6166,4065
0.6222,4065
0.6279,4065
0.6332,4064
0.6389,4065
0.6445,4066
0.6501,4063
0.6555,4066
0.6611,4066
0.6668,4065
0.6721,4067
0.6777,4067
0.6834,4067
0.689,4067
0.6944,4065
0.7,4065
0.7056,4066
0.7113,4065
0.7166,4065
0.7222,4066
0.7279,4065
0.7332,4064
0.7388,4065
0.7445,4067
0.7501,4066
0.7555,4068
0.7611,4065
0.7667,4066
0.7721,4065
0.7777,4066
0.7833,4067
0.789,4066
0.7946,4065
0.8,4064
0.8056,4065
0.811,4066
0.8166,4065
0.8222,4065
0.8279,4067
0.8332,4064
0.8389,4064
0.8445,4065
0.8501,4065
0.8555,4064
0.8612,4064
0.8668,4066
0.8722,4066
0.8778,4067
0.8834,4065
0.8888,4066
0.8944,4066
0.9001,4064
0.9054,4063
0.9111,4067
0.9167,4065
0.9223,4065
0.9277,4064
0.9333,4066
0.939,4068
0.9443,4066
0.95,4066
0.9554,4065
0.961,4068
0.9667,4066
0.9723,4068
0.9777,4066
0.9833,4065
0.989,4066
0.9943,4067
1.0,4066
1.0056,4064
1.0113,4067
1.0167,4067
1.0223,4067
1.0277,4064
1.0333,4068
1.039,4066
1.0443,4066
1.05,4068
1.0556,4065
1.061,4066
1.0666,4065
1.0723,4066
1.0779,4063
1.0833,4066
1.0889,4064
1.0945,4066
1.0999,4067
1.1055,4067
1.1112,4066
1.1168,4068
1.1222,4067
1.1278,4064
1.1334,4066
1.1388,4066
1.1444,4066
1.15,4064
1.1557,4066
1.161,4067
1.1667,4065
1.1723,4065
1.1777,4067
1.1833,4065
1.1889,4065
1.1943,4066
1.1999,4067
1.2055,4063
1.2112,4066
1.2166,4065
1.2222,4067
1.2278,4066
1.2332,4065
1.2388,4066
1.2444,4066
1.2501,4066
1.2554,4066
1.2611,4066
1.2667,4065
1.2723,4066
1.2777,4066
1.2833,4066
1.2889,4066
1.2946,4067
1.2999,4066
1.3056,4064
1.3112,4067
1.3165,4067
1.3222,4065
1.3278,4066
1.3334,4066
1.3388,4067
1.3445,4066
1.3501,4065
1.3554,4064
1.3611,4066
1.3667,4067
1.3724,4064
1.3777,4066
1.3833,4066
1.389,4064
1.3944,4065
1.4,4068
1.4057,4066
1.411,4066
1.4166,4066
1.4223,4065
1.4279,4064
1.4333,4066
1.4389,4066
1.4446,4069
1.4499,4067
1.4555,4065
1.4612,4066
1.4666,4068
1.4722,4066
1.4778,4066
1.4835,4067
1.4888,4065
1.4945,4065
1.5001,4066
1.5055,4066
1.5111,4067
1.5168,4065
1.5221,4067
1.5278,4066
1.5334,4064
1.539,4067
1.5444,4064
1.5501,4067
1.5557,4066
1.561,4065
1.5667,4066
1.5723,4065
1.5777,4066
1.5833,4065
1.589,4065
1.5946,4066
1.6,4067
1.6056,4066
1.6112,4064
1.6166,4066
1.6222,4065
1.6279,4067
1.6333,4066
1.6389,4065
1.6445,4066
1.6499,4067
1.6555,4064
1.6612,4066
1.6668,4065
1.6722,4067
1.6778,4066
1.6835,4067
1.6888,4065
1.6945,4067
1.7001,4065
1.7057,4066
1.7111,4066
1.7167,4067
1.7224,4066
1.7277,4066
1.7333,4066
1.739,4065
1.7446,4066
1.7499,4067
1.7556,4066
1.7612,4065
1.7668,4065
1.7722,4066
1.7778,4068
1.7835,4065
1.7888,4066
1.7944,4066
1.8,4065
1.8056,4065
1.8113,4065
1.8166,4066
1.8222,4067
1.8278,4066
1.8335,4065
1.8391,4066
1.8445,4064
1.85,4066
1.8556,4068
1.8613,4065
1.8666,4067
1.8723,4065
1.8778,4065
1.8835,4064
1.8891,4065
1.8945,4068
1.9001,4065
1.9056,4063
1.9113,4066
1.9166,4067
1.9223,4066
1.9279,4068
1.9334,4067
1.9391,4067
1.9444,4065
1.9501,4067
1.9557,4065
1.9611,4067
1.9668,4066
1.9724,4065
1.9778,4067
1.9834,4064
1.989,4067
1.9944,4068
2.0001,4066
2.0057,4065
2.0111,4066
2.0167,4067
2.0224,4066
2.0277,4065
2.0334,4065
2.039,4066
2.0447,4067
2.05,4066
2.0557,4066
2.061,4064
2.0667,4066
2.0722,4066
2.0778,4066
2.0835,4064
2.0889,4065
2.0945,4066
2.1,4066
2.1057,4065
2.1113,4065
2.1167,4065
2.1223,4066
2.1278,4066
2.1335,4066
2.1391,4065
2.1445,4064
2.1501,4066
2.1556,4066
2.1613,4067
2.1666,4065
2.1723,4067
2.1779,4066
2.1833,4066
2.1889,4066
2.1946,4067
2.2002,4065
2.2056,4066
2.2112,4067
2.2169,4067
2.2223,4066
2.2279,4066
2.2335,4066
2.2389,4065
2.2445,4066
2.2502,4067
2.2555,4066
2.2612,4065
2.2668,4066
2.2724,4066
2.2778,4065
2.2834,4065
2.2891,4066
2.2944,4067
2.3001,4066
2.3057,4066
2.3111,4066
2.3167,4066
2.3224,4067
2.328,4066
2.3334,4066
2.339,4064
2.3447,4067
2.3501,4064
2.3557,4066
2.3611,4067
2.3667,4067
2.3723,4068
2.378,4067
2.3833,4066
2.389,4067
2.3946,4067
2.4003,4067
2.4056,4065
2.4112,4065
2.4169,4064
2.4223,4067
2.4279,4067
2.4335,4067
2.4389,4064
2.4446,4066
2.4502,4067
2.4556,4067
2.4612,4065
2.4669,4066
2.4722,4066
2.4779,4067
2.4835,4064
2.4892,4067
2.4945,4065
2.5002,4066
2.5055,4065
2.5112,4067
2.5169,4067
2.5222,4064
2.5279,4066
2.5335,4068
2.5389,4066
2.5445,4065
2.5502,4065
2.5555,4068
2.5612,4064
2.5669,4066
2.5722,4067
2.5779,4067
2.5835,4066
2.5889,4065
2.5945,4065
2.6002,4066
2.6058,4064
2.6112,4065
2.6168,4065
2.6225,4064
2.6278,4068
2.6335,4065
2.6391,4067
2.6445,4066
2.6501,4066
2.6558,4066
2.6611,4067
2.6668,4065
2.6724,4065
2.678,4066
2.6834,4067
2.689,4066
2.6947,4066
2.7,4067
2.7057,4064
2.7113,4065
2.7167,4066
2.7223,4066
2.728,4066
2.7333,4066
2.739,4067
2.7446,4067
2.7503,4065
2.7556,4065
2.7613,4067
2.7669,4066
2.7722,4065
2.7779,4065
2.7835,4066
2.7891,4065
2.7945,4066
2.8001,4067
2.8058,4068
2.8111,4064
2.8168,4066
2.8224,4068
2.8281,4064
2.8334,4067
2.8391,4066
2.8447,4066
2.85,4065
2.8557,4065
2.8613,4067
2.8669,4068
2.8723,4066
2.8779,4066
2.8836,4066
2.8889,4069
2.8946,4063
2.9002,4066
2.9056,4066
2.9112,4067
2.9169,4065
2.9225,4066
2.9279,4066
2.9336,4066
2.939,4067
2.9446,4065
2.95,4065
2.9556,4066
2.9613,4067
2.9667,4065
2.9723,4065
2.978,4066
2.9836,4066
2.989,4064
2.9947,4064
3.0,4066
3.0057,4065
3.0114,4065
3.0167,4064
3.0224,4065
3.028,4066
3.0334,4065
3.039,4065
3.0447,4067
3.05,4066
3.0557,4067
3.0613,4065
3.0669,4067
3.0723,4067
3.0779,4065
3.0835,4066
3.0889,4066
3.0946,4067
3.1002,4066
3.1056,4064
3.1112,4067
3.1168,4069
3.1225,4068
3.1278,4067
3.1335,4066
3.1391,4067
3.1445,4067
3.1501,4067
3.1557,4067
3.1614,4065
3.1668,4067
3.1724,4065
3.178,4066
3.1834,4064
3.1891,4067
3.1947,4069
3.2001,4065
3.2057,4067
3.2113,4064
3.2167,4064
3.2223,4065
3.228,4065
3.2336,4068
3.239,4066
3.2446,4068
3.2502,4067
3.2556,4066
3.2612,4066
3.2668,4067
3.2724,4067
3.2781,4064
3.2834,4066
3.289,4067
3.2946,4067
3.3002,4067
3.3059,4067
3.3112,4075
3.3168,4068
3.3224,4066
3.328,4065
3.3334,4065
3.339,4067
3.3446,4065
3.3502,4066
3.3556,4066
3.3612,4068
3.3669,4064
3.3724,4065
3.378,4066
3.3834,4065
3.389,4065
3.3947,4066
3.4001,4068
3.4058,4064
3.4111,4065
3.4168,4066
3.4224,4065
3.4278,4066
3.4335,4066
3.4391,4067
3.4447,4066
3.4501,4066
3.4558,4065
3.4614,4066
3.4668,4067
3.4724,4066
3.4781,4065
3.4834,4066
3.489,4066
3.4947,4067
3.5,4066
3.5057,4065
3.5113,4068
3.517,4065
3.5223,4066
3.528,4065
3.5336,4065
3.539,4066
3.5446,4065
3.5503,4066
3.5556,4065
3.5613,4063
3.5669,4066
3.5723,4066
3.5779,4067
3.5835,4068
3.5892,4068
3.5945,4066
3.6002,4068
3.6058,4066
3.6112,4066
3.6168,4065
3.6225,4066
3.6279,4066
3.6335,4066
3.6391,4066
3.6445,4067
3.6501,4065
3.6558,4066
3.6614,4067
3.6668,4067
3.6724,4066
3.678,4067
3.6834,4065
3.689,4067
3.6947,4066
3.7,4066
3.7057,4067
3.7113,4066
3.717,4065
3.7223,4065
3.728,4066
3.7336,4066
3.739,4066
3.7446,4068
3.7503,4065
3.7556,4067
3.7611,4067
3.7668,4066
3.7724,4066
3.778,4067
3.7834,4066
3.7889,4067
3.7946,4068
3.8002,4067
3.8056,4067
3.8112,4066
3.8168,4067
3.8224,4065
3.828,4066
3.8334,4066
3.839,4067
3.8446,4066
3.8502,4067
3.8556,4064
3.8612,4066
3.8669,4064
3.8724,4066
3.878,4066
3.8834,4067
3.889,4067
3.8946,4065
3.9002,4067
3.9058,4066
3.9112,4067
3.9168,4065
3.9225,4067
3.9278,4066
3.9335,4066
3.9391,4065
3.9447,4066
3.9501,4066
3.9557,4066
3.9614,4066
3.9667,4065
3.9724,4066
3.978,4066
3.9836,4066
3.989,4066
3.9946,4066
4.0003,4065
4.0057,4066
4.0113,4066
4.0169,4067
4.0223,4066
4.028,4066
4.0336,4066
4.039,4068
4.0446,4066
4.0502,4066
4.0556,4066
4.0613,4067
4.0669,4066
4.0723,4066
4.0779,4067
4.0835,4067
4.0892,4068
4.0945,4066
4.1002,4067
4.1058,4066
4.1112,4067
4.1168,4065
4.1225,4067
4.1278,4065
4.1335,4066
4.1391,4066
4.1445,4066
4.1501,4066
4.1558,4066
4.1614,4069
4.1668,4065
4.1724,4066
4.178,4066
4.1834,4065
4.189,4068
4.1947,4066
4.2003,4067
4.2057,4066
4.2113,4065
4.217,4066
4.2223,4067
4.228,4065
4.2336,4063
4.239,4065
4.2446,4065
4.2503,4067
4.2556,4066
4.2613,4067
4.2669,4067
4.2723,4066
4.2779,4065
4.2836,4064
4.2889,4064
4.2946,4066
4.3002,4066
4.3058,4067
4.3112,4065
4.3168,4065
4.3225,4066
4.3278,4065
4.3335,4067
4.3391,4067
4.3447,4065
4.3501,4066
4.3557,4066
4.3614,4065
4.367,4065
4.3723,4067
4.378,4067
4.3836,4064
4.389,4067
4.3946,4066
4.4002,4066
4.4059,4066
4.4112,4066
4.4169,4066
4.4223,4066
4.4279,4067
4.4336,4068
4.439,4066
4.4447,4066
4.4503,4067
4.4557,4068
4.4613,4067
4.467,4065
4.4723,4066
4.478,4065
4.4836,4065
4.489,4067
4.4946,4064
4.5002,4066
4.5056,4065
4.5113,4066
4.5169,4064
4.5223,4064
4.5279,4065
4.5335,4065
4.5392,4066
4.5445,4065
4.5502,4066
4.5556,4067
4.5612,4065
4.5669,4066
4.5725,4066
4.5779,4067
4.5835,4066
4.5892,4066
4.5945,4066
4.6002,4066
4.6058,4066
4.6112,4065
4.6169,4067
4.6225,4067
4.6279,4066
4.6335,4065
4.6392,4066
4.6445,4067
4.6502,4065
4.6558,4065
4.6612,4064
4.6668,4066
4.6725,4066
4.6778,4065
4.6835,4066
4.6891,4065
4.6945,4065
4.7002,4067
4.7058,4067
4.7112,4066
4.7168,4065
4.7225,4063
4.7278,4068
4.7335,4065
4.7391,4066
4.7448,4069
4.7501,4066
4.7558,4065
4.7611,4066
4.7668,4066
4.7724,4066
4.778,4065
4.7834,4065
4.789,4068
4.7947,4068
4.8003,4067
4.8057,4067
4.8112,4067
4.8168,4064
4.8225,4066
4.8281,4065
4.8334,4063
4.839,4067
4.8446,4065
4.8503,4066
4.8556,4065
4.8613,4067
4.8668,4064
4.8725,4066
4.8778,4067
4.8835,4067
4.8891,4064
4.8946,4065
4.9003,4066
4.9056,4067
4.9113,4067
4.917,4066
4.9223,4068
4.928,4067
4.9336,4066
4.939,4066
4.9446,4067
4.9503,4067
4.9556,4066
4.9613,4066
4.9669,4066
4.9725,4066
4.9779,4068
4.9835,4067
4.9892,4065
4.9945,4065
5.0002,4065
5.0059,4068
5.0112,4065
5.0169,4069
5.0222,4066
5.0279,4066
5.0336,4067
5.0389,4066
5.0446,4067
5.0502,4066
5.0559,4068
5.0612,4066
5.0669,4065
5.0723,4065
5.0779,4066
5.0836,4066
5.0889,4066
5.0946,4066
5.1002,4065
5.1056,4065
5.1113,4067
5.1169,4066
5.1223,4066
5.1279,4066
5.1336,4067
5.139,4065
5.1446,4066
5.1503,4065
5.1557,4064
5.1613,4065
5.1667,4066
5.1723,4068
5.178,4067
5.1836,4065
5.189,4068
5.1946,4066
5.2002,4067
5.2056,4067
5.2113,4067
5.2169,4065
5.2223,4065
5.2279,4067
5.2336,4064
5.2389,4067
5.2446,4067
5.2502,4068
5.2558,4066
5.2612,4067
5.2669,4066
5.2725,4066
5.2779,4065
5.2835,4066
5.2891,4065
5.2945,4065
5.3001,4068
5.3058,4066
5.3114,4066
5.3167,4066
5.3223,4065
5.328,4065
5.3336,4066
5.339,4066
5.3446,4066
5.3502,4066
5.3556,4067
5.3612,4068
5.3669,4066
5.3725,4065
5.3778,4068
5.3835,4065
5.3891,4066
5.3945,4065
5.4001,4067
5.4057,4066
5.4114,4066
5.4167,4067
5.4223,4065
5.4279,4066
5.4336,4066
5.4389,4065
5.4446,4066
5.4501,4067
5.4557,4068
5.4614,4065
5.4667,4066
5.4724,4065
5.4779,4066
5.4835,4065
5.4892,4067
5.4945,4067
5.5002,4066
5.5057,4064
5.5113,4065
5.5167,4065
5.5223,4068
5.528,4065
5.5335,4067
5.5391,4067
5.5445,4066
5.5501,4067
5.5558,4067
5.5611,4065
5.5668,4065
5.5724,4066
5.5778,4066
5.5834,4066
5.5891,4067
5.5947,4066
5.6001,4068
5.6057,4068
5.6114,4065
5.6167,4066
5.6224,4067
5.628,4067
5.6334,4066
5.6424,4065
5.6445,4065
5.6501,4067
5.6556,4067
5.6614,4067
5.6668,4066
5.6723,4065
5.6806,4064
5.6834,4066
5.6891,4066
5.6947,4065
5.7034,4069
5.7057,4065
5.7112,4065
5.7169,4065
5.7255,4068
5.7298,4066
5.7336,4066
5.739,4066
5.7446,4066
5.7503,4067
5.7556,4067
5.7613,4066
5.7669,4066
5.7723,4064
5.778,4063
5.7834,4066
5.7891,4066
5.7947,4067
5.8001,4066
5.8057,4066
5.8114,4065
5.8167,4066
5.8224,4066
5.8281,4065
5.8334,4065
5.8391,4066
5.8447,4066
5.8501,4067
5.8557,4066
5.8614,4067
5.8668,4067
5.8724,4065
5.878,4065
5.8835,4065
5.8892,4065
5.8946,4065
5.9002,4065
5.9056,4065
5.9113,4066
5.9167,4066
5.9224,4064
5.928,4064
5.9335,4066
5.9389,4066
5.9446,4065
5.95,4067
5.9557,4066
5.9613,4067
5.9667,4064
5.9723,4066
5.978,4067
5.9836,4066
5.989,4067
5.9946,4065
6.0003,4065
6.0057,4066
6.0113,4066
6.017,4066
6.0223,4066
6.028,4067
6.0334,4067
6.0391,4066
6.0447,4067
6.0501,4066
6.0557,4066
6.0614,4067
6.0667,4065
6.0724,4066
6.078,4067
6.0834,4066
6.089,4065
6.0947,4064
6.1,4066
6.1057,4066
6.1113,4067
6.117,4065
6.1223,4065
6.128,4064
6.1333,4067
6.139,4066
6.1446,4068
6.1503,4067
6.1556,4067
6.1613,4066
6.1667,4065
6.1723,4066
6.178,4065
6.1833,4065
6.189,4064
6.1946,4067
6.2003,4066
6.2056,4065
6.2113,4067
6.2169,4066
6.2222,4065
6.2279,4067
6.2335,4066
6.2392,4067
6.2446,4066
6.25,4064
6.2557,4065
6.2613,4065
6.2668,4065
6.2724,4065
6.2778,4066
6.2835,4064
6.2891,4065
6.2945,4065
6.3001,4064
6.3056,4065
6.3113,4065
6.3169,4065
6.3223,4066
6.3279,4064
6.3334,4067
6.3391,4066
6.3447,4065
6.3501,4067
6.3557,4065
6.3613,4066
6.3669,4065
6.3723,4068
6.3779,4068
6.3836,4065
6.3889,4065
6.3946,4066
6.4002,4068
6.4058,4068
6.4112,4065
6.4168,4066
6.4224,4065
6.4278,4066
6.4334,4066
6.4391,4066
6.4444,4065
6.4501,4065
6.4557,4065
6.4614,4065
6.4668,4065
6.4724,4065
6.4781,4064
6.4834,4065
6.4891,4066
6.4944,4064
6.5001,4065
6.5058,4067
6.5111,4065
6.5168,4067
6.5224,4066
6.5278,4066
6.5334,4065
6.5391,4064
6.5444,4067
6.5501,4066
6.5557,4066
6.5614,4064
6.5668,4067
6.5724,4065
6.5778,4067
6.5834,4064
6.5891,4066
6.5947,4064
6.6001,4067
6.6057,4067
6.6114,4066
6.6168,4067
6.6224,4066
6.628,4065
6.6334,4064
6.639,4064
6.6447,4066
6.6501,4066
6.6557,4065
6.6613,4064
6.6667,4066
6.6723,4063
6.678,4064
6.6834,4066
6.689,4064
6.6947,4066
6.7,4064
6.7057,4065
6.7113,4067
6.7169,4066
6.7223,4065
6.7279,4064
6.7333,4064
6.7389,4066
6.7446,4066
6.7502,4066
6.7556,4063
6.7613,4066
6.7669,4066
6.7723,4066
6.7779,4065
6.7836,4065
6.7889,4066
6.7946,4066
6.8002,4065
6.8056,4065
6.8112,4067
6.8169,4065
6.8222,4067
6.8279,4067
6.8335,4065
6.8392,4064
6.8445,4065
6.8502,4068
6.8558,4066
6.8612,4065
6.8668,4066
6.8725,4066
6.8778,4067
6.8835,4067
6.8891,4066
6.8945,4066
6.9001,4067
6.9058,4066
6.9111,4067
6.9168,4066
6.9224,4065
6.9278,4064
6.9335,4065
6.9391,4064
6.9445,4067
6.9501,4068
6.9558,4066
6.9611,4066
6.9668,4066
6.9724,4065
6.9778,4066
6.9834,4066
6.9891,4066
6.9947,4065
7.0001,4066
7.0058,4067
7.0111,4065
7.0168,4065
7.0223,4066
7.0279,4068
7.0333,4068
7.039,4067
7.0445,4067
7.0502,4067
7.0558,4066
7.0612,4067
7.0669,4064
7.0723,4066
7.078,4065
7.0833,4065
7.089,4067
7.0947,4066
7.1,4067
7.1057,4065
7.1112,4066
7.1168,4066
7.1224,4067
7.1278,4066
7.1334,4066
7.139,4067
7.1446,4065
7.1503,4065
7.1556,4065
7.1613,4066
7.1666,4066
7.1723,4066
7.1779,4065
7.1833,4065
7.189,4066
7.1946,4066
7.2002,4065
7.2056,4066
7.2112,4065
7.2169,4065
7.2223,4066
7.2279,4065
7.2336,4066
7.2389,4067
7.2446,4064
7.2502,4065
7.2556,4065
7.2612,4064
7.2669,4064
7.2722,4066
7.2779,4066
7.2835,4065
7.2889,4065
7.2946,4066
7.3002,4065
7.3056,4066
7.3113,4066
7.3169,4067
7.3223,4066
7.3279,4064
7.3336,4066
7.3389,4065
7.3446,4064
7.3502,4065
7.3556,4065
7.3612,4063
7.3669,4066
7.3723,4065
7.3779,4066
7.3836,4065
7.3889,4068
7.3945,4067
7.4002,4065
7.4055,4064
7.4112,4065
7.4168,4066
7.4225,4064
7.4278,4066
7.4335,4065
7.4391,4064
7.4445,4066
7.4502,4066
7.4555,4067
7.4612,4065
7.4668,4065
7.4725,4068
7.4778,4066
7.4835,4067
7.4888,4066
7.4945,4066
7.5001,4067
7.5058,4066
7.5111,4065
7.5168,4063
7.5224,4065
7.5278,4065
7.5335,4066
7.5391,4065
7.5445,4068
7.5501,4066
7.5558,4065
7.5611,4066
7.5668,4064
7.5724,4065
7.5778,4065
7.5834,4066
7.5891,4065
7.5945,4065
7.6001,4065
7.6058,4066
7.6111,4068
7.6168,4066
7.6224,4066
7.6278,4066
7.6334,4066
7.6391,4066
7.6444,4065
7.6501,4064
7.6557,4067
7.6611,4066
7.6667,4065
7.6724,4066
7.678,4065
7.6834,4066
7.6891,4067
7.6944,4066
7.7001,4065
7.7057,4066
7.7111,4065
7.7167,4067
7.7224,4068
7.7277,4067
7.7334,4066
7.739,4065
7.7447,4065
7.7501,4067
7.7557,4064
7.7611,4065
7.7668,4068
7.7724,4065
7.7778,4064
7.7834,4066
7.7891,4066
7.7944,4064
7.8,4066
7.8056,4067
7.8113,4067
7.8167,4065
7.8223,4064
7.8278,4066
7.8335,4067
7.8391,4064
7.8445,4068
7.8501,4065
7.8556,4067
7.8613,4068
7.8669,4065
7.8723,4066
7.8779,4066
7.8834,4066
7.8891,4067
7.8944,4065
7.9001,4067
7.9057,4066
7.9111,4066
7.9168,4067
7.9224,4066
7.9278,4065
7.9335,4066
7.939,4065
7.9447,4066
7.95,4065
7.9557,4066
7.9613,4067
7.9667,4067
7.9723,4065
7.978,4064
7.9834,4063
7.989,4067
7.9944,4064
8.0,4064
8.0057,4064
8.0111,4066
8.0167,4066
8.0223,4067
8.028,4065
8.0333,4065
8.039,4065
8.0446,4066
8.05,4067
8.0557,4067
8.0613,4066
8.0667,4066
8.0723,4068
8.078,4066
8.0833,4064
8.089,4066
8.0947,4065
8.1,4065
8.1057,4067
8.1113,4067
8.1167,4066
8.1223,4067
8.128,4065
8.1333,4065
8.139,4066
8.1446,4066
8.15,4066
8.1557,4067
8.1613,4065
8.1667,4067
8.1723,4066
8.178,4066
8.1833,4065
8.189,4064
8.1946,4065
8.2,4065
8.2056,4065
8.2113,4067
8.2167,4065
8.2223,4067
8.2279,4067
8.2333,4065
8.239,4066
8.2446,4065
8.25,4065
8.2556,4065
8.2613,4065
8.2667,4066
8.2723,4068
8.278,4067
8.2834,4065
8.289,4067
8.2944,4067
8.3,4066
8.3057,4067
8.3113,4065
8.3167,4063
8.3223,4065
8.328,4067
8.3334,4065
8.339,4066
8.3444,4065
8.35,4065
8.3557,4065
8.3613,4066
8.3667,4064
8.3724,4065
8.3777,4065
8.3834,4065
8.389,4067
8.3944,4066
8.4001,4065
8.4057,4068
8.4111,4066
8.4167,4065
8.4224,4066
8.4277,4067
8.4334,4065
8.439,4065
8.4444,4067
8.45,4068
8.4557,4067
8.4611,4066
8.4667,4064
8.4724,4067
8.4777,4066
8.4834,4065
8.489,4065
8.4944,4066
8.5001,4063
8.5057,4067
8.5111,4065
8.5168,4068
8.5221,4066
8.5278,4067
8.5334,4066
8.5391,4065
8.5444,4067
8.5501,4065
8.5557,4069
8.5611,4066
8.5667,4065
8.5724,4067
8.5778,4066
8.5834,4066
8.589,4068
8.5944,4068
8.6,4066
8.6057,4065
8.6113,4064
8.6167,4067
8.6223,4066
8.628,4066
8.6333,4068
8.639,4064
8.6444,4066
8.65,4066
8.6557,4065
8.6613,4064
8.6667,4066
8.6723,4067
8.6777,4066
8.6833,4067
8.689,4065
8.6946,4067
8.7,4064
8.7056,4067
8.7113,4067
8.7166,4065
8.7223,4067
8.7279,4066
8.7333,4067
8.7389,4065
8.7445,4067
8.7499,4066
8.7556,4067
8.7612,4067
8.7666,4065
8.7722,4065
8.7779,4066
8.7835,4067
8.7889,4067
8.7946,4065
8.7999,4066
8.8056,4065
8.8112,4067
8.8168,4066
8.8222,4065
8.8278,4066
8.8334,4067
8.8391,4065
8.8444,4065
8.8501,4067
8.8556,4064
8.8612,4067
8.8668,4065
8.8722,4066
8.8779,4065
8.8833,4065
8.8889,4067
8.8946,4066
8.9002,4065
8.9056,4067
8.9112,4067
8.9168,4066
8.9222,4065
8.9278,4066
8.9335,4065
8.9388,4067
8.9445,4066
8.9501,4067
8.9555,4064
8.9611,4065
8.9668,4066
8.9721,4067
8.9778,4065
8.9834,4066
8.9888,4065
8.9944,4066
9.0001,4066
9.0055,4065
9.0111,4065
9.0167,4067
9.0224,4065
9.0277,4066
9.0334,4067
9.039,4066
9.0444,4067
9.05,4066
9.0557,4064
9.0613,4066
9.0667,4065
9.0723,4065
9.0777,4066
9.0833,4066
9.089,4067
9.0946,4066
9.1,4065
9.1056,4064
9.111,4067
9.1167,4066
9.1223,4066
9.1277,4066
9.1333,4065
9.139,4066
9.1446,4066
9.15,4065
9.1556,4065
9.161,4065
9.1667,4065
9.1723,4063
9.1779,4067
9.1833,4065
9.1889,4065
9.1946,4065
9.1999,4064
9.2056,4067
9.2112,4065
9.2169,4065
9.2222,4065
9.2279,4065
9.2332,4065
9.2389,4064
9.2445,4066
9.2502,4066
9.2555,4066
9.2612,4065
9.2665,4066
9.2722,4065
9.2778,4064
9.2835,4066
9.2888,4066
9.2945,4066
9.3001,4067
9.3054,4065
9.3111,4065
9.3167,4067
9.3224,4065
9.3277,4066
9.3334,4066
9.339,4064
9.3444,4065
9.3501,4065
9.3557,4064
9.3611,4065
9.3667,4064
9.3724,4065
9.3777,4066
9.3833,4064
9.389,4066
9.3944,4065
9.4,4066
9.4055,4065
9.4111,4064
9.4168,4064
9.4222,4065
9.4278,4066
9.4333,4068
9.4389,4066
9.4446,4067
9.45,4067
9.4556,4066
9.4611,4067
9.4667,4068
9.4724,4065
9.4777,4064
9.4834,4064
9.4889,4065
9.4946,4066
9.4999,4065
9.5056,4064
9.5112,4064
9.5166,4067
9.5222,4066
9.5279,4064
9.5332,4066
9.5389,4065
9.5445,4064
9.5499,4064
9.5555,4065
9.5612,4065
9.5668,4063
9.5722,4064
9.5778,4065
9.5832,4065
9.5889,4064
9.5945,4066
9.6001,4064
9.6055,4067
9.6112,4066
9.6168,4066
9.6222,4065
9.6279,4065
9.6332,4065
9.6389,4066
9.6445,4064
9.6502,4066
9.6555,4066
9.6612,4064
9.6665,4065
9.6722,4065
9.6779,4067
9.6832,4064
9.6889,4065
9.6945,4066
9.7002,4065
9.7055,4064
9.7112,4065
9.7166,4064
9.7222,4065
9.7278,4066
9.7334,4065
9.7388,4065
9.7444,4066
9.7501,4065
9.7555,4067
9.7611,4066
9.7668,4065
9.7721,4066
9.7778,4065
9.7834,4065
9.7888,4065
9.7944,4064
9.8001,4065
9.8057,4067
9.8111,4066
9.8167,4067
9.8224,4065
9.8277,4065
9.8334,4064
9.839,4065
9.8444,4065
9.85,4066
9.8557,4064
9.8611,4066
9.8667,4067
9.8721,4065
9.8777,4065
9.8834,4065
9.889,4066
9.8944,4066
9.9001,4066
9.9057,4065
9.9111,4067
9.9167,4066
9.9224,4067
9.9277,4064
9.9334,4065
9.939,4068
9.9444,4065
9.95,4065
9.9557,4066
9.961,4066
9.9667,4066
9.9723,4065
9.9777,4065
9.9833,4065
9.989,4065
9.9943,4066
10.0,4065
10.0057,4068
10.011,4065
10.0167,4064
10.0223,4065
10.0277,4067
10.0334,4066
10.039,4066
10.0444,4065
10.05,4067
10.0554,4064
10.0611,4066
10.0667,4066
10.0723,4066
10.0777,4066
10.0833,4065
10.089,4066
10.0944,4066
10.1,4064
10.1056,4067
10.111,4066
10.1167,4065
10.1223,4063
10.1277,4066
10.1333,4066
10.139,4065
10.1444,4066
10.15,4066
10.1557,4066
10.1611,4067
10.1667,4066
10.1724,4065
10.1777,4065
10.1834,4066
10.1888,4065
10.1944,4064
10.2001,4065
10.2057,4066
10.2111,4066
10.2167,4067
10.2221,4066
10.2277,4065
10.2334,4065
10.2388,4066
10.2444,4063
10.2501,4067
10.2557,4066
10.2611,4065
10.2667,4065
10.2721,4066
10.2777,4066
10.2834,4064
10.289,4066
10.2944,4065
10.3,4065
10.3057,4066
10.311,4067
10.3167,4066
10.3223,4066
10.3277,4066
10.3333,4066
10.339,4066
10.3444,4066
10.35,4066
10.3557,4067
10.3611,4065
10.3667,4062
10.3723,4064
10.3777,4065
10.3833,4065
10.389,4066
10.3944,4065
10.4,4065
10.4057,4066
10.411,4067
10.4167,4067
10.4223,4067
10.4277,4067
10.4333,4067
10.439,4066
10.4443,4065
10.45,4065
10.4556,4064
10.4613,4065
10.4666,4065
10.4723,4067
10.4776,4066
10.4833,4065
10.4888,4064
10.4944,4064
10.5001,4064
10.5055,4065
10.5111,4064
10.5166,4064
10.5223,4065
10.5279,4063
10.5333,4066
10.5389,4067
10.5444,4065
10.5501,4067
10.5557,4066
10.5611,4066
10.5667,4065
10.5722,4065
10.5779,4065
10.5832,4065
10.5889,4065
10.5945,4065
10.5999,4066
10.6055,4066
10.6112,4066
10.6168,4065
10.6222,4067
10.6278,4066
10.6335,4066
10.6388,4066
10.6445,4066
10.6502,4067
10.6555,4066
10.6612,4065
10.6666,4067
10.6722,4065
10.6779,4066
10.6835,4065
10.6888,4065
10.6945,4067
10.7001,4066
10.7055,4066
10.7111,4065
10.7168,4065
10.7222,4065
10.7278,4066
10.7334,4066
10.7388,4065
10.7445,4064
10.7501,4066
10.7555,4065
10.7611,4066
10.7668,4066
10.7724,4065
10.7778,4065
10.7834,4066
10.7891,4064
10.7944,4067
10.8001,4064
10.8057,4065
10.8111,4065
10.8167,4066
10.8224,4065
10.8277,4065
10.8334,4065
10.839,4065
10.8444,4064
10.8501,4065
10.8557,4065
10.8611,4065
10.8667,4065
10.8724,4064
10.8777,4064
10.8834,4065
10.8891,4067
10.8944,4064
10.9,4065
10.9057,4065
10.9111,4067
10.9167,4066
10.9224,4064
10.9277,4065
10.9334,4066
10.939,4065
10.9444,4063
10.95,4065
10.9555,4065
10.9612,4066
10.9668,4065
10.9722,4065
10.9778,4066
10.9833,4064
10.989,4066
10.9946,4066
11.0,4065
11.0057,4065
11.0111,4067
11.0168,4066
11.0224,4065
11.0278,4067
11.0334,4067
11.0389,4065
11.0446,4065
11.0502,4066
11.0556,4065
11.0613,4065
11.0667,4065
11.0723,4066
11.078,4065
11.0833,4066
11.089,4066
11.0946,4066
11.0999,4066
11.1056,4065
11.1112,4066
11.1166,4068
11.1223,4067
11.1279,4066
11.1336,4065
11.1389,4065
11.1446,4067
11.1499,4066
11.1556,4065
11.1612,4066
11.1669,4065
11.1723,4067
11.1779,4065
11.1833,4066
11.189,4068
11.1946,4065
11.2,4067
11.2056,4065
11.2113,4065
11.2167,4066
11.2223,4065
11.228,4066
11.2334,4064
11.239,4065
11.2446,4066
11.25,4065
11.2557,4065
11.2613,4066
11.2667,4065
11.2723,4066
11.278,4067
11.2833,4067
11.289,4068
11.2946,4065
11.3,4067
11.3056,4065
11.3113,4064
11.3167,4067
11.3223,4067
11.328,4066
11.3333,4066
11.339,4066
11.3446,4066
11.35,4067
11.3556,4066
11.3613,4066
11.3666,4065
11.3723,4067
11.3779,4066
11.3836,4067
11.3889,4066
11.3946,4066
11.4,4064
11.4056,4066
11.4113,4066
11.4166,4065
11.4223,4065
11.4279,4066
11.4336,4067
11.4389,4067
11.4446,4064
11.4502,4066
11.4556,4067
11.4612,4067
11.4669,4066
11.4722,4065
11.4779,4065
11.4835,4066
11.4889,4066
11.4946,4066
11.5002,4065
11.5056,4065
11.5112,4066
11.5169,4067
11.5223,4066
11.5279,4065
11.5336,4065
11.5389,4067
11.5446,4066
11.5502,4064
11.5556,4066
11.5612,4066
11.5669,4065
11.5722,4065
11.5779,4067
11.5835,4066
11.5892,4066
11.5945,4066
11.6002,4066
11.6055,4065
11.6112,4066
11.6168,4067
11.6222,4065
11.6279,4066
11.6335,4064
11.6392,4064
11.6445,4064
11.6502,4065
11.6558,4065
11.6611,4065
11.6668,4066
11.6724,4066
11.6778,4066
11.6835,4066
11.6891,4065
11.6945,4065
11.7001,4066
11.7058,4066
11.7111,4065
11.7168,4066
11.7224,4065
11.7278,4067
11.7335,4067
11.7391,4065
11.7445,4066
11.7501,4066
11.7558,4066
11.7614,4066
11.7668,4064
11.7724,4066
11.7778,4068
11.7834,4067
11.7891,4067
11.7947,4067
11.8001,4065
11.8057,4067
11.8114,4066
11.8167,4076
11.8224,4065
11.828,4065
11.8334,4065
11.839,4066
11.8447,4066
11.85,4066
11.8557,4065
11.8613,4067
11.8667,4068
11.8723,4064
11.878,4067
11.8836,4066
11.889,4066
11.8946,4066
11.9,4067
11.9056,4066
11.9113,4067
11.9169,4067
11.9223,4065
11.9279,4067
11.9336,4066
11.9389,4066
11.9446,4065
11.9503,4066
11.9556,4066
11.9613,4067
11.9669,4066
11.9723,4066
11.9779,4065
11.9836,4065
11.9889,4064
11.9946,4066
12.0002,4065
12.0056,4066
12.0112,4066
12.0169,4067
12.0223,4066
12.0279,4067
12.0336,4065
12.0389,4067
12.0446,4068
12.0502,4068
12.0556,4064
12.0612,4065
12.0669,4066
12.0725,4065
12.0779,4068
12.0835,4065
12.0889,4066
12.0945,4066
12.1,4063
12.1057,4067
12.1113,4064
12.1167,4065
12.1223,4064
12.1278,4066
12.1335,4065
12.1391,4064
12.1445,4068
12.15,4065
12.1556,4065
12.1613,4066
12.1669,4067
12.1723,4065
12.1778,4065
12.1835,4065
12.1891,4067
12.1948,4065
12.2001,4065
12.2056,4066
12.2113,4066
12.2169,4065
12.2223,4066
12.228,4065
12.2334,4067
12.2391,4065
12.2447,4068
12.2501,4066
12.2558,4067
12.2611,4065
12.2668,4065
12.2724,4066
12.2781,4067
12.2834,4067
12.2891,4066
12.2947,4066
12.3001,4065
12.3057,4067
12.3114,4064
12.3167,4065
12.3224,4066
12.328,4064
12.3334,4065
12.339,4064
12.3447,4064
12.35,4065
12.3557,4065
12.3613,4066
12.367,4066
12.3723,4066
12.378,4065
12.3836,4067
12.389,4066
12.3946,4065
12.4003,4065
12.4056,4064
12.4113,4065
12.4169,4067
12.4223,4066
12.4279,4067
12.4336,4065
12.4392,4067
12.4446,4066
12.4502,4063
12.4556,4065
12.4612,4067
12.4669,4065
12.4723,4066
12.4778,4065
12.4834,4064
12.4891,4067
12.4947,4067
12.5001,4068
12.5056,4066
12.5113,4065
12.5169,4067
12.5223,4064
12.5279,4067
12.5334,4066
12.5391,4065
12.5447,4067
12.5501,4067
12.5557,4066
12.5612,4067
12.5669,4064
12.5725,4068
12.5779,4066
12.5835,4067
12.5889,4066
12.5946,4066
12.6002,4065
12.6058,4065
12.6112,4065
12.6168,4066
12.6225,4066
12.6278,4067
12.6335,4065
12.6391,4064
12.6445,4066
12.6501,4064
12.6558,4066
12.6611,4064
12.6668,4067
12.6724,4067
12.6781,4065
12.6834,4064
12.6891,4064
12.6947,4065
12.7001,4066
12.7057,4066
12.7114,4066
12.7167,4065
12.7224,4066
12.728,4064
12.7334,4067
12.739,4065
12.7447,4067
12.75,4066
12.7557,4066
12.7613,4065
12.767,4066
12.7723,4066
12.778,4067
12.7836,4066
12.789,4064
12.7946,4067
12.8003,4066
12.8056,4067
12.8113,4067
12.8169,4065
12.8223,4064
12.8279,4066
12.8335,4068
12.8392,4064
12.8446,4064
12.8502,4066
12.8558,4066
12.8612,4064
12.8669,4065
12.8725,4068
12.8779,4066
12.8835,4066
12.8892,4068
12.8945,4065
12.9002,4065
12.9058,4065
12.9112,4065
12.9168,4068
12.9225,4067
12.9278,4064
12.9335,4066
12.9391,4064
12.9445,4065
12.9501,4065
12.9558,4065
12.9614,4066
12.9668,4065
12.9724,4065
12.978,4066
12.9834,4066
12.9891,4066
12.9947,4066
13.0001,4067
13.0058,4065
13.0114,4066
13.0168,4066
13.0224,4066
13.028,4065
13.0334,4065
13.039,4065
13.0447,4067
13.0501,4066
13.0557,4067
13.0614,4066
13.0667,4064
13.0724,4066
13.078,4066
13.0837,4064
13.089,4065
13.0947,4065
13.1,4066
13.1057,4066
13.1113,4066
13.117,4067
13.1223,4065
13.128,4066
13.1336,4064
13.139,4065
13.1446,4066
13.1503,4065
13.1556,4067
13.1613,4067
13.1669,4067
13.1723,4066
13.1779,4066
13.1836,4066
13.1889,4066
13.1946,4065
13.2003,4066
13.2056,4065
13.2113,4067
13.2169,4066
13.2223,4067
13.2279,4067
13.2335,4066
13.2392,4066
13.2445,4064
13.2502,4065
13.2558,4068
13.2612,4069
13.2668,4066
13.2725,4064
13.2778,4066
13.2835,4066
13.2891,4065
13.2945,4066
13.3001,4065
13.3058,4065
13.3114,4066
13.3168,4064
13.3224,4066
13.3281,4065
13.3334,4067
13.3391,4066
13.3447,4066
13.3501,4068
13.3557,4067
13.3614,4065
13.367,4067
13.3724,4064
13.378,4066
13.3834,4065
13.389,4066
13.3947,4064
13.4003,4066
13.4057,4067
13.4113,4066
13.4167,4065
13.4223,4064
13.428,4065
13.4336,4066
13.439,4065
13.4446,4066
13.4503,4065
13.4556,4066
13.4613,4067
13.4669,4065
13.4723,4066
13.4779,4065
13.4836,4066
13.4892,4064
13.4946,4067
13.5002,4066
13.5059,4064
13.5112,4066
13.5169,4066
13.5225,4065
13.5279,4067
13.5335,4065
13.5392,4066
13.5445,4064
13.5502,4064
13.5558,4066
13.5612,4067
13.5668,4064
13.5725,4066
13.5778,4065
13.5835,4066
13.5891,4065
13.5948,4067
13.6001,4066
13.6058,4066
13.6114,4066
13.6168,4066
13.6224,4065
13.6278,4066
13.6335,4063
13.6391,4067
13.6448,4067
13.6501,4066
13.6557,4067
13.6614,4066
13.6668,4067
13.6724,4067
13.678,4066
13.6834,4065
13.689,4066
13.6947,4064
13.7,4065
13.7057,4066
13.7113,4066
13.717,4064
13.7223,4066
13.728,4065
13.7336,4066
13.739,4065
13.7446,4066
13.7502,4068
13.7559,4066
13.7612,4067
13.7669,4067
13.7723,4064
13.7779,4065
13.7834,4065
13.789,4067
13.7946,4066
13.8003,4066
13.8056,4066
13.8112,4067
13.8168,4066
13.8225,4066
13.8281,4067
13.8335,4066
13.839,4066
13.8446,4067
13.8503,4067
13.8556,4066
13.8613,4064
13.8668,4067
13.8724,4067
13.8781,4066
13.8834,4068
13.8891,4066
13.8946,4067
13.9003,4066
13.9056,4065
13.9113,4066
13.9169,4066
13.9223,4065
13.9279,4066
13.9336,4065
13.9392,4063
13.9446,4067
13.9502,4065
13.9556,4066
13.9612,4067
13.9669,4078
13.9725,4065
13.9779,4066
13.9835,4066
13.9891,4066
13.9945,4068
14.0001,4066
14.0058,4066
14.0114,4067
14.0168,4066
14.0224,4066
14.0278,4066
14.0335,4067
14.0391,4065
14.0447,4066
14.0501,4066
14.0558,4065
14.0614,4066
14.0668,4065
14.0724,4069
14.0781,4066
14.0834,4066
14.0891,4066
14.0947,4067
14.1001,4067
14.1057,4064
14.1114,4067
14.1167,4065
14.1224,4066
14.128,4066
14.1334,4064
14.139,4065
14.1446,4064
14.1503,4067
14.1556,4068
14.1613,4066
14.1668,4064
14.1724,4063
14.1781,4066
14.1834,4066
14.1891,4066
14.1946,4068
14.2002,4066
14.2058,4066
14.2112,4066
14.2169,4065
14.2224,4066
14.228,4066
14.2334,4065
14.2391,4066
14.2447,4067
14.2501,4066
14.2557,4066
14.2614,4066
14.2667,4066
14.2724,4066
14.278,4066
14.2836,4066
14.289,4068
14.2946,4065
14.3003,4066
14.3056,4067
14.3113,4068
14.3169,4066
14.3223,4067
14.328,4065
14.3336,4065
14.339,4067
14.3446,4065
14.3503,4067
14.3556,4065
14.3613,4067
14.3669,4066
14.3723,4066
14.3779,4067
14.3836,4066
14.3889,4067
14.3946,4065
14.4002,4066
14.4056,4066
14.4112,4066
14.4169,4066
14.4225,4067
14.4279,4066
14.4335,4065
14.4392,4066
14.4445,4066
14.4502,4066
14.4558,4067
14.4612,4063
14.4668,4066
14.4725,4065
14.4779,4066
14.4835,4066
14.4892,4065
14.4945,4065
14.5002,4068
14.5058,4066
14.5112,4065
14.5168,4067
14.5225,4064
14.5278,4066
14.5335,4066
14.5391,4065
14.5445,4066
14.5501,4068
14.5558,4065
14.5612,4063
14.5668,4066
14.5725,4066
14.5778,4067
14.5835,4066
14.5891,4064
14.5945,4065
14.6002,4066
14.6058,4066
14.6112,4065
14.6168,4066
14.6225,4065
14.6278,4066
14.6335,4067
14.6392,4065
14.6445,4065
14.6502,4065
14.6558,4064
14.6612,4066
14.6668,4066
14.6725,4066
14.6778,4064
14.6835,4068
14.6891,4066
14.6945,4065
14.7001,4065
14.7058,4066
14.7111,4065
14.7168,4067
14.7224,4067
14.7281,4065
14.7334,4066
14.7391,4065
14.7447,4067
14.7501,4066
14.7557,4065
14.7614,4066
14.7668,4068
14.7724,4066
14.778,4066
14.7834,4066
14.789,4066
14.7947,4065
14.8001,4067
14.8057,4066
14.8114,4065
14.817,4067
14.8224,4066
14.828,4067
14.8334,4066
14.839,4067
14.8447,4067
14.85,4066
14.8557,4067
14.8613,4065
14.8667,4067
14.8723,4067
14.878,4066
14.8836,4064
14.889,4065
14.8946,4066
14.9003,4066
14.9056,4065
14.9113,4064
14.9169,4067
14.9223,4065
14.9279,4066
14.9336,4066
14.9391,4066
14.9445,4068
14.9501,4067
14.9557,4066
14.9614,4066
14.9667,4065
14.9724,4067
14.978,4068
14.9836,4066
14.989,4066
14.9946,4067
15.0003,4064
15.0056,4066
15.0113,4068
15.0169,4066
15.0278,4066
15.0334,4067
15.039,4066
15.0446,4067
15.0502,4067
15.0556,4068
15.0612,4068
15.0669,4067
15.0725,4067
15.0778,4067
15.0835,4066
15.0891,4067
15.0947,4066
15.1001,4067
15.1058,4067
15.1114,4067
15.1168,4067
15.1224,4069
15.128,4065
15.1334,4069
15.139,4068
15.1446,4067
15.1503,4067
15.1556,4067
15.1613,4066
15.167,4067
15.1723,4067
15.178,4067
15.1836,4068
15.1889,4068
15.1946,4067
15.2002,4068
15.2058,4067
15.2112,4070
15.2169,4066
15.2225,4065
15.2279,4068
15.2335,4067
15.2391,4068
15.2445,4067
15.2501,4067
15.2557,4066
15.2614,4067
15.2667,4068
15.2723,4067
15.278,4069
15.2836,4069
15.289,4067
15.2946,4067
15.3003,4068
15.3056,4067
15.3113,4067
15.3169,4068
15.3222,4068
15.3279,4067
15.3335,4067
15.3392,4067
15.3445,4066
15.3502,4068
15.3558,4068
15.3612,4068
15.3669,4069
15.3725,4067
15.3778,4067
15.3835,4069
15.3891,4068
15.3945,4067
15.4001,4066
15.4057,4066
15.4114,4068
15.4167,4066
15.4223,4068
15.428,4069
15.4336,4068
15.439,4068
