Experiment: April_27_Phage_Osmo_expt vial 5, Tue Apr 27 19:11:23 2021
0.0049,27979
0.0106,27979
0.016,27967
0.0216,27988
0.0273,28012
0.0327,28000
0.0383,28000
0.0439,27970
0.0493,28016
0.0548,27983
0.0605,28002
0.066,27990
0.0716,27988
0.077,27983
0.0826,27998
0.0883,27955
0.0939,27981
0.0992,27992
0.1049,27999
0.1105,27993
0.1159,27987
0.1215,27985
0.1272,28009
0.1327,28003
0.1383,27973
0.1437,27999
0.1493,27996
0.155,27992
0.1603,27997
0.166,28003
0.1716,27988
0.1772,28013
0.1827,28003
0.1883,28011
0.1937,28003
0.1994,28003
0.205,27999
0.2104,28002
0.216,28006
0.2216,28005
0.2273,28001
0.2326,28013
0.2382,27996
0.2439,28012
0.2492,28002
0.2549,28009
0.2605,28003
0.2661,27995
0.2714,27971
0.2771,27997
0.2827,27998
0.2883,27997
0.2937,27997
0.2993,27990
0.305,27990
0.3103,27989
0.316,27999
0.3216,27989
0.3272,27984
0.3326,27990
0.3383,27989
0.3439,27994
0.3492,28000
0.3549,28008
0.3605,28012
0.3659,27987
0.3715,27998
0.3772,28005
0.3828,27999
0.3881,28003
0.3938,27987
0.3994,27990
0.405,27999
0.4104,27995
0.416,28004
0.4217,28002
0.427,27998
0.4327,28000
0.4383,27995
0.4437,27999
0.4493,27999
0.4549,27999
0.4606,28001
0.4659,28011
0.4716,28014
0.4772,28002
0.4828,28001
0.4881,27999
0.4938,27995
0.4994,27998
0.5048,27994
0.5105,27995
0.5161,27991
0.5214,28004
0.5271,28002
0.5327,28000
0.5383,27998
0.544,28007
0.5493,28012
0.5549,28001
0.5606,27998
0.566,28003
0.5716,28005
0.5772,28000
0.5826,28000
0.5882,27999
0.5938,28015
0.5995,28001
0.6048,27998
0.6105,28009
0.6161,27999
0.6215,27988
0.6271,28007
0.6327,27998
0.6384,27993
0.6437,28000
0.6494,27987
0.6548,27994
0.6604,27999
0.6661,27996
0.6717,27995
0.6771,28004
0.6827,28000
0.6883,28005
0.6937,28003
0.6994,28007
0.705,27994
0.7106,27983
0.716,27992
0.7216,27999
0.7272,27992
0.7326,27995
0.7382,27997
0.7438,27991
0.7495,27997
0.7548,27980
0.7605,27989
0.7661,27996
0.7715,27984
0.7771,28000
0.7828,28002
0.7881,28005
0.7938,27992
0.7994,27983
0.8048,27997
0.8104,28000
0.8159,27993
0.8216,27981
0.8272,27997
0.8329,27992
0.8382,27994
0.8437,27986
0.8494,27990
0.855,28000
0.8604,27999
0.866,27993
0.8715,28006
0.8772,27999
0.8825,28004
0.8882,27993
0.8938,27999
0.8994,27992
0.905,28001
0.9103,28005
0.916,28010
0.9216,28001
0.9272,28000
0.9328,28005
0.9382,27999
0.9438,27992
0.9495,28000
0.9548,27993
0.9604,28002
0.9661,27998
0.9717,27990
0.9771,27992
0.9827,27994
0.9883,27992
0.9937,27994
0.9993,28000
1.005,27986
1.0104,27992
1.016,28001
1.0216,27996
1.027,28006
1.0326,28004
1.0383,28001
1.0439,28007
1.0493,28006
1.0549,27994
1.0605,27994
1.0659,28005
1.0715,27988
1.0772,27994
1.0828,27994
1.0881,27992
1.0938,27996
1.0994,27997
1.105,27996
1.1104,27989
1.1161,28003
1.1217,28001
1.127,28005
1.1327,28003
1.1383,28001
1.144,27999
1.1493,27999
1.1549,27997
1.1606,27990
1.1659,27990
1.1716,27990
1.1772,27993
1.1826,27990
1.1882,27984
1.1939,27979
1.1995,27980
1.2048,27970
1.2105,27984
1.2161,27985
1.2215,27982
1.2271,27982
1.2328,27971
1.2384,27970
1.2437,27962
1.2494,27959
1.255,27964
1.2604,27960
1.266,27968
1.2717,27972
1.277,27966
1.2827,27956
1.2883,27956
1.2937,27960
1.2993,27965
1.3049,27965
1.3106,27965
1.3159,27956
1.3216,27956
1.3272,27967
1.3328,27960
1.3382,27951
1.3438,27965
1.3494,27963
1.3548,27962
1.3605,27966
1.3661,27963
1.3717,27959
1.3771,27962
1.3827,27961
1.3884,27958
1.3937,27969
1.3994,27967
1.405,27966
1.4104,27957
1.416,27962
1.4216,27964
1.4273,27963
1.4327,27958
1.4383,27967
1.4439,27966
1.4493,27958
1.4549,27961
1.4606,27968
1.4659,27971
1.4716,27970
1.4772,27964
1.4826,27966
1.4882,27968
1.4938,27973
1.4995,27972
1.5049,27977
1.5105,27972
1.5161,27965
1.5215,27970
1.5271,27975
1.5328,27971
1.5381,27968
1.5438,27970
1.5494,27970
1.5548,27974
1.5604,27959
1.5661,27966
1.5717,27974
1.5771,27971
1.5827,27974
1.5883,27968
1.5937,27971
1.5994,27973
1.605,27972
1.6104,27966
1.6161,27970
1.6217,27974
1.627,27972
1.6327,27958
1.6383,27973
1.6437,27967
1.6493,27966
1.655,27971
1.6606,27974
1.666,27965
1.6716,27976
1.6772,27970
1.6826,27972
1.6882,27976
1.6939,27975
1.6992,27973
1.7049,27970
1.7105,27975
1.7161,27974
1.7215,27970
1.7272,27970
1.7328,27978
1.7382,27980
1.7438,27974
1.7494,27977
1.7551,27964
1.7604,27964
1.7661,27976
1.7717,27969
1.777,27971
1.7827,27980
1.7884,27971
1.7937,27978
1.7993,27979
1.805,27974
1.8103,27969
1.816,27978
1.8216,27969
1.8272,27969
1.8326,27970
1.8382,27975
1.8439,27969
1.8495,27974
1.8549,27967
1.8605,27970
1.8659,27969
1.8715,27971
1.8771,27963
1.8828,27972
1.8884,27976
1.8938,27971
1.8994,27978
1.9048,27967
1.9104,27972
1.9161,27969
1.9217,27970
1.9271,27981
1.9327,27969
1.9384,27963
1.9437,27975
1.9494,27969
1.955,27968
1.9604,27964
1.966,27966
1.9717,27973
1.977,27965
1.9827,27970
1.9883,27967
1.9939,27965
1.9993,27976
2.005,27970
2.0103,27967
2.016,27960
2.0216,27967
2.0273,27969
2.0327,27967
2.0383,27963
2.0439,27970
2.0493,27975
2.0549,27972
2.0606,27967
2.0659,27965
2.0716,27971
2.0772,27974
2.0825,27964
2.0882,27976
2.0938,27978
2.0994,27965
2.1051,27968
2.1104,27969
2.1161,27960
2.1217,27963
2.1271,27968
2.1327,27976
2.1383,27978
2.1437,27970
2.1493,27979
2.155,27977
2.1606,27982
2.166,27979
2.1717,27983
2.177,27984
2.1826,27982
2.1883,27982
2.1939,27977
2.1993,27982
2.2049,27974
2.2105,27978
2.2159,27973
2.2216,27979
2.2272,27977
2.2328,27976
2.2382,27973
2.2438,27977
2.2495,27978
2.2548,27979
2.2604,27970
2.2661,27979
2.2717,27974
2.2771,27978
2.2827,27971
2.2884,27973
2.2937,27971
2.2994,27974
2.305,27974
2.3104,27972
2.316,27980
2.3216,27973
2.3273,27974
2.3326,27979
2.3383,27982
2.3439,27977
2.3493,27977
2.3549,27975
2.3605,27971
2.3659,27978
2.3715,27983
2.3772,27972
2.3828,27969
2.3882,27975
2.3937,27982
2.3994,27977
2.405,27980
2.4104,27986
2.416,27973
2.4215,27977
2.4272,27974
2.4328,27976
2.4381,27985
2.4438,27978
2.4493,27974
2.455,27981
2.4606,27988
2.466,27988
2.4716,27988
2.4771,27980
2.4828,27989
2.4881,27991
2.4938,27986
2.4994,27983
2.505,27992
2.5106,27993
2.516,27982
2.5216,27984
2.5273,27983
2.5326,27985
2.5383,27974
2.5439,27987
2.5493,27986
2.5549,27982
2.5605,27976
2.5662,27980
2.5715,27989
2.5772,27988
2.5828,27984
2.5881,27988
2.5938,27985
2.5994,27979
2.6051,27983
2.6105,27986
2.6161,27988
2.6217,27985
2.6271,27988
2.6327,27984
2.6384,27984
2.6437,27982
2.6493,27983
2.655,27984
2.6603,27983
2.666,27990
2.6716,27983
2.6773,27983
2.6826,27992
2.6883,27998
2.6939,27993
2.6993,27989
2.7049,27992
2.7105,27989
2.7159,27977
2.7215,27986
2.7272,27986
2.7328,27987
2.7381,27990
2.7438,27988
2.7494,27990
2.7548,27991
2.7604,27981
2.7661,27982
2.7717,27991
2.7771,27987
2.7827,27987
2.7883,27980
2.7937,27993
2.7993,27984
2.805,27990
2.8106,27992
2.816,27983
2.8216,27995
2.8272,27994
2.8326,27990
2.8382,27995
2.8439,27989
2.8495,27989
2.8549,27994
2.8605,27990
2.8661,27999
2.8715,27992
2.8771,27988
2.8828,27998
2.8884,27988
2.8938,27985
2.8994,27997
2.905,27988
2.9104,27987
2.9161,27990
2.9217,27993
2.9271,27992
2.9327,27991
2.9383,28000
2.9437,28001
2.9493,27999
2.955,27998
2.9606,27997
2.9659,27991
2.9716,27990
2.9772,27993
2.9828,27988
2.9882,27995
2.9938,27995
2.9995,27994
3.0049,27997
3.0105,28005
3.0159,28001
3.0215,27999
3.0272,27999
3.0328,28002
3.0382,28007
3.0438,27996
3.0494,27990
3.0548,27990
3.0605,27997
3.0661,27994
3.0717,27999
3.0771,27998
3.0827,27994
3.0883,27999
3.0937,28003
3.0993,27995
3.105,27998
3.1106,27990
3.116,27994
3.1216,27998
3.1273,28000
3.1326,27995
3.1383,27988
3.1439,27993
3.1493,27999
3.1549,27998
3.1606,27995
3.1662,28002
3.1716,27992
3.1772,27999
3.1829,27994
3.1882,27991
3.1939,28002
3.1995,27991
3.2049,27989
3.2105,27993
3.2161,27991
3.2215,27981
3.2271,27986
3.2328,27993
3.2384,27994
3.2438,27993
3.2494,27992
3.2551,27991
3.2604,27989
3.2661,27986
3.2717,27996
3.2771,27991
3.2828,27990
3.2884,27984
3.2938,27993
3.2994,27992
3.305,27990
3.3104,27995
3.316,27992
3.3217,27991
3.3273,27992
3.3327,27992
3.3383,27992
3.344,27988
3.3493,27988
3.3549,27996
3.3606,27996
3.3659,27991
3.3716,27994
3.3772,28001
3.3829,28000
3.3882,27994
3.3939,27995
3.3995,28002
3.4048,28002
3.4105,28002
3.4161,27996
3.4218,28002
3.4271,28008
3.4328,27997
3.4384,27997
3.4438,28001
3.4494,27993
3.4551,27992
3.4604,27991
3.4661,27996
3.4717,28004
3.4771,27999
3.4827,28002
3.4883,28005
3.494,28005
3.4993,28009
3.505,28007
3.5106,28009
3.516,28003
3.5216,28009
3.5272,28002
3.5329,28009
3.5382,28004
3.5439,28002
3.5495,28000
3.5549,28003
3.5605,27997
3.5662,28005
3.5715,28005
3.5772,27996
3.5828,27998
3.5885,27997
3.5938,27996
3.5995,28001
3.6051,27996
3.6105,27999
3.6161,28001
3.6217,27990
3.6271,28002
3.6327,28006
3.6384,27999
3.6438,28000
3.6494,28000
3.655,28004
3.6607,28000
3.666,28003
3.6717,28005
3.6773,28007
3.6827,28005
3.6883,27989
3.6939,28000
3.6993,27996
3.705,27986
3.7106,28001
3.716,27993
3.7216,28001
3.7272,27989
3.7329,27995
3.7382,27998
3.7439,27988
3.7495,27994
3.7549,27993
3.7605,27989
3.7662,27989
3.7715,27988
3.7771,27984
3.7828,27985
3.7884,27984
3.7938,27983
3.7994,27983
3.8051,27979
3.8104,27977
3.8161,27978
3.8217,27982
3.8273,27994
3.8327,27982
3.8383,27979
3.844,27982
3.8493,27984
3.855,27977
3.8606,27984
3.8662,27985
3.8716,27986
3.8772,27988
3.8829,27987
3.8882,27987
3.8939,27988
3.8995,27990
3.9049,27988
3.9105,27985
3.916,27986
3.9216,27982
3.9273,27981
3.9329,27987
3.9383,27981
3.9438,27989
3.9494,27992
3.9551,27985
3.9607,27984
3.966,27980
3.9716,27983
3.9772,27990
3.9829,27978
3.9882,27980
3.9939,27986
3.9994,27977
4.0051,27978
4.0107,27981
4.0161,27975
4.0217,27983
4.0272,27980
4.0329,27977
4.0382,27976
4.0439,27975
4.0495,27970
4.0549,27973
4.0605,27975
4.0662,27977
4.0715,27969
4.0772,27979
4.0828,27985
4.0885,27966
4.0938,27970
4.0995,27979
4.1051,27975
4.1105,27974
4.1161,27967
4.1217,27966
4.1274,27978
4.1327,27969
4.1384,27970
4.144,27967
4.1493,27977
4.155,27971
4.1606,27977
4.1663,27976
4.1716,27972
4.1773,27981
4.1827,27972
4.1883,27971
4.1939,27975
4.1996,27970
4.205,27975
4.2106,27979
4.2162,27977
4.2216,27972
4.2272,27969
4.2329,27975
4.2383,27975
4.2439,27968
4.2496,27974
4.2549,27977
4.2606,27986
4.2662,27980
4.2718,27974
4.2772,27976
4.2828,27970
4.2885,27973
4.2938,27983
4.2995,27972
4.3051,27969
4.3107,27978
4.3161,27981
4.3217,27971
4.3274,27980
4.3327,27979
4.3384,27973
4.344,27975
4.3494,27975
4.355,27979
4.3607,27973
4.366,27977
4.3717,27977
4.3773,27974
4.383,27970
4.3883,27981
4.3939,27973
4.3996,27973
4.405,27975
4.4106,27978
4.4163,27973
4.4216,27977
4.4273,27971
4.4329,27966
4.4383,27969
4.4439,27978
4.4495,27977
4.4549,27973
4.4605,27975
4.4662,27976
4.4718,27980
4.4772,27969
4.4828,27978
4.4884,27973
4.4938,27972
4.4994,27978
4.5051,27968
4.5107,27970
4.5161,27972
4.5217,27968
4.5274,27968
4.5327,27975
4.5384,27969
4.544,27971
4.5494,27973
4.555,27955
4.5607,27965
4.566,27971
4.5717,27964
4.5773,27972
4.5829,27973
4.5883,27973
4.5939,27978
4.5996,27967
4.6052,27969
4.6106,27969
4.6162,27971
4.6218,27973
4.6272,27975
4.6328,27979
4.6385,27978
4.6438,27978
4.6495,27975
4.6551,27983
4.6605,27975
4.6661,27977
4.6717,27974
4.6774,27976
4.6827,27984
4.6884,27984
4.694,27983
4.6994,27985
4.7051,27984
4.7107,27986
4.716,27984
4.7217,27986
4.7273,27984
4.7327,27986
4.7383,27978
4.7439,27990
4.7496,27978
4.7549,27987
4.7606,27982
4.7662,27985
4.7719,27982
4.7772,27987
4.7829,27993
4.7885,27989
4.7939,27987
4.7995,27992
4.8051,27990
4.8105,27993
4.8162,27984
4.8218,27991
4.8271,27985
4.8328,27986
4.8384,27980
4.844,27990
4.8494,27990
4.855,27984
4.8607,27985
4.866,27987
4.8717,27988
4.8773,27988
4.8829,27984
4.8883,27993
4.8939,27980
4.8996,27992
4.9049,27992
4.9106,27981
4.9162,27993
4.9219,27995
4.9272,27989
4.9329,27989
4.9382,27993
4.9439,27987
4.9495,27990
4.9552,27991
4.9605,27990
4.9662,27998
4.9718,27989
4.9772,27982
4.9828,27994
4.9884,27990
4.9941,27989
4.9994,27991
5.0051,27994
5.0107,27986
5.0161,27992
5.0217,27984
5.0274,27995
5.0327,27996
5.0383,27986
5.044,27991
5.0496,27988
5.055,27988
5.0606,27989
5.0663,27988
5.0716,27994
5.0773,27996
5.0829,27985
5.0883,27985
5.0939,27987
5.0996,27994
5.1052,27988
5.1105,27985
5.1162,27987
5.1218,27989
5.1272,27992
5.1328,27984
5.1384,27992
5.1441,27991
5.1494,27995
5.1551,27983
5.1607,27986
5.1661,27987
5.1717,27992
5.1773,27985
5.183,27993
5.1883,27991
5.194,27994
5.1996,27995
5.205,27995
5.2106,27995
5.2162,27989
5.2219,27991
5.2272,27998
5.2329,27994
5.2385,27991
5.2439,27996
5.2495,27993
5.2552,27984
5.2605,27990
5.2662,27990
5.2718,27994
5.2772,27995
5.2828,27993
5.2885,27996
5.2941,28000
5.2995,27998
5.3051,27991
5.3105,27999
5.3161,27996
5.3218,27993
5.3274,27998
5.3328,28006
5.3384,27999
5.3441,27995
5.3494,28006
5.355,28003
5.3607,27999
5.3663,27999
5.3717,27994
5.3773,28008
5.383,28000
5.3883,27994
5.394,27997
5.3996,28000
5.405,27995
5.4106,27995
5.4162,27999
5.4219,27994
5.4272,27997
5.4329,27995
5.4385,27992
5.4439,27993
5.4495,27997
5.4552,27998
5.4606,27995
5.4662,27988
5.4718,27995
5.4772,27996
5.4828,27994
5.4885,27997
5.4941,27991
5.4995,27993
5.5051,27995
5.5107,27994
5.5161,27999
5.5217,28001
5.5274,27991
5.533,27999
5.5383,28005
5.544,28002
5.5494,28004
5.5551,28000
5.5607,28007
5.5663,27997
5.5717,27999
5.5772,28000
5.5829,28002
5.5885,28000
5.5941,27998
5.5995,27999
5.605,28004
5.6107,28001
5.6161,27997
5.6217,28004
5.6274,28006
5.6327,28002
5.6384,28004
5.644,28003
5.6496,28003
5.655,28006
5.6606,27998
5.6663,28002
5.6716,27998
5.6773,28000
5.6829,27999
5.6885,27994
5.6938,27992
5.6995,27997
5.7051,28000
5.7107,28000
5.7161,27998
5.7217,28001
5.7274,28000
5.733,28005
5.7384,28003
5.744,28003
5.7497,28008
5.755,27999
5.7607,28005
5.7663,28000
5.7717,28001
5.7773,28002
5.783,28004
5.7883,28004
5.794,28007
5.7996,28000
5.8052,28002
5.8106,28000
5.8163,27999
5.8219,28002
5.8272,28005
5.8329,28006
5.8385,28004
5.8439,28000
5.8495,27998
5.8551,27999
5.8605,27998
5.8661,28003
5.8718,28001
5.8774,27996
5.8828,27994
5.8884,28002
5.894,28008
5.8994,28003
5.905,28003
5.9107,28000
5.9163,27998
5.9217,27997
5.9273,28000
5.9329,28002
5.9383,27992
5.9439,27996
5.9496,28002
5.9552,27998
5.9606,27996
5.9662,28000
5.9719,27994
5.9772,28006
5.9828,27994
5.9884,28002
5.994,28007
5.9997,27998
6.0051,28001
6.0107,28002
6.0161,28005
6.0217,28005
6.0273,27998
6.033,28010
6.0383,28004
6.044,27996
6.0496,28004
6.055,28004
6.0606,28003
6.0663,28001
6.0719,27999
6.0773,28002
6.0829,28000
6.0885,28006
6.0939,28004
6.0995,28006
6.1052,28007
6.1108,28002
6.1162,28000
6.1218,27998
6.1274,28002
6.1328,27998
6.1384,28000
6.1441,27997
6.1494,27998
6.1551,27995
6.1607,28000
6.1664,28000
6.1717,28001
6.1774,28004
6.183,28002
6.1884,28000
6.194,27997
6.1996,27997
6.2053,28006
6.2106,28000
6.2162,28001
6.2219,27995
6.2272,27991
6.2329,27993
6.2385,27997
6.2439,28000
6.2495,28002
6.2552,27998
6.2605,27994
6.2662,27997
6.2718,27996
6.2774,28001
6.2828,28003
6.2884,27998
6.2941,28000
6.2994,28005
6.3051,28000
6.3107,28007
6.3161,28006
6.3217,28007
6.3273,28000
6.333,28005
6.3384,28001
6.344,27998
6.3496,28003
6.355,27999
6.3606,28002
6.3662,27998
6.3719,27998
6.3772,27999
6.3829,27995
6.3885,28001
6.3939,28001
6.3995,27995
6.4051,28006
6.4108,28004
6.4161,28002
6.4218,27999
6.4274,28002
6.433,28004
6.4384,28001
6.444,27998
6.4497,28008
6.455,28001
6.4607,27996
6.4663,27995
6.4716,27991
6.4773,27996
6.4829,28001
6.4886,27995
6.4939,28000
6.4996,27991
6.5052,27992
6.5106,27999
6.5162,27998
6.5219,27999
6.5275,28003
6.5328,27999
6.5385,27994
6.5439,27998
6.5495,27995
6.5551,27990
6.5608,27992
6.5661,27989
6.5718,27992
6.5774,27990
6.5828,27980
6.5884,27976
6.594,27989
6.5997,27980
6.605,27983
6.6107,27983
6.6163,27984
6.6219,27979
6.6273,27979
6.6329,27984
6.6386,27986
6.6439,27985
6.6495,27991
6.6552,27990
6.6608,27992
6.6662,27989
6.6718,27990
6.6774,27981
6.6828,27979
6.6884,27977
6.6941,27980
6.6994,27989
6.7051,27984
6.7108,27982
6.7161,27987
6.7217,27986
6.7274,27980
6.733,27983
6.7384,27972
6.744,27982
6.7496,27977
6.755,27980
6.7606,27985
6.7663,27983
6.7719,27987
6.7773,27994
6.7829,27986
6.7885,27992
6.7939,27982
6.7995,27980
6.8052,27989
6.8105,27987
6.8162,27983
6.8218,27977
6.8274,27978
6.8328,27977
6.8384,27991
6.8441,27981
6.8494,27983
6.8551,27993
6.8607,27987
6.8664,27996
6.8717,27989
6.8774,27989
6.883,27984
6.8884,27994
6.894,27988
6.8996,27987
6.905,27985
6.9107,27986
6.9163,27983
6.9217,27982
6.9273,27980
6.9329,27983
6.9386,27981
6.9439,27985
6.9495,27984
6.9552,27987
6.9608,27985
6.9662,27979
6.9718,27982
6.9775,27985
6.9828,27978
6.9884,27972
6.9941,27974
6.9997,27973
7.0051,27974
7.0107,27972
7.0163,27974
7.0217,27983
7.0274,27978
7.033,27977
7.0384,27983
7.044,27984
7.0497,27975
7.055,27981
7.0607,27977
7.0663,27978
7.0717,27983
7.0773,27982
7.083,27983
7.0886,27985
7.094,27981
7.0994,27980
7.1051,27977
7.1107,27976
7.1164,27983
7.1217,27992
7.1273,27987
7.1329,27982
7.1385,27988
7.1439,27980
7.1495,27988
7.1551,27982
7.1607,27984
7.1663,27988
7.1717,27985
7.1774,27987
7.1829,27994
7.1885,27988
7.1939,27988
7.1996,27990
7.2052,27991
7.2106,27991
7.2163,27991
7.2219,27985
7.2273,27996
7.2329,27992
7.2385,27992
7.2439,27990
7.2495,27985
7.2551,27981
7.2608,27991
7.2661,27986
7.2718,27987
7.2774,27995
7.2828,27987
7.2884,27988
7.2941,27982
7.2994,27984
7.3051,27985
7.3107,27981
7.3164,27981
7.3217,27987
7.3273,27984
7.333,27989
7.3383,27986
7.344,27988
7.3496,27990
7.3552,27983
7.3606,27983
7.3662,27985
7.3719,27981
7.3772,27988
7.3829,27987
7.3885,27990
7.3939,27989
7.3995,27989
7.4051,27994
7.4108,27982
7.4161,27983
7.4218,27984
7.4274,27981
7.4328,27984
7.4384,27987
7.4441,27980
7.4495,27986
7.4551,27997
7.4608,27980
7.4661,27985
7.4718,27983
7.4774,27988
7.4828,27984
7.4885,27985
7.4941,27982
7.4995,27984
7.5051,27982
7.5107,27987
7.5161,27988
7.5217,27989
7.5274,27992
7.533,27985
7.5384,27987
7.544,27992
7.5497,27978
7.555,27978
7.5607,27984
7.5664,27986
7.5717,27983
7.5773,27982
7.583,27981
7.5884,27989
7.594,27989
7.5996,27973
7.605,27984
7.6106,27986
7.6163,27982
7.6216,27993
7.6273,27986
7.6329,27986
7.6386,27990
7.6439,27977
7.6496,27985
7.6552,27987
7.6606,27980
7.6662,27983
7.6719,27980
7.6775,27985
7.6829,27983
7.6885,27984
7.6939,27986
7.6995,27994
7.7052,27990
7.7108,27985
7.7162,27992
7.7218,27993
7.7275,27986
7.7328,27992
7.7385,27991
7.7441,27998
7.7495,27991
7.7551,27989
7.7607,27994
7.7661,27990
7.7717,27994
7.7774,27999
7.7828,27991
7.7884,27997
7.7941,27992
7.7997,27997
7.8051,27989
7.8107,27989
7.8164,27991
7.8217,27990
7.8273,27990
7.833,27987
7.8383,27993
7.844,27992
7.8496,27993
7.8552,27996
7.8606,27991
7.8662,27992
7.8718,27994
7.8772,27996
7.8829,27999
7.8885,28001
7.8941,27990
7.8995,27998
7.9051,27999
7.9108,27993
7.9161,27999
7.9218,27998
7.9274,27992
7.933,27993
7.9384,28001
7.944,27999
7.9497,28000
7.955,27998
7.9607,28005
7.9663,28003
7.9717,28000
7.9773,27997
7.983,27999
7.9886,28002
7.994,27999
7.9996,27997
8.005,28002
8.0107,28007
8.0163,28008
8.0217,28003
8.0273,28002
8.0329,28003
8.0386,28005
8.0439,27999
8.0496,27997
8.0552,27995
8.0606,27999
8.0662,28001
8.0719,28002
8.0772,28002
8.0829,28004
8.0885,28006
8.0941,28005
8.0995,27996
8.1051,28007
8.1108,28004
8.1162,28000
8.1218,28001
8.1274,28005
8.1328,28000
8.1384,27996
8.1441,28004
8.1497,28001
8.1551,28003
8.1607,27995
8.1664,28001
8.1717,28004
8.1774,28005
8.183,28010
8.1884,28002
8.194,28002
8.1996,28007
8.2053,28009
8.2106,28005
8.2162,28007
8.2219,28008
8.2272,28009
8.2329,28009
8.2385,28007
8.2441,28005
8.2495,28005
8.2552,28006
8.2605,28006
8.2662,28000
8.2718,28003
8.2774,28005
8.283,28001
8.2884,28006
8.294,27997
8.2997,27995
8.305,27997
8.3107,28008
8.3163,28003
8.3217,28001
8.3273,27999
8.333,28003
8.3386,28005
8.344,28001
8.3496,28002
8.3553,28009
8.3606,28000
8.3662,27996
8.3719,28003
8.3772,28007
8.3829,28001
8.3885,28002
8.3941,28003
8.3995,28001
8.4051,28010
8.4108,28003
8.4164,28000
8.4218,28003
8.4274,28003
8.433,28001
8.4384,28007
8.4441,28001
8.4497,28001
8.4551,28003
8.4607,27999
8.4663,28005
8.4717,28010
8.4773,28005
8.483,27999
8.4886,28012
8.494,28003
8.4996,28001
8.5052,28001
8.5106,28006
8.5162,27996
8.5219,27996
8.5275,27998
8.5328,28010
8.5385,27999
8.5441,27998
8.5497,28006
8.5551,28010
8.5607,28002
8.5664,27998
8.5717,28008
8.5774,28002
8.583,28008
8.5884,28004
8.594,27992
8.5997,28006
8.605,27998
8.6106,28001
8.6163,28004
8.6217,27999
8.6273,28002
8.633,28005
8.6386,28002
8.644,28011
8.6495,28011
8.6551,28009
8.6608,28008
8.6661,28010
8.6718,28008
8.6773,28008
8.683,28002
8.6886,28012
8.694,28010
8.6996,28006
8.7051,28010
8.7107,28003
8.7164,27999
8.7217,28006
8.7274,28005
8.7329,28006
8.7385,28012
8.7439,28006
8.7496,28000
8.7552,28000
8.7607,28001
8.7664,27995
8.7717,28004
8.7774,28003
8.783,28002
8.7885,28004
8.7939,28002
8.7995,27999
8.8052,27994
8.8108,28002
8.8162,27997
8.8218,27998
8.8274,28006
8.8328,28000
8.8384,28007
8.8441,28005
8.8497,27999
8.8551,28005
8.8607,28000
8.8661,27998
8.8717,28001
8.8774,28000
8.883,28000
8.8884,28006
8.894,27998
8.8997,27998
8.905,27990
8.9107,28000
8.9163,28005
8.9219,27998
8.9273,28005
8.9329,28002
8.9386,28000
8.9439,28002
8.9496,28007
8.9552,28006
8.9606,28004
8.9662,28006
8.9718,27997
8.9775,28008
8.9828,27999
8.9885,28001
8.9941,27998
8.9995,28002
9.0052,28003
9.0108,28000
9.0162,28003
9.0218,28010
9.0274,28004
9.0331,28007
9.0384,28009
9.0441,28009
9.0497,28010
9.0551,28006
9.0607,28004
9.0663,28010
9.0717,28009
9.0774,28005
9.083,28007
9.0884,28008
9.094,28004
9.0996,28003
9.1053,28003
9.1106,28006
9.1163,27997
9.1219,28008
9.1275,28004
9.1329,28009
9.1385,28002
9.1441,28006
9.1495,28011
9.1551,28001
9.1608,28003
9.1664,28008
9.1718,27999
9.1774,28007
9.183,28010
9.1884,28006
9.194,28003
9.1997,28009
9.205,28010
9.2107,28005
9.2163,28004
9.2219,27999
9.2273,28009
9.2329,28007
9.2386,28004
9.244,28007
9.2496,28010
9.2552,28003
9.2606,28009
9.2662,28014
9.2719,28016
9.2772,28006
9.2829,28010
9.2885,28012
9.2942,28010
9.2995,28011
9.3052,28012
9.3108,28010
9.3162,28010
9.3218,28013
9.3275,28006
9.3331,28006
9.3384,28009
9.3441,28009
9.3497,28004
9.3551,28002
9.3607,28009
9.3664,28013
9.3717,28006
9.3774,28011
9.383,28008
9.3884,28007
9.394,28005
9.3997,28003
9.4053,28011
9.4107,28013
9.4163,28003
9.4219,28005
9.4273,28004
9.4329,28003
9.4386,28011
9.4439,28000
9.4496,28004
9.4552,28004
9.4606,28005
9.4662,28005
9.4719,28005
9.4775,28005
9.4829,28003
9.4885,28009
9.4942,28002
9.4995,28002
9.5051,28002
9.5108,28000
9.5161,28008
9.5218,28001
9.5274,27999
9.5331,28004
9.5384,28004
9.544,28009
9.5497,28006
9.555,28005
9.5607,28006
9.5663,28009
9.5717,28000
9.5774,28002
9.583,28003
9.5883,28005
9.594,27994
9.5996,28002
9.6052,28010
9.6106,28008
9.6163,27999
9.6219,28003
9.6273,28000
9.6329,28005
9.6385,28011
9.6442,27999
9.6495,28000
9.6552,28005
9.6608,28003
9.6662,28007
9.6718,28006
9.6774,28006
9.6828,28002
9.6884,28003
9.694,28002
9.6997,28004
9.7053,28002
9.7107,28007
9.7163,28003
9.7217,28004
9.7273,28010
9.7329,28003
9.7386,28006
9.744,28003
9.7496,28011
9.7552,28005
9.7606,28008
9.7662,28010
9.7719,28005
9.7775,28007
9.7829,28003
9.7885,28011
9.7942,28006
9.7995,28003
9.8052,28003
9.8108,28009
9.8162,28011
9.8218,27999
9.8274,28004
9.8331,28003
9.8384,28000
9.8441,28001
9.8497,28003
9.8551,28003
9.8607,28001
9.8663,28004
9.872,28000
9.8773,28007
9.883,27997
9.8883,27995
9.894,28003
9.8996,27996
9.9053,27998
9.9106,28005
9.9162,28002
9.9219,28008
9.9275,28007
9.9329,28004
9.9385,27999
9.9442,28000
9.9495,28003
9.9552,28006
9.9608,28003
9.9662,28000
9.9718,28009
9.9774,28002
9.9828,28010
9.9884,28005
9.9941,28001
9.9997,28001
10.0051,28000
10.0108,28000
10.0164,27999
10.0218,27996
10.0274,27996
10.033,27991
10.0384,27989
10.044,27986
10.0497,27989
10.055,27989
10.0607,27991
10.0663,27997
10.0719,27996
10.0773,27996
10.0829,27991
10.0886,27985
10.0939,27990
10.0996,27988
10.1052,27992
10.1108,27987
10.1161,27990
10.1218,27985
10.1274,27991
10.133,27998
10.1384,27995
10.1439,27995
10.1496,27995
10.1552,27988
10.1609,27993
10.1662,27992
10.1717,27985
10.1774,27988
10.183,28000
10.1884,27988
10.194,27991
10.1996,27994
10.2052,27995
10.2106,27996
10.2162,27994
10.2218,27993
10.2273,27991
10.233,27984
10.2383,27984
10.244,27987
10.2496,27979
10.2552,27984
10.2608,27989
10.2662,27987
10.2718,27993
10.2774,27987
10.2828,27987
10.2884,27995
10.2941,27983
10.2997,27981
10.3053,27987
10.3107,27984
10.3163,27979
10.3217,27987
10.3273,27986
10.333,27998
10.3386,27980
10.3439,27980
10.3496,27987
10.3552,27979
10.3608,27974
10.3662,27979
10.3718,27985
10.3775,27986
10.3828,27985
10.3885,27982
10.3941,27986
10.3997,27992
10.4051,27992
10.4107,27991
10.4164,27983
10.4217,27988
10.4274,27987
10.433,27987
10.4384,27987
10.444,27990
10.4497,27987
10.455,27994
10.4607,27989
10.4663,27986
10.472,27993
10.4773,27990
10.4829,27985
10.4886,27991
10.4939,27997
10.4996,27988
10.5052,27994
10.5108,27986
10.5162,27988
10.5218,27995
10.5274,27990
10.5331,27987
10.5384,27987
10.5441,27982
10.5497,27992
10.5551,27987
10.5607,27984
10.5663,27983
10.5717,27991
10.5773,27986
10.583,27980
10.5886,27987
10.5939,27980
10.5996,27988
10.6052,27984
10.6106,27984
10.6162,27982
10.6219,27982
10.6275,27991
10.6328,27986
10.6385,27984
10.6441,27980
10.6497,27985
10.6551,27982
10.6607,27985
10.6664,27991
10.6717,27983
10.6774,27996
10.683,27993
10.6884,27990
10.694,27997
10.6997,27996
10.705,27984
10.7106,28000
10.7163,27988
10.7219,27991
10.7273,27999
10.7329,27994
10.7386,27995
10.7439,27992
10.7496,27991
10.7552,27999
10.7608,27996
10.7662,27993
10.7718,28002
10.7774,27994
10.7831,27992
10.7885,27997
10.7941,27995
10.7995,27996
10.8051,27997
10.8108,27992
10.8164,28004
10.8218,28005
10.8274,27998
10.833,28007
10.8384,28009
10.844,28002
10.8497,27995
10.8553,27998
10.8607,28007
10.8663,28004
10.8719,27999
10.8773,27998
10.8829,28002
10.8885,27999
10.8942,28004
10.8996,28000
10.9052,28000
10.9108,28005
10.9162,28005
10.9218,27998
10.9275,27991
10.9329,27998
10.9385,28008
10.9441,28001
10.9495,28002
10.9551,27998
10.9608,27995
10.9664,27992
10.9717,27998
10.9774,28000
10.983,27999
10.9884,27996
10.994,27995
10.9997,28001
11.0051,27997
11.0107,28000
11.0163,28000
11.0217,27996
11.0274,27999
11.033,27999
11.0384,27995
11.044,27998
11.0497,28001
11.055,27994
11.0607,27999
11.0663,27998
11.072,27991
11.0773,27999
11.083,27996
11.0886,27992
11.094,28002
11.0996,27995
11.1053,28002
11.1106,27994
11.1162,27992
11.1219,28001
11.1273,28000
11.1329,27999
11.1385,28000
11.1442,28003
11.1495,28005
11.1552,28006
11.1608,28001
11.1662,27997
11.1718,28003
11.1775,28002
11.1828,27998
11.1885,28010
11.1941,27999
11.1995,28001
11.2051,27999
11.2108,28002
11.2164,28002
11.2218,28004
11.2274,28001
11.2331,27994
11.2384,27994
11.2441,27998
11.2497,27999
11.2551,27997
11.2607,27999
11.2663,27999
11.272,28002
11.2773,27997
11.283,27998
11.2886,27998
11.294,27999
11.2996,27999
11.3053,28007
11.3106,27998
11.3163,27997
11.3219,28000
11.3272,28000
11.3329,27998
11.3385,28007
11.3442,28003
11.3495,28000
11.3552,27997
11.3608,27999
11.3662,28003
11.3718,28001
11.3775,28009
11.3828,27999
11.3884,28006
11.3941,28010
11.3995,28000
11.4051,27998
11.4108,28003
11.4164,28004
11.4218,28006
11.4274,28000
11.4331,27995
11.4384,28005
11.444,28003
11.4497,27995
11.4551,27993
11.4607,27996
11.4663,27997
11.4717,27993
11.4773,27993
11.483,27998
11.4886,27991
11.494,27998
11.4996,27998
11.5052,27994
11.5106,28005
11.5162,27992
11.5219,28000
11.5275,28004
11.5329,28001
11.5385,27990
11.5441,27991
11.5495,27991
11.5552,27990
11.5608,27988
11.5661,27987
11.5718,27982
11.5774,27995
11.5831,27983
11.5884,27983
11.5941,27986
11.5997,27980
11.6051,27980
11.6107,27982
11.6163,27978
11.6217,27975
11.6274,27973
11.633,27973
11.6383,27969
11.644,27970
11.6496,27986
11.6553,27976
11.6606,27977
11.6662,27974
11.6718,27977
11.6774,27983
11.6831,27982
11.6884,27990
11.694,27986
11.6996,27995
11.7052,27995
11.7106,27995
11.7162,28002
11.7218,27997
11.7274,28002
11.7331,28006
11.7384,27994
11.7441,28003
11.7496,28012
11.7552,28004
11.7606,28007
11.7662,28012
11.7719,28017
11.7774,28008
11.783,28012
11.7884,28007
11.7941,28000
11.7997,27998
11.8051,28017
11.8107,28008
11.8163,28008
11.8217,28010
11.8273,28004
11.833,28008
11.8386,28012
11.844,28011
11.8496,28013
11.8553,28011
11.8606,28009
11.8663,28018
11.8719,28021
11.8775,28019
11.8829,28025
11.8885,28022
11.8942,28021
11.8995,28023
11.9051,28020
11.9108,28014
11.9161,28027
11.9218,28014
11.9274,28020
11.933,28021
11.9387,28023
11.944,28025
11.9497,28019
11.955,28020
11.9607,28017
11.9663,28019
11.972,28026
11.9773,28029
11.983,28024
11.9886,28022
11.994,28019
11.9996,28026
12.0053,28031
12.0107,28030
12.0163,28029
12.0219,28036
12.0273,28035
12.0329,28028
12.0386,28036
12.0442,28034
12.0496,28035
12.0552,28029
12.0608,28032
12.0662,28035
12.0718,28029
12.0775,28031
12.0831,28021
12.0885,28027
12.0941,28030
12.0997,28028
12.1051,28027
12.1107,28026
12.1164,28027
12.1217,28025
12.1274,28025
12.133,28021
12.1384,28021
12.144,28022
12.1496,28030
12.1553,28027
12.1606,28023
12.1663,28020
12.1719,28023
12.1775,28020
12.1829,28004
12.1885,28017
12.1942,28019
12.1995,28013
12.2052,28015
12.2108,28017
12.2162,28023
12.2218,28013
12.2275,28022
12.2328,28013
12.2385,28008
12.2441,28007
12.2498,28000
12.2551,28012
12.2608,28009
12.2664,28014
12.2717,28009
12.2774,28012
12.283,28013
12.2884,28008
12.294,28000
12.2997,28000
12.3053,28009
12.3107,28007
12.3163,28010
12.3219,28013
12.3273,27996
12.3329,28003
12.3386,28006
12.3442,27994
12.3496,27995
12.3552,28003
12.3608,28006
12.3662,27998
12.3719,28001
12.3775,27998
12.3829,27989
12.3885,28001
12.3942,28003
12.3995,27998
12.4052,27996
12.4108,28000
12.4162,28008
12.4218,28005
12.4275,27993
12.4329,27993
12.4385,28004
12.4441,28005
12.4495,27996
12.4551,28000
12.4608,27994
12.4664,27994
12.4718,27988
12.4774,27983
12.483,27985
12.4887,27974
12.494,27968
12.4997,27973
12.5053,27973
12.5107,27977
12.5163,27976
12.522,27975
12.5273,27983
12.533,27987
12.5386,27977
12.544,27988
12.5496,27989
12.5553,27993
12.5606,27988
12.5663,27998
12.5719,27991
12.5773,27993
12.5829,27972
12.5886,27981
12.5942,27991
12.5996,27981
12.6052,27989
12.6109,27994
12.6162,27980
12.6218,27976
12.6275,27982
12.6331,27982
12.6385,27980
12.6441,27979
12.6498,27992
12.6551,27988
12.6608,27981
12.6664,27977
12.6718,27977
12.6774,27973
12.683,27977
12.6887,27973
12.6941,27975
12.6997,27977
12.7053,27977
12.7107,27970
12.7163,27977
12.722,27973
12.7273,27984
12.733,27982
12.7386,27981
12.7442,27991
12.7496,27983
12.7552,27982
12.7609,27997
12.7662,27976
12.7719,27982
12.7776,27970
12.7829,27974
12.7886,27981
12.7942,27986
12.7996,27976
12.8052,27982
12.8108,27984
12.8162,27985
12.8218,27984
12.8275,27984
12.8331,27981
12.8385,27979
12.8441,27974
12.8497,27978
12.8551,27974
12.8608,27972
12.8664,27967
12.8718,27964
12.8774,27965
12.883,27975
12.8887,27952
12.894,27970
12.8997,27963
12.9053,27971
12.9107,27972
12.9163,27979
12.922,27973
12.9273,27967
12.933,27978
12.9386,27967
12.9442,27975
12.9496,27975
12.9552,27971
12.9609,27962
12.9662,27946
12.9719,27964
12.9775,27973
12.9831,27965
12.9885,27960
12.9941,27970
12.9998,27963
13.0052,27964
13.0108,27960
13.0165,27972
13.0218,27971
13.0275,27970
13.0331,27973
13.0385,27964
13.0441,27960
13.0497,27968
13.0554,27977
13.0607,27972
13.0663,27980
13.072,27973
13.0773,27971
13.083,27976
13.0886,27972
13.094,27979
13.0996,27972
13.1053,27968
13.1109,27976
13.1162,27968
13.1219,27959
13.1275,27968
13.1332,27967
13.1385,27981
13.1441,27977
13.1498,27983
13.1551,27978
13.1608,27975
13.1664,27980
13.172,27977
13.1774,27975
13.183,27977
13.1887,27972
13.194,27975
13.1996,27977
13.2053,27987
13.2109,27984
13.2162,27983
13.2219,27977
13.2275,27974
13.2331,27975
13.2385,27983
13.244,27971
13.2497,27977
13.2553,27977
13.2609,27970
13.2663,27969
13.2718,27978
13.2773,27977
13.283,27973
13.2886,27979
13.2942,27976
13.2996,27979
13.3052,27985
13.3107,27983
13.3163,27978
13.3219,27975
13.3273,27978
13.333,27972
13.3386,27972
13.3442,27974
13.3496,27975
13.3552,27976
13.3607,27979
13.3663,27978
13.372,27984
13.3774,27980
13.383,27971
13.3886,27967
13.3943,27978
13.3997,27982
13.4053,27972
13.4107,27971
13.4163,27971
13.422,27979
13.4274,27979
13.433,27969
13.4386,27975
13.444,27978
13.4496,27982
13.4553,27983
13.4607,27970
13.4664,27970
13.472,27976
13.4774,27978
13.483,27971
13.4887,27975
13.494,27974
13.4996,27975
13.5053,27965
13.5107,27967
13.5164,27966
13.522,27962
13.5274,27974
13.533,27974
13.5387,27966
13.544,27966
13.5497,27982
13.5553,27977
13.5607,27975
13.5664,27978
13.572,27983
13.5774,27973
13.583,27983
13.5887,27977
13.5941,27986
13.5997,27981
13.6053,27983
13.6107,27978
13.6164,27976
13.622,27984
13.6274,27980
13.6331,27980
13.6387,27987
13.6441,27978
13.6497,27981
13.6553,27988
13.6607,27979
13.6663,27973
13.672,27987
13.6774,27968
13.6831,27988
13.6887,27996
13.6941,27998
13.6997,27994
13.7054,27990
13.7107,27992
13.7163,27998
13.722,27996
13.7275,28000
13.7331,28004
13.7387,28005
13.7441,28003
13.7497,28001
13.7554,28002
13.7607,28007
13.7664,27994
13.772,28002
13.7775,27999
13.7831,28000
13.7888,28008
13.7941,28006
13.7997,28011
13.8054,28010
13.8108,28010
13.8164,28010
13.8221,28003
13.8274,28013
13.833,28012
13.8387,28002
13.844,28014
13.8497,28018
13.8553,28015
13.8608,28011
13.8665,28021
13.8718,28005
13.8775,28005
13.8831,28005
13.8887,28006
13.8941,28007
13.8997,28007
13.9054,28010
13.9107,28014
13.9164,28011
13.922,28002
13.9275,27986
13.9332,27999
13.9385,27996
13.9442,27997
13.9498,27998
13.9552,28007
13.9608,28002
13.9665,28011
13.9721,27999
13.9774,28004
13.9831,28008
13.9887,28004
13.9941,28001
13.9997,28009
14.0054,27999
14.0107,28001
14.0164,28006
14.022,28004
14.0275,28003
14.0332,28007
14.0385,28002
14.0442,28005
14.0498,28001
14.0555,28002
14.0608,27998
14.0665,28000
14.0718,27995
14.0775,28009
14.0831,28007
14.0887,28009
14.0941,28012
14.0997,28006
14.1053,28017
14.1109,28022
14.1166,28014
14.1219,28007
14.1276,28020
14.1332,28017
14.1386,28012
14.1442,28010
14.1498,28016
14.1552,28003
14.1609,28006
14.1665,28016
14.1719,28013
14.1775,28010
14.1832,28002
14.1885,28015
14.1942,28008
14.1998,28017
14.2052,28014
14.2108,28008
14.2164,28007
14.2221,28005
14.2274,28011
14.2331,28013
14.2387,28006
14.2441,28013
14.2497,28012
14.2554,28010
14.2608,28013
14.2664,28008
14.2721,28011
14.2774,28017
14.2831,28013
14.2887,28017
14.2943,28029
14.2997,28014
14.3053,28022
14.3109,28029
14.3163,28020
14.3219,28019
14.3276,28022
14.3332,28011
14.3385,28022
14.3442,28021
14.3498,28022
14.3552,28023
14.3608,28018
14.3665,28019
14.3718,28018
14.3775,28020
14.3831,28014
14.3887,28017
14.3941,28014
14.3997,28018
14.4054,28016
14.4108,28017
14.4164,28019
14.422,28019
14.4277,28027
14.433,28017
14.4386,28021
14.4443,28021
14.4496,28023
14.4553,28016
14.4609,28026
14.4663,28017
14.4719,28013
14.4776,28014
14.4829,28012
14.4886,28013
14.4942,28018
14.4999,28017
14.5052,28014
14.5109,28020
14.5165,28014
14.5219,28022
14.5275,28017
14.5332,28017
14.5385,28019
14.5442,28023
14.5498,28010
14.5554,28010
14.5608,28008
14.5664,28009
14.5721,28003
14.5775,28010
14.5831,28012
14.5887,28004
14.5941,28004
14.5997,28006
14.6054,28008
14.6108,28012
14.6164,28005
14.622,28002
14.6274,28013
14.633,28006
14.6387,28016
14.6443,28020
14.6497,28012
14.6553,28012
14.6609,28012
14.6663,28008
14.672,28019
14.6776,28016
14.683,28009
14.6886,28013
14.6943,28009
14.6996,28008
14.7053,28005
14.7109,27995
14.7166,28003
14.7219,27994
14.7276,27990
14.7332,28000
14.7386,27993
14.7442,27988
14.7499,27989
14.7552,27979
14.7609,27983
14.7663,27982
14.7719,27986
14.7776,27990
14.7832,27985
14.7885,27988
14.7941,27996
14.7997,27988
14.8054,27992
14.811,27989
14.8164,27991
14.8219,27986
14.8275,27979
14.8332,27987
14.8385,27984
14.8442,27983
14.8497,27988
14.8554,27987
14.861,27985
14.8663,27995
14.872,27982
14.8775,27978
14.8832,27979
14.8885,27967
14.8942,27966
14.8998,27977
14.9053,27983
14.911,27974
14.9163,27982
14.922,27982
14.9276,27981
14.933,27981
14.9387,27985
14.9441,27981
14.9498,27972
14.9555,27983
14.9609,27985
14.9666,27977
14.9719,28001
14.9776,27992
14.983,27989
14.9886,28000
14.9942,27988
14.9998,27984
15.0054,27975
15.0108,27975
15.0164,27970
15.022,27983
15.0277,27983
15.033,27981
15.0386,27987
15.0442,27972
15.0499,28002
15.0552,27998
15.0609,27987
15.0665,27977
15.0721,27987
15.0774,27984
15.0831,27991
15.0887,27993
15.0943,27992
15.0999,27992
15.1052,27992
15.1109,27996
15.1165,27988
15.1221,27992
15.1275,27988
15.1331,27988
15.1387,27980
15.1443,27992
15.1497,28003
15.1553,28010
15.1609,28013
15.1665,28005
15.1721,28006
15.1775,28000
15.1831,28009
15.1887,27995
15.1944,27993
15.1997,27991
15.2053,27996
15.211,27997
15.2164,27985
15.222,27986
15.2276,27986
15.2333,27988
15.2386,27986
15.2443,27988
15.2499,27986
15.2553,28002
15.2609,27997
15.2665,28000
15.2719,27999
15.2775,27996
15.2832,27986
15.2886,27992
15.2942,28001
15.2999,27999
15.3053,27992
15.3109,27992
15.3166,27980
15.3219,27985
15.3276,27987
15.3332,27981
15.3387,27983
15.3443,27997
15.3497,27972
15.3554,27967
15.3608,27976
15.3665,27963
15.3721,27969
15.3775,27967
15.3831,27960
15.3888,27958
15.3941,27968
15.3998,27972
15.4054,27977
15.411,27978
15.4164,27980
15.422,27984
15.4276,27989
15.433,27986
15.4386,27973
15.4443,27985
15.4496,27986
15.4553,27979
15.4609,27986
15.4665,27976
15.4719,27976
15.4775,27979
15.4832,27961
15.4888,27988
15.4942,27982
15.4998,27982
15.5054,27991
15.5108,27981
15.5164,27985
15.5221,27982
15.5274,27976
15.5331,27985
15.5388,27969
15.5442,27963
15.5499,27973
15.5553,27970
15.5609,27970
15.5665,27980
15.5719,27968
15.5776,27971
15.5832,27981
15.5886,27970
15.5942,27967
15.5999,27978
15.6053,27981
15.6109,27983
15.6166,27976
15.6219,27974
15.6276,27990
15.6332,27978
15.6386,27980
15.6442,27977
15.6499,27984
15.6552,27975
15.6609,27966
15.6665,27962
15.6719,27972
15.6775,27960
15.6832,27967
15.6888,27973
15.6942,27984
15.6998,27976
15.7052,27981
15.7109,27985
15.7165,27985
15.7219,27994
15.7277,27990
15.7331,27993
15.7387,27988
15.7441,27979
15.7498,27981
15.7552,27980
15.7609,27978
15.7666,27981
15.772,27984
15.7777,27989
15.7831,27981
15.7888,27976
15.7942,27986
15.7999,27979
15.8052,27982
15.8109,27976
15.8165,27987
15.8221,27982
15.8275,27981
15.8331,27985
15.8387,27988
15.8444,27977
15.8497,27985
15.8554,27982
15.861,27982
15.8664,27970
15.872,27983
15.8777,27972
15.883,27989
15.8887,27976
15.8943,27979
15.8997,27984
15.9053,27988
15.9109,27988
15.9166,27991
15.9219,27980
15.9276,27982
15.9332,27972
15.9386,27977
15.9442,27979
15.9499,27977
15.9552,27976
15.9609,27969
15.9665,27974
15.9722,27975
15.9775,27990
15.9832,28000
15.9888,27985
15.9942,27997
15.9998,27999
16.0055,27996
16.0109,27994
16.0165,28000
16.0219,27995
16.0276,27999
16.0332,27992
16.0386,27999
16.0442,27996
16.0499,27999
16.0553,27989
16.061,27992
16.0664,27988
16.072,27996
16.0777,28001
16.0831,28005
16.0887,28006
16.0943,27992
16.0997,28001
16.1053,28006
16.1109,28000
16.1165,27996
16.1222,27994
16.1275,27996
16.1332,27996
16.1387,27998
16.1443,28009
16.1499,28013
16.1553,27997
16.1609,28005
16.1665,28007
16.1719,28013
16.1775,28014
16.1831,28008
16.1887,28002
16.1944,28010
16.1998,28002
16.2054,28010
16.2108,28021
16.2164,28018
16.2221,28007
16.2277,28008
16.233,27999
16.2387,27996
16.2443,28002
16.2499,28011
16.2552,28005
16.2609,28005
16.2666,27994
16.272,27997
16.2776,28004
16.2833,28007
16.2886,28005
16.2943,28007
16.2999,28013
16.3053,28008
16.311,28009
16.3163,28003
16.322,28010
16.3276,28006
16.3332,28009
16.3388,28019
16.3442,28006
16.3498,28012
16.3554,28011
16.3608,28020
16.3665,28012
16.3719,28007
16.3776,28016
16.3832,28014
16.3888,28016
16.3942,28023
16.3997,28024
16.4054,28018
16.411,28016
16.4164,28015
16.422,28013
16.4275,28018
16.4331,28014
16.4387,28018
16.4443,28023
16.4497,28022
16.4553,28011
16.4609,28010
16.4665,28006
16.4719,28006
16.4775,28009
16.4831,28011
16.4887,28008
16.4944,28007
16.4998,28007
16.5054,28011
16.5109,28004
16.5165,28005
16.5222,28013
16.5275,28012
16.5331,28017
16.5387,28016
16.5444,28018
16.5497,28014
16.5554,28010
16.5608,28014
16.5664,28011
16.572,28007
16.5777,28010
16.5831,28010
16.5887,28012
16.5943,28007
16.5997,28009
16.6053,28008
16.611,27999
16.6166,28005
16.6219,28008
16.6275,28009
16.6332,28004
16.6388,28014
16.6442,28013
16.6498,28009
16.6554,28010
16.661,28004
16.6664,28012
16.672,28013
16.6776,28015
16.6832,28015
16.6886,28004
16.6942,28002
16.6998,28009
16.7054,28012
16.7108,28015
16.7165,28014
16.7221,28015
16.7277,28013
16.7331,28012
16.7387,28015
16.7444,28020
16.7497,28015
16.7553,28005
16.761,28015
16.7666,28010
16.7719,28020
16.7776,28022
16.7832,28014
16.7886,28017
16.7942,28013
16.7998,28015
16.8055,28015
16.8109,28016
16.8166,28017
16.822,28009
16.8276,28015
16.8333,28015
16.8386,28021
16.8442,28022
16.8498,28021
16.8552,28023
16.8609,28018
16.8665,28017
16.8721,28023
16.8778,28020
16.8831,28015
16.8887,28017
16.8943,28018
16.8999,28013
16.9053,28012
16.9109,28018
16.9164,28019
16.9221,28019
16.9274,28024
16.9331,28023
16.9387,28026
16.9443,28019
16.95,28020
16.9553,28026
16.9609,28020
16.9665,28028
16.9722,28028
16.9775,28032
16.9832,28034
16.9886,28038
16.9942,28033
16.9999,28036
17.0053,28034
17.011,28026
17.0166,28032
17.0222,28016
17.0275,28032
17.0331,28030
17.0388,28031
17.0442,28031
17.0499,28030
17.0553,28028
17.0609,28036
17.0665,28028
17.0722,28026
17.0775,28029
17.0831,28031
17.0887,28024
17.0944,28027
17.0997,28029
17.1053,28031
17.111,28032
17.1166,28033
17.1219,28025
17.1276,28028
17.1332,28026
17.1386,28031
17.1442,28030
17.1498,28027
17.1555,28027
17.1608,28016
17.1664,28021
17.172,28009
17.1776,28019
17.1833,28024
17.1886,28020
17.1942,28037
17.1999,28035
17.2055,28030
17.2111,28028
17.2164,28026
17.222,28020
17.2277,28028
17.2331,28035
17.2387,28029
17.2444,28020
17.2497,28028
17.2553,28030
17.261,28027
17.2664,28029
17.2721,28017
17.2777,28008
17.283,28014
17.2887,28005
17.2943,28026
17.2997,28022
17.3054,28017
17.3108,28021
17.3165,28025
17.3221,28033
17.3277,28019
17.333,28013
17.3387,28016
17.3443,28020
17.3497,28022
17.3554,28025
17.3608,28030
17.3664,28037
17.3721,28026
17.3777,28029
17.383,28024
17.3887,28033
17.3943,28028
17.3999,28035
17.4052,28030
17.4109,28026
17.4166,28028
17.422,28030
17.4276,28026
17.4332,28028
17.4389,28027
17.4442,28030
17.4498,28024
17.4555,28019
17.4611,28014
17.4664,28010
17.4721,28012
17.4777,28013
17.4831,28022
17.4887,28019
17.4943,28024
17.4998,28028
17.5055,28013
17.5108,28015
17.5164,28013
17.5221,28017
17.5277,28016
17.5331,28013
17.5387,28019
17.5444,28008
17.5497,28014
17.5553,28009
17.561,28015
17.5666,28022
17.5722,28019
17.5775,28008
17.5832,28009
17.5888,28006
17.5944,28013
17.5998,28002
17.6055,28013
17.6109,28016
17.6166,28006
17.6219,28000
17.6275,28016
17.6331,28021
17.6388,28014
17.6444,28016
17.6498,28023
17.6554,28015
17.661,28020
17.6666,28025
17.672,28018
17.6777,28017
17.6831,28020
17.6888,28010
17.6941,28015
17.6998,28016
17.7054,28018
17.711,28015
17.7166,28010
17.722,28006
17.7276,28016
17.7332,28007
17.7388,28003
17.7442,28014
17.7499,28015
17.7552,28008
17.7609,28017
17.7665,28014
17.7721,28013
17.7775,28020
17.7831,28013
17.7887,28014
17.7944,28023
17.7997,28012
17.8053,28016
17.811,28016
17.8164,28008
17.8221,28016
17.8277,28013
17.8331,28014
17.8387,28009
17.8444,28004
17.8498,28015
17.8554,28022
17.861,28007
17.8666,28009
17.8719,28002
17.8776,28000
17.8833,28000
17.8886,28008
17.8942,28004
17.8999,27998
17.9055,27995
17.9109,28004
17.9165,27993
17.9221,28002
17.9277,27999
17.933,27995
17.9387,28002
17.9443,27996
17.9499,27993
17.9555,28003
17.9609,27997
17.9666,28008
17.9719,27999
17.9776,28002
17.983,28001
17.9886,28003
17.9943,28004
17.9999,27996
18.0052,27992
18.0109,27991
18.0165,28002
18.0221,27989
18.0277,27996
18.0331,27987
18.0387,27986
18.0443,27989
18.05,27983
18.0553,27989
18.0609,27986
18.0665,27989
18.0721,27987
18.0775,27980
18.0832,27978
18.0886,27968
18.0943,27961
18.0999,27965
18.1055,27968
18.1109,27968
18.1165,27973
18.1221,27984
18.1275,27979
18.1331,27975
18.1387,27978
18.1443,27973
18.1499,27982
18.1555,27991
18.1609,27988
18.1665,27991
18.1721,27982
18.1775,27989
18.1832,27996
18.1886,27987
18.1942,27985
18.1998,27987
18.2055,27989
18.2108,27991
18.2164,28003
18.222,27998
18.2277,27996
18.233,28000
18.2386,27993
18.2443,27996
18.2499,27998
18.2555,28008
18.2609,27999
18.2666,28000
18.2719,28005
18.2775,28005
18.2832,28005
18.2888,28001
18.2942,28004
18.2998,28001
18.3052,28002
18.3109,28000
18.3165,28003
18.3221,28001
18.3277,28006
18.3331,28017
18.3387,28014
18.3444,28017
18.3498,28013
18.3554,28019
18.361,28008
18.3664,28004
18.372,28011
18.3777,28007
18.3831,28015
18.3888,28009
18.3942,28003
18.3998,27998
18.4055,28005
18.4111,28002
18.4164,28005
18.422,28003
18.4277,28007
18.4333,28003
18.4386,27997
18.4443,27999
18.4497,28004
18.4554,28009
18.461,28005
18.4666,28006
18.472,28004
18.4776,28002
18.4832,28004
18.4886,27993
18.4942,27998
18.4998,28003
18.5055,27991
18.5108,27998
18.5164,27996
18.522,27993
18.5277,28004
18.5331,28005
18.5388,27999
18.5442,28005
18.5498,28002
18.5554,28004
18.561,28011
18.5664,28008
18.572,28010
18.5776,28009
18.5831,28003
18.5888,27996
18.5942,27998
18.5998,28002
18.6054,28004
18.611,27998
18.6167,28004
18.622,28003
18.6276,27999
18.6332,28004
18.6389,27988
18.6442,27990
18.6499,27995
18.6555,27979
18.6608,27989
18.6665,27990
18.6721,27985
18.6777,27986
18.683,27989
18.6886,27988
18.6943,27992
18.6999,27989
18.7055,28001
18.7108,27993
18.7165,27999
18.7221,27998
18.7275,27999
18.7331,27991
18.7388,28005
18.7444,27993
18.7497,28002
18.7553,27989
18.761,27999
18.7666,28007
18.7722,27999
18.7775,28002
18.7832,27993
18.7888,28007
18.7944,27997
18.7997,28004
18.8054,28005
18.811,27999
18.8164,27989
18.822,27986
18.8276,27990
18.8332,27986
18.8388,27997
18.8442,28000
18.8498,27993
18.8554,27989
18.861,27991
18.8667,27976
18.872,27984
18.8776,27991
18.8833,27982
18.8886,27980
18.8943,27990
18.8999,27983
18.9055,27987
18.9109,27978
18.9165,27983
18.9222,27985
18.9275,27988
18.9331,27988
18.9388,27989
18.9444,27995
18.9498,27992
18.9554,27992
18.961,27986
18.9664,27996
18.972,27991
18.9776,27992
18.9832,27997
18.9888,27991
18.9942,27996
18.9999,28002
19.0053,27996
19.0109,27986
19.0166,27984
19.0222,27963
19.0276,27972
19.0333,27981
19.0387,27980
19.0443,27988
19.0499,27993
19.0553,27995
19.0609,27997
19.0665,28000
19.0721,27994
19.0775,27994
19.0832,27995
19.0888,28004
19.0942,27998
19.0998,27992
19.1054,27996
19.1111,28005
19.1165,27991
19.1221,28006
19.1277,27998
19.1331,28002
19.1387,27988
19.1444,27997
19.1497,27996
19.1553,27992
19.161,27995
19.1664,27995
19.1721,27969
19.1775,27986
19.1831,27984
19.1887,27982
19.1944,27990
19.1997,27980
19.2053,27988
19.211,27987
19.2164,27986
19.222,27991
19.2277,27993
19.2331,27989
19.2387,27983
19.2443,28001
19.2497,27996
19.2553,27993
19.261,27987
19.2664,27991
19.272,27985
19.2777,28003
19.2831,27995
19.2887,27998
19.2943,27991
19.2999,27988
19.3053,27985
19.3109,27997
19.3165,27990
19.3222,27991
19.3275,27993
19.3332,27989
19.3388,27997
19.3442,27988
19.3498,27995
19.3555,27999
19.3608,27986
19.3664,27975
19.372,27974
19.3777,27990
19.3831,27990
19.3888,27987
19.3942,27992
19.3998,27984
19.4055,27989
19.4108,27996
19.4164,28008
19.4221,27998
19.4277,27998
19.4331,28004
19.4388,27997
19.4442,28000
19.4498,28006
19.4554,27992
19.4611,28004
19.4664,28006
19.472,27996
19.4777,27993
19.4833,28002
19.4886,27987
19.4943,27992
19.5,27994
19.5054,27984
19.511,27990
19.5164,27983
19.522,27975
19.5276,27988
19.5331,27996
19.5387,27989
19.5444,27991
19.5497,27996
19.5553,28010
19.5609,27997
19.5665,27992
19.5721,28002
19.5775,27998
19.5831,28006
19.5888,28007
19.5944,28008
19.5998,28000
19.6054,28002
19.6109,27997
19.6165,28002
19.6221,27998
19.6275,28009
19.6332,28001
19.6387,27999
19.6443,28003
19.6499,28009
19.6553,28001
19.6609,27990
19.6665,28007
19.6721,28004
19.6777,28007
19.6832,28000
19.6889,28008
19.6942,27999
19.6999,28009
19.7055,28004
19.7108,28005
19.7165,28002
19.7221,27993
19.7277,27993
19.7331,28003
19.7388,27986
19.7444,27992
19.7497,27993
19.7553,27997
19.761,28006
19.7666,27997
19.7722,28002
19.7775,28005
19.7832,27999
19.7888,27993
19.7942,27993
19.7999,27998
19.8053,28000
19.8109,27995
19.8165,27992
19.8221,27990
19.8275,27998
19.8331,27991
19.8387,27990
19.8444,27986
19.85,27992
19.8553,27997
19.861,27994
19.8664,27998
19.872,27994
19.8777,27984
19.8833,27987
19.8886,27977
19.8943,27988
19.8999,27984
19.9055,27990
19.9109,27995
19.9165,27993
19.9221,27999
19.9275,27998
19.9332,27991
19.9388,27997
19.9442,27994
19.9499,27991
19.9555,27991
19.9609,28000
19.9665,27994
19.9721,27983
19.9777,27975
19.9831,27991
19.9887,27991
19.9943,27990
19.9999,27999
20.0055,27986
20.0109,27992
20.0166,27996
20.0222,27991
20.0275,27987
20.0331,27989
20.0388,27985
20.0441,27992
20.0497,27992
20.0554,28002
20.061,27995
20.0666,27977
20.072,27987
20.0776,27976
20.0833,27988
20.0886,27992
20.0943,27987
20.0999,27991
20.1055,27990
20.1109,27989
20.1166,27996
20.1222,27998
20.1276,27995
20.1333,28000
20.1386,27992
20.1443,27994
20.1499,28006
20.1554,27999
20.161,28006
20.1666,28015
20.172,28007
20.1776,27998
20.1832,28002
20.1888,27999
20.1942,27993
20.1999,28004
20.2053,28002
20.2109,27997
20.2165,27997
20.2222,28007
20.2275,28003
20.2332,28008
20.2389,27995
20.2442,28000
20.2499,28003
20.2555,28003
20.2609,27988
20.2665,28003
20.2721,28006
20.2778,27997
20.2831,28005
20.2887,27999
20.2944,27998
20.2998,28002
20.3055,27995
20.3108,27986
20.3165,27991
20.3221,27988
20.3277,27989
20.3331,27989
20.3388,27991
20.3442,27989
20.3498,27992
20.3555,27972
20.3609,27980
20.3666,27986
20.372,27985
20.3777,28001
20.3833,27988
20.3887,27989
20.3943,27991
20.3999,27993
20.4055,27987
20.4109,27997
20.4165,27987
20.4221,27985
20.4275,27983
20.4331,27988
20.4387,27987
20.4443,27978
20.4498,27982
20.4554,27987
20.461,27989
20.4666,27977
20.472,27971
20.4776,27986
20.4833,27992
20.4886,27991
20.4943,27986
20.4999,27978
20.5055,27979
20.5109,27981
20.5165,27993
20.5221,27985
20.5275,27981
20.5331,27983
20.5388,27983
20.5442,27977
20.5498,27979
20.5554,27981
20.5608,27979
20.5665,27983
20.5721,27989
20.5775,27982
20.5832,27999
20.5888,27983
20.5942,27987
20.5999,27994
20.6055,27985
20.6109,27981
20.6166,27992
20.6222,27993
20.6276,27992
20.6333,27987
20.6386,27975
20.6443,27981
20.65,27983
20.6553,27987
20.661,27982
20.6664,27985
20.672,27983
20.6777,27985
20.6831,27986
20.6888,27984
20.6944,27981
20.6998,27987
20.7054,27985
20.7111,27982
20.7164,27982
20.7221,27986
20.7277,27990
20.7331,27992
20.7388,27991
20.7444,27990
20.7498,27988
20.7555,27982
20.7611,27981
20.7665,27987
20.7722,27993
20.7776,27992
20.7832,27995
20.7886,27982
20.7943,27986
20.8,27981
20.8054,27978
20.811,27983
20.8164,27978
20.8221,27976
20.8275,27974
20.8332,27973
20.8389,27962
20.8443,27979
20.85,27980
20.8554,27987
20.861,27989
20.8667,27995
20.872,27983
20.8777,27991
20.8831,27987
20.8888,27989
20.8944,27990
20.8998,27994
20.9055,27993
20.9108,27983
20.9165,27994
20.9222,27996
20.9276,27998
20.9332,27998
20.9389,27995
20.9442,27991
20.9499,28006
20.9555,28007
20.9609,27995
20.9666,27988
20.9722,27980
20.9776,27993
20.9832,27983
20.9888,27977
20.9942,27984
20.9998,27996
21.0055,27986
21.0111,27996
21.0164,27994
21.0221,28002
21.0277,27993
21.0331,27988
21.0387,27996
21.0444,27997
21.0497,27993
21.0554,28002
21.061,27998
21.0664,27986
21.072,27990
21.0777,27996
21.0833,27994
21.0886,27985
21.0943,28000
21.0999,27991
21.1055,27987
21.1109,27994
21.1165,28003
21.1225,28008
21.1275,28018
21.1331,28011
21.1388,28025
21.1444,28013
21.1498,28006
21.1555,28007
21.1608,28010
21.1665,28000
21.1721,28006
21.1777,27998
21.1834,27983
21.1886,28006
21.1943,27989
21.1999,27989
21.2055,27987
21.2109,27982
21.2165,27987
21.2221,27991
21.2277,27981
21.2331,27989
21.2387,28000
21.2447,27999
21.2503,27999
21.2557,27993
21.2613,27989
21.2669,27998
21.2723,27990
21.2779,27990
21.2836,27985
21.2889,27994
21.2945,28005
21.3001,27992
21.3057,27997
21.3114,28007
21.3171,28009
21.3224,27987
21.3281,27995
21.3337,28003
21.3392,28007
21.3448,27994
21.3504,27993
21.3558,28000
21.3614,27992
21.367,27998
21.3724,27994
21.3781,27987
21.3837,27994
21.3891,27997
21.3947,28013
21.4004,27981
21.4057,27990
21.4114,28003
21.417,27999
21.4226,27975
21.4279,28001
21.4336,27997
21.4392,27977
21.4448,27983
21.4502,27983
21.4558,27991
21.4615,27990
21.4668,27980
21.4725,27985
21.4782,27986
21.4836,27987
21.4892,27980
21.4946,27980
21.5003,27985
21.5059,27988
21.5113,27991
21.517,27994
21.5223,27998
21.528,27999
21.5337,27997
21.5391,27985
21.5448,27995
21.5501,27994
21.5558,27988
21.5614,27998
21.567,27994
21.5724,27984
21.5779,27993
21.5836,27994
21.5892,27990
21.5946,27995
21.6003,28001
21.6057,27998
21.6114,27997
21.617,28001
21.6224,27992
21.6281,27994
21.6336,27994
21.6392,27992
21.6448,27995
21.6502,28003
21.6559,27994
21.6613,27997
21.667,28001
21.6726,28004
21.678,27992
21.6836,27987
21.6892,27993
21.6948,27988
21.7002,27993
21.7058,27978
21.7114,27991
21.717,27991
21.7226,27967
21.728,27962
21.7336,27950
21.7393,27952
21.7446,27944
21.7503,27958
21.7559,27960
21.7613,27953
21.767,27973
21.7726,27959
21.778,27958
21.7837,27970
21.7891,27980
21.7947,27973
21.8003,27979
21.806,27984
21.8114,27987
21.8171,27988
21.8224,27994
21.8281,27990
21.8337,27995
21.839,28003
21.8447,27982
21.8504,28003
21.8558,28001
21.8614,27993
21.8671,27993
21.8724,27998
21.8781,27996
21.8837,28001
21.8891,27995
21.8948,27995
21.9004,27994
