Experiment: April_27_Phage_Osmo_expt vial 11, Tue Apr 27 19:11:23 2021
0.0049,27149
0.0106,27135
0.016,27115
0.0216,27147
0.0273,27144
0.0327,27148
0.0383,27130
0.0439,27130
0.0493,27155
0.0548,27137
0.0605,27152
0.066,27158
0.0716,27149
0.077,27151
0.0826,27145
0.0883,27167
0.0939,27155
0.0992,27134
0.1049,27156
0.1105,27150
0.1159,27128
0.1215,27146
0.1272,27112
0.1327,27127
0.1383,27102
0.1437,27157
0.1493,27151
0.155,27130
0.1603,27141
0.166,27079
0.1716,27105
0.1772,27121
0.1827,27036
0.1883,27141
0.1937,27151
0.1994,27128
0.205,27129
0.2104,27071
0.216,27131
0.2216,27136
0.2273,27125
0.2326,27124
0.2382,27126
0.2439,27128
0.2492,27124
0.2549,27127
0.2605,27127
0.2661,27128
0.2714,27126
0.2771,27141
0.2827,27130
0.2883,27119
0.2937,27127
0.2993,27136
0.305,27130
0.3103,27127
0.316,27143
0.3216,27133
0.3272,27132
0.3326,27127
0.3383,27128
0.3439,27127
0.3492,27126
0.3549,27132
0.3605,27114
0.3659,27069
0.3715,27092
0.3772,27095
0.3828,27116
0.3881,27124
0.3938,27130
0.3994,27117
0.405,27125
0.4104,27124
0.416,27107
0.4217,27095
0.427,27122
0.4327,27128
0.4383,27128
0.4437,27130
0.4493,27126
0.4549,27133
0.4606,27145
0.4659,27137
0.4716,27130
0.4772,27139
0.4828,27142
0.4881,27141
0.4938,27136
0.4994,27134
0.5048,27135
0.5105,27128
0.5161,27134
0.5214,27134
0.5271,27126
0.5327,27128
0.5383,27127
0.544,27139
0.5493,27144
0.5549,27148
0.5606,27137
0.566,27143
0.5716,27132
0.5772,27140
0.5826,27144
0.5882,27147
0.5938,27160
0.5995,27150
0.6048,27147
0.6105,27157
0.6161,27139
0.6215,27142
0.6271,27152
0.6327,27147
0.6384,27145
0.6437,27147
0.6494,27137
0.6548,27151
0.6604,27157
0.6661,27146
0.6717,27150
0.6771,27156
0.6827,27157
0.6883,27151
0.6937,27151
0.6994,27153
0.705,27143
0.7106,27124
0.716,27135
0.7216,27137
0.7272,27136
0.7326,27134
0.7382,27136
0.7438,27132
0.7495,27128
0.7548,27130
0.7605,27127
0.7661,27135
0.7715,27133
0.7771,27137
0.7828,27129
0.7881,27129
0.7938,27125
0.7994,27131
0.8048,27132
0.8104,27121
0.8159,27141
0.8216,27132
0.8272,27142
0.8329,27150
0.8382,27144
0.8437,27142
0.8494,27135
0.855,27150
0.8604,27142
0.866,27135
0.8715,27149
0.8772,27133
0.8825,27137
0.8882,27133
0.8938,27136
0.8994,27144
0.905,27133
0.9103,27132
0.916,27140
0.9216,27136
0.9272,27125
0.9328,27144
0.9382,27142
0.9438,27133
0.9495,27128
0.9548,27137
0.9604,27140
0.9661,27134
0.9717,27144
0.9771,27134
0.9827,27133
0.9883,27140
0.9937,27136
0.9993,27121
1.005,27120
1.0104,27128
1.016,27136
1.0216,27130
1.027,27135
1.0326,27127
1.0383,27136
1.0439,27134
1.0493,27127
1.0549,27121
1.0605,27124
1.0659,27123
1.0715,27109
1.0772,27119
1.0828,27119
1.0881,27120
1.0938,27127
1.0994,27118
1.105,27109
1.1104,27104
1.1161,27105
1.1217,27106
1.127,27107
1.1327,27118
1.1383,27118
1.144,27118
1.1493,27125
1.1549,27118
1.1606,27124
1.1659,27129
1.1716,27134
1.1772,27124
1.1826,27118
1.1882,27112
1.1939,27120
1.1995,27122
1.2048,27124
1.2105,27128
1.2161,27133
1.2215,27131
1.2271,27132
1.2328,27130
1.2384,27132
1.2437,27130
1.2494,27133
1.255,27129
1.2604,27128
1.266,27133
1.2717,27140
1.277,27133
1.2827,27132
1.2883,27133
1.2937,27138
1.2993,27129
1.3049,27133
1.3106,27137
1.3159,27133
1.3216,27135
1.3272,27142
1.3328,27133
1.3382,27132
1.3438,27137
1.3494,27135
1.3548,27137
1.3605,27141
1.3661,27136
1.3717,27135
1.3771,27143
1.3827,27142
1.3884,27136
1.3937,27147
1.3994,27139
1.405,27129
1.4104,27138
1.416,27131
1.4216,27135
1.4273,27140
1.4327,27138
1.4383,27139
1.4439,27134
1.4493,27136
1.4549,27135
1.4606,27148
1.4659,27136
1.4716,27132
1.4772,27142
1.4826,27142
1.4882,27136
1.4938,27141
1.4995,27141
1.5049,27143
1.5105,27138
1.5161,27139
1.5215,27138
1.5271,27137
1.5328,27142
1.5381,27146
1.5438,27133
1.5494,27141
1.5548,27147
1.5604,27141
1.5661,27148
1.5717,27147
1.5771,27137
1.5827,27132
1.5883,27144
1.5937,27139
1.5994,27137
1.605,27138
1.6104,27132
1.6161,27137
1.6217,27145
1.627,27142
1.6327,27134
1.6383,27142
1.6437,27140
1.6493,27130
1.655,27136
1.6606,27142
1.666,27132
1.6716,27136
1.6772,27135
1.6826,27136
1.6882,27145
1.6939,27140
1.6992,27135
1.7049,27142
1.7105,27146
1.7161,27145
1.7215,27144
1.7272,27147
1.7328,27146
1.7382,27143
1.7438,27138
1.7494,27143
1.7551,27129
1.7604,27133
1.7661,27141
1.7717,27141
1.777,27138
1.7827,27142
1.7884,27135
1.7937,27132
1.7993,27134
1.805,27126
1.8103,27126
1.816,27131
1.8216,27136
1.8272,27133
1.8326,27135
1.8382,27136
1.8439,27139
1.8495,27136
1.8549,27141
1.8605,27139
1.8659,27144
1.8715,27144
1.8771,27144
1.8828,27146
1.8884,27148
1.8938,27133
1.8994,27141
1.9048,27142
1.9104,27143
1.9161,27141
1.9217,27140
1.9271,27140
1.9327,27142
1.9384,27141
1.9437,27147
1.9494,27140
1.955,27141
1.9604,27149
1.966,27135
1.9717,27144
1.977,27140
1.9827,27140
1.9883,27145
1.9939,27144
1.9993,27147
2.005,27138
2.0103,27143
2.016,27146
2.0216,27142
2.0273,27141
2.0327,27141
2.0383,27138
2.0439,27145
2.0493,27141
2.0549,27142
2.0606,27146
2.0659,27143
2.0716,27146
2.0772,27144
2.0825,27140
2.0882,27142
2.0938,27146
2.0994,27143
2.1051,27141
2.1104,27144
2.1161,27147
2.1217,27142
2.1271,27148
2.1327,27148
2.1383,27149
2.1437,27146
2.1493,27149
2.155,27152
2.1606,27152
2.166,27152
2.1717,27151
2.177,27149
2.1826,27149
2.1883,27147
2.1939,27144
2.1993,27148
2.2049,27149
2.2105,27146
2.2159,27149
2.2216,27153
2.2272,27149
2.2328,27148
2.2382,27149
2.2438,27154
2.2495,27151
2.2548,27158
2.2604,27159
2.2661,27156
2.2717,27154
2.2771,27155
2.2827,27152
2.2884,27152
2.2937,27155
2.2994,27152
2.305,27151
2.3104,27160
2.316,27159
2.3216,27155
2.3273,27156
2.3326,27153
2.3383,27159
2.3439,27158
2.3493,27155
2.3549,27155
2.3605,27151
2.3659,27157
2.3715,27165
2.3772,27152
2.3828,27160
2.3882,27164
2.3937,27162
2.3994,27159
2.405,27164
2.4104,27160
2.416,27161
2.4215,27162
2.4272,27159
2.4328,27155
2.4381,27160
2.4438,27157
2.4493,27161
2.455,27169
2.4606,27164
2.466,27164
2.4716,27163
2.4771,27162
2.4828,27164
2.4881,27166
2.4938,27160
2.4994,27157
2.505,27161
2.5106,27166
2.516,27157
2.5216,27159
2.5273,27163
2.5326,27162
2.5383,27153
2.5439,27169
2.5493,27162
2.5549,27161
2.5605,27165
2.5662,27161
2.5715,27163
2.5772,27167
2.5828,27164
2.5881,27157
2.5938,27166
2.5994,27168
2.6051,27161
2.6105,27163
2.6161,27165
2.6217,27161
2.6271,27163
2.6327,27165
2.6384,27163
2.6437,27161
2.6493,27162
2.655,27164
2.6603,27159
2.666,27171
2.6716,27166
2.6773,27161
2.6826,27167
2.6883,27168
2.6939,27166
2.6993,27166
2.7049,27171
2.7105,27167
2.7159,27161
2.7215,27167
2.7272,27169
2.7328,27169
2.7381,27165
2.7438,27164
2.7494,27164
2.7548,27173
2.7604,27165
2.7661,27163
2.7717,27171
2.7771,27163
2.7827,27162
2.7883,27163
2.7937,27167
2.7993,27161
2.805,27164
2.8106,27166
2.816,27162
2.8216,27164
2.8272,27169
2.8326,27165
2.8382,27167
2.8439,27165
2.8495,27161
2.8549,27166
2.8605,27168
2.8661,27165
2.8715,27164
2.8771,27169
2.8828,27169
2.8884,27168
2.8938,27169
2.8994,27172
2.905,27168
2.9104,27169
2.9161,27169
2.9217,27167
2.9271,27169
2.9327,27169
2.9383,27172
2.9437,27176
2.9493,27166
2.955,27169
2.9606,27173
2.9659,27168
2.9716,27167
2.9772,27168
2.9828,27163
2.9882,27165
2.9938,27171
2.9995,27170
3.0049,27162
3.0105,27172
3.0159,27172
3.0215,27167
3.0272,27166
3.0328,27175
3.0382,27170
3.0438,27166
3.0494,27164
3.0548,27163
3.0605,27168
3.0661,27170
3.0717,27168
3.0771,27164
3.0827,27168
3.0883,27172
3.0937,27165
3.0993,27167
3.105,27172
3.1106,27168
3.116,27168
3.1216,27167
3.1273,27169
3.1326,27174
3.1383,27171
3.1439,27165
3.1493,27168
3.1549,27169
3.1606,27167
3.1662,27162
3.1716,27162
3.1772,27165
3.1829,27165
3.1882,27162
3.1939,27161
3.1995,27164
3.2049,27166
3.2105,27167
3.2161,27167
3.2215,27167
3.2271,27164
3.2328,27166
3.2384,27165
3.2438,27161
3.2494,27165
3.2551,27171
3.2604,27167
3.2661,27166
3.2717,27166
3.2771,27169
3.2828,27165
3.2884,27165
3.2938,27165
3.2994,27163
3.305,27167
3.3104,27168
3.316,27163
3.3217,27163
3.3273,27164
3.3327,27161
3.3383,27165
3.344,27163
3.3493,27162
3.3549,27160
3.3606,27164
3.3659,27165
3.3716,27159
3.3772,27169
3.3829,27165
3.3882,27158
3.3939,27166
3.3995,27164
3.4048,27162
3.4105,27162
3.4161,27166
3.4218,27168
3.4271,27169
3.4328,27162
3.4384,27160
3.4438,27163
3.4494,27167
3.4551,27165
3.4604,27161
3.4661,27167
3.4717,27164
3.4771,27161
3.4827,27166
3.4883,27163
3.494,27163
3.4993,27160
3.505,27164
3.5106,27162
3.516,27160
3.5216,27160
3.5272,27159
3.5329,27159
3.5382,27163
3.5439,27160
3.5495,27160
3.5549,27160
3.5605,27156
3.5662,27164
3.5715,27159
3.5772,27160
3.5828,27159
3.5885,27157
3.5938,27165
3.5995,27162
3.6051,27158
3.6105,27162
3.6161,27171
3.6217,27160
3.6271,27157
3.6327,27165
3.6384,27157
3.6438,27156
3.6494,27162
3.655,27158
3.6607,27157
3.666,27165
3.6717,27162
3.6773,27164
3.6827,27165
3.6883,27166
3.6939,27162
3.6993,27166
3.705,27166
3.7106,27162
3.716,27166
3.7216,27166
3.7272,27163
3.7329,27162
3.7382,27167
3.7439,27160
3.7495,27162
3.7549,27165
3.7605,27155
3.7662,27156
3.7715,27160
3.7771,27157
3.7828,27159
3.7884,27156
3.7938,27158
3.7994,27157
3.8051,27158
3.8104,27155
3.8161,27150
3.8217,27155
3.8273,27161
3.8327,27155
3.8383,27154
3.844,27163
3.8493,27154
3.855,27154
3.8606,27157
3.8662,27161
3.8716,27159
3.8772,27158
3.8829,27155
3.8882,27158
3.8939,27162
3.8995,27164
3.9049,27153
3.9105,27161
3.916,27162
3.9216,27156
3.9273,27158
3.9329,27162
3.9383,27162
3.9438,27161
3.9494,27163
3.9551,27157
3.9607,27156
3.966,27151
3.9716,27157
3.9772,27160
3.9829,27156
3.9882,27159
3.9939,27161
3.9994,27154
4.0051,27158
4.0107,27161
4.0161,27159
4.0217,27161
4.0272,27156
4.0329,27149
4.0382,27152
4.0439,27148
4.0495,27150
4.0549,27150
4.0605,27148
4.0662,27150
4.0715,27150
4.0772,27149
4.0828,27157
4.0885,27152
4.0938,27153
4.0995,27152
4.1051,27151
4.1105,27149
4.1161,27146
4.1217,27146
4.1274,27151
4.1327,27144
4.1384,27152
4.144,27151
4.1493,27149
4.155,27151
4.1606,27155
4.1663,27151
4.1716,27154
4.1773,27154
4.1827,27152
4.1883,27147
4.1939,27147
4.1996,27153
4.205,27150
4.2106,27156
4.2162,27154
4.2216,27149
4.2272,27148
4.2329,27159
4.2383,27148
4.2439,27153
4.2496,27153
4.2549,27151
4.2606,27157
4.2662,27153
4.2718,27152
4.2772,27152
4.2828,27154
4.2885,27154
4.2938,27158
4.2995,27152
4.3051,27156
4.3107,27159
4.3161,27153
4.3217,27152
4.3274,27157
4.3327,27155
4.3384,27159
4.344,27154
4.3494,27151
4.355,27149
4.3607,27147
4.366,27149
4.3717,27157
4.3773,27155
4.383,27148
4.3883,27148
4.3939,27151
4.3996,27143
4.405,27148
4.4106,27147
4.4163,27146
4.4216,27150
4.4273,27152
4.4329,27149
4.4383,27155
4.4439,27151
4.4495,27150
4.4549,27159
4.4605,27157
4.4662,27152
4.4718,27158
4.4772,27160
4.4828,27157
4.4884,27152
4.4938,27154
4.4994,27159
4.5051,27145
4.5107,27147
4.5161,27148
4.5217,27148
4.5274,27151
4.5327,27152
4.5384,27151
4.544,27153
4.5494,27153
4.555,27139
4.5607,27148
4.566,27147
4.5717,27144
4.5773,27155
4.5829,27152
4.5883,27150
4.5939,27145
4.5996,27149
4.6052,27146
4.6106,27150
4.6162,27155
4.6218,27150
4.6272,27151
4.6328,27156
4.6385,27155
4.6438,27149
4.6495,27154
4.6551,27158
4.6605,27149
4.6661,27155
4.6717,27157
4.6774,27152
4.6827,27153
4.6884,27155
4.694,27153
4.6994,27155
4.7051,27160
4.7107,27156
4.716,27158
4.7217,27162
4.7273,27158
4.7327,27158
4.7383,27166
4.7439,27155
4.7496,27157
4.7549,27155
4.7606,27154
4.7662,27151
4.7719,27151
4.7772,27156
4.7829,27151
4.7885,27153
4.7939,27156
4.7995,27151
4.8051,27158
4.8105,27153
4.8162,27153
4.8218,27159
4.8271,27160
4.8328,27155
4.8384,27151
4.844,27158
4.8494,27161
4.855,27160
4.8607,27160
4.866,27155
4.8717,27164
4.8773,27165
4.8829,27154
4.8883,27157
4.8939,27156
4.8996,27155
4.9049,27159
4.9106,27158
4.9162,27152
4.9219,27156
4.9272,27161
4.9329,27156
4.9382,27156
4.9439,27160
4.9495,27162
4.9552,27154
4.9605,27158
4.9662,27159
4.9718,27153
4.9772,27160
4.9828,27165
4.9884,27158
4.9941,27161
4.9994,27162
5.0051,27158
5.0107,27160
5.0161,27163
5.0217,27159
5.0274,27166
5.0327,27162
5.0383,27156
5.044,27159
5.0496,27163
5.055,27160
5.0606,27156
5.0663,27157
5.0716,27160
5.0773,27154
5.0829,27158
5.0883,27157
5.0939,27154
5.0996,27148
5.1052,27162
5.1105,27153
5.1162,27160
5.1218,27160
5.1272,27160
5.1328,27161
5.1384,27162
5.1441,27163
5.1494,27162
5.1551,27157
5.1607,27160
5.1661,27158
5.1717,27164
5.1773,27164
5.183,27158
5.1883,27168
5.194,27166
5.1996,27153
5.205,27162
5.2106,27165
5.2162,27157
5.2219,27156
5.2272,27169
5.2329,27158
5.2385,27163
5.2439,27167
5.2495,27162
5.2552,27160
5.2605,27167
5.2662,27162
5.2718,27165
5.2772,27170
5.2828,27161
5.2885,27162
5.2941,27165
5.2995,27157
5.3051,27154
5.3105,27161
5.3161,27159
5.3218,27160
5.3274,27162
5.3328,27168
5.3384,27161
5.3441,27164
5.3494,27166
5.355,27158
5.3607,27165
5.3663,27166
5.3717,27157
5.3773,27165
5.383,27172
5.3883,27166
5.394,27165
5.3996,27171
5.405,27163
5.4106,27166
5.4162,27167
5.4219,27161
5.4272,27163
5.4329,27166
5.4385,27165
5.4439,27158
5.4495,27164
5.4552,27170
5.4606,27162
5.4662,27164
5.4718,27164
5.4772,27160
5.4828,27161
5.4885,27165
5.4941,27156
5.4995,27163
5.5051,27160
5.5107,27156
5.5161,27164
5.5217,27168
5.5274,27159
5.533,27164
5.5383,27165
5.544,27163
5.5494,27162
5.5551,27164
5.5607,27166
5.5663,27163
5.5717,27164
5.5772,27167
5.5829,27166
5.5885,27171
5.5941,27170
5.5995,27163
5.605,27171
5.6107,27164
5.6161,27161
5.6217,27169
5.6274,27170
5.6327,27168
5.6384,27173
5.644,27172
5.6496,27164
5.655,27172
5.6606,27168
5.6663,27163
5.6716,27169
5.6773,27175
5.6829,27165
5.6885,27165
5.6938,27171
5.6995,27168
5.7051,27164
5.7107,27164
5.7161,27170
5.7217,27168
5.7274,27171
5.733,27174
5.7384,27169
5.744,27167
5.7497,27175
5.755,27169
5.7607,27169
5.7663,27171
5.7717,27169
5.7773,27170
5.783,27167
5.7883,27172
5.794,27170
5.7996,27170
5.8052,27169
5.8106,27165
5.8163,27169
5.8219,27166
5.8272,27173
5.8329,27176
5.8385,27172
5.8439,27170
5.8495,27169
5.8551,27169
5.8605,27169
5.8661,27164
5.8718,27167
5.8774,27161
5.8828,27166
5.8884,27174
5.894,27170
5.8994,27166
5.905,27166
5.9107,27163
5.9163,27162
5.9217,27165
5.9273,27167
5.9329,27167
5.9383,27168
5.9439,27168
5.9496,27171
5.9552,27166
5.9606,27172
5.9662,27167
5.9719,27169
5.9772,27173
5.9828,27167
5.9884,27168
5.994,27175
5.9997,27169
6.0051,27170
6.0107,27171
6.0161,27173
6.0217,27170
6.0273,27167
6.033,27174
6.0383,27167
6.044,27168
6.0496,27173
6.055,27169
6.0606,27172
6.0663,27177
6.0719,27164
6.0773,27169
6.0829,27173
6.0885,27172
6.0939,27168
6.0995,27175
6.1052,27174
6.1108,27175
6.1162,27177
6.1218,27167
6.1274,27163
6.1328,27172
6.1384,27172
6.1441,27162
6.1494,27165
6.1551,27166
6.1607,27168
6.1664,27165
6.1717,27171
6.1774,27170
6.183,27173
6.1884,27172
6.194,27171
6.1996,27171
6.2053,27173
6.2106,27172
6.2162,27173
6.2219,27174
6.2272,27165
6.2329,27165
6.2385,27170
6.2439,27174
6.2495,27167
6.2552,27172
6.2605,27175
6.2662,27169
6.2718,27174
6.2774,27173
6.2828,27178
6.2884,27172
6.2941,27176
6.2994,27174
6.3051,27171
6.3107,27174
6.3161,27173
6.3217,27168
6.3273,27173
6.333,27177
6.3384,27175
6.344,27172
6.3496,27169
6.355,27173
6.3606,27172
6.3662,27174
6.3719,27170
6.3772,27171
6.3829,27172
6.3885,27175
6.3939,27164
6.3995,27174
6.4051,27177
6.4108,27168
6.4161,27172
6.4218,27172
6.4274,27168
6.433,27172
6.4384,27169
6.444,27167
6.4497,27171
6.455,27169
6.4607,27165
6.4663,27170
6.4716,27166
6.4773,27165
6.4829,27168
6.4886,27166
6.4939,27168
6.4996,27169
6.5052,27163
6.5106,27164
6.5162,27158
6.5219,27168
6.5275,27170
6.5328,27164
6.5385,27164
6.5439,27162
6.5495,27161
6.5551,27160
6.5608,27160
6.5661,27163
6.5718,27166
6.5774,27163
6.5828,27144
6.5884,27140
6.594,27124
6.5997,27116
6.605,27123
6.6107,27133
6.6163,27138
6.6219,27134
6.6273,27131
6.6329,27136
6.6386,27138
6.6439,27141
6.6495,27139
6.6552,27140
6.6608,27146
6.6662,27143
6.6718,27140
6.6774,27146
6.6828,27144
6.6884,27139
6.6941,27150
6.6994,27145
6.7051,27146
6.7108,27144
6.7161,27149
6.7217,27144
6.7274,27143
6.733,27145
6.7384,27136
6.744,27149
6.7496,27143
6.755,27140
6.7606,27146
6.7663,27152
6.7719,27147
6.7773,27147
6.7829,27154
6.7885,27153
6.7939,27146
6.7995,27158
6.8052,27153
6.8105,27146
6.8162,27146
6.8218,27148
6.8274,27146
6.8328,27154
6.8384,27153
6.8441,27151
6.8494,27160
6.8551,27154
6.8607,27152
6.8664,27154
6.8717,27157
6.8774,27153
6.883,27153
6.8884,27157
6.894,27148
6.8996,27150
6.905,27160
6.9107,27159
6.9163,27152
6.9217,27155
6.9273,27159
6.9329,27155
6.9386,27154
6.9439,27155
6.9495,27154
6.9552,27152
6.9608,27158
6.9662,27145
6.9718,27153
6.9775,27154
6.9828,27146
6.9884,27153
6.9941,27154
6.9997,27150
7.0051,27145
7.0107,27144
7.0163,27139
7.0217,27144
7.0274,27148
7.033,27146
7.0384,27146
7.044,27148
7.0497,27147
7.055,27147
7.0607,27148
7.0663,27145
7.0717,27143
7.0773,27147
7.083,27159
7.0886,27155
7.094,27151
7.0994,27158
7.1051,27154
7.1107,27154
7.1164,27159
7.1217,27158
7.1273,27153
7.1329,27153
7.1385,27159
7.1439,27154
7.1495,27155
7.1551,27155
7.1607,27157
7.1663,27155
7.1717,27161
7.1774,27155
7.1829,27157
7.1885,27156
7.1939,27154
7.1996,27161
7.2052,27163
7.2106,27165
7.2163,27162
7.2219,27161
7.2273,27163
7.2329,27160
7.2385,27160
7.2439,27161
7.2495,27158
7.2551,27154
7.2608,27160
7.2661,27154
7.2718,27155
7.2774,27155
7.2828,27157
7.2884,27157
7.2941,27151
7.2994,27155
7.3051,27160
7.3107,27154
7.3164,27150
7.3217,27154
7.3273,27158
7.333,27149
7.3383,27153
7.344,27155
7.3496,27152
7.3552,27154
7.3606,27152
7.3662,27150
7.3719,27153
7.3772,27154
7.3829,27150
7.3885,27156
7.3939,27161
7.3995,27159
7.4051,27157
7.4108,27156
7.4161,27155
7.4218,27158
7.4274,27154
7.4328,27159
7.4384,27155
7.4441,27158
7.4495,27159
7.4551,27159
7.4608,27153
7.4661,27158
7.4718,27162
7.4774,27158
7.4828,27157
7.4885,27157
7.4941,27152
7.4995,27160
7.5051,27163
7.5107,27156
7.5161,27159
7.5217,27160
7.5274,27157
7.533,27153
7.5384,27156
7.544,27149
7.5497,27148
7.555,27150
7.5607,27153
7.5664,27156
7.5717,27155
7.5773,27148
7.583,27151
7.5884,27159
7.594,27156
7.5996,27151
7.605,27156
7.6106,27155
7.6163,27150
7.6216,27157
7.6273,27157
7.6329,27163
7.6386,27156
7.6439,27152
7.6496,27164
7.6552,27161
7.6606,27152
7.6662,27156
7.6719,27154
7.6775,27152
7.6829,27159
7.6885,27150
7.6939,27152
7.6995,27159
7.7052,27158
7.7108,27155
7.7162,27161
7.7218,27159
7.7275,27157
7.7328,27161
7.7385,27165
7.7441,27165
7.7495,27159
7.7551,27166
7.7607,27156
7.7661,27156
7.7717,27167
7.7774,27162
7.7828,27155
7.7884,27158
7.7941,27163
7.7997,27157
7.8051,27157
7.8107,27159
7.8164,27160
7.8217,27162
7.8273,27161
7.833,27166
7.8383,27159
7.844,27165
7.8496,27162
7.8552,27160
7.8606,27163
7.8662,27166
7.8718,27157
7.8772,27161
7.8829,27166
7.8885,27165
7.8941,27167
7.8995,27165
7.9051,27164
7.9108,27162
7.9161,27159
7.9218,27157
7.9274,27163
7.933,27164
7.9384,27163
7.944,27169
7.9497,27166
7.955,27166
7.9607,27164
7.9663,27165
7.9717,27159
7.9773,27163
7.983,27167
7.9886,27164
7.994,27165
7.9996,27165
8.005,27164
8.0107,27168
8.0163,27167
8.0217,27167
8.0273,27161
8.0329,27167
8.0386,27166
8.0439,27161
8.0496,27168
8.0552,27162
8.0606,27162
8.0662,27166
8.0719,27169
8.0772,27165
8.0829,27162
8.0885,27172
8.0941,27163
8.0995,27162
8.1051,27172
8.1108,27169
8.1162,27160
8.1218,27169
8.1274,27165
8.1328,27161
8.1384,27169
8.1441,27170
8.1497,27167
8.1551,27169
8.1607,27168
8.1664,27168
8.1717,27169
8.1774,27168
8.183,27164
8.1884,27167
8.194,27166
8.1996,27171
8.2053,27169
8.2106,27167
8.2162,27166
8.2219,27169
8.2272,27165
8.2329,27162
8.2385,27172
8.2441,27172
8.2495,27170
8.2552,27168
8.2605,27172
8.2662,27165
8.2718,27168
8.2774,27169
8.283,27170
8.2884,27170
8.294,27174
8.2997,27163
8.305,27166
8.3107,27171
8.3163,27167
8.3217,27161
8.3273,27170
8.333,27164
8.3386,27164
8.344,27163
8.3496,27170
8.3553,27168
8.3606,27165
8.3662,27171
8.3719,27163
8.3772,27163
8.3829,27162
8.3885,27167
8.3941,27164
8.3995,27170
8.4051,27173
8.4108,27162
8.4164,27162
8.4218,27171
8.4274,27171
8.433,27166
8.4384,27171
8.4441,27171
8.4497,27171
8.4551,27173
8.4607,27162
8.4663,27169
8.4717,27170
8.4773,27164
8.483,27167
8.4886,27177
8.494,27168
8.4996,27168
8.5052,27167
8.5106,27170
8.5162,27164
8.5219,27165
8.5275,27168
8.5328,27172
8.5385,27168
8.5441,27164
8.5497,27165
8.5551,27169
8.5607,27171
8.5664,27169
8.5717,27165
8.5774,27173
8.583,27170
8.5884,27167
8.594,27159
8.5997,27173
8.605,27165
8.6106,27164
8.6163,27168
8.6217,27167
8.6273,27167
8.633,27167
8.6386,27163
8.644,27166
8.6495,27169
8.6551,27164
8.6608,27170
8.6661,27174
8.6718,27168
8.6773,27168
8.683,27166
8.6886,27170
8.694,27168
8.6996,27170
8.7051,27174
8.7107,27174
8.7164,27171
8.7217,27171
8.7274,27172
8.7329,27171
8.7385,27169
8.7439,27168
8.7496,27164
8.7552,27168
8.7607,27161
8.7664,27172
8.7717,27171
8.7774,27167
8.783,27170
8.7885,27175
8.7939,27165
8.7995,27168
8.8052,27165
8.8108,27166
8.8162,27167
8.8218,27168
8.8274,27170
8.8328,27167
8.8384,27170
8.8441,27169
8.8497,27169
8.8551,27173
8.8607,27171
8.8661,27174
8.8717,27180
8.8774,27175
8.883,27167
8.8884,27173
8.894,27168
8.8997,27163
8.905,27168
8.9107,27175
8.9163,27171
8.9219,27165
8.9273,27172
8.9329,27170
8.9386,27173
8.9439,27171
8.9496,27171
8.9552,27178
8.9606,27174
8.9662,27164
8.9718,27163
8.9775,27177
8.9828,27167
8.9885,27171
8.9941,27175
8.9995,27179
9.0052,27174
9.0108,27171
9.0162,27173
9.0218,27173
9.0274,27178
9.0331,27173
9.0384,27171
9.0441,27175
9.0497,27175
9.0551,27165
9.0607,27168
9.0663,27178
9.0717,27176
9.0774,27168
9.083,27178
9.0884,27175
9.094,27168
9.0996,27174
9.1053,27171
9.1106,27169
9.1163,27169
9.1219,27173
9.1275,27170
9.1329,27170
9.1385,27169
9.1441,27167
9.1495,27168
9.1551,27170
9.1608,27169
9.1664,27179
9.1718,27172
9.1774,27176
9.183,27176
9.1884,27170
9.194,27166
9.1997,27175
9.205,27176
9.2107,27167
9.2163,27172
9.2219,27173
9.2273,27176
9.2329,27171
9.2386,27172
9.244,27173
9.2496,27169
9.2552,27170
9.2606,27171
9.2662,27177
9.2719,27182
9.2772,27172
9.2829,27171
9.2885,27177
9.2942,27172
9.2995,27168
9.3052,27171
9.3108,27168
9.3162,27173
9.3218,27173
9.3275,27169
9.3331,27167
9.3384,27175
9.3441,27178
9.3497,27167
9.3551,27162
9.3607,27171
9.3664,27170
9.3717,27173
9.3774,27172
9.383,27174
9.3884,27170
9.394,27169
9.3997,27164
9.4053,27176
9.4107,27172
9.4163,27170
9.4219,27172
9.4273,27167
9.4329,27167
9.4386,27174
9.4439,27169
9.4496,27165
9.4552,27179
9.4606,27171
9.4662,27167
9.4719,27174
9.4775,27174
9.4829,27170
9.4885,27170
9.4942,27175
9.4995,27170
9.5051,27169
9.5108,27168
9.5161,27173
9.5218,27169
9.5274,27174
9.5331,27171
9.5384,27169
9.544,27172
9.5497,27164
9.555,27165
9.5607,27166
9.5663,27170
9.5717,27167
9.5774,27172
9.583,27170
9.5883,27167
9.594,27166
9.5996,27171
9.6052,27167
9.6106,27167
9.6163,27172
9.6219,27167
9.6273,27169
9.6329,27179
9.6385,27171
9.6442,27163
9.6495,27170
9.6552,27168
9.6608,27164
9.6662,27169
9.6718,27169
9.6774,27169
9.6828,27162
9.6884,27168
9.694,27162
9.6997,27169
9.7053,27174
9.7107,27174
9.7163,27170
9.7217,27175
9.7273,27173
9.7329,27165
9.7386,27170
9.744,27171
9.7496,27164
9.7552,27172
9.7606,27170
9.7662,27174
9.7719,27175
9.7775,27171
9.7829,27168
9.7885,27172
9.7942,27177
9.7995,27174
9.8052,27169
9.8108,27175
9.8162,27173
9.8218,27164
9.8274,27174
9.8331,27171
9.8384,27169
9.8441,27171
9.8497,27177
9.8551,27171
9.8607,27173
9.8663,27172
9.872,27169
9.8773,27176
9.883,27174
9.8883,27173
9.894,27175
9.8996,27169
9.9053,27171
9.9106,27171
9.9162,27172
9.9219,27171
9.9275,27167
9.9329,27176
9.9385,27168
9.9442,27167
9.9495,27174
9.9552,27175
9.9608,27167
9.9662,27173
9.9718,27175
9.9774,27173
9.9828,27175
9.9884,27173
9.9941,27174
9.9997,27172
10.0051,27168
10.0108,27165
10.0164,27173
10.0218,27173
10.0274,27171
10.033,27166
10.0384,27167
10.044,27166
10.0497,27159
10.055,27164
10.0607,27166
10.0663,27169
10.0719,27168
10.0773,27163
10.0829,27164
10.0886,27163
10.0939,27169
10.0996,27164
10.1052,27163
10.1108,27168
10.1161,27165
10.1218,27164
10.1274,27161
10.133,27166
10.1384,27160
10.1439,27160
10.1496,27164
10.1552,27158
10.1609,27165
10.1662,27164
10.1717,27163
10.1774,27162
10.183,27169
10.1884,27165
10.194,27163
10.1996,27170
10.2052,27166
10.2106,27163
10.2162,27168
10.2218,27162
10.2273,27161
10.233,27161
10.2383,27167
10.244,27163
10.2496,27161
10.2552,27161
10.2608,27161
10.2662,27166
10.2718,27164
10.2774,27154
10.2828,27150
10.2884,27169
10.2941,27157
10.2997,27156
10.3053,27163
10.3107,27166
10.3163,27160
10.3217,27159
10.3273,27171
10.333,27162
10.3386,27162
10.3439,27164
10.3496,27159
10.3552,27160
10.3608,27163
10.3662,27153
10.3718,27159
10.3775,27166
10.3828,27164
10.3885,27160
10.3941,27163
10.3997,27161
10.4051,27163
10.4107,27163
10.4164,27166
10.4217,27160
10.4274,27168
10.433,27162
10.4384,27157
10.444,27158
10.4497,27157
10.455,27164
10.4607,27161
10.4663,27164
10.472,27169
10.4773,27164
10.4829,27159
10.4886,27166
10.4939,27161
10.4996,27162
10.5052,27161
10.5108,27160
10.5162,27161
10.5218,27165
10.5274,27161
10.5331,27161
10.5384,27164
10.5441,27161
10.5497,27160
10.5551,27165
10.5607,27160
10.5663,27163
10.5717,27161
10.5773,27167
10.583,27165
10.5886,27166
10.5939,27164
10.5996,27157
10.6052,27167
10.6106,27163
10.6162,27158
10.6219,27164
10.6275,27168
10.6328,27166
10.6385,27161
10.6441,27165
10.6497,27163
10.6551,27167
10.6607,27166
10.6664,27163
10.6717,27161
10.6774,27170
10.683,27159
10.6884,27163
10.694,27166
10.6997,27163
10.705,27160
10.7106,27170
10.7163,27166
10.7219,27162
10.7273,27169
10.7329,27166
10.7386,27163
10.7439,27165
10.7496,27167
10.7552,27169
10.7608,27163
10.7662,27163
10.7718,27166
10.7774,27160
10.7831,27163
10.7885,27164
10.7941,27160
10.7995,27169
10.8051,27160
10.8108,27159
10.8164,27167
10.8218,27163
10.8274,27160
10.833,27167
10.8384,27170
10.844,27163
10.8497,27162
10.8553,27162
10.8607,27168
10.8663,27164
10.8719,27169
10.8773,27162
10.8829,27163
10.8885,27168
10.8942,27168
10.8996,27167
10.9052,27168
10.9108,27165
10.9162,27169
10.9218,27168
10.9275,27164
10.9329,27165
10.9385,27169
10.9441,27160
10.9495,27167
10.9551,27166
10.9608,27163
10.9664,27157
10.9717,27165
10.9774,27165
10.983,27166
10.9884,27165
10.994,27161
10.9997,27163
11.0051,27160
11.0107,27157
11.0163,27163
11.0217,27169
11.0274,27164
11.033,27166
11.0384,27169
11.044,27163
11.0497,27165
11.055,27172
11.0607,27170
11.0663,27168
11.072,27168
11.0773,27166
11.083,27165
11.0886,27162
11.094,27166
11.0996,27158
11.1053,27166
11.1106,27160
11.1162,27164
11.1219,27167
11.1273,27165
11.1329,27164
11.1385,27164
11.1442,27168
11.1495,27165
11.1552,27166
11.1608,27165
11.1662,27165
11.1718,27172
11.1775,27169
11.1828,27161
11.1885,27174
11.1941,27174
11.1995,27170
11.2051,27165
11.2108,27168
11.2164,27164
11.2218,27170
11.2274,27171
11.2331,27172
11.2384,27170
11.2441,27170
11.2497,27168
11.2551,27161
11.2607,27161
11.2663,27164
11.272,27165
11.2773,27166
11.283,27164
11.2886,27165
11.294,27166
11.2996,27172
11.3053,27166
11.3106,27168
11.3163,27170
11.3219,27167
11.3272,27167
11.3329,27172
11.3385,27172
11.3442,27167
11.3495,27175
11.3552,27167
11.3608,27171
11.3662,27173
11.3718,27171
11.3775,27167
11.3828,27164
11.3884,27170
11.3941,27165
11.3995,27163
11.4051,27165
11.4108,27163
11.4164,27170
11.4218,27172
11.4274,27169
11.4331,27168
11.4384,27175
11.444,27164
11.4497,27163
11.4551,27164
11.4607,27170
11.4663,27158
11.4717,27159
11.4773,27164
11.483,27162
11.4886,27160
11.494,27166
11.4996,27160
11.5052,27171
11.5106,27173
11.5162,27165
11.5219,27162
11.5275,27173
11.5329,27169
11.5385,27165
11.5441,27168
11.5495,27164
11.5552,27164
11.5608,27157
11.5661,27152
11.5718,27146
11.5774,27140
11.5831,27114
11.5884,27112
11.5941,27102
11.5997,27093
11.6051,27081
11.6107,27076
11.6163,27066
11.6217,27072
11.6274,27066
11.633,27066
11.6383,27068
11.644,27077
11.6496,27085
11.6553,27082
11.6606,27079
11.6662,27080
11.6718,27067
11.6774,27080
11.6831,27095
11.6884,27091
11.694,27085
11.6996,27091
11.7052,27085
11.7106,27088
11.7162,27100
11.7218,27105
11.7274,27114
11.7331,27123
11.7384,27124
11.7441,27121
11.7496,27123
11.7552,27125
11.7606,27127
11.7662,27125
11.7719,27120
11.7774,27119
11.783,27115
11.7884,27106
11.7941,27097
11.7997,27112
11.8051,27117
11.8107,27100
11.8163,27114
11.8217,27101
11.8273,27123
11.833,27124
11.8386,27115
11.844,27125
11.8496,27134
11.8553,27149
11.8606,27122
11.8663,27127
11.8719,27136
11.8775,27134
11.8829,27136
11.8885,27140
11.8942,27145
11.8995,27141
11.9051,27136
11.9108,27143
11.9161,27145
11.9218,27152
11.9274,27160
11.933,27151
11.9387,27153
11.944,27157
11.9497,27150
11.955,27168
11.9607,27158
11.9663,27149
11.972,27155
11.9773,27161
11.983,27156
11.9886,27162
11.994,27158
11.9996,27167
12.0053,27174
12.0107,27163
12.0163,27169
12.0219,27172
12.0273,27162
12.0329,27161
12.0386,27159
12.0442,27167
12.0496,27166
12.0552,27160
12.0608,27175
12.0662,27169
12.0718,27155
12.0775,27163
12.0831,27154
12.0885,27157
12.0941,27163
12.0997,27166
12.1051,27171
12.1107,27173
12.1164,27175
12.1217,27181
12.1274,27171
12.133,27171
12.1384,27169
12.144,27171
12.1496,27169
12.1553,27152
12.1606,27168
12.1663,27157
12.1719,27164
12.1775,27168
12.1829,27152
12.1885,27153
12.1942,27157
12.1995,27143
12.2052,27153
12.2108,27156
12.2162,27159
12.2218,27144
12.2275,27145
12.2328,27144
12.2385,27137
12.2441,27137
12.2498,27147
12.2551,27141
12.2608,27131
12.2664,27136
12.2717,27127
12.2774,27132
12.283,27138
12.2884,27130
12.294,27128
12.2997,27129
12.3053,27121
12.3107,27114
12.3163,27125
12.3219,27125
12.3273,27124
12.3329,27115
12.3386,27124
12.3442,27131
12.3496,27117
12.3552,27115
12.3608,27116
12.3662,27124
12.3719,27136
12.3775,27121
12.3829,27113
12.3885,27118
12.3942,27114
12.3995,27113
12.4052,27109
12.4108,27104
12.4162,27109
12.4218,27106
12.4275,27099
12.4329,27104
12.4385,27112
12.4441,27107
12.4495,27111
12.4551,27112
12.4608,27100
12.4664,27099
12.4718,27097
12.4774,27086
12.483,27083
12.4887,27089
12.494,27085
12.4997,27080
12.5053,27082
12.5107,27085
12.5163,27083
12.522,27081
12.5273,27085
12.533,27083
12.5386,27084
12.544,27080
12.5496,27085
12.5553,27096
12.5606,27092
12.5663,27095
12.5719,27087
12.5773,27089
12.5829,27088
12.5886,27089
12.5942,27095
12.5996,27093
12.6052,27093
12.6109,27095
12.6162,27103
12.6218,27094
12.6275,27083
12.6331,27091
12.6385,27093
12.6441,27081
12.6498,27099
12.6551,27090
12.6608,27091
12.6664,27088
12.6718,27093
12.6774,27096
12.683,27094
12.6887,27097
12.6941,27088
12.6997,27088
12.7053,27088
12.7107,27092
12.7163,27093
12.722,27088
12.7273,27082
12.733,27079
12.7386,27089
12.7442,27094
12.7496,27087
12.7552,27091
12.7609,27100
12.7662,27098
12.7719,27095
12.7776,27089
12.7829,27101
12.7886,27098
12.7942,27104
12.7996,27107
12.8052,27101
12.8108,27095
12.8162,27093
12.8218,27108
12.8275,27101
12.8331,27097
12.8385,27111
12.8441,27113
12.8497,27118
12.8551,27120
12.8608,27112
12.8664,27116
12.8718,27112
12.8774,27103
12.883,27113
12.8887,27103
12.894,27107
12.8997,27093
12.9053,27100
12.9107,27101
12.9163,27096
12.922,27093
12.9273,27099
12.933,27104
12.9386,27114
12.9442,27107
12.9496,27104
12.9552,27099
12.9609,27100
12.9662,27086
12.9719,27099
12.9775,27091
12.9831,27088
12.9885,27089
12.9941,27092
12.9998,27086
13.0052,27086
13.0108,27087
13.0165,27080
13.0218,27069
13.0275,27085
13.0331,27078
13.0385,27074
13.0441,27076
13.0497,27078
13.0554,27072
13.0607,27067
13.0663,27084
13.072,27075
13.0773,27078
13.083,27092
13.0886,27086
13.094,27093
13.0996,27095
13.1053,27097
13.1109,27089
13.1162,27095
13.1219,27102
13.1275,27096
13.1332,27090
13.1385,27103
13.1441,27099
13.1498,27092
13.1551,27103
13.1608,27102
13.1664,27089
13.172,27087
13.1774,27094
13.183,27089
13.1887,27105
13.194,27096
13.1996,27103
13.2053,27094
13.2109,27100
13.2162,27094
13.2219,27092
13.2275,27090
13.2331,27101
13.2385,27105
13.244,27107
13.2497,27100
13.2553,27100
13.2609,27101
13.2663,27105
13.2718,27098
13.2773,27099
13.283,27102
13.2886,27103
13.2942,27103
13.2996,27104
13.3052,27104
13.3107,27098
13.3163,27103
13.3219,27096
13.3273,27101
13.333,27105
13.3386,27100
13.3442,27093
13.3496,27095
13.3552,27104
13.3607,27110
13.3663,27107
13.372,27098
13.3774,27096
13.383,27096
13.3886,27092
13.3943,27106
13.3997,27107
13.4053,27107
13.4107,27110
13.4163,27109
13.422,27118
13.4274,27106
13.433,27122
13.4386,27120
13.444,27114
13.4496,27107
13.4553,27101
13.4607,27093
13.4664,27103
13.472,27100
13.4774,27094
13.483,27091
13.4887,27090
13.494,27095
13.4996,27093
13.5053,27091
13.5107,27084
13.5164,27079
13.522,27082
13.5274,27084
13.533,27087
13.5387,27094
13.544,27110
13.5497,27106
13.5553,27091
13.5607,27100
13.5664,27091
13.572,27102
13.5774,27110
13.583,27116
13.5887,27114
13.5941,27115
13.5997,27118
13.6053,27109
13.6107,27104
13.6164,27110
13.622,27108
13.6274,27104
13.6331,27113
13.6387,27106
13.6441,27097
13.6497,27109
13.6553,27109
13.6607,27109
13.6663,27103
13.672,27110
13.6774,27111
13.6831,27120
13.6887,27116
13.6941,27117
13.6997,27130
13.7054,27131
13.7107,27123
13.7163,27130
13.722,27143
13.7275,27133
13.7331,27136
13.7387,27140
13.7441,27139
13.7497,27131
13.7554,27137
13.7607,27131
13.7664,27142
13.772,27146
13.7775,27137
13.7831,27151
13.7888,27156
13.7941,27147
13.7997,27140
13.8054,27138
13.8108,27149
13.8164,27140
13.8221,27145
13.8274,27147
13.833,27149
13.8387,27139
13.844,27154
13.8497,27144
13.8553,27152
13.8608,27148
13.8665,27158
13.8718,27152
13.8775,27150
13.8831,27154
13.8887,27155
13.8941,27151
13.8997,27140
13.9054,27141
13.9107,27137
13.9164,27152
13.922,27137
13.9275,27140
13.9332,27139
13.9385,27135
13.9442,27146
13.9498,27138
13.9552,27147
13.9608,27153
13.9665,27151
13.9721,27139
13.9774,27148
13.9831,27154
13.9887,27154
13.9941,27160
13.9997,27145
14.0054,27137
14.0107,27143
14.0164,27143
14.022,27142
14.0275,27131
14.0332,27155
14.0385,27155
14.0442,27158
14.0498,27145
14.0555,27148
14.0608,27151
14.0665,27145
14.0718,27136
14.0775,27133
14.0831,27146
14.0887,27151
14.0941,27140
14.0997,27138
14.1053,27134
14.1109,27140
14.1166,27141
14.1219,27151
14.1276,27154
14.1332,27155
14.1386,27151
14.1442,27150
14.1498,27155
14.1552,27138
14.1609,27146
14.1665,27152
14.1719,27151
14.1775,27153
14.1832,27153
14.1885,27163
14.1942,27157
14.1998,27156
14.2052,27160
14.2108,27158
14.2164,27152
14.2221,27146
14.2274,27153
14.2331,27148
14.2387,27151
14.2441,27152
14.2497,27152
14.2554,27164
14.2608,27146
14.2664,27153
14.2721,27157
14.2774,27154
14.2831,27156
14.2887,27157
14.2943,27162
14.2997,27152
14.3053,27144
14.3109,27156
14.3163,27158
14.3219,27148
14.3276,27144
14.3332,27144
14.3385,27155
14.3442,27153
14.3498,27146
14.3552,27153
14.3608,27144
14.3665,27144
14.3718,27145
14.3775,27147
14.3831,27147
14.3887,27155
14.3941,27154
14.3997,27150
14.4054,27148
14.4108,27138
14.4164,27135
14.422,27151
14.4277,27145
14.433,27144
14.4386,27146
14.4443,27149
14.4496,27144
14.4553,27140
14.4609,27135
14.4663,27128
14.4719,27145
14.4776,27147
14.4829,27137
14.4886,27144
14.4942,27142
14.4999,27141
14.5052,27144
14.5109,27141
14.5165,27138
14.5219,27138
14.5275,27144
14.5332,27136
14.5385,27144
14.5442,27142
14.5498,27141
14.5554,27138
14.5608,27143
14.5664,27139
14.5721,27142
14.5775,27135
14.5831,27135
14.5887,27135
14.5941,27139
14.5997,27131
14.6054,27134
14.6108,27134
14.6164,27137
14.622,27136
14.6274,27125
14.633,27129
14.6387,27148
14.6443,27136
14.6497,27133
14.6553,27138
14.6609,27138
14.6663,27132
14.672,27137
14.6776,27137
14.683,27135
14.6886,27135
14.6943,27128
14.6996,27129
14.7053,27126
14.7109,27122
14.7166,27120
14.7219,27124
14.7276,27116
14.7332,27118
14.7386,27113
14.7442,27117
14.7499,27114
14.7552,27115
14.7609,27113
14.7663,27106
14.7719,27104
14.7776,27111
14.7832,27098
14.7885,27104
14.7941,27112
14.7997,27113
14.8054,27116
14.811,27116
14.8164,27122
14.8219,27117
14.8275,27106
14.8332,27103
14.8385,27101
14.8442,27100
14.8497,27094
14.8554,27091
14.861,27097
14.8663,27102
14.872,27094
14.8775,27098
14.8832,27097
14.8885,27074
14.8942,27087
14.8998,27085
14.9053,27100
14.911,27092
14.9163,27094
14.922,27093
14.9276,27097
14.933,27100
14.9387,27107
14.9441,27108
14.9498,27096
14.9555,27099
14.9609,27098
14.9666,27098
14.9719,27107
14.9776,27105
14.983,27107
14.9886,27109
14.9942,27089
14.9998,27088
15.0054,27095
15.0108,27089
15.0164,27091
15.022,27105
15.0277,27106
15.033,27100
15.0386,27103
15.0442,27114
15.0499,27119
15.0552,27128
15.0609,27123
15.0665,27125
15.0721,27134
15.0774,27130
15.0831,27138
15.0887,27152
15.0943,27131
15.0999,27130
15.1052,27139
15.1109,27134
15.1165,27135
15.1221,27130
15.1275,27134
15.1331,27129
15.1387,27119
15.1443,27135
15.1497,27138
15.1553,27138
15.1609,27134
15.1665,27137
15.1721,27127
15.1775,27120
15.1831,27131
15.1887,27128
15.1944,27125
15.1997,27122
15.2053,27130
15.211,27124
15.2164,27121
15.222,27132
15.2276,27122
15.2333,27123
15.2386,27129
15.2443,27121
15.2499,27134
15.2553,27137
15.2609,27136
15.2665,27130
15.2719,27140
15.2775,27133
15.2832,27134
15.2886,27141
15.2942,27124
15.2999,27121
15.3053,27121
15.3109,27115
15.3166,27108
15.3219,27113
15.3276,27108
15.3332,27112
15.3387,27120
15.3443,27131
15.3497,27122
15.3554,27117
15.3608,27114
15.3665,27115
15.3721,27109
15.3775,27120
15.3831,27103
15.3888,27107
15.3941,27110
15.3998,27109
15.4054,27109
15.411,27114
15.4164,27109
15.422,27114
15.4276,27116
15.433,27122
15.4386,27116
15.4443,27106
15.4496,27114
15.4553,27115
15.4609,27119
15.4665,27122
15.4719,27118
15.4775,27113
15.4832,27104
15.4888,27121
15.4942,27120
15.4998,27109
15.5054,27120
15.5108,27116
15.5164,27108
15.5221,27110
15.5274,27117
15.5331,27120
15.5388,27110
15.5442,27096
15.5499,27100
15.5553,27110
15.5609,27105
15.5665,27107
15.5719,27112
15.5776,27112
15.5832,27116
15.5886,27112
15.5942,27118
15.5999,27126
15.6053,27125
15.6109,27126
15.6166,27123
15.6219,27125
15.6276,27137
15.6332,27131
15.6386,27123
15.6442,27135
15.6499,27130
15.6552,27119
15.6609,27116
15.6665,27110
15.6719,27112
15.6775,27106
15.6832,27117
15.6888,27115
15.6942,27129
15.6998,27118
15.7052,27116
15.7109,27108
15.7165,27124
15.7219,27126
15.7277,27129
15.7331,27120
15.7387,27128
15.7441,27123
15.7498,27114
15.7552,27118
15.7609,27115
15.7666,27108
15.772,27106
15.7777,27123
15.7831,27116
15.7888,27118
15.7942,27123
15.7999,27122
15.8052,27121
15.8109,27112
15.8165,27126
15.8221,27114
15.8275,27117
15.8331,27123
15.8387,27119
15.8444,27117
15.8497,27127
15.8554,27131
15.861,27122
15.8664,27126
15.872,27128
15.8777,27126
15.883,27136
15.8887,27137
15.8943,27106
15.8997,27118
15.9053,27119
15.9109,27101
15.9166,27108
15.9219,27118
15.9276,27112
15.9332,27117
15.9386,27111
15.9442,27116
15.9499,27122
15.9552,27131
15.9609,27122
15.9665,27124
15.9722,27122
15.9775,27111
15.9832,27112
15.9888,27105
15.9942,27120
15.9998,27111
16.0055,27113
16.0109,27102
16.0165,27107
16.0219,27109
16.0276,27100
16.0332,27113
16.0386,27117
16.0442,27112
16.0499,27132
16.0553,27128
16.061,27109
16.0664,27113
16.072,27128
16.0777,27125
16.0831,27132
16.0887,27123
16.0943,27127
16.0997,27137
16.1053,27137
16.1109,27132
16.1165,27120
16.1222,27122
16.1275,27129
16.1332,27127
16.1387,27135
16.1443,27143
16.1499,27139
16.1553,27126
16.1609,27136
16.1665,27119
16.1719,27130
16.1775,27118
16.1831,27104
16.1887,27104
16.1944,27108
16.1998,27114
16.2054,27126
16.2108,27121
16.2164,27128
16.2221,27139
16.2277,27135
16.233,27136
16.2387,27134
16.2443,27136
16.2499,27131
16.2552,27129
16.2609,27126
16.2666,27128
16.272,27128
16.2776,27137
16.2833,27132
16.2886,27128
16.2943,27131
16.2999,27129
16.3053,27135
16.311,27139
16.3163,27145
16.322,27142
16.3276,27138
16.3332,27146
16.3388,27146
16.3442,27132
16.3498,27117
16.3554,27138
16.3608,27144
16.3665,27138
16.3719,27139
16.3776,27141
16.3832,27139
16.3888,27154
16.3942,27151
16.3997,27143
16.4054,27132
16.411,27143
16.4164,27144
16.422,27147
16.4275,27142
16.4331,27141
16.4387,27142
16.4443,27150
16.4497,27148
16.4553,27143
16.4609,27144
16.4665,27144
16.4719,27125
16.4775,27133
16.4831,27146
16.4887,27151
16.4944,27139
16.4998,27151
16.5054,27147
16.5109,27132
16.5165,27140
16.5222,27142
16.5275,27146
16.5331,27155
16.5387,27147
16.5444,27145
16.5497,27147
16.5554,27153
16.5608,27155
16.5664,27140
16.572,27124
16.5777,27132
16.5831,27123
16.5887,27127
16.5943,27122
16.5997,27123
16.6053,27113
16.611,27116
16.6166,27122
16.6219,27117
16.6275,27115
16.6332,27127
16.6388,27124
16.6442,27123
16.6498,27126
16.6554,27117
16.661,27123
16.6664,27130
16.672,27114
16.6776,27110
16.6832,27121
16.6886,27114
16.6942,27108
16.6998,27123
16.7054,27137
16.7108,27114
16.7165,27130
16.7221,27133
16.7277,27117
16.7331,27121
16.7387,27123
16.7444,27118
16.7497,27122
16.7553,27130
16.761,27139
16.7666,27124
16.7719,27131
16.7776,27124
16.7832,27123
16.7886,27129
16.7942,27126
16.7998,27123
16.8055,27127
16.8109,27126
16.8166,27134
16.822,27143
16.8276,27135
16.8333,27136
16.8386,27134
16.8442,27138
16.8498,27138
16.8552,27143
16.8609,27136
16.8665,27138
16.8721,27132
16.8778,27138
16.8831,27131
16.8887,27126
16.8943,27140
16.8999,27134
16.9053,27122
16.9109,27129
16.9164,27141
16.9221,27142
16.9274,27140
16.9331,27154
16.9387,27150
16.9443,27156
16.95,27160
16.9553,27147
16.9609,27147
16.9665,27144
16.9722,27144
16.9775,27147
16.9832,27138
16.9886,27146
16.9942,27140
16.9999,27147
17.0053,27142
17.011,27156
17.0166,27165
17.0222,27156
17.0275,27158
17.0331,27158
17.0388,27159
17.0442,27159
17.0499,27159
17.0553,27153
17.0609,27156
17.0665,27164
17.0722,27159
17.0775,27153
17.0831,27167
17.0887,27167
17.0944,27160
17.0997,27157
17.1053,27148
17.111,27152
17.1166,27156
17.1219,27151
17.1276,27144
17.1332,27149
17.1386,27131
17.1442,27136
17.1498,27131
17.1555,27121
17.1608,27114
17.1664,27130
17.172,27118
17.1776,27111
17.1833,27132
17.1886,27133
17.1942,27141
17.1999,27145
17.2055,27141
17.2111,27147
17.2164,27137
17.222,27135
17.2277,27149
17.2331,27136
17.2387,27135
17.2444,27131
17.2497,27140
17.2553,27132
17.261,27139
17.2664,27143
17.2721,27143
17.2777,27142
17.283,27134
17.2887,27136
17.2943,27131
17.2997,27133
17.3054,27114
17.3108,27115
17.3165,27133
17.3221,27137
17.3277,27144
17.333,27137
17.3387,27120
17.3443,27118
17.3497,27125
17.3554,27133
17.3608,27135
17.3664,27138
17.3721,27132
17.3777,27140
17.383,27140
17.3887,27123
17.3943,27144
17.3999,27134
17.4052,27141
17.4109,27138
17.4166,27143
17.422,27155
17.4276,27151
17.4332,27152
17.4389,27161
17.4442,27163
17.4498,27166
17.4555,27158
17.4611,27158
17.4664,27158
17.4721,27168
17.4777,27152
17.4831,27141
17.4887,27150
17.4943,27165
17.4998,27155
17.5055,27142
17.5108,27140
17.5164,27139
17.5221,27144
17.5277,27148
17.5331,27151
17.5387,27159
17.5444,27154
17.5497,27148
17.5553,27153
17.561,27139
17.5666,27154
17.5722,27137
17.5775,27145
17.5832,27145
17.5888,27157
17.5944,27154
17.5998,27165
17.6055,27153
17.6109,27156
17.6166,27152
17.6219,27151
17.6275,27141
17.6331,27137
17.6388,27119
17.6444,27130
17.6498,27131
17.6554,27149
17.661,27139
17.6666,27130
17.672,27145
17.6777,27145
17.6831,27138
17.6888,27128
17.6941,27131
17.6998,27129
17.7054,27140
17.711,27136
17.7166,27134
17.722,27133
17.7276,27129
17.7332,27132
17.7388,27124
17.7442,27123
17.7499,27129
17.7552,27127
17.7609,27121
17.7665,27134
17.7721,27122
17.7775,27124
17.7831,27126
17.7887,27132
17.7944,27140
17.7997,27121
17.8053,27133
17.811,27139
17.8164,27143
17.8221,27146
17.8277,27142
17.8331,27145
17.8387,27135
17.8444,27128
17.8498,27157
17.8554,27160
17.861,27138
17.8666,27169
17.8719,27158
17.8776,27145
17.8833,27148
17.8886,27156
17.8942,27153
17.8999,27156
17.9055,27157
17.9109,27160
17.9165,27149
17.9221,27142
17.9277,27137
17.933,27132
17.9387,27125
17.9443,27129
17.9499,27136
17.9555,27126
17.9609,27134
17.9666,27128
17.9719,27123
17.9776,27133
17.983,27118
17.9886,27120
17.9943,27114
17.9999,27108
18.0052,27108
18.0109,27119
18.0165,27115
18.0221,27120
18.0277,27122
18.0331,27108
18.0387,27123
18.0443,27112
18.05,27106
18.0553,27113
18.0609,27107
18.0665,27113
18.0721,27102
18.0775,27106
18.0832,27113
18.0886,27090
18.0943,27095
18.0999,27088
18.1055,27086
18.1109,27098
18.1165,27101
18.1221,27105
18.1275,27094
18.1331,27100
18.1387,27102
18.1443,27092
18.1499,27102
18.1555,27097
18.1609,27098
18.1665,27099
18.1721,27108
18.1775,27123
18.1832,27107
18.1886,27099
18.1942,27097
18.1998,27099
18.2055,27103
18.2108,27102
18.2164,27116
18.222,27112
18.2277,27119
18.233,27109
18.2386,27124
18.2443,27126
18.2499,27131
18.2555,27129
18.2609,27119
18.2666,27122
18.2719,27113
18.2775,27129
18.2832,27134
18.2888,27118
18.2942,27125
18.2998,27120
18.3052,27103
18.3109,27122
18.3165,27130
18.3221,27129
18.3277,27120
18.3331,27125
18.3387,27136
18.3444,27111
18.3498,27130
18.3554,27121
18.361,27120
18.3664,27111
18.372,27104
18.3777,27122
18.3831,27133
18.3888,27134
18.3942,27106
18.3998,27104
18.4055,27110
18.4111,27102
18.4164,27100
18.422,27114
18.4277,27116
18.4333,27114
18.4386,27121
18.4443,27134
18.4497,27149
18.4554,27130
18.461,27121
18.4666,27133
18.472,27124
18.4776,27128
18.4832,27115
18.4886,27110
18.4942,27125
18.4998,27136
18.5055,27130
18.5108,27115
18.5164,27121
18.522,27126
18.5277,27122
18.5331,27110
18.5388,27131
18.5442,27131
18.5498,27132
18.5554,27119
18.561,27122
18.5664,27119
18.572,27129
18.5776,27135
18.5831,27122
18.5888,27113
18.5942,27123
18.5998,27132
18.6054,27127
18.611,27112
18.6167,27119
18.622,27121
18.6276,27126
18.6332,27111
18.6389,27100
18.6442,27098
18.6499,27105
18.6555,27102
18.6608,27107
18.6665,27094
18.6721,27097
18.6777,27107
18.683,27108
18.6886,27120
18.6943,27113
18.6999,27111
18.7055,27130
18.7108,27131
18.7165,27134
18.7221,27131
18.7275,27139
18.7331,27137
18.7388,27118
18.7444,27129
18.7497,27117
18.7553,27117
18.761,27117
18.7666,27114
18.7722,27110
18.7775,27119
18.7832,27113
18.7888,27096
18.7944,27104
18.7997,27101
18.8054,27099
18.811,27107
18.8164,27115
18.822,27118
18.8276,27094
18.8332,27101
18.8388,27096
18.8442,27100
18.8498,27091
18.8554,27090
18.861,27106
18.8667,27090
18.872,27096
18.8776,27113
18.8833,27111
18.8886,27117
18.8943,27106
18.8999,27103
18.9055,27121
18.9109,27119
18.9165,27120
18.9222,27124
18.9275,27124
18.9331,27127
18.9388,27116
18.9444,27110
18.9498,27124
18.9554,27108
18.961,27106
18.9664,27117
18.972,27120
18.9776,27106
18.9832,27109
18.9888,27110
18.9942,27098
18.9999,27102
19.0053,27106
19.0109,27090
19.0166,27095
19.0222,27084
19.0276,27092
19.0333,27089
19.0387,27088
19.0443,27102
19.0499,27105
19.0553,27096
19.0609,27111
19.0665,27116
19.0721,27118
19.0775,27114
19.0832,27109
19.0888,27123
19.0942,27119
19.0998,27104
19.1054,27106
19.1111,27108
19.1165,27106
19.1221,27119
19.1277,27117
19.1331,27115
19.1387,27120
19.1444,27135
19.1497,27130
19.1553,27113
19.161,27128
19.1664,27127
19.1721,27102
19.1775,27096
19.1831,27087
19.1887,27091
19.1944,27117
19.1997,27101
19.2053,27115
19.211,27120
19.2164,27109
19.222,27105
19.2277,27106
19.2331,27106
19.2387,27114
19.2443,27119
19.2497,27117
19.2553,27107
19.261,27119
19.2664,27108
19.272,27099
19.2777,27119
19.2831,27097
19.2887,27095
19.2943,27105
19.2999,27107
19.3053,27104
19.3109,27100
19.3165,27113
19.3222,27107
19.3275,27105
19.3332,27107
19.3388,27110
19.3442,27106
19.3498,27108
19.3555,27105
19.3608,27099
19.3664,27095
19.372,27097
19.3777,27101
19.3831,27105
19.3888,27110
19.3942,27112
19.3998,27108
19.4055,27100
19.4108,27100
19.4164,27104
19.4221,27107
19.4277,27107
19.4331,27111
19.4388,27099
19.4442,27101
19.4498,27102
19.4554,27097
19.4611,27112
19.4664,27106
19.472,27117
19.4777,27104
19.4833,27110
19.4886,27095
19.4943,27094
19.5,27089
19.5054,27084
19.511,27103
19.5164,27095
19.522,27087
19.5276,27098
19.5331,27094
19.5387,27102
19.5444,27111
19.5497,27114
19.5553,27120
19.5609,27112
19.5665,27104
19.5721,27113
19.5775,27114
19.5831,27104
19.5888,27116
19.5944,27114
19.5998,27119
19.6054,27115
19.6109,27115
19.6165,27117
19.6221,27112
19.6275,27108
19.6332,27099
19.6387,27105
19.6443,27103
19.6499,27109
19.6553,27095
19.6609,27101
19.6665,27106
19.6721,27097
19.6777,27091
19.6832,27101
19.6889,27104
19.6942,27109
19.6999,27110
19.7055,27090
19.7108,27111
19.7165,27115
19.7221,27103
19.7277,27119
19.7331,27123
19.7388,27117
19.7444,27110
19.7497,27120
19.7553,27119
19.761,27130
19.7666,27122
19.7722,27113
19.7775,27113
19.7832,27114
19.7888,27111
19.7942,27117
19.7999,27123
19.8053,27110
19.8109,27108
19.8165,27125
19.8221,27113
19.8275,27124
19.8331,27122
19.8387,27113
19.8444,27109
19.85,27109
19.8553,27121
19.861,27115
19.8664,27120
19.872,27115
19.8777,27113
19.8833,27114
19.8886,27111
19.8943,27101
19.8999,27093
19.9055,27096
19.9109,27087
19.9165,27082
19.9221,27091
19.9275,27079
19.9332,27096
19.9388,27101
19.9442,27091
19.9499,27102
19.9555,27104
19.9609,27097
19.9665,27104
19.9721,27097
19.9777,27090
19.9831,27092
19.9887,27090
19.9943,27102
19.9999,27110
20.0055,27104
20.0109,27101
20.0166,27104
20.0222,27098
20.0275,27107
20.0331,27097
20.0388,27100
20.0441,27099
20.0497,27085
20.0554,27091
20.061,27097
20.0666,27083
20.072,27094
20.0776,27088
20.0833,27096
20.0886,27091
20.0943,27096
20.0999,27086
20.1055,27093
20.1109,27093
20.1166,27100
20.1222,27101
20.1276,27110
20.1333,27101
20.1386,27107
20.1443,27115
20.1499,27126
20.1554,27116
20.161,27130
20.1666,27131
20.172,27114
20.1776,27103
20.1832,27113
20.1888,27101
20.1942,27107
20.1999,27110
20.2053,27099
20.2109,27104
20.2165,27107
20.2222,27100
20.2275,27101
20.2332,27109
20.2389,27100
20.2442,27117
20.2499,27110
20.2555,27111
20.2609,27106
20.2665,27110
20.2721,27112
20.2778,27111
20.2831,27119
20.2887,27103
20.2944,27097
20.2998,27121
20.3055,27120
20.3108,27108
20.3165,27105
20.3221,27100
20.3277,27117
20.3331,27108
20.3388,27101
20.3442,27102
20.3498,27105
20.3555,27103
20.3609,27109
20.3666,27120
20.372,27121
20.3777,27115
20.3833,27112
20.3887,27109
20.3943,27102
20.3999,27093
20.4055,27100
20.4109,27094
20.4165,27097
20.4221,27108
20.4275,27109
20.4331,27106
20.4387,27113
20.4443,27104
20.4498,27102
20.4554,27108
20.461,27101
20.4666,27094
20.472,27105
20.4776,27110
20.4833,27104
20.4886,27094
20.4943,27099
20.4999,27087
20.5055,27094
20.5109,27100
20.5165,27095
20.5221,27087
20.5275,27099
20.5331,27085
20.5388,27093
20.5442,27085
20.5498,27086
20.5554,27087
20.5608,27084
20.5665,27106
20.5721,27095
20.5775,27092
20.5832,27101
20.5888,27091
20.5942,27092
20.5999,27107
20.6055,27109
20.6109,27109
20.6166,27095
20.6222,27108
20.6276,27108
20.6333,27113
20.6386,27094
20.6443,27103
20.65,27118
20.6553,27106
20.661,27113
20.6664,27114
20.672,27093
20.6777,27095
20.6831,27113
20.6888,27106
20.6944,27102
20.6998,27107
20.7054,27107
20.7111,27106
20.7164,27106
20.7221,27113
20.7277,27113
20.7331,27107
20.7388,27117
20.7444,27125
20.7498,27124
20.7555,27120
20.7611,27123
20.7665,27101
20.7722,27115
20.7776,27103
20.7832,27115
20.7886,27120
20.7943,27108
20.8,27100
20.8054,27110
20.811,27089
20.8164,27082
20.8221,27085
20.8275,27084
20.8332,27071
20.8389,27076
20.8443,27092
20.85,27087
20.8554,27105
20.861,27084
20.8667,27099
20.872,27091
20.8777,27089
20.8831,27106
20.8888,27090
20.8944,27095
20.8998,27105
20.9055,27094
20.9108,27089
20.9165,27101
20.9222,27104
20.9276,27113
20.9332,27109
20.9389,27101
20.9442,27116
20.9499,27112
20.9555,27113
20.9609,27100
20.9666,27092
20.9722,27099
20.9776,27116
20.9832,27104
20.9888,27114
20.9942,27109
20.9998,27126
21.0055,27111
21.0111,27126
21.0164,27124
21.0221,27115
21.0277,27115
21.0331,27085
21.0387,27091
21.0444,27099
21.0497,27108
21.0554,27115
21.061,27113
21.0664,27114
21.072,27110
21.0777,27113
21.0833,27113
21.0886,27093
21.0943,27095
21.0999,27111
21.1055,27116
21.1109,27106
21.1165,27118
21.1225,27113
21.1275,27115
21.1331,27122
21.1388,27143
21.1444,27140
21.1498,27145
21.1555,27126
21.1608,27127
21.1665,27110
21.1721,27125
21.1777,27103
21.1834,27094
21.1886,27115
21.1943,27116
21.1999,27125
21.2055,27126
21.2109,27106
21.2165,27110
21.2221,27102
21.2277,27100
21.2331,27109
21.2387,27122
21.2447,27130
21.2503,27120
21.2557,27136
21.2613,27132
21.2669,27121
21.2723,27128
21.2779,27103
21.2836,27122
21.2889,27128
21.2945,27118
21.3001,27121
21.3057,27126
21.3114,27132
21.3171,27138
21.3224,27124
21.3281,27127
21.3337,27126
21.3392,27131
21.3448,27123
21.3504,27097
21.3558,27108
21.3614,27118
21.367,27107
21.3724,27111
21.3781,27125
21.3837,27122
21.3891,27123
21.3947,27110
21.4004,27107
21.4057,27097
21.4114,27098
21.417,27113
21.4226,27097
21.4279,27098
21.4336,27111
21.4392,27099
21.4448,27109
21.4502,27113
21.4558,27112
21.4615,27112
21.4668,27110
21.4725,27121
21.4782,27117
21.4836,27119
21.4892,27119
21.4946,27113
21.5003,27113
21.5059,27120
21.5113,27119
21.517,27124
21.5223,27125
21.528,27113
21.5337,27123
21.5391,27122
21.5448,27119
21.5501,27120
21.5558,27130
21.5614,27114
21.567,27104
21.5724,27118
21.5779,27114
21.5836,27109
21.5892,27109
21.5946,27121
21.6003,27117
21.6057,27114
21.6114,27110
21.617,27118
21.6224,27117
21.6281,27119
21.6336,27129
21.6392,27114
21.6448,27125
21.6502,27133
21.6559,27118
21.6613,27123
21.667,27109
21.6726,27117
21.678,27116
21.6836,27101
21.6892,27113
21.6948,27090
21.7002,27104
21.7058,27094
21.7114,27100
21.717,27096
21.7226,27077
21.728,27064
21.7336,27058
21.7393,27066
21.7446,27073
21.7503,27076
21.7559,27073
21.7613,27065
21.767,27088
21.7726,27091
21.778,27099
21.7837,27100
21.7891,27092
21.7947,27092
21.8003,27108
21.806,27103
21.8114,27093
21.8171,27095
21.8224,27102
21.8281,27098
21.8337,27110
21.839,27105
21.8447,27094
21.8504,27100
21.8558,27099
21.8614,27100
21.8671,27097
21.8724,27105
21.8781,27112
21.8837,27109
21.8891,27111
21.8948,27103
21.9004,27095
