Experiment: April_27_Phage_Osmo_expt vial 14, Tue Apr 27 19:11:23 2021
0.0049,32686
0.0106,32679
0.016,32679
0.0216,32680
0.0273,32682
0.0327,32680
0.0383,32680
0.0439,32680
0.0493,32682
0.0548,32681
0.0605,32685
0.066,32681
0.0716,32680
0.077,32682
0.0826,32681
0.0883,32681
0.0939,32681
0.0992,32681
0.1049,32682
0.1105,32685
0.1159,32686
0.1215,32682
0.1272,32682
0.1327,32683
0.1383,32681
0.1437,32685
0.1493,32683
0.155,32688
0.1603,32681
0.166,32682
0.1716,32681
0.1772,32684
0.1827,32681
0.1883,32683
0.1937,32680
0.1994,32684
0.205,32684
0.2104,32680
0.216,32686
0.2216,32684
0.2273,32680
0.2326,32682
0.2382,32684
0.2439,32684
0.2492,32680
0.2549,32685
0.2605,32683
0.2661,32682
0.2714,32684
0.2771,32683
0.2827,32680
0.2883,32683
0.2937,32681
0.2993,32678
0.305,32684
0.3103,32682
0.316,32683
0.3216,32684
0.3272,32679
0.3326,32682
0.3383,32683
0.3439,32686
0.3492,32684
0.3549,32684
0.3605,32682
0.3659,32683
0.3715,32680
0.3772,32681
0.3828,32682
0.3881,32683
0.3938,32680
0.3994,32680
0.405,32681
0.4104,32682
0.416,32683
0.4217,32682
0.427,32680
0.4327,32682
0.4383,32682
0.4437,32683
0.4493,32681
0.4549,32683
0.4606,32680
0.4659,32681
0.4716,32687
0.4772,32686
0.4828,32685
0.4881,32686
0.4938,32683
0.4994,32681
0.5048,32681
0.5105,32678
0.5161,32680
0.5214,32684
0.5271,32684
0.5327,32680
0.5383,32684
0.544,32679
0.5493,32682
0.5549,32684
0.5606,32682
0.566,32682
0.5716,32685
0.5772,32684
0.5826,32685
0.5882,32685
0.5938,32683
0.5995,32684
0.6048,32677
0.6105,32677
0.6161,32676
0.6215,32682
0.6271,32678
0.6327,32676
0.6384,32676
0.6437,32678
0.6494,32681
0.6548,32679
0.6604,32684
0.6661,32684
0.6717,32680
0.6771,32680
0.6827,32681
0.6883,32682
0.6937,32681
0.6994,32682
0.705,32682
0.7106,32680
0.716,32683
0.7216,32682
0.7272,32683
0.7326,32682
0.7382,32683
0.7438,32684
0.7495,32683
0.7548,32680
0.7605,32681
0.7661,32685
0.7715,32677
0.7771,32685
0.7828,32679
0.7881,32683
0.7938,32680
0.7994,32684
0.8048,32681
0.8104,32681
0.8159,32684
0.8216,32684
0.8272,32680
0.8329,32680
0.8382,32682
0.8437,32684
0.8494,32681
0.855,32683
0.8604,32687
0.866,32679
0.8715,32681
0.8772,32681
0.8825,32680
0.8882,32682
0.8938,32683
0.8994,32682
0.905,32683
0.9103,32683
0.916,32681
0.9216,32684
0.9272,32682
0.9328,32686
0.9382,32681
0.9438,32682
0.9495,32680
0.9548,32679
0.9604,32683
0.9661,32679
0.9717,32679
0.9771,32679
0.9827,32678
0.9883,32680
0.9937,32680
0.9993,32682
1.005,32678
1.0104,32683
1.016,32680
1.0216,32680
1.027,32678
1.0326,32683
1.0383,32680
1.0439,32683
1.0493,32680
1.0549,32681
1.0605,32679
1.0659,32683
1.0715,32683
1.0772,32679
1.0828,32679
1.0881,32682
1.0938,32685
1.0994,32679
1.105,32680
1.1104,32680
1.1161,32680
1.1217,32684
1.127,32685
1.1327,32682
1.1383,32685
1.144,32682
1.1493,32681
1.1549,32683
1.1606,32682
1.1659,32678
1.1716,32682
1.1772,32677
1.1826,32681
1.1882,32676
1.1939,32681
1.1995,32680
1.2048,32680
1.2105,32679
1.2161,32681
1.2215,32679
1.2271,32681
1.2328,32682
1.2384,32680
1.2437,32682
1.2494,32682
1.255,32681
1.2604,32676
1.266,32679
1.2717,32682
1.277,32684
1.2827,32684
1.2883,32678
1.2937,32682
1.2993,32683
1.3049,32680
1.3106,32681
1.3159,32683
1.3216,32681
1.3272,32678
1.3328,32679
1.3382,32683
1.3438,32682
1.3494,32680
1.3548,32681
1.3605,32678
1.3661,32681
1.3717,32682
1.3771,32686
1.3827,32682
1.3884,32683
1.3937,32680
1.3994,32681
1.405,32682
1.4104,32680
1.416,32679
1.4216,32680
1.4273,32681
1.4327,32681
1.4383,32683
1.4439,32680
1.4493,32682
1.4549,32680
1.4606,32680
1.4659,32682
1.4716,32681
1.4772,32679
1.4826,32679
1.4882,32683
1.4938,32678
1.4995,32683
1.5049,32682
1.5105,32681
1.5161,32681
1.5215,32679
1.5271,32679
1.5328,32682
1.5381,32680
1.5438,32684
1.5494,32683
1.5548,32679
1.5604,32682
1.5661,32683
1.5717,32680
1.5771,32680
1.5827,32682
1.5883,32682
1.5937,32682
1.5994,32681
1.605,32682
1.6104,32679
1.6161,32679
1.6217,32679
1.627,32681
1.6327,32684
1.6383,32683
1.6437,32678
1.6493,32680
1.655,32680
1.6606,32679
1.666,32679
1.6716,32680
1.6772,32679
1.6826,32678
1.6882,32680
1.6939,32682
1.6992,32684
1.7049,32684
1.7105,32679
1.7161,32682
1.7215,32683
1.7272,32680
1.7328,32684
1.7382,32681
1.7438,32684
1.7494,32680
1.7551,32676
1.7604,32677
1.7661,32680
1.7717,32683
1.777,32683
1.7827,32684
1.7884,32683
1.7937,32683
1.7993,32681
1.805,32681
1.8103,32680
1.816,32681
1.8216,32681
1.8272,32680
1.8326,32680
1.8382,32678
1.8439,32682
1.8495,32678
1.8549,32675
1.8605,32681
1.8659,32682
1.8715,32684
1.8771,32680
1.8828,32680
1.8884,32683
1.8938,32679
1.8994,32684
1.9048,32681
1.9104,32681
1.9161,32681
1.9217,32681
1.9271,32679
1.9327,32682
1.9384,32680
1.9437,32680
1.9494,32679
1.955,32680
1.9604,32681
1.966,32679
1.9717,32680
1.977,32680
1.9827,32682
1.9883,32681
1.9939,32685
1.9993,32681
2.005,32683
2.0103,32684
2.016,32684
2.0216,32682
2.0273,32684
2.0327,32680
2.0383,32680
2.0439,32682
2.0493,32680
2.0549,32684
2.0606,32682
2.0659,32681
2.0716,32685
2.0772,32681
2.0825,32682
2.0882,32681
2.0938,32681
2.0994,32681
2.1051,32678
2.1104,32681
2.1161,32676
2.1217,32681
2.1271,32684
2.1327,32682
2.1383,32683
2.1437,32683
2.1493,32679
2.155,32682
2.1606,32683
2.166,32682
2.1717,32683
2.177,32685
2.1826,32683
2.1883,32680
2.1939,32678
2.1993,32681
2.2049,32679
2.2105,32679
2.2159,32681
2.2216,32684
2.2272,32682
2.2328,32680
2.2382,32681
2.2438,32679
2.2495,32683
2.2548,32682
2.2604,32678
2.2661,32684
2.2717,32679
2.2771,32681
2.2827,32683
2.2884,32680
2.2937,32680
2.2994,32680
2.305,32682
2.3104,32681
2.316,32678
2.3216,32677
2.3273,32681
2.3326,32677
2.3383,32681
2.3439,32684
2.3493,32679
2.3549,32682
2.3605,32679
2.3659,32681
2.3715,32683
2.3772,32680
2.3828,32677
2.3882,32681
2.3937,32680
2.3994,32680
2.405,32682
2.4104,32682
2.416,32681
2.4215,32682
2.4272,32681
2.4328,32681
2.4381,32682
2.4438,32680
2.4493,32682
2.455,32683
2.4606,32684
2.466,32683
2.4716,32686
2.4771,32680
2.4828,32683
2.4881,32684
2.4938,32680
2.4994,32681
2.505,32684
2.5106,32680
2.516,32680
2.5216,32683
2.5273,32678
2.5326,32679
2.5383,32675
2.5439,32680
2.5493,32681
2.5549,32676
2.5605,32679
2.5662,32682
2.5715,32678
2.5772,32683
2.5828,32680
2.5881,32684
2.5938,32679
2.5994,32680
2.6051,32681
2.6105,32681
2.6161,32678
2.6217,32679
2.6271,32678
2.6327,32683
2.6384,32681
2.6437,32682
2.6493,32681
2.655,32682
2.6603,32680
2.666,32682
2.6716,32681
2.6773,32686
2.6826,32681
2.6883,32681
2.6939,32678
2.6993,32682
2.7049,32678
2.7105,32681
2.7159,32683
2.7215,32682
2.7272,32685
2.7328,32684
2.7381,32682
2.7438,32683
2.7494,32681
2.7548,32678
2.7604,32682
2.7661,32684
2.7717,32682
2.7771,32677
2.7827,32681
2.7883,32680
2.7937,32684
2.7993,32682
2.805,32683
2.8106,32681
2.816,32683
2.8216,32680
2.8272,32681
2.8326,32683
2.8382,32684
2.8439,32681
2.8495,32684
2.8549,32682
2.8605,32680
2.8661,32681
2.8715,32681
2.8771,32680
2.8828,32683
2.8884,32681
2.8938,32680
2.8994,32681
2.905,32680
2.9104,32684
2.9161,32682
2.9217,32679
2.9271,32678
2.9327,32682
2.9383,32682
2.9437,32680
2.9493,32681
2.955,32684
2.9606,32681
2.9659,32679
2.9716,32680
2.9772,32683
2.9828,32679
2.9882,32680
2.9938,32680
2.9995,32684
3.0049,32682
3.0105,32686
3.0159,32680
3.0215,32682
3.0272,32683
3.0328,32682
3.0382,32682
3.0438,32683
3.0494,32682
3.0548,32676
3.0605,32679
3.0661,32681
3.0717,32684
3.0771,32682
3.0827,32683
3.0883,32681
3.0937,32682
3.0993,32683
3.105,32683
3.1106,32685
3.116,32682
3.1216,32681
3.1273,32683
3.1326,32683
3.1383,32683
3.1439,32681
3.1493,32681
3.1549,32683
3.1606,32680
3.1662,32679
3.1716,32685
3.1772,32683
3.1829,32684
3.1882,32683
3.1939,32678
3.1995,32682
3.2049,32681
3.2105,32682
3.2161,32682
3.2215,32687
3.2271,32683
3.2328,32682
3.2384,32683
3.2438,32684
3.2494,32681
3.2551,32680
3.2604,32683
3.2661,32683
3.2717,32682
3.2771,32683
3.2828,32682
3.2884,32682
3.2938,32681
3.2994,32680
3.305,32684
3.3104,32683
3.316,32682
3.3217,32684
3.3273,32677
3.3327,32680
3.3383,32683
3.344,32677
3.3493,32679
3.3549,32681
3.3606,32681
3.3659,32680
3.3716,32681
3.3772,32682
3.3829,32682
3.3882,32683
3.3939,32677
3.3995,32684
3.4048,32683
3.4105,32681
3.4161,32684
3.4218,32683
3.4271,32681
3.4328,32683
3.4384,32679
3.4438,32677
3.4494,32686
3.4551,32682
3.4604,32677
3.4661,32682
3.4717,32681
3.4771,32679
3.4827,32681
3.4883,32684
3.494,32682
3.4993,32680
3.505,32682
3.5106,32680
3.516,32681
3.5216,32686
3.5272,32683
3.5329,32680
3.5382,32682
3.5439,32684
3.5495,32685
3.5549,32681
3.5605,32678
3.5662,32683
3.5715,32682
3.5772,32682
3.5828,32683
3.5885,32681
3.5938,32682
3.5995,32683
3.6051,32682
3.6105,32683
3.6161,32682
3.6217,32682
3.6271,32682
3.6327,32684
3.6384,32682
3.6438,32683
3.6494,32680
3.655,32682
3.6607,32684
3.666,32680
3.6717,32683
3.6773,32681
3.6827,32682
3.6883,32683
3.6939,32684
3.6993,32682
3.705,32682
3.7106,32686
3.716,32687
3.7216,32681
3.7272,32681
3.7329,32687
3.7382,32685
3.7439,32678
3.7495,32685
3.7549,32682
3.7605,32680
3.7662,32680
3.7715,32686
3.7771,32683
3.7828,32684
3.7884,32683
3.7938,32682
3.7994,32677
3.8051,32679
3.8104,32679
3.8161,32674
3.8217,32676
3.8273,32681
3.8327,32683
3.8383,32681
3.844,32681
3.8493,32683
3.855,32681
3.8606,32679
3.8662,32683
3.8716,32678
3.8772,32681
3.8829,32679
3.8882,32684
3.8939,32682
3.8995,32679
3.9049,32682
3.9105,32682
3.916,32678
3.9216,32681
3.9273,32679
3.9329,32685
3.9383,32681
3.9438,32680
3.9494,32681
3.9551,32681
3.9607,32678
3.966,32678
3.9716,32680
3.9772,32680
3.9829,32679
3.9882,32684
3.9939,32679
3.9994,32679
4.0051,32679
4.0107,32683
4.0161,32681
4.0217,32682
4.0272,32683
4.0329,32681
4.0382,32681
4.0439,32679
4.0495,32679
4.0549,32680
4.0605,32679
4.0662,32679
4.0715,32679
4.0772,32681
4.0828,32681
4.0885,32683
4.0938,32682
4.0995,32684
4.1051,32679
4.1105,32679
4.1161,32679
4.1217,32679
4.1274,32679
4.1327,32679
4.1384,32675
4.144,32678
4.1493,32682
4.155,32681
4.1606,32677
4.1663,32680
4.1716,32685
4.1773,32681
4.1827,32679
4.1883,32680
4.1939,32679
4.1996,32680
4.205,32679
4.2106,32685
4.2162,32677
4.2216,32682
4.2272,32678
4.2329,32682
4.2383,32678
4.2439,32681
4.2496,32681
4.2549,32682
4.2606,32683
4.2662,32680
4.2718,32678
4.2772,32680
4.2828,32683
4.2885,32681
4.2938,32685
4.2995,32677
4.3051,32678
4.3107,32680
4.3161,32681
4.3217,32677
4.3274,32680
4.3327,32683
4.3384,32681
4.344,32684
4.3494,32683
4.355,32681
4.3607,32683
4.366,32682
4.3717,32686
4.3773,32680
4.383,32682
4.3883,32678
4.3939,32675
4.3996,32677
4.405,32679
4.4106,32679
4.4163,32679
4.4216,32680
4.4273,32675
4.4329,32678
4.4383,32678
4.4439,32680
4.4495,32681
4.4549,32681
4.4605,32681
4.4662,32681
4.4718,32684
4.4772,32682
4.4828,32683
4.4884,32682
4.4938,32684
4.4994,32681
4.5051,32676
4.5107,32680
4.5161,32678
4.5217,32679
4.5274,32679
4.5327,32680
4.5384,32679
4.544,32680
4.5494,32681
4.555,32680
4.5607,32681
4.566,32680
4.5717,32681
4.5773,32680
4.5829,32680
4.5883,32680
4.5939,32684
4.5996,32681
4.6052,32680
4.6106,32678
4.6162,32681
4.6218,32677
4.6272,32682
4.6328,32685
4.6385,32682
4.6438,32681
4.6495,32681
4.6551,32680
4.6605,32677
4.6661,32679
4.6717,32680
4.6774,32681
4.6827,32680
4.6884,32679
4.694,32684
4.6994,32683
4.7051,32682
4.7107,32681
4.716,32683
4.7217,32683
4.7273,32681
4.7327,32680
4.7383,32682
4.7439,32682
4.7496,32684
4.7549,32680
4.7606,32678
4.7662,32678
4.7719,32678
4.7772,32678
4.7829,32683
4.7885,32679
4.7939,32680
4.7995,32678
4.8051,32676
4.8105,32676
4.8162,32676
4.8218,32680
4.8271,32680
4.8328,32678
4.8384,32680
4.844,32678
4.8494,32682
4.855,32683
4.8607,32685
4.866,32682
4.8717,32680
4.8773,32681
4.8829,32679
4.8883,32685
4.8939,32678
4.8996,32678
4.9049,32681
4.9106,32682
4.9162,32680
4.9219,32681
4.9272,32681
4.9329,32681
4.9382,32678
4.9439,32680
4.9495,32677
4.9552,32682
4.9605,32682
4.9662,32674
4.9718,32680
4.9772,32679
4.9828,32681
4.9884,32682
4.9941,32679
4.9994,32682
5.0051,32682
5.0107,32682
5.0161,32681
5.0217,32682
5.0274,32684
5.0327,32683
5.0383,32682
5.044,32682
5.0496,32682
5.055,32679
5.0606,32678
5.0663,32683
5.0716,32682
5.0773,32678
5.0829,32681
5.0883,32680
5.0939,32681
5.0996,32679
5.1052,32681
5.1105,32684
5.1162,32681
5.1218,32679
5.1272,32682
5.1328,32680
5.1384,32682
5.1441,32681
5.1494,32681
5.1551,32678
5.1607,32681
5.1661,32680
5.1717,32682
5.1773,32681
5.183,32680
5.1883,32680
5.194,32680
5.1996,32683
5.205,32680
5.2106,32682
5.2162,32680
5.2219,32679
5.2272,32680
5.2329,32682
5.2385,32683
5.2439,32682
5.2495,32683
5.2552,32682
5.2605,32682
5.2662,32684
5.2718,32684
5.2772,32682
5.2828,32683
5.2885,32682
5.2941,32680
5.2995,32680
5.3051,32681
5.3105,32681
5.3161,32680
5.3218,32681
5.3274,32684
5.3328,32682
5.3384,32682
5.3441,32681
5.3494,32678
5.355,32679
5.3607,32677
5.3663,32681
5.3717,32680
5.3773,32684
5.383,32682
5.3883,32678
5.394,32678
5.3996,32683
5.405,32681
5.4106,32681
5.4162,32677
5.4219,32678
5.4272,32679
5.4329,32681
5.4385,32678
5.4439,32680
5.4495,32680
5.4552,32681
5.4606,32680
5.4662,32680
5.4718,32681
5.4772,32679
5.4828,32682
5.4885,32680
5.4941,32679
5.4995,32673
5.5051,32679
5.5107,32680
5.5161,32682
5.5217,32680
5.5274,32676
5.533,32682
5.5383,32681
5.544,32682
5.5494,32680
5.5551,32682
5.5607,32679
5.5663,32683
5.5717,32685
5.5772,32683
5.5829,32679
5.5885,32681
5.5941,32682
5.5995,32676
5.605,32677
5.6107,32681
5.6161,32680
5.6217,32678
5.6274,32680
5.6327,32681
5.6384,32681
5.644,32681
5.6496,32676
5.655,32679
5.6606,32680
5.6663,32681
5.6716,32683
5.6773,32681
5.6829,32680
5.6885,32682
5.6938,32683
5.6995,32680
5.7051,32679
5.7107,32679
5.7161,32672
5.7217,32682
5.7274,32682
5.733,32679
5.7384,32681
5.744,32681
5.7497,32684
5.755,32682
5.7607,32680
5.7663,32678
5.7717,32679
5.7773,32681
5.783,32681
5.7883,32679
5.794,32679
5.7996,32682
5.8052,32679
5.8106,32679
5.8163,32683
5.8219,32678
5.8272,32681
5.8329,32685
5.8385,32684
5.8439,32681
5.8495,32682
5.8551,32682
5.8605,32680
5.8661,32682
5.8718,32675
5.8774,32676
5.8828,32682
5.8884,32686
5.894,32681
5.8994,32683
5.905,32682
5.9107,32677
5.9163,32680
5.9217,32682
5.9273,32682
5.9329,32682
5.9383,32682
5.9439,32682
5.9496,32681
5.9552,32679
5.9606,32678
5.9662,32684
5.9719,32680
5.9772,32676
5.9828,32679
5.9884,32679
5.994,32682
5.9997,32681
6.0051,32682
6.0107,32681
6.0161,32681
6.0217,32682
6.0273,32680
6.033,32682
6.0383,32678
6.044,32682
6.0496,32682
6.055,32685
6.0606,32681
6.0663,32683
6.0719,32678
6.0773,32683
6.0829,32680
6.0885,32684
6.0939,32684
6.0995,32680
6.1052,32682
6.1108,32681
6.1162,32681
6.1218,32683
6.1274,32683
6.1328,32680
6.1384,32684
6.1441,32676
6.1494,32677
6.1551,32683
6.1607,32678
6.1664,32679
6.1717,32678
6.1774,32681
6.183,32688
6.1884,32679
6.194,32681
6.1996,32682
6.2053,32681
6.2106,32683
6.2162,32682
6.2219,32681
6.2272,32679
6.2329,32682
6.2385,32677
6.2439,32682
6.2495,32679
6.2552,32680
6.2605,32680
6.2662,32680
6.2718,32681
6.2774,32680
6.2828,32679
6.2884,32682
6.2941,32678
6.2994,32683
6.3051,32680
6.3107,32682
6.3161,32682
6.3217,32681
6.3273,32682
6.333,32681
6.3384,32678
6.344,32680
6.3496,32681
6.355,32682
6.3606,32682
6.3662,32678
6.3719,32680
6.3772,32681
6.3829,32678
6.3885,32681
6.3939,32680
6.3995,32683
6.4051,32685
6.4108,32682
6.4161,32684
6.4218,32681
6.4274,32679
6.433,32681
6.4384,32683
6.444,32679
6.4497,32679
6.455,32682
6.4607,32682
6.4663,32681
6.4716,32679
6.4773,32684
6.4829,32680
6.4886,32679
6.4939,32681
6.4996,32682
6.5052,32685
6.5106,32680
6.5162,32680
6.5219,32684
6.5275,32682
6.5328,32680
6.5385,32683
6.5439,32680
6.5495,32680
6.5551,32679
6.5608,32679
6.5661,32684
6.5718,32682
6.5774,32679
6.5828,32680
6.5884,32682
6.594,32682
6.5997,32678
6.605,32680
6.6107,32683
6.6163,32684
6.6219,32681
6.6273,32679
6.6329,32682
6.6386,32684
6.6439,32681
6.6495,32684
6.6552,32681
6.6608,32682
6.6662,32679
6.6718,32683
6.6774,32679
6.6828,32681
6.6884,32679
6.6941,32682
6.6994,32679
6.7051,32682
6.7108,32678
6.7161,32683
6.7217,32679
6.7274,32678
6.733,32682
6.7384,32681
6.744,32680
6.7496,32677
6.755,32682
6.7606,32682
6.7663,32683
6.7719,32681
6.7773,32681
6.7829,32687
6.7885,32681
6.7939,32684
6.7995,32681
6.8052,32681
6.8105,32684
6.8162,32683
6.8218,32682
6.8274,32683
6.8328,32681
6.8384,32681
6.8441,32678
6.8494,32682
6.8551,32684
6.8607,32681
6.8664,32678
6.8717,32680
6.8774,32683
6.883,32683
6.8884,32683
6.894,32680
6.8996,32681
6.905,32683
6.9107,32682
6.9163,32682
6.9217,32684
6.9273,32680
6.9329,32680
6.9386,32682
6.9439,32679
6.9495,32681
6.9552,32678
6.9608,32681
6.9662,32679
6.9718,32679
6.9775,32680
6.9828,32680
6.9884,32680
6.9941,32678
6.9997,32679
7.0051,32679
7.0107,32679
7.0163,32681
7.0217,32680
7.0274,32680
7.033,32681
7.0384,32680
7.044,32681
7.0497,32679
7.055,32679
7.0607,32683
7.0663,32680
7.0717,32685
7.0773,32679
7.083,32681
7.0886,32681
7.094,32683
7.0994,32676
7.1051,32682
7.1107,32679
7.1164,32679
7.1217,32680
7.1273,32681
7.1329,32682
7.1385,32683
7.1439,32682
7.1495,32683
7.1551,32682
7.1607,32681
7.1663,32680
7.1717,32681
7.1774,32682
7.1829,32681
7.1885,32682
7.1939,32678
7.1996,32685
7.2052,32684
7.2106,32680
7.2163,32680
7.2219,32683
7.2273,32681
7.2329,32679
7.2385,32680
7.2439,32680
7.2495,32679
7.2551,32685
7.2608,32679
7.2661,32679
7.2718,32681
7.2774,32682
7.2828,32680
7.2884,32680
7.2941,32680
7.2994,32683
7.3051,32684
7.3107,32679
7.3164,32684
7.3217,32681
7.3273,32677
7.333,32676
7.3383,32678
7.344,32680
7.3496,32677
7.3552,32679
7.3606,32679
7.3662,32675
7.3719,32680
7.3772,32682
7.3829,32677
7.3885,32685
7.3939,32684
7.3995,32682
7.4051,32681
7.4108,32683
7.4161,32683
7.4218,32677
7.4274,32678
7.4328,32680
7.4384,32678
7.4441,32681
7.4495,32681
7.4551,32682
7.4608,32682
7.4661,32686
7.4718,32684
7.4774,32682
7.4828,32684
7.4885,32679
7.4941,32680
7.4995,32682
7.5051,32679
7.5107,32679
7.5161,32682
7.5217,32682
7.5274,32683
7.533,32680
7.5384,32681
7.544,32681
7.5497,32678
7.555,32683
7.5607,32678
7.5664,32680
7.5717,32678
7.5773,32682
7.583,32677
7.5884,32681
7.594,32679
7.5996,32679
7.605,32678
7.6106,32679
7.6163,32680
7.6216,32684
7.6273,32679
7.6329,32681
7.6386,32680
7.6439,32681
7.6496,32680
7.6552,32678
7.6606,32681
7.6662,32677
7.6719,32681
7.6775,32680
7.6829,32676
7.6885,32677
7.6939,32677
7.6995,32680
7.7052,32682
7.7108,32678
7.7162,32682
7.7218,32681
7.7275,32680
7.7328,32680
7.7385,32682
7.7441,32679
7.7495,32680
7.7551,32682
7.7607,32680
7.7661,32678
7.7717,32679
7.7774,32683
7.7828,32682
7.7884,32676
7.7941,32677
7.7997,32678
7.8051,32678
7.8107,32679
7.8164,32678
7.8217,32678
7.8273,32681
7.833,32681
7.8383,32680
7.844,32683
7.8496,32678
7.8552,32680
7.8606,32681
7.8662,32679
7.8718,32681
7.8772,32681
7.8829,32680
7.8885,32683
7.8941,32685
7.8995,32679
7.9051,32679
7.9108,32679
7.9161,32680
7.9218,32679
7.9274,32679
7.933,32679
7.9384,32678
7.944,32681
7.9497,32681
7.955,32681
7.9607,32681
7.9663,32682
7.9717,32679
7.9773,32679
7.983,32684
7.9886,32678
7.994,32679
7.9996,32682
8.005,32686
8.0107,32680
8.0163,32681
8.0217,32684
8.0273,32679
8.0329,32681
8.0386,32681
8.0439,32679
8.0496,32684
8.0552,32676
8.0606,32678
8.0662,32684
8.0719,32684
8.0772,32682
8.0829,32682
8.0885,32683
8.0941,32683
8.0995,32682
8.1051,32684
8.1108,32680
8.1162,32681
8.1218,32682
8.1274,32683
8.1328,32678
8.1384,32678
8.1441,32682
8.1497,32682
8.1551,32682
8.1607,32683
8.1664,32684
8.1717,32681
8.1774,32681
8.183,32681
8.1884,32679
8.194,32684
8.1996,32682
8.2053,32681
8.2106,32682
8.2162,32681
8.2219,32680
8.2272,32681
8.2329,32687
8.2385,32681
8.2441,32685
8.2495,32681
8.2552,32680
8.2605,32680
8.2662,32682
8.2718,32683
8.2774,32681
8.283,32681
8.2884,32681
8.294,32678
8.2997,32681
8.305,32678
8.3107,32679
8.3163,32679
8.3217,32680
8.3273,32681
8.333,32681
8.3386,32683
8.344,32680
8.3496,32679
8.3553,32679
8.3606,32683
8.3662,32682
8.3719,32681
8.3772,32681
8.3829,32680
8.3885,32682
8.3941,32679
8.3995,32683
8.4051,32683
8.4108,32680
8.4164,32678
8.4218,32680
8.4274,32679
8.433,32681
8.4384,32680
8.4441,32680
8.4497,32680
8.4551,32678
8.4607,32682
8.4663,32682
8.4717,32679
8.4773,32683
8.483,32682
8.4886,32684
8.494,32679
8.4996,32684
8.5052,32677
8.5106,32679
8.5162,32679
8.5219,32680
8.5275,32679
8.5328,32681
8.5385,32676
8.5441,32683
8.5497,32682
8.5551,32681
8.5607,32683
8.5664,32679
8.5717,32680
8.5774,32679
8.583,32679
8.5884,32680
8.594,32678
8.5997,32679
8.605,32678
8.6106,32681
8.6163,32679
8.6217,32684
8.6273,32682
8.633,32681
8.6386,32680
8.644,32683
8.6495,32683
8.6551,32678
8.6608,32683
8.6661,32679
8.6718,32684
8.6773,32682
8.683,32681
8.6886,32680
8.694,32674
8.6996,32680
8.7051,32681
8.7107,32680
8.7164,32683
8.7217,32679
8.7274,32682
8.7329,32680
8.7385,32676
8.7439,32680
8.7496,32681
8.7552,32680
8.7607,32682
8.7664,32679
8.7717,32678
8.7774,32681
8.783,32679
8.7885,32683
8.7939,32682
8.7995,32678
8.8052,32680
8.8108,32678
8.8162,32680
8.8218,32679
8.8274,32683
8.8328,32679
8.8384,32679
8.8441,32682
8.8497,32683
8.8551,32679
8.8607,32682
8.8661,32681
8.8717,32682
8.8774,32680
8.883,32681
8.8884,32680
8.894,32677
8.8997,32681
8.905,32679
8.9107,32676
8.9163,32677
8.9219,32680
8.9273,32679
8.9329,32677
8.9386,32678
8.9439,32680
8.9496,32682
8.9552,32684
8.9606,32681
8.9662,32683
8.9718,32679
8.9775,32681
8.9828,32679
8.9885,32681
8.9941,32679
8.9995,32678
9.0052,32678
9.0108,32681
9.0162,32684
9.0218,32684
9.0274,32680
9.0331,32682
9.0384,32682
9.0441,32685
9.0497,32683
9.0551,32679
9.0607,32678
9.0663,32684
9.0717,32680
9.0774,32681
9.083,32683
9.0884,32680
9.094,32680
9.0996,32682
9.1053,32681
9.1106,32680
9.1163,32681
9.1219,32682
9.1275,32681
9.1329,32682
9.1385,32680
9.1441,32681
9.1495,32677
9.1551,32678
9.1608,32681
9.1664,32682
9.1718,32680
9.1774,32682
9.183,32679
9.1884,32681
9.194,32683
9.1997,32681
9.205,32683
9.2107,32681
9.2163,32679
9.2219,32678
9.2273,32683
9.2329,32682
9.2386,32683
9.244,32681
9.2496,32682
9.2552,32684
9.2606,32683
9.2662,32682
9.2719,32681
9.2772,32679
9.2829,32680
9.2885,32680
9.2942,32683
9.2995,32683
9.3052,32683
9.3108,32685
9.3162,32684
9.3218,32684
9.3275,32680
9.3331,32681
9.3384,32682
9.3441,32684
9.3497,32680
9.3551,32677
9.3607,32678
9.3664,32682
9.3717,32684
9.3774,32682
9.383,32687
9.3884,32685
9.394,32680
9.3997,32680
9.4053,32682
9.4107,32681
9.4163,32682
9.4219,32682
9.4273,32680
9.4329,32684
9.4386,32679
9.4439,32681
9.4496,32680
9.4552,32688
9.4606,32681
9.4662,32682
9.4719,32679
9.4775,32683
9.4829,32681
9.4885,32682
9.4942,32685
9.4995,32681
9.5051,32683
9.5108,32678
9.5161,32684
9.5218,32680
9.5274,32684
9.5331,32683
9.5384,32681
9.544,32682
9.5497,32682
9.555,32679
9.5607,32681
9.5663,32680
9.5717,32684
9.5774,32682
9.583,32684
9.5883,32676
9.594,32677
9.5996,32681
9.6052,32681
9.6106,32679
9.6163,32683
9.6219,32683
9.6273,32683
9.6329,32681
9.6385,32684
9.6442,32678
9.6495,32678
9.6552,32682
9.6608,32683
9.6662,32681
9.6718,32681
9.6774,32681
9.6828,32680
9.6884,32683
9.694,32678
9.6997,32684
9.7053,32682
9.7107,32683
9.7163,32685
9.7217,32681
9.7273,32683
9.7329,32679
9.7386,32682
9.744,32682
9.7496,32679
9.7552,32683
9.7606,32682
9.7662,32684
9.7719,32684
9.7775,32684
9.7829,32685
9.7885,32683
9.7942,32680
9.7995,32685
9.8052,32681
9.8108,32679
9.8162,32681
9.8218,32689
9.8274,32683
9.8331,32680
9.8384,32678
9.8441,32680
9.8497,32682
9.8551,32685
9.8607,32683
9.8663,32684
9.872,32682
9.8773,32686
9.883,32682
9.8883,32683
9.894,32683
9.8996,32683
9.9053,32681
9.9106,32684
9.9162,32684
9.9219,32684
9.9275,32685
9.9329,32684
9.9385,32680
9.9442,32681
9.9495,32681
9.9552,32682
9.9608,32681
9.9662,32683
9.9718,32681
9.9774,32678
9.9828,32683
9.9884,32680
9.9941,32683
9.9997,32680
10.0051,32679
10.0108,32681
10.0164,32683
10.0218,32682
10.0274,32685
10.033,32680
10.0384,32679
10.044,32677
10.0497,32677
10.055,32679
10.0607,32677
10.0663,32681
10.0719,32683
10.0773,32681
10.0829,32683
10.0886,32681
10.0939,32685
10.0996,32681
10.1052,32683
10.1108,32683
10.1161,32677
10.1218,32678
10.1274,32682
10.133,32678
10.1384,32679
10.1439,32682
10.1496,32683
10.1552,32679
10.1609,32679
10.1662,32681
10.1717,32682
10.1774,32680
10.183,32682
10.1884,32683
10.194,32680
10.1996,32681
10.2052,32680
10.2106,32685
10.2162,32682
10.2218,32681
10.2273,32683
10.233,32683
10.2383,32687
10.244,32684
10.2496,32681
10.2552,32682
10.2608,32685
10.2662,32680
10.2718,32680
10.2774,32681
10.2828,32683
10.2884,32684
10.2941,32683
10.2997,32683
10.3053,32682
10.3107,32683
10.3163,32683
10.3217,32683
10.3273,32682
10.333,32680
10.3386,32683
10.3439,32682
10.3496,32679
10.3552,32676
10.3608,32678
10.3662,32684
10.3718,32683
10.3775,32683
10.3828,32678
10.3885,32683
10.3941,32686
10.3997,32682
10.4051,32682
10.4107,32679
10.4164,32684
10.4217,32688
10.4274,32684
10.433,32682
10.4384,32677
10.444,32681
10.4497,32677
10.455,32677
10.4607,32685
10.4663,32684
10.472,32681
10.4773,32680
10.4829,32680
10.4886,32683
10.4939,32680
10.4996,32677
10.5052,32680
10.5108,32681
10.5162,32682
10.5218,32681
10.5274,32677
10.5331,32680
10.5384,32679
10.5441,32683
10.5497,32683
10.5551,32681
10.5607,32680
10.5663,32682
10.5717,32677
10.5773,32679
10.583,32680
10.5886,32681
10.5939,32677
10.5996,32680
10.6052,32681
10.6106,32685
10.6162,32682
10.6219,32682
10.6275,32684
10.6328,32678
10.6385,32683
10.6441,32681
10.6497,32682
10.6551,32685
10.6607,32680
10.6664,32685
10.6717,32683
10.6774,32685
10.683,32681
10.6884,32683
10.694,32679
10.6997,32681
10.705,32682
10.7106,32683
10.7163,32682
10.7219,32683
10.7273,32682
10.7329,32682
10.7386,32683
10.7439,32682
10.7496,32685
10.7552,32681
10.7608,32682
10.7662,32680
10.7718,32682
10.7774,32683
10.7831,32679
10.7885,32680
10.7941,32679
10.7995,32684
10.8051,32679
10.8108,32679
10.8164,32682
10.8218,32679
10.8274,32682
10.833,32684
10.8384,32681
10.844,32679
10.8497,32679
10.8553,32680
10.8607,32681
10.8663,32677
10.8719,32676
10.8773,32681
10.8829,32678
10.8885,32681
10.8942,32679
10.8996,32683
10.9052,32680
10.9108,32680
10.9162,32683
10.9218,32677
10.9275,32679
10.9329,32680
10.9385,32682
10.9441,32680
10.9495,32679
10.9551,32682
10.9608,32685
10.9664,32680
10.9717,32680
10.9774,32681
10.983,32680
10.9884,32680
10.994,32682
10.9997,32681
11.0051,32678
11.0107,32680
11.0163,32679
11.0217,32682
11.0274,32681
11.033,32680
11.0384,32680
11.044,32681
11.0497,32684
11.055,32682
11.0607,32680
11.0663,32682
11.072,32682
11.0773,32679
11.083,32681
11.0886,32678
11.094,32679
11.0996,32679
11.1053,32679
11.1106,32675
11.1162,32683
11.1219,32677
11.1273,32682
11.1329,32682
11.1385,32682
11.1442,32682
11.1495,32681
11.1552,32683
11.1608,32681
11.1662,32680
11.1718,32680
11.1775,32685
11.1828,32682
11.1885,32687
11.1941,32680
11.1995,32683
11.2051,32680
11.2108,32680
11.2164,32676
11.2218,32677
11.2274,32681
11.2331,32678
11.2384,32681
11.2441,32680
11.2497,32680
11.2551,32676
11.2607,32678
11.2663,32677
11.272,32681
11.2773,32679
11.283,32679
11.2886,32684
11.294,32681
11.2996,32682
11.3053,32684
11.3106,32681
11.3163,32681
11.3219,32682
11.3272,32683
11.3329,32683
11.3385,32684
11.3442,32685
11.3495,32682
11.3552,32682
11.3608,32682
11.3662,32686
11.3718,32680
11.3775,32685
11.3828,32684
11.3884,32683
11.3941,32680
11.3995,32683
11.4051,32678
11.4108,32679
11.4164,32681
11.4218,32684
11.4274,32684
11.4331,32681
11.4384,32681
11.444,32679
11.4497,32681
11.4551,32678
11.4607,32681
11.4663,32679
11.4717,32683
11.4773,32680
11.483,32678
11.4886,32678
11.494,32679
11.4996,32683
11.5052,32679
11.5106,32680
11.5162,32681
11.5219,32679
11.5275,32682
11.5329,32683
11.5385,32677
11.5441,32679
11.5495,32684
11.5552,32677
11.5608,32681
11.5661,32679
11.5718,32679
11.5774,32678
11.5831,32681
11.5884,32683
11.5941,32681
11.5997,32681
11.6051,32683
11.6107,32680
11.6163,32678
11.6217,32681
11.6274,32681
11.633,32681
11.6383,32680
11.644,32680
11.6496,32682
11.6553,32682
11.6606,32680
11.6662,32679
11.6718,32683
11.6774,32683
11.6831,32677
11.6884,32681
11.694,32682
11.6996,32682
11.7052,32681
11.7106,32681
11.7162,32682
11.7218,32679
11.7274,32679
11.7331,32679
11.7384,32684
11.7441,32683
11.7496,32684
11.7552,32683
11.7606,32685
11.7662,32681
11.7719,32682
11.7774,32677
11.783,32678
11.7884,32675
11.7941,32681
11.7997,32681
11.8051,32684
11.8107,32684
11.8163,32680
11.8217,32683
11.8273,32682
11.833,32678
11.8386,32684
11.844,32686
11.8496,32681
11.8553,32682
11.8606,32687
11.8663,32687
11.8719,32682
11.8775,32682
11.8829,32682
11.8885,32683
11.8942,32681
11.8995,32681
11.9051,32681
11.9108,32684
11.9161,32680
11.9218,32683
11.9274,32683
11.933,32682
11.9387,32678
11.944,32678
11.9497,32678
11.955,32682
11.9607,32682
11.9663,32686
11.972,32681
11.9773,32686
11.983,32678
11.9886,32680
11.994,32680
11.9996,32681
12.0053,32682
12.0107,32680
12.0163,32680
12.0219,32684
12.0273,32679
12.0329,32682
12.0386,32681
12.0442,32679
12.0496,32684
12.0552,32681
12.0608,32683
12.0662,32682
12.0718,32683
12.0775,32682
12.0831,32680
12.0885,32683
12.0941,32681
12.0997,32682
12.1051,32683
12.1107,32681
12.1164,32682
12.1217,32682
12.1274,32682
12.133,32680
12.1384,32677
12.144,32683
12.1496,32680
12.1553,32682
12.1606,32680
12.1663,32679
12.1719,32682
12.1775,32685
12.1829,32682
12.1885,32681
12.1942,32681
12.1995,32687
12.2052,32679
12.2108,32680
12.2162,32684
12.2218,32681
12.2275,32680
12.2328,32684
12.2385,32682
12.2441,32677
12.2498,32679
12.2551,32680
12.2608,32681
12.2664,32682
12.2717,32678
12.2774,32680
12.283,32683
12.2884,32683
12.294,32683
12.2997,32681
12.3053,32683
12.3107,32686
12.3163,32682
12.3219,32682
12.3273,32683
12.3329,32681
12.3386,32683
12.3442,32680
12.3496,32680
12.3552,32685
12.3608,32683
12.3662,32687
12.3719,32684
12.3775,32686
12.3829,32683
12.3885,32682
12.3942,32680
12.3995,32685
12.4052,32685
12.4108,32680
12.4162,32685
12.4218,32683
12.4275,32684
12.4329,32680
12.4385,32682
12.4441,32684
12.4495,32685
12.4551,32678
12.4608,32683
12.4664,32682
12.4718,32683
12.4774,32684
12.483,32682
12.4887,32682
12.494,32684
12.4997,32680
12.5053,32677
12.5107,32679
12.5163,32682
12.522,32684
12.5273,32682
12.533,32685
12.5386,32684
12.544,32683
12.5496,32683
12.5553,32683
12.5606,32683
12.5663,32681
12.5719,32678
12.5773,32681
12.5829,32683
12.5886,32682
12.5942,32682
12.5996,32682
12.6052,32684
12.6109,32681
12.6162,32681
12.6218,32683
12.6275,32685
12.6331,32682
12.6385,32682
12.6441,32683
12.6498,32685
12.6551,32682
12.6608,32681
12.6664,32682
12.6718,32681
12.6774,32686
12.683,32686
12.6887,32682
12.6941,32681
12.6997,32683
12.7053,32683
12.7107,32680
12.7163,32682
12.722,32684
12.7273,32683
12.733,32684
12.7386,32683
12.7442,32683
12.7496,32683
12.7552,32680
12.7609,32684
12.7662,32686
12.7719,32683
12.7776,32682
12.7829,32679
12.7886,32683
12.7942,32684
12.7996,32685
12.8052,32682
12.8108,32680
12.8162,32684
12.8218,32681
12.8275,32682
12.8331,32684
12.8385,32678
12.8441,32683
12.8497,32683
12.8551,32682
12.8608,32684
12.8664,32684
12.8718,32685
12.8774,32684
12.883,32680
12.8887,32682
12.894,32684
12.8997,32682
12.9053,32684
12.9107,32683
12.9163,32686
12.922,32683
12.9273,32682
12.933,32684
12.9386,32687
12.9442,32684
12.9496,32682
12.9552,32685
12.9609,32680
12.9662,32683
12.9719,32683
12.9775,32679
12.9831,32679
12.9885,32682
12.9941,32680
12.9998,32682
13.0052,32681
13.0108,32683
13.0165,32678
13.0218,32680
13.0275,32681
13.0331,32680
13.0385,32682
13.0441,32681
13.0497,32684
13.0554,32682
13.0607,32683
13.0663,32684
13.072,32684
13.0773,32683
13.083,32681
13.0886,32684
13.094,32682
13.0996,32679
13.1053,32683
13.1109,32679
13.1162,32682
13.1219,32680
13.1275,32676
13.1332,32680
13.1385,32679
13.1441,32681
13.1498,32680
13.1551,32681
13.1608,32680
13.1664,32678
13.172,32678
13.1774,32682
13.183,32681
13.1887,32682
13.194,32679
13.1996,32681
13.2053,32684
13.2109,32681
13.2162,32682
13.2219,32681
13.2275,32680
13.2331,32682
13.2385,32679
13.244,32683
13.2497,32679
13.2553,32678
13.2609,32681
13.2663,32681
13.2718,32680
13.2773,32682
13.283,32680
13.2886,32680
13.2942,32679
13.2996,32681
13.3052,32681
13.3107,32680
13.3163,32682
13.3219,32683
13.3273,32682
13.333,32680
13.3386,32676
13.3442,32681
13.3496,32684
13.3552,32681
13.3607,32683
13.3663,32678
13.372,32681
13.3774,32678
13.383,32680
13.3886,32682
13.3943,32677
13.3997,32681
13.4053,32677
13.4107,32679
13.4163,32683
13.422,32680
13.4274,32681
13.433,32682
13.4386,32681
13.444,32681
13.4496,32681
13.4553,32680
13.4607,32682
13.4664,32679
13.472,32682
13.4774,32677
13.483,32680
13.4887,32678
13.494,32680
13.4996,32679
13.5053,32677
13.5107,32677
13.5164,32675
13.522,32677
13.5274,32681
13.533,32679
13.5387,32681
13.544,32682
13.5497,32679
13.5553,32678
13.5607,32680
13.5664,32680
13.572,32683
13.5774,32679
13.583,32683
13.5887,32681
13.5941,32680
13.5997,32683
13.6053,32681
13.6107,32682
13.6164,32678
13.622,32681
13.6274,32680
13.6331,32682
13.6387,32678
13.6441,32676
13.6497,32684
13.6553,32678
13.6607,32681
13.6663,32687
13.672,32683
13.6774,32680
13.6831,32677
13.6887,32680
13.6941,32684
13.6997,32681
13.7054,32680
13.7107,32681
13.7163,32682
13.722,32678
13.7275,32682
13.7331,32681
13.7387,32678
13.7441,32679
13.7497,32682
13.7554,32681
13.7607,32681
13.7664,32679
13.772,32683
13.7775,32682
13.7831,32686
13.7888,32685
13.7941,32677
13.7997,32682
13.8054,32681
13.8108,32683
13.8164,32681
13.8221,32682
13.8274,32680
13.833,32681
13.8387,32681
13.844,32685
13.8497,32681
13.8553,32680
13.8608,32685
13.8665,32687
13.8718,32678
13.8775,32681
13.8831,32683
13.8887,32680
13.8941,32683
13.8997,32681
13.9054,32683
13.9107,32680
13.9164,32682
13.922,32679
13.9275,32680
13.9332,32681
13.9385,32680
13.9442,32685
13.9498,32681
13.9552,32683
13.9608,32681
13.9665,32682
13.9721,32680
13.9774,32682
13.9831,32678
13.9887,32680
13.9941,32683
13.9997,32681
14.0054,32686
14.0107,32684
14.0164,32690
14.022,32681
14.0275,32684
14.0332,32683
14.0385,32682
14.0442,32681
14.0498,32684
14.0555,32681
14.0608,32684
14.0665,32683
14.0718,32684
14.0775,32684
14.0831,32679
14.0887,32683
14.0941,32681
14.0997,32681
14.1053,32681
14.1109,32680
14.1166,32681
14.1219,32685
14.1276,32680
14.1332,32681
14.1386,32682
14.1442,32683
14.1498,32684
14.1552,32680
14.1609,32679
14.1665,32681
14.1719,32684
14.1775,32683
14.1832,32683
14.1885,32686
14.1942,32682
14.1998,32682
14.2052,32678
14.2108,32684
14.2164,32684
14.2221,32681
14.2274,32682
14.2331,32683
14.2387,32682
14.2441,32683
14.2497,32679
14.2554,32686
14.2608,32681
14.2664,32684
14.2721,32681
14.2774,32679
14.2831,32683
14.2887,32684
14.2943,32684
14.2997,32684
14.3053,32682
14.3109,32682
14.3163,32683
14.3219,32682
14.3276,32683
14.3332,32684
14.3385,32683
14.3442,32682
14.3498,32683
14.3552,32679
14.3608,32682
14.3665,32680
14.3718,32684
14.3775,32684
14.3831,32685
14.3887,32680
14.3941,32684
14.3997,32684
14.4054,32683
14.4108,32682
14.4164,32681
14.422,32685
14.4277,32682
14.433,32683
14.4386,32683
14.4443,32684
14.4496,32683
14.4553,32684
14.4609,32682
14.4663,32684
14.4719,32683
14.4776,32680
14.4829,32679
14.4886,32683
14.4942,32683
14.4999,32679
14.5052,32683
14.5109,32682
14.5165,32681
14.5219,32685
14.5275,32680
14.5332,32684
14.5385,32684
14.5442,32682
14.5498,32682
14.5554,32683
14.5608,32681
14.5664,32683
14.5721,32683
14.5775,32681
14.5831,32684
14.5887,32680
14.5941,32686
14.5997,32683
14.6054,32683
14.6108,32685
14.6164,32682
14.622,32680
14.6274,32682
14.633,32682
14.6387,32686
14.6443,32680
14.6497,32683
14.6553,32683
14.6609,32680
14.6663,32683
14.672,32684
14.6776,32683
14.683,32683
14.6886,32685
14.6943,32681
14.6996,32684
14.7053,32687
14.7109,32682
14.7166,32685
14.7219,32684
14.7276,32684
14.7332,32681
14.7386,32685
14.7442,32682
14.7499,32685
14.7552,32683
14.7609,32683
14.7663,32681
14.7719,32684
14.7776,32686
14.7832,32685
14.7885,32685
14.7941,32686
14.7997,32687
14.8054,32684
14.811,32681
14.8164,32682
14.8219,32684
14.8275,32683
14.8332,32685
14.8385,32683
14.8442,32684
14.8497,32683
14.8554,32679
14.861,32682
14.8663,32686
14.872,32684
14.8775,32683
14.8832,32684
14.8885,32683
14.8942,32681
14.8998,32682
14.9053,32685
14.911,32682
14.9163,32685
14.922,32685
14.9276,32682
14.933,32682
14.9387,32681
14.9441,32683
14.9498,32680
14.9555,32683
14.9609,32684
14.9666,32683
14.9719,32687
14.9776,32682
14.983,32684
14.9886,32686
14.9942,32681
14.9998,32682
15.0054,32680
15.0108,32684
15.0164,32683
15.022,32682
15.0277,32685
15.033,32683
15.0386,32683
15.0442,32681
15.0499,32681
15.0552,32687
15.0609,32683
15.0665,32681
15.0721,32685
15.0774,32684
15.0831,32685
15.0887,32684
15.0943,32685
15.0999,32682
15.1052,32682
15.1109,32683
15.1165,32682
15.1221,32678
15.1275,32683
15.1331,32679
15.1387,32679
15.1443,32681
15.1497,32685
15.1553,32685
15.1609,32684
15.1665,32683
15.1721,32683
15.1775,32681
15.1831,32686
15.1887,32683
15.1944,32685
15.1997,32681
15.2053,32682
15.211,32685
15.2164,32686
15.222,32678
15.2276,32683
15.2333,32683
15.2386,32684
15.2443,32683
15.2499,32683
15.2553,32684
15.2609,32683
15.2665,32683
15.2719,32681
15.2775,32685
15.2832,32683
15.2886,32685
15.2942,32683
15.2999,32682
15.3053,32680
15.3109,32684
15.3166,32682
15.3219,32681
15.3276,32679
15.3332,32685
15.3387,32684
15.3443,32685
15.3497,32682
15.3554,32682
15.3608,32680
15.3665,32681
15.3721,32679
15.3775,32678
15.3831,32681
15.3888,32684
15.3941,32683
15.3998,32682
15.4054,32684
15.411,32679
15.4164,32683
15.422,32683
15.4276,32685
15.433,32684
15.4386,32685
15.4443,32682
15.4496,32681
15.4553,32683
15.4609,32682
15.4665,32680
15.4719,32679
15.4775,32680
15.4832,32682
15.4888,32684
15.4942,32681
15.4998,32685
15.5054,32685
15.5108,32686
15.5164,32684
15.5221,32684
15.5274,32680
15.5331,32681
15.5388,32678
15.5442,32679
15.5499,32681
15.5553,32683
15.5609,32680
15.5665,32684
15.5719,32681
15.5776,32686
15.5832,32684
15.5886,32686
15.5942,32682
15.5999,32681
15.6053,32680
15.6109,32684
15.6166,32683
15.6219,32685
15.6276,32685
15.6332,32683
15.6386,32681
15.6442,32684
15.6499,32685
15.6552,32682
15.6609,32682
15.6665,32681
15.6719,32683
15.6775,32688
15.6832,32687
15.6888,32683
15.6942,32680
15.6998,32681
15.7052,32685
15.7109,32680
15.7165,32685
15.7219,32682
15.7277,32684
15.7331,32684
15.7387,32683
15.7441,32682
15.7498,32684
15.7552,32684
15.7609,32687
15.7666,32681
15.772,32685
15.7777,32682
15.7831,32683
15.7888,32680
15.7942,32681
15.7999,32684
15.8052,32680
15.8109,32683
15.8165,32688
15.8221,32683
15.8275,32681
15.8331,32684
15.8387,32684
15.8444,32680
15.8497,32684
15.8554,32685
15.861,32679
15.8664,32682
15.872,32682
15.8777,32686
15.883,32685
15.8887,32682
15.8943,32683
15.8997,32686
15.9053,32687
15.9109,32683
15.9166,32680
15.9219,32681
15.9276,32687
15.9332,32684
15.9386,32683
15.9442,32683
15.9499,32685
15.9552,32684
15.9609,32683
15.9665,32681
15.9722,32683
15.9775,32676
15.9832,32685
15.9888,32682
15.9942,32685
15.9998,32682
16.0055,32681
16.0109,32682
16.0165,32684
16.0219,32685
16.0276,32683
16.0332,32682
16.0386,32681
16.0442,32681
16.0499,32681
16.0553,32684
16.061,32683
16.0664,32683
16.072,32682
16.0777,32684
16.0831,32683
16.0887,32685
16.0943,32684
16.0997,32681
16.1053,32685
16.1109,32686
16.1165,32686
16.1222,32683
16.1275,32683
16.1332,32682
16.1387,32684
16.1443,32682
16.1499,32682
16.1553,32683
16.1609,32681
16.1665,32680
16.1719,32682
16.1775,32680
16.1831,32678
16.1887,32679
16.1944,32680
16.1998,32681
16.2054,32681
16.2108,32678
16.2164,32683
16.2221,32681
16.2277,32680
16.233,32680
16.2387,32681
16.2443,32680
16.2499,32681
16.2552,32680
16.2609,32685
16.2666,32679
16.272,32678
16.2776,32677
16.2833,32677
16.2886,32683
16.2943,32681
16.2999,32683
16.3053,32683
16.311,32679
16.3163,32681
16.322,32686
16.3276,32684
16.3332,32684
16.3388,32685
16.3442,32682
16.3498,32681
16.3554,32681
16.3608,32684
16.3665,32679
16.3719,32680
16.3776,32682
16.3832,32684
16.3888,32680
16.3942,32684
16.3997,32684
16.4054,32682
16.411,32677
16.4164,32682
16.422,32677
16.4275,32686
16.4331,32682
16.4387,32681
16.4443,32684
16.4497,32684
16.4553,32685
16.4609,32679
16.4665,32680
16.4719,32683
16.4775,32679
16.4831,32681
16.4887,32681
16.4944,32682
16.4998,32682
16.5054,32682
16.5109,32686
16.5165,32683
16.5222,32685
16.5275,32684
16.5331,32686
16.5387,32685
16.5444,32683
16.5497,32684
16.5554,32684
16.5608,32687
16.5664,32684
16.572,32685
16.5777,32683
16.5831,32677
16.5887,32684
16.5943,32683
16.5997,32684
16.6053,32683
16.611,32684
16.6166,32680
16.6219,32682
16.6275,32685
16.6332,32683
16.6388,32685
16.6442,32686
16.6498,32683
16.6554,32680
16.661,32682
16.6664,32685
16.672,32684
16.6776,32683
16.6832,32684
16.6886,32684
16.6942,32681
16.6998,32680
16.7054,32685
16.7108,32681
16.7165,32687
16.7221,32679
16.7277,32680
16.7331,32682
16.7387,32680
16.7444,32682
16.7497,32682
16.7553,32685
16.761,32683
16.7666,32682
16.7719,32685
16.7776,32682
16.7832,32688
16.7886,32686
16.7942,32684
16.7998,32685
16.8055,32686
16.8109,32685
16.8166,32682
16.822,32680
16.8276,32685
16.8333,32683
16.8386,32682
16.8442,32686
16.8498,32683
16.8552,32688
16.8609,32685
16.8665,32684
16.8721,32687
16.8778,32680
16.8831,32686
16.8887,32684
16.8943,32684
16.8999,32682
16.9053,32683
16.9109,32686
16.9164,32683
16.9221,32685
16.9274,32685
16.9331,32686
16.9387,32685
16.9443,32682
16.95,32680
16.9553,32686
16.9609,32684
16.9665,32683
16.9722,32681
16.9775,32682
16.9832,32681
16.9886,32687
16.9942,32687
16.9999,32689
17.0053,32685
17.011,32688
17.0166,32688
17.0222,32685
17.0275,32683
17.0331,32686
17.0388,32683
17.0442,32681
17.0499,32690
17.0553,32686
17.0609,32684
17.0665,32688
17.0722,32687
17.0775,32683
17.0831,32687
17.0887,32684
17.0944,32682
17.0997,32686
17.1053,32684
17.111,32687
17.1166,32687
17.1219,32685
17.1276,32681
17.1332,32685
17.1386,32686
17.1442,32683
17.1498,32686
17.1555,32682
17.1608,32681
17.1664,32679
17.172,32682
17.1776,32684
17.1833,32685
17.1886,32681
17.1942,32685
17.1999,32688
17.2055,32684
17.2111,32686
17.2164,32688
17.222,32687
17.2277,32686
17.2331,32682
17.2387,32686
17.2444,32685
17.2497,32686
17.2553,32684
17.261,32687
17.2664,32684
17.2721,32682
17.2777,32683
17.283,32684
17.2887,32685
17.2943,32684
17.2997,32687
17.3054,32684
17.3108,32682
17.3165,32682
17.3221,32684
17.3277,32684
17.333,32685
17.3387,32687
17.3443,32683
17.3497,32681
17.3554,32685
17.3608,32685
17.3664,32683
17.3721,32688
17.3777,32684
17.383,32688
17.3887,32690
17.3943,32687
17.3999,32684
17.4052,32684
17.4109,32686
17.4166,32685
17.422,32683
17.4276,32685
17.4332,32684
17.4389,32685
17.4442,32684
17.4498,32682
17.4555,32685
17.4611,32681
17.4664,32680
17.4721,32683
17.4777,32681
17.4831,32684
17.4887,32682
17.4943,32685
17.4998,32685
17.5055,32682
17.5108,32684
17.5164,32682
17.5221,32683
17.5277,32682
17.5331,32679
17.5387,32684
17.5444,32681
17.5497,32681
17.5553,32679
17.561,32682
17.5666,32680
17.5722,32686
17.5775,32686
17.5832,32683
17.5888,32682
17.5944,32683
17.5998,32682
17.6055,32683
17.6109,32683
17.6166,32683
17.6219,32683
17.6275,32681
17.6331,32681
17.6388,32681
17.6444,32683
17.6498,32684
17.6554,32682
17.661,32688
17.6666,32683
17.672,32682
17.6777,32688
17.6831,32681
17.6888,32683
17.6941,32682
17.6998,32684
17.7054,32680
17.711,32684
17.7166,32684
17.722,32683
17.7276,32680
17.7332,32683
17.7388,32687
17.7442,32683
17.7499,32685
17.7552,32683
17.7609,32685
17.7665,32684
17.7721,32682
17.7775,32679
17.7831,32682
17.7887,32680
17.7944,32685
17.7997,32684
17.8053,32683
17.811,32684
17.8164,32684
17.8221,32685
17.8277,32683
17.8331,32686
17.8387,32683
17.8444,32683
17.8498,32683
17.8554,32684
17.861,32685
17.8666,32686
17.8719,32683
17.8776,32682
17.8833,32685
17.8886,32684
17.8942,32684
17.8999,32683
17.9055,32686
17.9109,32684
17.9165,32685
17.9221,32684
17.9277,32681
17.933,32684
17.9387,32680
17.9443,32682
17.9499,32681
17.9555,32683
17.9609,32682
17.9666,32686
17.9719,32682
17.9776,32679
17.983,32682
17.9886,32682
17.9943,32680
17.9999,32682
18.0052,32684
18.0109,32682
18.0165,32684
18.0221,32684
18.0277,32682
18.0331,32681
18.0387,32680
18.0443,32681
18.05,32679
18.0553,32683
18.0609,32683
18.0665,32685
18.0721,32682
18.0775,32685
18.0832,32682
18.0886,32684
18.0943,32685
18.0999,32680
18.1055,32678
18.1109,32681
18.1165,32681
18.1221,32684
18.1275,32681
18.1331,32683
18.1387,32683
18.1443,32683
18.1499,32682
18.1555,32686
18.1609,32684
18.1665,32681
18.1721,32684
18.1775,32684
18.1832,32681
18.1886,32682
18.1942,32682
18.1998,32682
18.2055,32682
18.2108,32682
18.2164,32683
18.222,32683
18.2277,32682
18.233,32682
18.2386,32681
18.2443,32684
18.2499,32679
18.2555,32683
18.2609,32683
18.2666,32681
18.2719,32682
18.2775,32682
18.2832,32685
18.2888,32677
18.2942,32683
18.2998,32680
18.3052,32682
18.3109,32683
18.3165,32683
18.3221,32684
18.3277,32683
18.3331,32681
18.3387,32680
18.3444,32681
18.3498,32682
18.3554,32682
18.361,32682
18.3664,32682
18.372,32678
18.3777,32677
18.3831,32680
18.3888,32681
18.3942,32684
18.3998,32683
18.4055,32684
18.4111,32680
18.4164,32680
18.422,32677
18.4277,32679
18.4333,32678
18.4386,32681
18.4443,32681
18.4497,32679
18.4554,32681
18.461,32682
18.4666,32686
18.472,32682
18.4776,32680
18.4832,32681
18.4886,32681
18.4942,32681
18.4998,32683
18.5055,32682
18.5108,32679
18.5164,32680
18.522,32678
18.5277,32683
18.5331,32680
18.5388,32683
18.5442,32680
18.5498,32685
18.5554,32681
18.561,32687
18.5664,32684
18.572,32682
18.5776,32684
18.5831,32681
18.5888,32683
18.5942,32681
18.5998,32678
18.6054,32682
18.611,32680
18.6167,32682
18.622,32684
18.6276,32683
18.6332,32684
18.6389,32683
18.6442,32681
18.6499,32683
18.6555,32683
18.6608,32684
18.6665,32682
18.6721,32684
18.6777,32680
18.683,32681
18.6886,32683
18.6943,32681
18.6999,32681
18.7055,32685
18.7108,32683
18.7165,32682
18.7221,32681
18.7275,32682
18.7331,32684
18.7388,32681
18.7444,32686
18.7497,32681
18.7553,32681
18.761,32684
18.7666,32686
18.7722,32679
18.7775,32687
18.7832,32680
18.7888,32682
18.7944,32681
18.7997,32682
18.8054,32687
18.811,32682
18.8164,32682
18.822,32682
18.8276,32682
18.8332,32682
18.8388,32679
18.8442,32680
18.8498,32681
18.8554,32682
18.861,32679
18.8667,32679
18.872,32680
18.8776,32685
18.8833,32683
18.8886,32680
18.8943,32685
18.8999,32684
18.9055,32683
18.9109,32685
18.9165,32686
18.9222,32679
18.9275,32682
18.9331,32686
18.9388,32683
18.9444,32684
18.9498,32681
18.9554,32682
18.961,32684
18.9664,32685
18.972,32683
18.9776,32682
18.9832,32681
18.9888,32682
18.9942,32681
18.9999,32681
19.0053,32682
19.0109,32684
19.0166,32685
19.0222,32678
19.0276,32679
19.0333,32684
19.0387,32685
19.0443,32682
19.0499,32686
19.0553,32682
19.0609,32683
19.0665,32683
19.0721,32685
19.0775,32682
19.0832,32686
19.0888,32684
19.0942,32684
19.0998,32682
19.1054,32681
19.1111,32684
19.1165,32681
19.1221,32683
19.1277,32684
19.1331,32683
19.1387,32684
19.1444,32683
19.1497,32681
19.1553,32685
19.161,32685
19.1664,32681
19.1721,32684
19.1775,32677
19.1831,32681
19.1887,32676
19.1944,32683
19.1997,32682
19.2053,32683
19.211,32684
19.2164,32685
19.222,32683
19.2277,32681
19.2331,32684
19.2387,32684
19.2443,32685
19.2497,32680
19.2553,32684
19.261,32686
19.2664,32683
19.272,32681
19.2777,32684
19.2831,32682
19.2887,32681
19.2943,32689
19.2999,32687
19.3053,32683
19.3109,32686
19.3165,32681
19.3222,32682
19.3275,32683
19.3332,32682
19.3388,32682
19.3442,32685
19.3498,32685
19.3555,32681
19.3608,32681
19.3664,32684
19.372,32686
19.3777,32684
19.3831,32680
19.3888,32684
19.3942,32683
19.3998,32686
19.4055,32688
19.4108,32684
19.4164,32683
19.4221,32685
19.4277,32683
19.4331,32685
19.4388,32683
19.4442,32683
19.4498,32685
19.4554,32685
19.4611,32685
19.4664,32684
19.472,32680
19.4777,32681
19.4833,32685
19.4886,32682
19.4943,32684
19.5,32683
19.5054,32682
19.511,32681
19.5164,32678
19.522,32681
19.5276,32683
19.5331,32679
19.5387,32681
19.5444,32682
19.5497,32682
19.5553,32683
19.5609,32683
19.5665,32682
19.5721,32682
19.5775,32682
19.5831,32684
19.5888,32684
19.5944,32684
19.5998,32687
19.6054,32684
19.6109,32680
19.6165,32681
19.6221,32687
19.6275,32681
19.6332,32685
19.6387,32683
19.6443,32682
19.6499,32685
19.6553,32685
19.6609,32685
19.6665,32682
19.6721,32685
19.6777,32682
19.6832,32685
19.6889,32683
19.6942,32683
19.6999,32682
19.7055,32683
19.7108,32683
19.7165,32679
19.7221,32679
19.7277,32680
19.7331,32678
19.7388,32679
19.7444,32680
19.7497,32680
19.7553,32676
19.761,32683
19.7666,32684
19.7722,32685
19.7775,32684
19.7832,32680
19.7888,32685
19.7942,32683
19.7999,32680
19.8053,32681
19.8109,32685
19.8165,32681
19.8221,32681
19.8275,32685
19.8331,32685
19.8387,32682
19.8444,32684
19.85,32684
19.8553,32679
19.861,32684
19.8664,32686
19.872,32681
19.8777,32680
19.8833,32683
19.8886,32684
19.8943,32684
19.8999,32677
19.9055,32682
19.9109,32684
19.9165,32680
19.9221,32682
19.9275,32681
19.9332,32680
19.9388,32681
19.9442,32684
19.9499,32680
19.9555,32684
19.9609,32686
19.9665,32684
19.9721,32680
19.9777,32683
19.9831,32684
19.9887,32683
19.9943,32681
19.9999,32685
20.0055,32684
20.0109,32685
20.0166,32681
20.0222,32683
20.0275,32689
20.0331,32683
20.0388,32683
20.0441,32682
20.0497,32686
20.0554,32691
20.061,32684
20.0666,32685
20.072,32682
20.0776,32683
20.0833,32685
20.0886,32685
20.0943,32685
20.0999,32685
20.1055,32682
20.1109,32684
20.1166,32683
20.1222,32681
20.1276,32685
20.1333,32683
20.1386,32686
20.1443,32688
20.1499,32686
20.1554,32685
20.161,32686
20.1666,32685
20.172,32683
20.1776,32683
20.1832,32685
20.1888,32681
20.1942,32684
20.1999,32685
20.2053,32687
20.2109,32685
20.2165,32683
20.2222,32688
20.2275,32683
20.2332,32683
20.2389,32683
20.2442,32688
20.2499,32684
20.2555,32685
20.2609,32684
20.2665,32687
20.2721,32683
20.2778,32683
20.2831,32685
20.2887,32684
20.2944,32686
20.2998,32683
20.3055,32683
20.3108,32679
20.3165,32684
20.3221,32684
20.3277,32685
20.3331,32680
20.3388,32688
20.3442,32684
20.3498,32684
20.3555,32684
20.3609,32680
20.3666,32681
20.372,32685
20.3777,32684
20.3833,32685
20.3887,32683
20.3943,32686
20.3999,32683
20.4055,32687
20.4109,32681
20.4165,32680
20.4221,32681
20.4275,32685
20.4331,32680
20.4387,32680
20.4443,32684
20.4498,32681
20.4554,32683
20.461,32675
20.4666,32679
20.472,32682
20.4776,32684
20.4833,32684
20.4886,32681
20.4943,32684
20.4999,32682
20.5055,32682
20.5109,32678
20.5165,32686
20.5221,32682
20.5275,32683
20.5331,32686
20.5388,32682
20.5442,32682
20.5498,32682
20.5554,32680
20.5608,32682
20.5665,32679
20.5721,32686
20.5775,32683
20.5832,32682
20.5888,32684
20.5942,32682
20.5999,32678
20.6055,32681
20.6109,32678
20.6166,32682
20.6222,32683
20.6276,32684
20.6333,32683
20.6386,32682
20.6443,32683
20.65,32681
20.6553,32684
20.661,32686
20.6664,32684
20.672,32681
20.6777,32684
20.6831,32686
20.6888,32681
20.6944,32680
20.6998,32681
20.7054,32682
20.7111,32684
20.7164,32684
20.7221,32684
20.7277,32683
20.7331,32684
20.7388,32685
20.7444,32683
20.7498,32684
20.7555,32683
20.7611,32680
20.7665,32683
20.7722,32683
20.7776,32683
20.7832,32689
20.7886,32688
20.7943,32684
20.8,32682
20.8054,32682
20.811,32682
20.8164,32681
20.8221,32680
20.8275,32680
20.8332,32680
20.8389,32679
20.8443,32683
20.85,32685
20.8554,32684
20.861,32685
20.8667,32686
20.872,32681
20.8777,32684
20.8831,32685
20.8888,32684
20.8944,32686
20.8998,32683
20.9055,32679
20.9108,32681
20.9165,32683
20.9222,32683
20.9276,32682
20.9332,32680
20.9389,32682
20.9442,32684
20.9499,32683
20.9555,32682
20.9609,32685
20.9666,32682
20.9722,32682
20.9776,32681
20.9832,32684
20.9888,32684
20.9942,32684
20.9998,32684
21.0055,32681
21.0111,32683
21.0164,32685
21.0221,32682
21.0277,32680
21.0331,32681
21.0387,32680
21.0444,32681
21.0497,32681
21.0554,32687
21.061,32684
21.0664,32683
21.072,32686
21.0777,32681
21.0833,32682
21.0886,32681
21.0943,32681
21.0999,32682
21.1055,32681
21.1109,32682
21.1165,32682
21.1225,32683
21.1275,32681
21.1331,32683
21.1388,32681
21.1444,32685
21.1498,32686
21.1555,32682
21.1608,32687
21.1665,32682
21.1721,32684
21.1777,32686
21.1834,32684
21.1886,32685
21.1943,32683
21.1999,32683
21.2055,32680
21.2109,32686
21.2165,32684
21.2221,32685
21.2277,32682
21.2331,32684
21.2387,32684
21.2447,32683
21.2503,32684
21.2557,32685
21.2613,32684
21.2669,32688
21.2723,32684
21.2779,32683
21.2836,32674
21.2889,32683
21.2945,32683
21.3001,32687
21.3057,32684
21.3114,32685
21.3171,32685
21.3224,32680
21.3281,32678
21.3337,32682
21.3392,32682
21.3448,32678
21.3504,32683
21.3558,32681
21.3614,32681
21.367,32685
21.3724,32680
21.3781,32681
21.3837,32684
21.3891,32683
21.3947,32680
21.4004,32682
21.4057,32686
21.4114,32678
21.417,32684
21.4226,32684
21.4279,32681
21.4336,32684
21.4392,32683
21.4448,32684
21.4502,32686
21.4558,32684
21.4615,32681
21.4668,32684
21.4725,32684
21.4782,32683
21.4836,32682
21.4892,32686
21.4946,32685
21.5003,32684
21.5059,32681
21.5113,32684
21.517,32680
21.5223,32684
21.528,32686
21.5337,32681
21.5391,32683
21.5448,32683
21.5501,32683
21.5558,32682
21.5614,32685
21.567,32681
21.5724,32683
21.5779,32681
21.5836,32681
21.5892,32684
21.5946,32685
21.6003,32683
21.6057,32685
21.6114,32684
21.617,32682
21.6224,32681
21.6281,32681
21.6336,32676
21.6392,32681
21.6448,32681
21.6502,32684
21.6559,32683
21.6613,32684
21.667,32683
21.6726,32685
21.678,32684
21.6836,32684
21.6892,32682
21.6948,32679
21.7002,32682
21.7058,32680
21.7114,32679
21.717,32682
21.7226,32680
21.728,32680
21.7336,32684
21.7393,32683
21.7446,32681
21.7503,32680
21.7559,32679
21.7613,32681
21.767,32682
21.7726,32683
21.778,32684
21.7837,32678
21.7891,32683
21.7947,32682
21.8003,32682
21.806,32683
21.8114,32683
21.8171,32679
21.8224,32683
21.8281,32683
21.8337,32683
21.839,32686
21.8447,32684
21.8504,32684
21.8558,32683
21.8614,32684
21.8671,32685
21.8724,32680
21.8781,32683
21.8837,32684
21.8891,32684
21.8948,32680
21.9004,32679
