Experiment: Apr28_cal_tst_expt vial 0, Thu Apr 28 17:02:30 2022
0.0027,1599
0.0078,1597
0.0131,1598
0.0188,1601
0.0244,1601
0.03,1594
0.0354,1602
0.041,1600
0.0466,1595
0.052,1597
0.0576,1599
0.0632,1597
0.0689,1599
0.0742,1594
0.0799,1598
0.0855,1597
0.0911,1596
0.0964,1599
0.1021,1598
0.1077,1595
0.1134,1602
0.1187,1597
0.1243,1595
0.1299,1602
0.1356,1595
0.1409,1596
0.1465,1601
0.1521,1595
0.1577,1598
0.1633,1599
0.1687,1595
0.1743,1600
0.1799,1600
0.1855,1596
0.1909,1601
0.1965,1594
0.2022,1596
0.2078,1602
0.2131,1597
0.2188,1596
0.2244,1599
0.23,1595
0.2354,1600
0.241,1598
0.2467,1595
0.252,1597
0.2577,1598
0.2633,1594
0.2689,1598
0.2743,1598
0.2799,1593
0.2855,1598
0.2911,1599
0.2965,1597
0.3021,1601
0.3078,1596
0.3134,1595
0.3187,1602
0.3243,1597
0.33,1595
0.3353,1598
0.341,1595
0.3466,1596
0.3522,1605
0.3576,1594
0.3632,1596
0.3688,1596
0.3745,1594
0.3798,1598
0.3854,1601
0.391,1595
0.3967,1598
0.4023,1599
0.4076,1593
0.4133,1600
0.4189,1597
0.4243,1594
0.4299,1599
0.4355,1598
0.4409,1595
0.4465,1598
0.4521,1596
0.4578,1597
0.4631,1600
0.4688,1595
0.4744,1598
0.48,1599
0.4854,1595
0.491,1598
0.4966,1596
0.5022,1596
0.5076,1600
0.5132,1594
0.5188,1598
0.5245,1599
0.5298,1594
0.5354,1596
0.541,1601
0.5467,1596
0.552,1599
0.5576,1600
0.5633,1595
0.5689,1598
0.5742,1598
0.5799,1594
0.5854,1600
0.591,1596
0.5966,1595
0.6022,1599
0.6076,1597
0.6132,1593
0.6188,1601
0.6244,1597
0.63,1594
0.6354,1599
0.641,1597
0.6466,1597
0.6522,1599
0.6576,1596
0.6632,1598
0.6688,1600
0.6744,1593
0.6798,1599
0.6854,1599
0.691,1595
0.6966,1600
0.7022,1600
0.7076,1594
0.7132,1599
0.7188,1597
0.7244,1594
0.73,1600
0.7354,1598
0.741,1595
0.7467,1601
0.7522,1596
0.7576,1594
0.7632,1601
0.7688,1594
0.7744,1599
0.7798,1600
0.7854,1594
0.791,1597
0.7966,1599
0.8023,1593
0.8076,1599
0.8132,1599
0.8188,1596
0.8245,1597
0.8298,1595
0.8354,1595
0.8411,1600
0.8467,1595
0.852,1598
0.8576,1601
0.8633,1594
0.8689,1596
0.8742,1600
0.8799,1595
0.8855,1600
0.8911,1599
0.8967,1597
0.9021,1602
0.9077,1598
0.9133,1594
0.919,1599
0.9243,1597
0.9299,1596
0.9355,1600
0.9409,1595
0.9465,1597
0.9522,1599
0.9578,1593
0.9631,1600
0.9688,1598
0.9744,1594
0.98,1599
0.9854,1597
0.991,1595
0.9966,1599
1.0022,1596
1.0076,1597
1.0133,1601
1.0188,1595
1.0244,1596
1.0298,1598
1.0354,1597
1.041,1598
1.0467,1598
1.052,1595
1.0577,1599
1.0633,1598
1.0689,1593
1.0743,1601
1.0799,1598
1.0855,1594
1.0911,1601
1.0965,1596
1.1021,1596
1.1077,1598
1.1133,1597
1.1187,1594
1.1243,1599
1.1299,1596
1.1355,1596
1.1412,1600
1.1465,1594
1.1522,1598
1.1578,1600
1.1631,1594
1.1688,1598
1.1744,1599
1.18,1595
1.1854,1598
1.191,1598
1.1966,1595
1.2023,1600
1.2076,1595
1.2132,1598
1.2189,1600
1.2245,1595
1.2298,1597
1.2355,1596
1.2411,1593
1.2465,1600
1.2521,1599
1.2577,1596
1.2634,1600
1.2687,1597
1.2743,1595
1.2799,1601
1.2856,1599
1.291,1594
1.2966,1601
1.3022,1595
1.3076,1596
1.3132,1600
1.3188,1597
1.3245,1594
1.3298,1598
1.3354,1595
1.341,1595
1.3467,1599
1.352,1596
1.3577,1596
1.3633,1600
1.3689,1594
1.3743,1597
1.3799,1600
1.3855,1596
1.3912,1599
1.3965,1599
1.4021,1595
1.4077,1600
1.4131,1594
1.4187,1595
1.4244,1599
1.43,1596
1.4356,1596
1.441,1599
1.4466,1596
1.4522,1595
1.4578,1601
1.4632,1595
1.4688,1598
1.4745,1599
1.4798,1594
1.4854,1599
1.4911,1600
1.4967,1594
1.502,1601
1.5077,1598
1.5133,1594
1.5189,1597
1.5243,1597
1.5299,1597
1.5355,1598
1.5412,1598
1.5465,1598
1.5521,1602
1.5577,1595
1.5634,1597
1.5687,1598
1.5743,1595
1.58,1599
1.5856,1596
1.5909,1595
1.5966,1600
1.6022,1593
1.6078,1596
1.6132,1598
1.6188,1594
1.6244,1601
1.63,1597
1.6354,1594
1.641,1600
1.6466,1599
1.6523,1595
1.6576,1600
1.6632,1595
1.6688,1596
1.6745,1600
1.6798,1595
1.6855,1597
1.6911,1599
1.6967,1596
1.7021,1598
1.7077,1600
1.7133,1597
1.7189,1600
1.7243,1598
1.7299,1594
1.7355,1601
1.7411,1598
1.7465,1594
1.7521,1600
1.7578,1597
1.7631,1594
1.7687,1599
1.7744,1598
1.78,1597
1.7854,1598
1.791,1598
1.7966,1594
1.8023,1598
1.8076,1594
1.8132,1598
1.8189,1601
1.8242,1600
1.8299,1596
1.8355,1600
1.8411,1597
1.8465,1597
1.8521,1600
1.8577,1595
1.8634,1597
1.8687,1599
1.8744,1595
1.88,1600
1.8854,1597
1.891,1595
1.8966,1598
1.9022,1598
1.9076,1594
1.9132,1600
1.9189,1596
1.9245,1597
1.9298,1602
1.9355,1596
1.9411,1596
1.9465,1598
1.9521,1595
1.9577,1599
1.9634,1598
1.9687,1597
1.9743,1599
1.9799,1597
1.9856,1596
1.9909,1600
1.9966,1596
2.0022,1597
2.0079,1599
2.0132,1594
2.0189,1598
2.0245,1598
2.0298,1594
2.0354,1600
2.0411,1598
2.0467,1594
2.052,1599
2.0576,1597
2.0633,1597
2.0689,1598
2.0742,1595
2.0799,1595
2.0855,1599
2.0911,1593
2.0965,1599
2.1021,1598
2.1076,1595
2.1132,1599
2.1188,1598
2.1244,1596
2.1301,1602
2.1354,1595
2.141,1596
2.1467,1600
2.1523,1595
2.1576,1598
2.1632,1599
2.1688,1595
2.1744,1598
2.1798,1599
2.1854,1595
2.191,1600
2.1966,1597
2.2023,1595
2.2076,1599
2.2132,1596
2.2188,1594
2.2244,1601
2.23,1596
2.2354,1597
2.241,1599
2.2466,1597
2.2522,1592
2.2576,1600
2.2632,1598
2.2688,1596
2.2744,1600
2.2801,1597
2.2854,1596
2.291,1600
2.2966,1594
2.3023,1598
2.3076,1600
2.3132,1594
2.3188,1596
2.3245,1599
2.3298,1596
2.3354,1597
2.341,1597
2.3467,1596
2.352,1601
2.3576,1596
2.3633,1597
2.3689,1599
2.3745,1596
2.3799,1600
2.3855,1600
2.3911,1596
2.3965,1600
2.4021,1598
2.4077,1594
2.4133,1600
2.4187,1598
2.4243,1596
2.4299,1599
2.4356,1597
2.4409,1598
2.4465,1599
2.4522,1597
2.4578,1597
2.4634,1603
2.4688,1596
2.4744,1594
2.48,1600
2.4854,1595
2.491,1596
2.4966,1601
2.5022,1594
2.5076,1597
2.5132,1601
2.5188,1595
2.5245,1595
2.5298,1598
2.5354,1595
2.5411,1598
2.5467,1599
2.552,1594
2.5577,1602
2.5633,1597
2.5689,1594
2.5743,1600
2.5799,1595
2.5855,1596
2.5911,1599
2.5965,1595
2.6021,1597
2.6077,1598
2.6133,1596
2.619,1598
2.6243,1597
2.6299,1596
2.6355,1599
2.6412,1595
2.6465,1597
2.6521,1600
2.6578,1595
2.6634,1601
2.6687,1597
2.6743,1596
2.68,1599
2.6856,1595
2.6911,1596
2.6965,1600
2.7021,1594
2.7077,1599
2.7134,1598
2.7187,1596
2.7243,1599
2.73,1597
2.7356,1595
2.7409,1601
2.7466,1597
2.7522,1594
2.7578,1601
2.7632,1595
2.7688,1594
2.7744,1600
2.7798,1598
2.7854,1595
2.7911,1600
2.7967,1595
2.8021,1596
2.8077,1601
2.8133,1595
2.8189,1596
2.8245,1599
2.8299,1594
2.8355,1597
2.8411,1600
2.8465,1595
2.8521,1595
2.8577,1600
2.8634,1596
2.8687,1597
2.8743,1599
2.8799,1595
2.8856,1599
2.8909,1597
2.8965,1595
2.9022,1599
2.9078,1595
2.9132,1598
2.9188,1598
2.9244,1593
2.93,1600
2.9354,1596
2.941,1598
2.9466,1598
2.9522,1596
2.9576,1599
2.9632,1597
2.9688,1596
2.9744,1599
2.98,1596
2.9854,1595
2.991,1599
2.9966,1594
3.0023,1598
3.0076,1599
3.0133,1594
3.0189,1600
3.0243,1596
3.0299,1595
3.0355,1600
3.0411,1598
3.0465,1596
3.0521,1599
3.0577,1597
3.0634,1596
3.0687,1602
3.0743,1596
3.08,1597
3.0856,1599
3.0909,1596
3.0966,1598
3.1022,1599
3.1078,1594
3.1132,1597
3.1188,1600
3.1244,1593
3.1301,1598
3.1354,1599
3.141,1597
3.1466,1600
3.1523,1598
3.1576,1595
3.1632,1601
3.1689,1596
3.1745,1597
3.1798,1598
3.1855,1593
3.1911,1598
3.1967,1599
3.2021,1593
3.2077,1598
3.2133,1599
3.2189,1595
3.2243,1600
3.2299,1599
3.2355,1594
3.2411,1600
3.2465,1597
3.2521,1595
3.2577,1600
3.2634,1597
3.2687,1595
3.2743,1600
3.28,1598
3.2856,1594
3.2912,1601
3.2966,1599
3.3022,1595
3.3078,1600
3.3132,1598
3.3188,1594
3.3244,1600
3.3298,1598
3.3354,1597
3.341,1598
3.3467,1595
3.352,1595
3.3577,1600
3.3633,1596
3.3689,1598
3.3745,1601
3.3799,1593
3.3855,1599
3.3911,1599
3.3967,1594
3.4021,1597
3.4077,1598
3.4133,1595
3.419,1598
3.4243,1598
3.4299,1595
3.4356,1599
3.4412,1594
3.4465,1595
3.4521,1599
3.4577,1595
3.4634,1597
3.4687,1600
3.4744,1593
3.48,1595
3.4856,1599
3.4909,1595
3.4966,1600
3.5022,1600
3.5078,1593
3.5132,1598
3.5188,1600
3.5244,1593
3.53,1597
3.5354,1598
3.541,1595
3.5466,1598
3.5523,1597
3.5576,1594
3.5632,1601
3.5689,1596
3.5745,1595
3.5799,1599
3.5855,1596
3.5911,1595
3.5967,1599
3.6021,1595
3.6077,1597
3.6133,1599
3.6187,1595
3.6243,1595
3.6298,1600
3.6355,1595
3.6411,1596
3.6467,1599
3.6521,1595
3.6576,1599
3.6633,1599
3.6689,1595
3.6745,1599
3.6799,1596
3.6854,1597
3.6911,1600
3.6967,1595
3.702,1598
3.7077,1599
3.7133,1597
3.7189,1599
3.7245,1600
3.7298,1595
3.7355,1601
3.7411,1595
3.7467,1595
3.7523,1599
3.7576,1596
3.7633,1596
3.7689,1601
3.7745,1596
3.7798,1594
3.7854,1599
3.7911,1598
3.7967,1595
3.8023,1600
3.8076,1596
3.8133,1594
3.8189,1599
3.8245,1596
3.8301,1595
3.8354,1600
3.8411,1594
3.8467,1596
3.8523,1598
3.8576,1595
3.8632,1596
3.8689,1600
3.8745,1595
3.8798,1596
3.8855,1599
3.8911,1595
3.8967,1596
3.9021,1600
3.9077,1595
3.9133,1598
3.9189,1600
3.9243,1594
3.9299,1598
3.9356,1602
3.9409,1594
3.9466,1599
3.9522,1598
3.9578,1596
3.9632,1600
3.9688,1594
3.9744,1595
3.98,1601
3.9857,1596
3.991,1595
3.9966,1599
4.0023,1597
4.0076,1594
4.0133,1600
4.0189,1598
4.0243,1595
4.0299,1601
4.0355,1595
4.0411,1594
4.0467,1598
4.0521,1593
4.0577,1596
4.0633,1600
4.0689,1596
4.0743,1596
4.0799,1598
4.0855,1594
4.0912,1597
4.0965,1599
4.1021,1593
4.1078,1598
4.1134,1599
4.1187,1594
4.1243,1597
4.1299,1598
4.1356,1593
4.1412,1598
4.1465,1598
4.1522,1594
4.1578,1602
4.1632,1598
4.1688,1594
4.1744,1600
4.18,1596
4.1854,1597
4.191,1600
4.1966,1597
4.2022,1596
4.2076,1599
4.2132,1594
4.2188,1598
4.2244,1600
4.2301,1595
4.2354,1599
4.241,1598
4.2466,1594
4.2523,1599
4.2576,1597
4.2632,1596
4.2689,1599
4.2745,1596
4.2798,1597
4.2855,1599
4.2911,1595
4.2967,1598
4.302,1600
4.3077,1596
4.3133,1598
4.3189,1599
4.3242,1594
4.3299,1598
4.3355,1596
4.3411,1595
4.3467,1600
4.3521,1597
4.3577,1596
4.3633,1602
4.3689,1596
4.3743,1593
4.3799,1601
4.3855,1595
4.3912,1595
4.3965,1600
4.4021,1596
4.4078,1600
4.4134,1598
4.4187,1597
4.4244,1601
4.43,1598
4.4356,1596
4.441,1600
4.4466,1594
4.4522,1597
4.4578,1601
4.4632,1594
4.4688,1597
4.4744,1600
4.48,1596
4.4857,1595
4.491,1601
4.4966,1594
4.5023,1599
4.5079,1599
4.5132,1595
4.5189,1598
4.5245,1599
4.5298,1595
4.5355,1598
4.5411,1596
4.5467,1595
4.5523,1602
4.5577,1597
4.5633,1597
4.5689,1601
4.5745,1596
4.5798,1598
4.5855,1600
4.5911,1595
4.5967,1597
4.6023,1600
4.6077,1596
4.6133,1599
4.6189,1599
4.6245,1594
4.6299,1598
4.6355,1599
4.6411,1595
4.6467,1598
4.6521,1599
4.6577,1597
4.6633,1600
4.669,1597
4.6743,1596
4.6799,1601
4.6856,1597
4.6912,1594
4.6965,1600
4.7022,1597
4.7078,1594
4.7134,1599
4.719,1599
4.7244,1596
4.73,1598
4.7356,1598
4.7413,1594
4.7466,1598
4.7522,1598
4.7579,1595
4.7632,1599
4.7688,1597
4.7745,1597
4.7801,1599
4.7854,1594
4.7911,1597
4.7967,1602
4.8023,1597
4.8077,1594
4.8133,1601
4.8189,1597
4.8245,1595
4.8299,1601
4.8355,1596
4.8411,1595
4.8467,1602
4.8521,1597
4.8577,1595
4.8633,1599
4.8689,1596
4.8746,1595
4.8799,1601
4.8855,1595
4.8912,1596
4.8968,1601
4.9021,1595
4.9077,1596
4.9133,1600
4.919,1595
4.9243,1596
4.9299,1601
4.9355,1598
4.9412,1596
4.9468,1601
4.9521,1596
4.9578,1595
4.9634,1599
4.969,1596
4.9744,1597
4.98,1600
4.9856,1596
4.9912,1599
4.9966,1595
5.0022,1597
5.0079,1600
5.0133,1597
5.0189,1596
5.0245,1599
5.0301,1597
5.0354,1600
5.041,1597
5.0467,1595
5.0523,1598
5.0579,1595
5.0632,1596
5.0689,1601
5.0745,1595
5.0801,1594
5.0855,1600
5.0911,1594
5.0967,1597
5.1024,1598
5.1077,1595
5.1133,1601
5.119,1597
5.1246,1595
5.1299,1601
5.1355,1596
5.1412,1595
5.1468,1602
5.1521,1594
5.1577,1597
5.1634,1599
5.169,1595
5.1746,1599
5.1799,1600
5.1855,1595
5.1912,1598
5.1968,1600
5.2021,1595
5.2077,1598
5.2133,1598
5.219,1597
5.2243,1599
5.2299,1597
5.2355,1595
5.2412,1600
5.2465,1599
5.2522,1594
5.2578,1598
5.2633,1596
5.269,1596
5.2746,1601
5.2799,1594
5.2856,1597
5.2911,1601
5.2968,1595
5.3024,1597
5.3077,1600
5.3133,1594
5.3188,1599
5.3244,1597
5.33,1593
5.3356,1599
5.3413,1598
5.3466,1595
5.3522,1600
5.3578,1595
5.3635,1596
5.3688,1598
5.3745,1595
5.3801,1597
5.3857,1599
5.3911,1593
5.3967,1598
5.4023,1599
5.4077,1595
5.4133,1599
5.419,1595
5.4246,1595
5.4299,1598
5.4355,1598
5.4412,1596
5.4468,1600
5.4521,1596
5.4578,1599
5.4635,1599
5.4689,1593
5.4745,1597
5.4801,1598
5.4854,1594
5.4911,1598
5.4967,1600
5.5023,1592
5.5079,1598
5.5133,1599
5.5189,1592
5.5245,1600
5.5302,1598
5.5355,1595
5.5411,1600
5.5468,1597
5.5524,1595
5.5577,1601
5.5634,1599
5.569,1595
5.5743,1598
5.58,1598
5.5856,1597
5.5912,1600
5.5968,1593
5.6022,1598
5.6078,1599
5.6134,1596
5.619,1599
5.6244,1598
5.63,1594
5.6356,1597
5.6413,1598
5.6466,1594
5.6522,1600
5.6578,1597
5.6635,1595
5.6688,1600
5.6744,1596
5.6801,1595
5.6857,1599
5.691,1596
5.6966,1596
5.7023,1601
5.7079,1596
5.7135,1599
5.7189,1602
5.7245,1595
5.7301,1597
5.7358,1599
5.7411,1596
5.7467,1598
5.7524,1597
5.7577,1595
5.7633,1598
5.769,1599
5.7746,1594
5.7799,1600
5.7856,1596
5.7912,1598
5.7968,1597
5.8022,1593
5.8078,1599
5.8134,1597
5.8191,1594
5.8244,1600
5.83,1596
5.8356,1596
5.8413,1602
5.8466,1594
5.8522,1596
5.8579,1601
5.8635,1597
5.8689,1596
5.8745,1599
5.8801,1596
5.8857,1595
5.8911,1600
5.8967,1593
5.9023,1599
5.9079,1600
5.9135,1597
5.9189,1598
5.9245,1598
5.9301,1594
5.9355,1597
5.9411,1602
5.9468,1595
5.9524,1597
5.9577,1598
5.9634,1596
5.969,1599
5.9746,1598
5.98,1595
5.9856,1599
5.9912,1595
5.9969,1598
6.0022,1599
6.0079,1595
6.0135,1598
6.0188,1600
6.0245,1593
6.0301,1600
6.0357,1598
6.0411,1595
6.0467,1598
6.0523,1596
6.058,1595
6.0633,1600
6.069,1595
6.0746,1598
6.0802,1598
6.0856,1597
6.0912,1599
6.0966,1596
6.1022,1595
6.1078,1600
6.1135,1595
6.1191,1598
6.1244,1599
6.13,1596
6.1356,1600
6.1413,1597
6.1466,1596
6.1522,1601
6.1579,1595
6.1635,1597
6.1688,1599
6.1744,1593
6.1801,1598
6.1857,1599
6.1913,1594
6.1966,1597
6.2023,1601
6.2079,1594
6.2135,1596
6.2189,1599
6.2245,1596
6.2301,1598
6.2357,1600
6.2411,1594
6.2467,1598
6.2523,1600
6.258,1596
6.2633,1598
6.269,1599
6.2746,1596
6.2799,1599
6.2856,1599
6.2912,1594
6.2968,1599
6.3022,1595
6.3078,1596
6.3135,1600
6.3191,1598
6.3244,1597
6.3301,1596
6.3357,1595
6.341,1600
6.3467,1596
6.3523,1598
6.3579,1596
6.3633,1594
6.3689,1599
6.3745,1599
6.3801,1596
6.3855,1599
6.3911,1597
6.3968,1596
6.4024,1601
6.408,1595
6.4134,1597
6.419,1600
6.4246,1596
6.43,1596
6.4356,1598
6.4412,1595
6.4469,1595
6.4522,1599
6.4578,1595
6.4635,1598
6.4688,1597
6.4745,1596
6.4801,1598
6.4857,1594
6.4913,1598
6.4967,1598
6.5023,1596
6.5079,1598
6.5135,1599
6.5189,1595
6.5245,1600
6.5301,1597
6.5358,1596
6.5411,1600
6.5468,1596
6.5524,1596
6.5577,1600
6.5634,1595
6.569,1597
6.5746,1598
6.58,1593
6.5856,1597
6.5912,1598
6.5969,1594
6.6022,1599
6.6078,1598
6.6135,1596
6.6191,1601
6.6244,1597
6.6301,1596
6.6357,1598
6.6413,1594
6.6467,1598
6.6523,1599
6.6579,1592
6.6633,1599
6.6689,1599
6.6746,1595
6.6802,1598
6.6855,1601
6.6911,1593
6.6968,1597
6.7024,1599
6.7078,1595
6.7134,1599
6.719,1599
6.7246,1594
6.73,1598
6.7356,1597
6.7412,1596
6.7469,1599
6.7522,1596
6.7577,1599
6.7634,1599
6.769,1596
6.7746,1597
6.78,1599
6.7856,1593
6.7912,1597
6.7968,1599
6.8024,1592
6.8078,1599
6.8134,1599
6.819,1595
6.8246,1597
6.83,1595
6.8356,1598
6.8412,1598
6.8468,1595
6.8524,1595
6.8578,1602
6.8634,1594
6.869,1596
6.8746,1599
6.88,1594
6.8856,1599
6.8912,1598
6.8968,1595
6.9024,1599
6.9078,1598
6.9135,1594
6.9191,1600
6.9244,1595
6.93,1596
6.9356,1601
6.9412,1597
6.9469,1597
6.9522,1600
6.9579,1596
6.9635,1599
6.9691,1598
6.9745,1595
6.9801,1598
6.9857,1599
6.9911,1595
6.9967,1600
7.0023,1595
7.0077,1596
7.0134,1601
7.019,1593
7.0246,1595
7.03,1600
7.0356,1596
7.0413,1595
7.0469,1600
7.0522,1596
7.0579,1596
7.0635,1602
7.0691,1596
7.0744,1598
7.0801,1600
7.0857,1595
7.0911,1600
7.0967,1596
7.1023,1598
7.1079,1599
7.1136,1597
7.1189,1598
7.1245,1601
7.1302,1595
7.1358,1598
7.1411,1598
7.1468,1597
7.1524,1599
7.1578,1599
7.1634,1595
7.169,1598
7.1746,1595
7.18,1596
7.1856,1602
7.1912,1594
7.1968,1597
7.2022,1601
7.2078,1595
7.2134,1597
7.219,1600
7.2244,1594
7.23,1596
7.2357,1600
7.2413,1593
7.2469,1597
7.2523,1599
7.2579,1594
7.2635,1599
7.2689,1597
7.2745,1595
7.2802,1599
7.2858,1599
7.2911,1594
7.2967,1601
7.3024,1596
7.308,1601
7.3133,1598
7.319,1593
7.3246,1600
7.3302,1599
7.3355,1594
7.3412,1599
7.3468,1598
7.3524,1594
7.3578,1600
7.3634,1596
7.369,1594
7.3747,1599
7.38,1596
7.3856,1596
7.3913,1602
7.3969,1596
7.4022,1596
7.4079,1601
7.4135,1596
7.4191,1594
7.4245,1598
7.4301,1597
7.4357,1597
7.4413,1600
7.4467,1595
7.4523,1599
7.4579,1598
7.4635,1595
7.4689,1598
7.4745,1600
7.4801,1594
7.4857,1600
7.4911,1597
7.4967,1597
7.5023,1598
7.508,1598
7.5133,1594
7.5189,1599
7.5246,1597
7.5302,1594
7.5356,1601
7.5412,1598
7.5468,1593
7.5525,1600
7.5579,1595
7.5635,1594
7.5691,1598
7.5744,1596
7.5801,1594
7.5857,1600
7.5914,1596
7.5967,1598
7.6023,1598
7.608,1592
7.6133,1599
7.619,1598
7.6246,1596
7.6302,1600
7.6356,1596
7.6412,1595
7.6468,1600
7.6525,1596
7.6578,1594
7.6634,1601
7.669,1594
7.6747,1598
7.68,1602
7.6857,1593
7.6913,1598
7.6969,1598
7.7023,1593
7.7079,1598
7.7135,1598
7.7191,1593
7.7245,1599
7.7301,1596
7.7357,1594
7.7413,1597
7.7467,1597
7.7523,1596
7.7579,1601
7.7636,1597
7.7689,1595
7.7745,1601
7.7802,1596
7.7858,1593
7.7911,1602
7.7968,1596
7.8024,1595
7.808,1600
7.8134,1594
7.819,1594
7.8246,1599
7.83,1597
7.8356,1597
7.8413,1600
7.8469,1596
7.8522,1598
7.8579,1598
7.8635,1595
7.8691,1599
7.8745,1598
7.8801,1595
7.8858,1601
7.8914,1597
7.8967,1596
7.9024,1600
7.908,1596
7.9133,1596
7.9189,1598
7.9246,1595
7.9302,1597
7.9358,1597
7.9412,1595
7.9468,1599
7.9524,1597
7.958,1596
7.9634,1599
7.969,1597
7.9746,1596
7.98,1599
7.9856,1594
7.9912,1598
7.9969,1601
8.0022,1596
8.0079,1598
8.0135,1600
8.0191,1595
8.0245,1598
8.0301,1600
8.0357,1595
8.0414,1598
8.0467,1598
8.0523,1593
8.0579,1599
8.0636,1598
8.0689,1595
8.0746,1600
8.0802,1598
8.0856,1595
8.0912,1601
8.0968,1597
8.1024,1595
8.108,1599
8.1134,1597
8.119,1595
8.1246,1600
8.1302,1597
8.1356,1595
8.1412,1598
8.1468,1597
8.1524,1596
8.1578,1600
8.1634,1595
8.169,1596
8.1747,1599
8.18,1594
8.1857,1598
8.1913,1600
8.1969,1594
8.2023,1600
8.2079,1598
8.2135,1596
8.2189,1602
8.2245,1594
8.2301,1597
8.2357,1597
8.2414,1596
8.2467,1598
8.2523,1602
8.258,1594
8.2636,1598
8.2689,1598
8.2746,1593
8.2802,1597
8.2858,1600
8.2911,1594
8.2968,1596
8.3024,1597
8.308,1596
8.3134,1600
8.319,1598
8.3247,1595
8.33,1600
8.3356,1596
8.3413,1600
8.3469,1598
8.3522,1595
8.3578,1600
8.3634,1597
8.369,1595
8.3746,1599
8.3802,1597
8.3856,1595
8.3911,1600
8.3968,1597
8.4024,1594
8.408,1601
8.4134,1597
8.419,1597
8.4246,1601
8.4302,1597
8.4358,1596
8.4411,1600
8.4468,1594
8.4524,1599
8.458,1596
8.4634,1595
8.469,1601
8.4746,1596
8.4802,1594
8.4856,1601
8.4912,1594
8.4968,1598
8.5024,1602
8.508,1594
8.5134,1598
8.519,1599
8.5246,1594
8.5302,1599
8.5356,1598
8.5412,1597
8.5468,1599
8.5524,1595
8.558,1597
8.5634,1597
8.569,1597
8.5746,1595
8.5802,1599
8.5856,1597
8.5912,1595
8.5968,1600
8.6025,1597
8.6078,1598
8.6135,1600
8.6191,1595
8.6247,1598
8.63,1600
8.6357,1595
8.6413,1598
8.6469,1599
8.6523,1593
8.6579,1600
8.6635,1599
8.6692,1591
8.6745,1598
8.6801,1598
8.6858,1596
8.6911,1601
8.6968,1596
8.7024,1596
8.708,1598
8.7134,1594
8.719,1596
8.7246,1601
8.7302,1594
8.7356,1596
8.7412,1601
8.7468,1594
8.7525,1600
8.7578,1598
8.7634,1597
8.7691,1601
8.7747,1597
8.7801,1596
8.7857,1600
8.7913,1596
8.7969,1597
8.8022,1599
8.8079,1595
8.8135,1599
8.8191,1597
8.8245,1595
8.8301,1601
8.8357,1596
8.8413,1597
8.8467,1599
8.8523,1593
8.8579,1598
8.8636,1598
8.8689,1593
8.8745,1598
8.8802,1598
8.8858,1594
8.8911,1598
8.8967,1599
8.9023,1595
8.908,1598
8.9136,1596
8.919,1597
8.9246,1598
8.9302,1596
8.9358,1597
8.9412,1601
8.9468,1594
8.9524,1599
8.9581,1600
8.9634,1594
8.9691,1597
8.9747,1599
8.98,1593
8.9857,1598
8.9913,1598
8.9969,1596
9.0023,1598
9.0079,1598
9.0135,1593
9.0192,1600
9.0245,1596
9.0302,1598
9.0358,1600
9.0412,1596
9.0468,1595
9.0524,1599
9.0578,1595
9.0634,1598
9.069,1600
9.0747,1594
9.0803,1596
9.0857,1599
9.0913,1594
9.0969,1599
9.1022,1597
9.1079,1594
9.1135,1601
9.1191,1597
9.1245,1595
9.1301,1601
9.1357,1599
9.1414,1597
9.1467,1599
9.1524,1594
9.158,1597
9.1636,1599
9.169,1594
9.1746,1598
9.1802,1599
9.1856,1595
9.1912,1599
9.1969,1599
9.2025,1594
9.2078,1601
9.2135,1596
9.2191,1595
9.2247,1602
9.2301,1596
9.2357,1593
9.2414,1599
9.2467,1598
9.2523,1597
9.258,1600
9.2633,1595
9.269,1596
9.2746,1601
9.2802,1595
9.2858,1594
9.2912,1601
9.2968,1594
9.3024,1596
9.3081,1600
9.3134,1595
9.319,1595
9.3247,1597
9.33,1598
9.3357,1595
9.3413,1599
9.3469,1597
9.3522,1596
9.3579,1600
9.3635,1597
9.3691,1595
9.3745,1600
9.3801,1594
9.3857,1595
9.3914,1599
9.3967,1595
9.4023,1598
9.408,1599
9.4136,1595
9.4189,1597
9.4246,1597
9.4302,1595
9.4356,1601
9.4412,1595
9.4468,1596
9.4524,1600
9.4578,1597
9.4634,1595
9.4691,1599
9.4747,1597
9.48,1599
9.4857,1598
9.4913,1593
9.4969,1597
9.5025,1600
9.5079,1595
9.5135,1595
9.5191,1599
9.5247,1593
9.5301,1597
9.5357,1598
9.5413,1593
9.547,1598
9.5523,1600
9.5579,1597
9.5636,1598
9.5689,1600
9.5745,1593
9.5802,1599
9.5858,1597
9.5911,1593
9.5967,1600
9.6024,1597
9.608,1595
9.6136,1600
9.619,1598
9.6246,1594
9.6302,1600
9.6356,1597
9.6412,1594
9.6468,1599
9.6524,1596
9.6581,1594
9.6634,1602
9.6691,1597
9.6747,1595
9.68,1602
9.6857,1597
9.6913,1594
9.6969,1600
9.7023,1598
9.7079,1594
9.7135,1600
9.7191,1599
9.7245,1596
9.7301,1602
9.7357,1599
9.7414,1595
9.7467,1600
9.7524,1598
9.758,1594
9.7636,1600
9.7689,1595
9.7746,1595
9.7802,1599
9.7858,1595
9.7912,1594
9.7968,1599
9.8024,1596
9.8081,1597
9.8134,1599
9.8191,1595
9.8247,1598
9.8301,1597
9.8357,1596
9.8413,1601
9.8469,1595
9.8523,1597
9.8579,1599
9.8635,1595
9.8692,1599
9.8745,1597
9.8801,1595
9.8858,1601
9.8914,1597
9.8967,1596
9.9024,1601
9.908,1596
9.9134,1597
9.919,1597
9.9246,1594
9.9303,1599
9.9356,1597
9.9412,1595
9.9468,1601
9.9525,1595
9.9581,1598
9.9634,1600
9.969,1596
9.9746,1600
9.9802,1600
9.9856,1595
9.9913,1600
9.9968,1598
10.0024,1595
10.0078,1597
10.0134,1599
10.019,1594
10.0246,1599
10.0301,1596
10.0358,1595
10.0414,1597
10.0468,1593
10.0524,1597
10.058,1598
10.0634,1596
10.069,1599
10.0747,1597
10.08,1596
10.0856,1599
10.0912,1596
10.0969,1597
10.1025,1599
10.1078,1596
10.1135,1598
10.1191,1599
10.1247,1595
10.1301,1600
10.1357,1596
10.1413,1595
10.1469,1600
10.1523,1595
10.1579,1596
10.1635,1599
10.1691,1595
10.1745,1598
10.1801,1599
10.1858,1593
10.1914,1598
10.1967,1597
10.2024,1595
10.208,1598
10.2136,1596
10.219,1594
10.2246,1599
10.2302,1598
10.2356,1596
10.2412,1602
10.2468,1595
10.2524,1596
10.2578,1600
10.2634,1599
10.2691,1597
10.2747,1601
10.28,1595
10.2857,1596
10.2913,1600
10.2969,1595
10.3023,1596
10.3079,1599
10.3135,1594
10.3191,1600
10.3245,1598
10.3301,1594
10.3357,1601
10.3414,1597
10.3467,1597
10.3523,1598
10.358,1594
10.3636,1596
10.3689,1600
10.3745,1593
10.3802,1598
10.3858,1600
10.3911,1593
10.3968,1599
10.4024,1597
10.408,1594
10.4134,1599
10.419,1597
10.4246,1595
10.4302,1598
10.4359,1593
10.4412,1599
10.4469,1600
10.4525,1593
10.4578,1598
10.4635,1599
10.4691,1594
10.4745,1597
10.4801,1598
10.4857,1593
10.4914,1599
10.4967,1596
10.5023,1594
10.508,1601
10.5136,1598
10.519,1594
10.5246,1601
10.5302,1598
10.5358,1596
10.5412,1600
10.5469,1598
10.5525,1595
10.5578,1601
10.5635,1596
10.5691,1594
10.5745,1601
10.5802,1595
10.5858,1595
10.5914,1600
10.5968,1596
10.6024,1596
10.6081,1599
10.6134,1593
10.619,1599
10.6247,1598
10.63,1596
10.6357,1599
10.6411,1597
10.6468,1596
10.6524,1599
10.658,1596
10.6634,1595
10.669,1598
10.6747,1595
10.6803,1598
10.6856,1599
10.6913,1595
10.6969,1596
10.7022,1598
10.7079,1595
10.7133,1598
10.719,1599
10.7246,1593
10.7302,1601
10.7359,1596
10.7412,1596
10.7468,1599
10.7525,1595
10.7581,1598
10.7634,1598
10.769,1594
10.7747,1599
10.7803,1597
10.7856,1593
10.7913,1598
10.7969,1595
10.8023,1597
10.8079,1600
10.8135,1595
10.8192,1597
10.8245,1600
10.8302,1594
10.8356,1597
10.8412,1598
10.8468,1595
10.8525,1601
10.8578,1595
10.8634,1598
10.8691,1601
10.8747,1594
10.8801,1597
10.8857,1599
10.8913,1593
10.897,1599
10.9023,1598
10.908,1594
10.9136,1599
10.9189,1598
10.9245,1596
10.9302,1600
10.9358,1597
10.9412,1594
10.9468,1601
10.9524,1597
10.9581,1595
10.9634,1600
10.969,1595
10.9746,1598
10.9803,1600
10.9856,1594
10.9913,1600
10.9969,1597
11.0025,1596
11.0079,1598
11.0135,1598
11.0192,1596
11.0245,1598
11.0301,1595
11.0358,1596
11.0414,1600
11.0467,1596
11.0524,1597
11.058,1598
11.0634,1594
11.069,1600
11.0746,1596
11.0802,1597
11.0856,1600
11.0912,1596
11.0969,1597
11.1025,1599
11.1078,1596
11.1135,1596
11.1191,1601
11.1247,1594
11.1303,1600
11.1357,1599
11.1413,1598
11.1469,1600
11.1523,1597
11.1579,1595
11.1635,1599
11.1691,1596
11.1745,1597
11.1801,1601
11.1858,1594
11.1914,1598
11.1967,1601
11.2024,1594
11.208,1597
11.2136,1598
11.219,1596
11.2246,1598
11.2302,1601
11.2358,1596
11.2412,1595
11.2468,1600
11.2525,1595
11.2581,1598
11.2634,1599
11.269,1594
11.2746,1600
11.2803,1600
11.2856,1594
11.2912,1598
11.2969,1600
11.3025,1596
11.3078,1601
11.3135,1597
11.3191,1595
11.3245,1601
11.3301,1598
11.3357,1595
11.3413,1599
11.3467,1597
11.3523,1597
11.3579,1601
11.3635,1593
11.3691,1595
11.3745,1597
11.3801,1596
11.3858,1600
11.3914,1598
11.3967,1596
11.4023,1600
11.4078,1597
11.4134,1597
11.4191,1599
11.4247,1596
11.4301,1594
11.4356,1600
11.4413,1597
11.4469,1597
11.4525,1599
11.4578,1593
11.4634,1599
11.469,1599
11.4746,1594
11.4803,1596
11.4856,1600
11.4912,1595
11.4968,1598
11.5025,1595
11.5081,1596
11.5134,1599
11.519,1595
11.5246,1595
11.5303,1601
11.5356,1596
11.5413,1595
11.5468,1599
11.5525,1595
11.5581,1597
11.5634,1598
11.569,1596
11.5746,1595
11.5803,1600
11.5856,1595
11.5912,1598
11.5968,1598
11.6024,1594
11.6081,1601
11.6134,1597
11.619,1596
11.6246,1601
11.6302,1596
11.6356,1596
11.6412,1598
11.6469,1594
11.6525,1595
11.6578,1601
11.6635,1595
11.6691,1597
11.6747,1600
11.6801,1595
11.6857,1596
11.6914,1599
11.6967,1596
11.7023,1599
11.7079,1598
11.7136,1595
11.7189,1600
11.7246,1600
11.7302,1595
11.7358,1600
11.7414,1599
11.7467,1593
11.7524,1599
11.758,1597
11.7636,1595
11.769,1601
11.7746,1596
11.7802,1595
11.7858,1599
11.7912,1599
11.7968,1594
11.8024,1602
11.8081,1598
11.8134,1596
11.819,1599
11.8247,1597
11.8303,1596
11.8356,1599
11.8413,1597
11.8469,1597
11.8523,1599
11.8579,1594
11.8635,1597
11.8692,1598
11.8745,1596
11.8802,1597
11.8858,1597
11.8914,1595
11.8967,1601
11.9024,1597
11.908,1594
11.9136,1601
11.919,1597
11.9246,1597
11.9302,1599
11.9356,1596
11.9412,1597
11.9469,1599
11.9525,1595
11.9579,1598
11.9635,1599
11.9691,1594
11.9745,1598
11.9801,1598
11.9857,1593
11.9914,1599
11.9967,1598
12.0024,1593
12.008,1597
12.0134,1597
12.019,1596
12.0246,1601
12.0303,1597
12.0356,1595
12.0413,1598
12.0469,1596
12.0525,1597
12.0579,1599
12.0635,1594
12.0691,1600
12.0747,1598
12.08,1593
12.0857,1600
12.0913,1597
12.0969,1595
12.1025,1597
12.1079,1594
12.1135,1596
12.1191,1600
12.1245,1597
12.1301,1598
12.1358,1600
12.1414,1596
12.1467,1598
12.1524,1598
12.158,1594
12.1633,1600
12.169,1598
12.1746,1596
12.1803,1601
12.1856,1598
12.1913,1596
12.1969,1597
12.2023,1596
12.2079,1596
12.2135,1602
12.2192,1596
12.2245,1596
12.2301,1599
12.2358,1598
12.2414,1596
12.2467,1603
12.2524,1597
12.258,1595
12.2636,1600
12.269,1597
12.2745,1594
12.2801,1599
12.2857,1595
12.2914,1597
12.2967,1598
12.3023,1593
12.308,1596
12.3136,1601
12.3192,1594
12.3246,1596
12.3302,1599
12.3358,1597
12.3412,1596
12.3468,1601
12.3524,1595
12.3581,1597
12.3634,1600
12.369,1596
12.3747,1597
12.38,1599
12.3857,1593
12.3913,1598
12.3969,1599
12.4022,1594
12.4079,1599
12.4135,1599
12.4191,1595
12.4248,1600
12.4301,1597
12.4358,1595
12.4414,1600
12.4468,1598
12.4524,1597
12.458,1597
12.4634,1596
12.469,1595
12.4746,1600
12.4803,1596
12.4859,1593
12.4912,1602
12.4969,1597
12.5025,1597
12.5079,1600
12.5135,1595
12.5191,1596
12.5247,1600
12.5301,1594
12.5357,1598
12.5413,1600
12.5467,1593
12.5524,1598
12.558,1597
12.5636,1594
12.569,1599
12.5746,1601
12.5802,1594
12.5859,1598
12.5912,1599
12.5968,1593
12.6025,1601
12.6078,1596
12.6135,1593
12.6191,1600
12.6245,1596
12.6301,1596
12.6358,1600
12.6414,1596
12.6468,1596
12.6524,1600
12.658,1596
12.6636,1596
12.669,1600
12.6746,1595
12.6803,1597
12.6859,1598
12.6912,1594
12.6969,1598
12.7025,1597
12.7079,1595
12.7134,1598
12.719,1595
12.7246,1596
12.7303,1600
12.7359,1594
12.7412,1598
12.7469,1598
12.7525,1595
12.7579,1598
12.7635,1598
12.7691,1596
12.7745,1599
12.7801,1595
12.7856,1597
12.7912,1597
12.7968,1593
12.8025,1598
12.8081,1597
12.8135,1596
12.8191,1599
12.8247,1595
12.8301,1598
12.8356,1602
12.8412,1594
12.8468,1597
12.8525,1599
12.8578,1592
12.8635,1596
12.8691,1601
12.8747,1595
12.8801,1598
12.8857,1597
12.8913,1596
12.897,1600
12.9023,1596
12.9079,1598
12.9136,1600
12.9192,1593
12.9245,1597
12.93,1598
12.9357,1594
12.9413,1598
12.947,1599
12.9523,1594
12.9578,1599
12.9634,1598
12.9691,1594
12.9747,1600
12.9801,1598
12.9856,1595
12.9913,1603
12.9969,1596
13.0023,1599
13.0079,1600
13.0134,1594
13.0191,1598
13.0247,1598
13.03,1593
13.0357,1596
13.0412,1599
13.0469,1595
13.0525,1598
13.0579,1600
13.0635,1593
13.069,1601
13.0747,1597
13.0803,1594
13.0857,1599
13.0913,1597
13.0969,1595
13.1025,1598
13.1081,1596
13.1134,1599
13.1191,1598
13.1247,1593
13.1303,1599
13.1357,1598
13.1413,1595
13.1469,1601
13.1523,1595
13.1579,1596
13.1635,1600
13.1692,1598
13.1745,1599
13.1802,1601
13.1858,1596
13.1914,1596
13.1967,1600
13.2024,1596
13.208,1596
13.2134,1597
13.219,1595
13.2247,1598
13.2303,1598
13.2356,1594
13.2413,1598
13.2469,1598
13.2525,1594
13.2579,1600
13.2635,1598
13.2691,1595
13.2748,1601
13.2801,1595
13.2858,1595
13.2914,1602
13.2968,1595
13.3024,1593
13.308,1599
13.3134,1597
13.319,1595
13.3247,1599
13.3303,1593
13.3356,1598
13.3413,1599
13.3469,1594
13.3525,1598
13.3579,1599
13.3635,1594
13.3691,1597
13.3745,1599
13.3801,1592
13.3857,1598
13.3914,1599
13.397,1595
13.4024,1600
13.408,1598
13.4136,1595
13.419,1602
13.4246,1595
13.4302,1598
13.4359,1601
13.4412,1595
13.4469,1597
13.4525,1600
13.4581,1594
13.4635,1599
13.4691,1600
13.4747,1594
13.4801,1598
13.4857,1598
13.4914,1595
13.4967,1600
13.5023,1599
13.508,1595
13.5136,1599
13.519,1597
13.5246,1595
13.5302,1596
13.5359,1597
13.5412,1595
13.5468,1601
13.5525,1595
13.5581,1595
13.5635,1599
13.5691,1596
13.5747,1596
13.5801,1602
13.5857,1596
13.5913,1596
13.5969,1599
13.6026,1595
13.6079,1598
13.6135,1598
13.6192,1593
13.6248,1600
13.6301,1598
13.6358,1595
13.6414,1599
13.647,1596
13.6524,1594
13.658,1600
13.6636,1598
13.669,1597
13.6746,1600
13.6802,1595
13.6858,1600
13.6912,1598
13.6968,1594
13.7025,1600
13.7081,1597
13.7137,1595
13.719,1599
13.7247,1598
13.7303,1594
13.7356,1601
13.7413,1597
13.7469,1594
13.7525,1600
13.7579,1596
13.7635,1593
13.7691,1600
13.7748,1595
13.7801,1596
13.7858,1600
13.7914,1596
13.797,1593
13.8023,1599
13.808,1597
13.8136,1598
13.819,1598
13.8246,1594
13.8302,1599
13.8359,1597
13.8415,1595
13.8469,1599
13.8525,1596
13.8581,1595
13.8635,1601
13.8691,1594
13.8747,1595
13.8801,1601
13.8857,1595
13.8913,1595
13.897,1599
13.9023,1595
13.9079,1597
13.9136,1599
13.9192,1594
13.9248,1598
13.9301,1600
13.9357,1595
13.9414,1600
13.947,1596
13.9524,1594
13.958,1600
13.9636,1598
13.9692,1595
13.9746,1600
13.9802,1595
13.9858,1598
13.9915,1600
13.9968,1594
14.0023,1595
14.008,1601
14.0136,1597
14.0192,1598
14.0246,1596
14.0302,1596
14.0359,1598
14.0415,1598
14.0468,1594
14.0525,1598
14.0581,1599
14.0634,1592
14.0691,1598
14.0745,1598
14.0802,1594
14.0858,1597
14.0914,1600
14.0968,1595
14.1024,1600
14.108,1600
14.1136,1594
14.119,1600
14.1246,1595
14.1303,1595
14.1359,1600
14.1413,1595
14.1469,1597
14.1525,1597
14.1581,1597
14.1637,1600
14.1691,1596
14.1747,1596
14.1803,1602
14.1857,1594
14.1913,1598
14.1969,1600
14.2026,1594
14.2082,1599
14.2135,1599
14.2191,1595
14.2248,1598
14.2304,1600
14.2357,1594
14.2414,1598
14.247,1597
14.2526,1594
14.2579,1598
14.2636,1600
14.2692,1593
14.2745,1599
14.2802,1597
14.2858,1597
14.2914,1599
14.2968,1595
14.3024,1598
14.308,1599
14.3136,1596
14.3193,1600
14.3246,1596
14.3303,1596
14.3359,1600
14.3415,1595
14.3468,1596
14.3525,1600
14.3581,1594
14.3635,1597
14.3691,1599
14.3747,1593
14.3803,1599
14.3857,1597
14.3913,1596
14.3969,1596
14.4026,1598
14.4082,1594
14.4135,1603
14.4192,1598
14.4248,1594
14.4301,1598
14.4357,1598
14.4414,1594
14.447,1599
14.4526,1593
14.458,1596
14.4636,1598
14.4692,1596
14.4748,1596
14.4802,1600
14.4858,1595
14.4914,1596
14.497,1600
14.5024,1595
14.508,1597
14.5136,1600
14.5193,1594
14.5246,1597
14.5302,1600
14.5357,1595
14.5413,1598
14.5469,1598
14.5525,1594
14.5582,1600
14.5635,1596
14.5691,1596
14.5747,1599
14.5803,1596
14.5857,1598
14.5913,1597
14.5969,1595
14.6025,1599
14.6079,1596
14.6135,1600
14.6191,1600
14.6247,1595
14.6304,1596
14.6357,1600
14.6413,1596
14.6469,1597
14.6525,1601
14.6581,1594
14.6635,1597
14.6691,1597
14.6747,1596
14.6801,1599
14.6858,1595
14.6914,1595
14.697,1600
14.7025,1595
14.7081,1596
14.7138,1598
14.7191,1594
14.7247,1600
14.7303,1598
14.736,1594
14.7413,1599
14.7469,1596
14.7524,1595
14.758,1601
14.7636,1596
14.7692,1595
14.7749,1599
14.7802,1595
14.7859,1595
14.7915,1600
14.7971,1595
14.8024,1598
14.8081,1600
14.8137,1595
14.8193,1600
14.8246,1597
14.8303,1595
14.8359,1601
14.8413,1595
14.8469,1596
14.8525,1598
14.8581,1596
14.8635,1598
14.8691,1599
14.8746,1596
14.8802,1598
14.8859,1598
14.8915,1594
14.8968,1597
14.9024,1602
14.9081,1593
14.9137,1599
14.9191,1600
14.9247,1593
14.9303,1598
14.9359,1599
14.9413,1593
14.9469,1601
14.9525,1599
14.9581,1594
14.9638,1601
14.9691,1596
14.9747,1598
14.9804,1599
14.986,1597
14.9913,1594
14.9968,1600
15.0025,1599
15.0081,1594
15.0138,1600
15.0191,1594
15.0247,1597
15.0303,1597
15.036,1593
15.0413,1599
15.0469,1599
15.0526,1597
15.0582,1600
15.0636,1597
15.0692,1598
15.0748,1600
15.0802,1598
15.0858,1597
15.0914,1600
15.0971,1596
15.1024,1597
15.108,1601
15.1137,1596
15.1193,1598
15.1247,1602
15.1303,1595
15.1359,1598
15.1415,1601
15.1469,1596
15.1525,1599
15.1581,1599
15.1638,1594
15.1691,1598
15.1747,1597
15.1804,1595
15.1857,1601
15.1914,1595
15.197,1597
15.2026,1599
15.208,1596
15.2136,1598
15.2193,1597
15.2246,1593
15.2302,1598
15.2358,1599
15.2415,1595
15.2471,1599
15.2525,1595
15.2581,1595
15.2637,1600
15.2693,1597
15.2747,1596
15.2803,1600
15.2859,1594
15.2915,1595
15.2969,1601
15.3025,1597
15.3081,1597
15.3138,1599
15.3191,1596
15.3248,1599
15.3304,1600
15.3357,1594
15.3414,1601
15.347,1599
15.3524,1596
15.358,1601
15.3636,1598
15.3692,1593
15.3749,1599
15.3802,1597
15.3859,1596
15.3915,1599
15.3971,1595
15.4024,1596
15.4081,1599
15.4137,1597
15.4193,1596
15.4247,1602
15.4303,1598
15.4359,1597
15.4416,1600
15.4469,1597
15.4525,1595
15.4582,1601
15.4635,1597
15.4692,1597
15.4748,1599
15.4804,1596
15.4858,1597
15.4914,1598
15.497,1593
15.5026,1598
15.508,1599
15.5136,1596
15.5192,1599
15.5249,1600
15.5302,1594
15.5358,1598
15.5415,1599
15.5471,1595
15.5524,1599
15.5581,1600
15.5637,1595
15.5691,1600
15.5747,1596
15.5803,1593
15.5859,1601
15.5916,1598
15.5969,1595
15.6026,1599
15.6082,1598
15.6136,1597
15.6192,1598
15.6248,1595
15.6302,1598
15.6358,1602
15.6414,1593
15.6471,1596
15.6524,1598
15.6581,1594
15.6637,1599
15.6693,1597
15.6747,1592
15.6803,1600
15.6859,1597
15.6916,1594
15.6969,1601
15.7025,1596
15.7082,1594
15.7135,1602
15.7191,1594
15.7247,1596
15.7304,1599
15.7357,1594
15.7414,1597
15.747,1599
15.7524,1593
15.758,1598
15.7637,1596
15.7691,1595
15.7747,1601
15.7804,1598
15.7858,1595
15.7915,1601
15.7969,1596
15.8025,1595
15.8081,1600
15.8135,1594
15.8192,1597
15.8248,1600
15.8302,1594
15.8359,1596
15.8415,1599
15.847,1594
15.8526,1598
15.858,1601
15.8636,1593
15.8693,1599
15.8747,1599
15.8803,1595
15.886,1599
15.8914,1597
15.897,1596
15.9027,1601
15.9081,1595
15.9137,1594
15.9193,1601
15.9247,1596
15.9303,1594
15.9359,1600
15.9413,1597
15.947,1597
15.9526,1601
15.9582,1598
15.9636,1597
15.9692,1600
15.9746,1591
15.9803,1597
15.9859,1600
15.9913,1593
15.997,1600
16.0026,1599
16.008,1592
16.0137,1598
16.0193,1596
16.0247,1594
16.0303,1599
16.036,1596
16.0414,1596
16.0471,1600
16.0525,1596
16.0581,1596
16.0638,1600
16.0692,1595
16.0749,1598
16.0803,1600
16.0858,1593
16.0914,1598
16.0971,1600
16.1025,1595
16.1081,1596
16.1136,1599
16.1192,1593
16.1249,1596
16.1303,1599
16.1359,1593
16.1414,1600
16.147,1599
16.1527,1594
16.158,1597
16.1636,1600
16.1692,1594
16.1749,1596
16.1803,1599
16.1859,1596
16.1913,1596
16.1969,1599
16.2026,1595
16.2082,1596
16.2136,1601
16.2192,1593
16.2248,1597
16.2305,1601
16.2358,1595
16.2415,1595
16.2471,1601
16.2525,1596
16.2581,1596
16.2635,1601
16.2692,1594
16.2748,1597
16.2804,1599
16.286,1595
16.2914,1601
16.297,1603
16.3027,1596
16.3081,1594
16.3137,1601
16.3193,1596
16.3247,1596
16.3303,1600
16.3358,1595
16.3414,1594
16.347,1602
16.3527,1595
16.3581,1597
16.3637,1599
16.3693,1597
16.3746,1596
16.3803,1601
16.3859,1598
16.3915,1595
16.3969,1600
16.4025,1597
16.408,1594
16.4136,1598
16.4192,1596
16.4249,1596
16.4302,1601
16.4359,1596
16.4415,1597
16.4469,1598
16.4525,1596
16.4581,1598
