Experiment: Feb_8_Batch_expt_zeroed vial 7, Mon Feb  8 17:45:07 2021
0.0049,0.0
0.0103,0.0013096278472994882
0.0159,0.006318117067333651
0.0213,-0.0074504711478819985
0.0269,-0.004067664278408767
0.0326,-0.0036348974614734963
0.0382,-0.01667202139597479
0.0436,-0.013351209574396838
0.0492,-0.009845444825607341
0.0546,-0.01885884626681178
0.0602,-0.01478809349858734
0.0659,-0.017465137111666085
0.0715,-0.01705990451232231
0.0769,-0.02370684491740027
0.0826,-0.02817204800561579
0.088,-0.024953520165694965
0.0936,-0.028643960652827483
0.0992,-0.021248126042907156
0.1046,-0.0241730387125223
0.1102,-0.029047689407888155
0.1159,-0.02776851177570916
0.1215,-0.03030899870076631
0.1269,-0.03122633181092982
0.1325,-0.03602119457286723
0.1381,-0.03434038484866653
0.1435,-0.030046575822748167
0.1491,-0.0346229266482978
0.1548,-0.03208860572128014
0.1604,-0.034385395995282675
0.1658,-0.03166046397295719
0.1715,-0.029269396843118134
0.1768,-0.02291463832681262
0.1825,-0.024651582575683895
0.1881,-0.030618314570241667
0.1938,-0.02863289119087553
0.2032,-0.029384411368491126
0.2046,-0.029589060281461466
0.2103,-0.029270100030115875
0.216,-0.02635754469504792
0.2213,-0.025146197077669186
0.2269,-0.02613035950960163
0.2359,-0.025417312347006504
0.238,-0.026657835180513123
0.2436,-0.0288871508327897
0.2493,-0.02357406295110165
0.2607,-0.022719056123473136
0.2622,-0.02307750015899357
0.2659,-0.02117252129326097
0.2713,-0.021512318286726284
0.282,-0.020093710370975737
0.2827,-0.021781987627703003
0.2881,-0.020874820749686718
0.2937,-0.02111364312636055
0.3039,-0.01971236273516297
0.3046,-0.017624798731983304
0.3103,-0.020247400604791688
0.3159,-0.018861895324240763
0.3254,-0.01843727481277324
0.3271,-0.024253664565162314
0.3324,-0.023535203607157662
0.3381,-0.0205575720746054
0.3437,-0.015100808640882812
0.354,-0.019577242024768626
0.3567,-0.016477811832760647
0.3604,-0.021417142296765723
0.3658,-0.02195775464406413
0.3764,-0.01598808436602628
0.3788,-0.01678398874909459
0.3825,0.008198048585841722
0.3881,-0.019836463018954476
0.398,-0.0187182917235309
0.3991,-0.017567544517300693
0.4047,-0.01880833479562294
0.4104,-0.008061861418927618
0.4158,-0.01775699106658868
0.4214,-0.014947560023743867
0.427,-0.01315198109489657
0.4327,-0.010920788744898546
0.438,-0.008811079775225439
0.4437,-0.006930810770189311
0.4493,-0.007314309656344387
0.4547,-0.010629308142062088
0.4603,-0.010984012681813704
0.466,-0.010291865140184209
0.4713,-0.009490574314748867
0.477,-0.009996751960192007
0.4826,-0.009449033887571012
0.488,-0.0087296507050032
0.4937,-0.004217796380452388
0.4993,-0.009545207805562672
0.5047,-0.009158737960833108
0.5103,-0.010364337356298714
0.5159,-0.007520781835919088
0.5216,-0.010253140846180342
0.5269,-0.007526062437746228
0.5326,-0.0016880954324605124
0.5379,-0.010869842283006026
0.5436,-0.012174196220794853
0.5492,-0.012040061028047111
0.5549,-0.006997664731106301
0.5602,-0.006819099452169297
0.5659,-0.010507714647747468
0.5715,-0.011472798451541255
0.5769,-0.008876645710238718
0.5825,-0.009453323527466084
0.5881,-0.011043579353676725
0.5938,-0.012382315578647107
0.5992,-0.013041852712137425
0.6048,-0.009494824733066176
0.6102,-0.010425046963660423
0.6159,-0.010898391017291731
0.6215,-0.008645716752240462
0.6269,-0.01315723037398353
0.6324,-0.011962765554877741
0.6381,-0.011806002452324327
0.6437,-0.017823457658257658
0.6491,-0.013541268457163635
0.6547,-0.017512287464930276
0.6603,-0.013873864745283182
0.666,-0.012616896758143481
0.6713,-0.014494762082801982
0.6769,-0.012014343921839643
0.6826,-0.01158778313583042
0.6882,-0.012695050648416917
0.6935,-0.016014053414911578
0.6992,-0.01564273357807
0.7048,-0.007862449051517117
0.7102,-0.009420164256443542
0.7158,-0.011938527009330846
0.7214,-0.011886827620047002
0.7271,-0.005390025891610417
0.7324,-0.011113248750667548
0.7381,-0.003555168162003186
0.7437,-0.008708603016846173
0.7493,-0.009866965059766697
0.7547,-0.00908759275459503
0.7603,-0.011191772665485322
0.766,-0.010455678173549199
0.7713,-0.009818965045039985
0.777,-0.01277874015700542
0.7826,-0.014945862998939186
0.7882,-0.01360336260687367
0.7936,-0.015213876843102492
0.7992,-0.016301722290503085
0.8049,-0.01234632418856263
0.8102,-0.00870932541618008
0.8159,-0.012259423957144522
0.8215,-0.01132439605725355
0.8271,-0.013882792942004896
0.8325,-0.011665909583887357
0.8381,-0.021719045036404427
0.8438,-0.013566661787057122
0.8491,-0.01471571386374948
0.8548,-0.016391439007685582
0.8604,-0.021507848813298702
0.8658,-0.013273969397438856
0.8714,-0.0216773502985681
0.877,-0.021917051329236825
0.8827,-0.01919100074433233
0.888,-0.02065769308023291
0.8936,-0.022020717341850293
0.8993,-0.022852495860615774
0.9049,-0.024211460583832833
0.9102,-0.022197716095999853
0.9159,-0.022098186174656975
0.9215,-0.021206393518822475
0.9269,-0.02175923610685282
0.9325,-0.02215438016829241
0.9381,-0.020814397094246484
0.9438,-0.02105105115974437
0.9491,-0.020782490105724083
0.9548,-0.0196535861501288
0.9604,-0.02175417900673149
0.9658,-0.021389959546159965
0.9714,-0.022189171997497148
0.977,-0.01988502632757827
0.9827,-0.02036959418490425
0.988,-0.022238756478235366
0.9937,-0.02080613893258243
0.9993,-0.022693707320552425
1.0047,-0.023098482916419583
1.0103,-0.017826000757818372
1.016,-0.016036439568312133
1.0213,-0.019386626198682144
1.027,-0.020519066269422792
1.0326,-0.018289860690720028
1.0382,-0.014572973880409235
1.0436,-0.017177520367194
1.0492,-0.022350054536061092
1.0548,-0.015683602124791696
1.0602,-0.020132614019253925
1.0659,-0.019340268931615112
1.0715,-0.01342244043403551
1.0769,-0.017024950286108398
1.0825,-0.020350476367199777
1.0882,-0.016681765185365016
1.0936,-0.01547627026357623
1.0992,-0.015430241635683073
1.1048,-0.019784059578930258
1.1105,-0.010522573635515897
1.1158,-0.010104217146464478
1.1215,-0.012546740559813863
1.1271,-0.01081176912776427
1.1325,-0.009310648527027121
1.1381,-0.010517389704755908
1.1437,-0.0076332819427797904
1.1494,-0.013902003741777857
1.1547,-0.013497365723416088
1.1603,-0.008833648107967385
1.166,-0.00481679494271825
1.1713,-0.007352834523974394
1.177,-0.006982977412525848
1.1826,-0.004463220450043437
1.1883,-0.009015065710207937
1.1936,0.008142093980773035
1.1993,-0.00039755899570925735
1.2049,0.0032534449148915456
1.2103,-0.0023578626819349413
1.2159,-0.0024015980283267346
1.2215,0.005714139724730227
1.2269,0.0004154202556352349
1.2325,0.00468911647103476
1.238,0.01107377747876126
1.2436,0.007203090916757748
1.2492,0.006238581540140453
1.2548,0.003020477704447355
1.2605,0.011013968823265774
1.2658,0.002949312878551602
1.2714,0.008436015984021772
1.2771,0.012097321828971275
1.2824,0.009496449500813853
1.2881,0.008247601341527355
1.2938,0.008773103777050872
1.2991,0.014451715593023495
1.3048,0.014578412137247865
1.3104,0.013889376873062353
1.3158,0.021121904379984846
1.3215,0.01929701708137621
1.3271,0.017687613804167057
1.3325,0.025421092799159384
1.3381,0.026200220540998798
1.3438,0.02866237049685716
1.3492,0.030784805374449498
1.3548,0.029929087665670595
1.3604,0.025082395304834026
1.3658,0.03672518914390266
1.3715,0.021315688969215874
1.3771,0.03545610579104719
1.3825,0.0362030338740007
1.3882,0.029703039909763973
1.3938,0.03122737917434959
1.3992,0.036481510944319284
1.4048,0.032260762837752255
1.4102,0.03690369400133475
1.4158,0.03859385359554013
1.4215,0.04217027332735723
1.4271,0.04053215895454132
1.4325,0.04182645534803742
1.4381,0.043656388973266624
1.4437,0.049355657328455926
1.4491,0.051501442017746424
1.4547,0.048296054106272024
1.4604,0.058024606973732906
1.466,0.053818698156708145
1.4714,0.05762284433812681
1.477,0.059851563956148546
1.4826,0.050173873109593536
1.4883,0.061573937406945944
1.4936,0.06770622321388242
1.4992,0.06262091830529215
1.5048,0.06704809522304844
1.5105,0.07089727005729762
1.5158,0.06978390688490033
1.5215,0.07824321372830156
1.527,0.0716156416231879
1.5324,0.08257985387578148
1.5381,0.07833144326395025
1.5438,0.08533483157404931
1.5491,0.08007168300967216
1.5548,0.08324484676809951
1.5604,0.0893588496498553
1.5658,0.09007783671470337
1.5714,0.09220903452022655
1.577,0.09410371787662797
1.5827,0.09424526764358698
1.588,0.09897709559302659
1.5937,0.09991402009934469
1.5993,0.10183689989305222
1.6047,0.10893492973792307
1.6103,0.11121653593510217
1.6159,0.10314375554591715
1.6215,0.11934062184345218
1.6271,0.11435053105677129
1.6325,0.11623976921253532
1.6381,0.11920291383369441
1.6437,0.1165350979453259
1.6493,0.11878251399429873
1.6547,0.12949678515574958
1.6603,0.11800200983950293
1.6659,0.12405580317460196
1.6715,0.13207077858042082
1.6769,0.12999609189655836
1.6825,0.13502561192255957
1.6882,0.13642564337210517
1.6938,0.14210981253802524
1.6992,0.1386669787353313
1.7048,0.14501840587175163
1.7105,0.1467012969100735
1.7158,0.1451071920359599
1.7215,0.15916074780690215
1.7271,0.15186904640698906
1.7327,0.15637581041590354
1.7381,0.1635044752573389
1.7438,0.16269049165484095
1.7491,0.15328106652659534
1.7548,0.16212386982493476
1.7604,0.16149221467092145
1.7658,0.17126315410917703
1.7714,0.17053897022622444
1.7771,0.16405907102183725
1.7827,0.17352599839903582
1.7881,0.1725707324441692
1.7937,0.18145015590778812
1.7993,0.18158207116793001
1.8047,0.18036803463741913
1.8103,0.17167463776918523
1.816,0.1878246280350201
1.8214,0.18675731925843153
1.827,0.1888555721949834
1.8326,0.19659191807619225
1.8383,0.195939608235013
1.8436,0.19798464511775726
1.8492,0.19729903198241028
1.8549,0.19107592934121287
1.8603,0.2009770160328327
1.8659,0.2006949820295162
1.8715,0.2046997124109594
1.8772,0.20073669844844622
1.8825,0.20687114027393239
1.8881,0.21117728598204144
1.8937,0.20774216981701932
1.8994,0.21041466087989713
1.9047,0.21298112610339281
1.9103,0.21700734995094417
1.9159,0.21530128743318022
1.9216,0.22354464434547106
1.9269,0.2240428740067717
1.9326,0.22732786766384705
1.9381,0.22998905595068475
1.9437,0.23026229266539644
1.9491,0.23277785702291487
1.9548,0.22619159451485749
1.9604,0.23930487375238496
1.9658,0.2352748830044914
1.9714,0.24094595108900263
1.977,0.23580710907939206
1.9827,0.23353627714073566
1.9881,0.24596642695381776
1.9937,0.24700952978091473
1.9993,0.24558848288567636
2.0047,0.25692405317024536
2.0104,0.25257617023335066
2.0158,0.26900740414368807
2.0214,0.2623998303063818
2.027,0.2632900821536607
2.0327,0.26445114345766374
2.0381,0.2703595330893831
2.0437,0.2647308685427967
2.0493,0.26838483264074375
2.0547,0.27775440296660725
2.0604,0.27580474457374504
2.066,0.27759273836858966
2.0714,0.28147277988709296
2.077,0.2840953655437424
2.0827,0.2812252663050915
2.088,0.2823551156229773
2.0937,0.285048156363948
2.0993,0.2865201935022166
2.1047,0.280412876406423
2.1103,0.29160710858081174
2.1159,0.2953196808976458
2.1216,0.2990979410513326
2.1269,0.2970248994289988
2.1326,0.3008485763573464
2.1382,0.29891445849789877
2.1438,0.29944229619294094
2.1492,0.30582997432953773
2.1548,0.30623021903629455
2.1604,0.30207815350834444
2.1658,0.3068167761961066
2.1714,0.31217315317832006
2.177,0.31570455126598174
2.1827,0.313044550883651
2.188,0.3141756641757
2.1937,0.3156373140351242
2.1992,0.3204825299588885
2.2048,0.31670592915488815
2.2102,0.31743689513485196
2.2158,0.32240111339909927
2.2215,0.3265880797032481
2.227,0.3321621766139653
2.2327,0.33417913850800296
2.2381,0.3371504545402443
2.2437,0.34101248659104977
2.2493,0.3396625746320324
2.2547,0.3392526447886569
2.2603,0.34309206869839404
2.266,0.3408353743861685
2.2713,0.3464995188531754
2.277,0.34917630321789006
2.2826,0.3485278125015019
2.2883,0.351781754485729
2.2937,0.34875058294514993
2.2993,0.3500765018104106
2.3047,0.35981895773293127
2.3103,0.3545926157803889
2.3159,0.35688952890608194
2.3216,0.36054756047260583
2.3269,0.3589755198059852
2.3326,0.36353256645662535
2.3382,0.3665178906511195
2.3436,0.36413360511697
2.3493,0.36928026515912127
2.3549,0.3641870117408247
2.3603,0.3681685860826174
2.3659,0.37381922680964685
2.3716,0.3728041784968128
2.3769,0.3705033531709334
2.3826,0.37054000887082483
2.3882,0.37400885086667846
2.3936,0.3772994148183154
2.3992,0.37340055882756773
2.4049,0.3748675039352345
2.4102,0.37731050940087596
2.4159,0.3840439954815398
2.4215,0.38674755083314083
2.4269,0.38030397862536924
2.4325,0.38364495663573006
2.4382,0.3883193241162628
2.4438,0.3878568941701247
2.4492,0.38919101802309375
2.4548,0.39021606771546147
2.4605,0.3983678807475952
2.4659,0.3938810802265179
2.4715,0.3945803317422101
2.4772,0.3954610420013033
2.4826,0.3959024085672379
2.4882,0.3985114223883276
2.4936,0.3935606862092711
2.4992,0.4005480537526598
2.5049,0.40026593686188217
2.5102,0.4006867261569762
2.5159,0.40359680399672104
2.5216,0.40741288306893475
2.527,0.40781980196472534
2.5326,0.41113293493613823
2.538,0.40950684293227824
2.5437,0.41069751584609127
2.5493,0.41237202592683975
2.5547,0.4157296113516258
2.5603,0.41709518364146614
2.566,0.4196222544466891
2.5714,0.4171773864953967
2.577,0.4231345147440573
2.5827,0.41645417593548806
2.5881,0.4228189151353752
2.5938,0.41941273509986343
2.5991,0.4263152278244231
2.6048,0.42805131736187885
2.6105,0.4263709601540475
2.6158,0.42667980534568195
2.6215,0.43341780118412
2.6272,0.4300008151966316
2.6326,0.44096190089392695
2.6382,0.43663807292601353
2.6436,0.44419973682536495
2.6493,0.4463021790699766
2.6547,0.4459070715162716
2.6603,0.44636981773060846
2.666,0.4461440773557833
2.6714,0.4480094883143121
2.677,0.44442554766087294
2.6825,0.44998334972567666
2.6882,0.4494923947863375
2.6939,0.4492305615983553
2.6993,0.4530273747330231
2.7049,0.4497997006286939
2.7103,0.45491939464330167
2.716,0.455157534282145
2.7214,0.45194184192437925
2.727,0.45808511118398354
2.7327,0.4548338548840869
2.7381,0.45468167354148425
2.7437,0.45693788421523407
2.7494,0.4586632022242836
2.7548,0.4636775303331986
2.7604,0.46363164310128835
2.7658,0.46286983179315644
2.7715,0.45944697737283025
2.7771,0.4588948721057615
2.7825,0.4632081501106551
2.7881,0.46332172591042864
2.7938,0.4648636777894072
2.7992,0.46472954198610483
2.8049,0.4631341298748768
2.8103,0.4669568386106123
2.8159,0.46887963761940743
2.8216,0.46596119092254773
2.8269,0.46743394529232896
2.8326,0.47468157717236203
2.8382,0.470521087809442
2.8436,0.4698265367721378
2.8492,0.46720595617429217
2.855,0.47273589710029684
2.8604,0.4718089864695003
2.866,0.47229151697647986
2.8714,0.48035021184094373
2.877,0.4754831233315595
2.8827,0.4777794581236311
2.8883,0.47932462800271924
2.8937,0.4813926612961392
2.8994,0.4790000998786702
2.9048,0.4831359826265199
2.9104,0.4823085922192898
2.9158,0.48343054182210576
2.9214,0.48243248020378493
2.9271,0.48422259499222153
2.9327,0.48482024547400004
2.9381,0.4857368786850387
2.9437,0.4872853692252822
2.9491,0.4847744965599827
2.9548,0.49140354716269563
2.9605,0.49122129963726047
2.9659,0.4916914192599118
2.9716,0.49052055181360854
2.977,0.4943809748855008
2.9827,0.49189880608608294
2.9883,0.4981367492164278
2.9937,0.4902766301501261
2.9994,0.4935908506510238
3.0048,0.4931821730161928
3.0105,0.49137374664085054
3.0159,0.4954743757984703
3.0216,0.49763660353831707
3.0269,0.49280243690257075
3.0326,0.49413656999930233
3.0383,0.49411968875904877
3.0436,0.4966679451025089
3.0493,0.49935447120193677
3.0547,0.4968584656304048
3.0604,0.4974088951497767
3.066,0.4999221229230828
3.0714,0.4995682757521196
3.0771,0.5003113940890089
3.0825,0.5006903788533188
3.0881,0.4955001706848604
3.0937,0.49743929596824144
3.0994,0.49629082153943826
3.1047,0.49784076300714764
3.1103,0.4975879976160893
3.116,0.4981439844705028
3.1214,0.49839606312132645
3.1271,0.5030647411413743
3.1327,0.5005451579122338
3.1381,0.499231947208702
3.1438,0.4998398201508577
3.1492,0.5016837652729692
3.1548,0.5005299598176556
3.1605,0.5026952125087306
3.1659,0.5016715869314066
3.1715,0.5038754557634142
3.177,0.5058668894781413
3.1826,0.5016477339758127
3.1882,0.49938084249327985
3.1936,0.49977692643783656
3.1993,0.5051125033226121
3.2049,0.5019225453906127
3.2103,0.5035745444752467
3.216,0.5085689652257456
3.2216,0.507225362809287
3.227,0.5056841254575706
3.2327,0.505785569162153
3.238,0.5047784215366262
3.2437,0.5067690619418955
3.2494,0.5060938405291014
3.2547,0.5083879161054791
3.2604,0.5062407461268956
3.266,0.5066707602736231
3.2714,0.5103243913617169
3.2771,0.5079457003294605
3.2825,0.5096539014229869
3.2882,0.5093298337521062
3.2938,0.5060900103511228
3.2992,0.5072990788284463
3.3049,0.509519137417428
3.3103,0.5085268221771759
3.3159,0.5081825325536105
3.3216,0.5089626697464976
3.327,0.5114996053338056
3.3326,0.5126390264785397
3.3381,0.5093703462270274
3.3438,0.5098113550492895
3.3491,0.5119611966106017
3.3548,0.5120502468722816
3.3605,0.5126866563184539
3.3659,0.5121787826893452
3.3715,0.512950907696626
3.3771,0.5138085844528811
3.3825,0.512260249089322
3.3882,0.5161411649487838
3.3936,0.5162105718282286
3.3992,0.5152246464979747
3.4049,0.512538543616264
3.4105,0.5158934002726315
3.4159,0.5143649311034695
3.4215,0.5140611330358458
3.4272,0.5150198986034897
3.4326,0.5160063432280901
3.4382,0.5138225431935388
3.4436,0.5150242523529056
3.4493,0.5178627762892442
3.4547,0.513088878253996
3.4603,0.5151201434972976
3.466,0.5191142057450704
3.4716,0.5170700185100418
3.477,0.5178463617566131
3.4826,0.5206092032849371
3.488,0.520083564388116
3.4937,0.5193317620627265
3.4994,0.5181848112200463
3.5048,0.5199349839466485
3.5104,0.5193755756849167
3.516,0.5218666927179225
3.5214,0.5200917855321097
3.527,0.5223234585962481
3.5327,0.522404847334166
3.5381,0.5201224458203298
3.5437,0.5231744492825405
3.5493,0.523374901154074
3.5548,0.522310931835307
3.5604,0.5207332754825207
3.5658,0.5229319766829911
3.5715,0.5247485403164852
3.5771,0.5258299599949297
3.5825,0.5273335497692989
3.5881,0.5239788910234059
3.5938,0.5260928407046879
3.5992,0.5252264245091628
3.6048,0.5276488034132782
3.6102,0.5247283830430336
3.6159,0.5278959729209346
3.6216,0.525959844811492
3.627,0.5252707689407479
3.6326,0.5263285008973955
3.6383,0.5301182886173811
3.6437,0.5280462680996205
3.6493,0.531159325330438
3.6547,0.5321368007949058
3.6604,0.5307337095205932
3.6658,0.5279991751594908
3.6715,0.5265862029716468
3.6771,0.5308366102583353
3.6827,0.5296911511008666
3.6881,0.5317230695746263
3.6938,0.5317312432769421
3.6992,0.5321240736218321
3.7048,0.5330709658357361
3.7105,0.5315012987887779
3.7159,0.5329728020116796
3.7216,0.5348538358535398
3.7272,0.5377078894701932
3.7325,0.5327262136388963
3.7382,0.5361793058927864
3.7438,0.537779371165593
3.7492,0.5395489641655417
3.7549,0.5379510933335558
3.7605,0.5380180750847129
3.7659,0.5434158726700012
3.7715,0.538988074631599
3.7772,0.5378745954967211
3.7825,0.538986564637344
3.7882,0.5392257054803384
3.7938,0.5441161928764987
3.7992,0.541650030691282
3.8048,0.5413270441654792
3.8105,0.5392138047418911
3.8159,0.5420613108132082
3.8216,0.541785510435523
3.8272,0.5423255673929583
3.8326,0.540574392435383
3.8382,0.5411577496387155
3.8436,0.542554578825867
3.8492,0.5453974920493647
3.8549,0.5463132943294758
3.8603,0.543856989887236
3.866,0.5423451265446645
3.8714,0.5438925415421146
3.877,0.5474702722729594
3.8827,0.5477663699359386
3.8881,0.5478792598781174
3.8937,0.5449803361646943
3.8994,0.5453024318090958
3.9047,0.5490572634586955
3.9104,0.5442975333486638
3.916,0.5500893030649258
3.9214,0.5459537453680671
3.9271,0.548736602751301
3.9328,0.5518029029942187
3.9381,0.5501372784271036
3.9438,0.5502638610447274
3.9494,0.5504320815167226
3.9548,0.5523059321526868
3.9604,0.5526389832842199
3.9661,0.5511896219018121
3.9715,0.5539420397885615
3.9772,0.5565286804524436
3.9825,0.5521117042364244
3.9882,0.5520035741878212
3.9938,0.5544991835824805
3.9995,0.5568815671445112
4.0048,0.5558085834352179
4.0105,0.5559154574149763
4.0158,0.5568505790724073
4.0215,0.5573205741598755
4.0272,0.5554874473192013
4.0326,0.5578608188492191
4.0382,0.5579646907052601
4.0439,0.5560604398156601
4.0492,0.5595104209895794
4.0548,0.5548677820092109
4.0605,0.5618129766599659
4.0658,0.5627672009174534
4.0715,0.555971292500995
4.0772,0.560432598134008
4.0826,0.5595005027631579
4.0882,0.5611119951015608
4.0939,0.5635112026057435
4.0992,0.5607520814924791
4.1049,0.5582310608510074
4.1103,0.559723067477524
4.1159,0.5628600343464149
4.1215,0.5620666864908875
4.1272,0.5614131902560429
4.1325,0.5675721769456561
4.1382,0.5657579973639304
4.1439,0.5667182464641751
4.1492,0.5651055101499148
4.1549,0.5656510425182651
4.1603,0.5687419636388569
4.166,0.5683698935281315
4.1716,0.5697333651762042
4.177,0.5675620552428595
4.1826,0.57073707799347
4.1882,0.5692350697025323
4.1938,0.570412377926456
4.1994,0.5723679102119866
4.2048,0.5683318171454618
4.2104,0.5698334534176338
4.216,0.573487651187271
4.2214,0.5692404963389622
4.2271,0.5696919292778191
4.2327,0.5720590261554838
4.2381,0.5746166554330994
4.2438,0.5737515285408795
4.2494,0.5740993667444264
4.2548,0.5690599417905471
4.2604,0.5716659158412224
4.2658,0.5740880019519968
4.2715,0.5749672279128312
4.2771,0.5724815708334846
4.2825,0.5793863188867069
4.2881,0.578027298123175
4.2938,0.5760133188195797
4.2992,0.5749145329465857
4.3049,0.5773823154469107
4.3105,0.5711885331204243
4.3159,0.5762736413029423
4.3215,0.5763868065171203
4.3272,0.5770523608988175
4.3325,0.5754740951714369
4.3382,0.576396389131714
4.3439,0.5818283301951857
4.3492,0.5787965352686435
4.3549,0.580879901988327
4.3605,0.5827103782510296
4.3658,0.580168845497959
4.3715,0.5790612634141266
4.3771,0.57992784069454
4.3828,0.5822962212670574
4.3881,0.5816182483314788
4.3938,0.5792086734581541
4.3992,0.5828407076938235
4.4049,0.5819768478926947
4.4105,0.5898132989221495
4.4159,0.5827176768526157
4.4215,0.5835113339210378
4.4272,0.5827228021743923
4.4325,0.5841505680131182
4.4382,0.585125343603265
4.4438,0.5871883422608022
4.4492,0.5875426146292797
4.4549,0.5848051215303884
4.4605,0.5863846219529755
4.4659,0.5904551842366814
4.4715,0.5891793113619721
4.4772,0.5978340821877869
4.4826,0.587857737494752
4.4882,0.5884117123871689
4.4938,0.5885344799291615
4.4992,0.5984450862769118
4.5049,0.5983559948437661
4.5105,0.5923994530420645
4.5159,0.5962284291918467
4.5214,0.5970604931908131
4.527,0.5943745591902005
4.5327,0.601552894879847
4.5383,0.5942024248133627
4.5437,0.6009921945563076
4.5492,0.5954389150930101
4.5548,0.5967537350187442
4.5605,0.6039987909371516
4.5659,0.5947707016883742
4.5715,0.5993044932103638
4.577,0.6014069910619163
4.5826,0.6019743446493097
4.5883,0.6054342503478265
4.5937,0.5980891640312126
4.5993,0.6025547190131658
4.6048,0.6047126445360158
4.6105,0.6006142887491575
4.6159,0.5977076611042234
4.6215,0.5994980197259091
4.6272,0.5957812886956217
4.6326,0.6002619265660311
4.6382,0.5993916625218257
4.6438,0.6007174632043388
4.6492,0.6011948867929608
4.6549,0.5967250471898639
4.6604,0.5999965507752608
4.6661,0.6021857946308122
4.6715,0.6006186514220069
4.6772,0.6017827094807975
4.6825,0.602076160656061
4.6882,0.6053392437798192
4.6938,0.5991213278583191
4.6992,0.6029458728558662
4.7048,0.6249718365693376
4.7105,0.6168037424845311
4.7158,0.5998443568499994
4.7215,0.6043001931359294
4.7269,0.6016855577291944
4.7325,0.6058265215336804
4.7382,0.6064004302692224
4.7438,0.6059651435305821
4.7492,0.6005601754336919
4.7548,0.6114621977965272
4.7604,0.6065990113316087
4.7661,0.6073634319146899
4.7715,0.6053387746120781
4.7771,0.6105952844381878
4.7825,0.6055991801918204
4.7882,0.6084365482236651
4.7938,0.6079928631078599
4.7992,0.6061559111220663
4.8048,0.6054840387248887
4.8105,0.6117676611016546
4.8158,0.6130035713918511
4.8214,0.6106444289558125
4.8271,0.6145297456174323
4.8327,0.6154091785284387
4.8381,0.6084027498082435
4.8438,0.6176386935577892
4.8494,0.6143662854685968
4.8548,0.6330208096256185
4.8604,0.6195669516920129
4.8661,0.6165507686992091
4.8714,0.6143458410953998
4.8771,0.6154574168196666
4.8827,0.6177321973932326
4.8881,0.6203126478398506
4.8938,0.6168920807648651
4.8992,0.6145238559179306
4.9048,0.6246703538841273
4.9105,0.6326138333341581
4.9161,0.6206522259064678
4.9215,0.636699593421409
4.9271,0.621351471509032
4.9325,0.6260672194927742
4.9382,0.6187845787866684
4.9439,0.6374162407887419
4.9492,0.6241476426409646
4.9549,0.6198233685179277
4.9605,0.6272130958761676
4.9659,0.6242247284094459
4.9715,0.622509204243361
4.9772,0.622704210354404
4.9825,0.6229467489023482
4.9881,0.6235581783620685
4.9938,0.6285018987328027
4.9992,0.62748518009976
5.0049,0.6260714802008631
5.0105,0.6295027043526601
5.0159,0.6303283018063651
5.0215,0.6251802848057293
5.0271,0.6268013931376077
5.0325,0.6281085986977963
5.0382,0.6291816764347149
5.0438,0.6334837580676537
5.0494,0.6294541999129053
5.0549,0.6342774256781919
5.0605,0.6339223897809383
5.0659,0.6366993664139369
5.0716,0.6358568483390067
5.077,0.634398376695301
5.0826,0.6295498737186149
5.0882,0.633877557883689
5.0939,0.6477457513146947
5.0993,0.6330149035268418
5.1049,0.6363483644061607
5.1103,0.6346953520039506
5.116,0.6452326947737009
5.1216,0.635633302769578
5.127,0.6321325991641817
5.1326,0.6482306514086766
5.1383,0.6392199643251272
5.1436,0.6392412667139014
5.1493,0.6463972309901382
5.1549,0.6444122343435438
5.1606,0.6426809935179985
5.166,0.6372089092208381
5.1717,0.6385788139279615
5.177,0.6449664775646887
5.1827,0.6432915788051712
5.188,0.6494042542033593
5.1937,0.6369128956532646
5.1994,0.6477073903558305
5.205,0.6446353641950949
5.2104,0.6487513018807944
5.216,0.6549612023579647
5.2214,0.6489474331510947
5.227,0.6407472736234846
5.2325,0.6523890569101067
5.2382,0.6479984477606205
5.2438,0.6423369918142531
5.2492,0.6518594798581326
5.2548,0.6524460314253908
5.2604,0.6443128489237467
5.2661,0.6539704731176932
5.2714,0.6509851208678707
5.2771,0.656119876863718
5.2827,0.65584845469023
5.2883,0.6516414019279941
5.2936,0.651201020842938
5.2992,0.651032659148767
5.3049,0.6544274737109518
5.3105,0.6537152282392513
5.3159,0.653346236826169
5.3215,0.6547792684244783
5.3269,0.6490269296219441
5.3325,0.6524534659071752
5.3382,0.6542194336408567
5.3438,0.6489251040570941
5.3492,0.6523005618323281
5.3549,0.6532758896470002
5.3605,0.6516979608963176
5.3659,0.6509237733365926
5.3715,0.6517860323742067
5.3771,0.6493322932021625
5.3826,0.660145686810599
5.3882,0.6552922287900678
5.3939,0.6550547923570917
5.3992,0.6579606326029194
5.4049,0.6547513329176672
5.4105,0.6584820457545598
5.4159,0.6560981457574225
5.4215,0.6569071376601873
5.4272,0.6559533687680699
5.4326,0.656384176055118
5.4383,0.6541275689381969
5.4436,0.6538309965776924
5.4493,0.6539979238383802
5.455,0.6604166680925989
5.4604,0.6575159085718112
5.466,0.657757868951606
5.4717,0.6540694747089756
5.477,0.6569745914582275
5.4827,0.6558372162426758
5.4881,0.6577831555665724
5.4937,0.6587029748802437
5.4994,0.6638255936865896
5.5048,0.6569653875178282
5.5104,0.659169142180559
5.5161,0.6564785120436549
5.5215,0.661269391466363
5.5271,0.6625650997565565
5.5328,0.6610592254464224
5.5382,0.659464961359408
5.5438,0.6624328068580395
5.5495,0.6641651389013543
5.5548,0.666377932213899
5.5605,0.6603225894271298
5.5661,0.6622920754205732
5.5715,0.6640444242762893
5.5771,0.6661983371324222
5.5828,0.6649290597682034
5.5881,0.661283319631525
5.5938,0.6656833618763579
5.5994,0.6609088756904299
5.6048,0.6636569311461537
5.6104,0.6696465937935383
5.616,0.6643120591494119
5.6217,0.6684764395668454
5.627,0.6662974556591519
5.6327,0.6689949508729607
5.6383,0.6655785724334286
5.6438,0.6661027125883816
5.6494,0.6672504590869648
5.6548,0.6700777399908243
5.6604,0.6729181621546716
5.6661,0.6736374663401753
5.6714,0.6676085752862252
5.6771,0.6723234164346258
5.6827,0.6701316963312639
5.6881,0.6746237822405516
5.6938,0.6719191465330943
5.6992,0.670775320552264
5.7049,0.6738220264514498
5.7105,0.6756064228680062
5.7159,0.6738454582817593
5.7215,0.6771833554526272
5.7271,0.6756260632456602
5.7328,0.6798286132549947
5.7381,0.6746176668559712
5.7437,0.6757575987431487
5.7494,0.6736235774031253
5.7548,0.6784235986125343
5.7604,0.6770633087206425
5.7659,0.6744540076429851
5.7715,0.6809653069871765
5.7772,0.6839552623901982
5.7826,0.6762096427620146
5.7882,0.6802353627395875
5.7937,0.6814845322637718
5.7994,0.6797606876955744
5.8048,0.6777727277637415
5.8104,0.6811998586393697
5.8161,0.6830955468771668
5.8214,0.6783054649117796
5.8271,0.6846972455361146
5.8327,0.6810542203655183
5.8381,0.6824425271088159
5.8438,0.6773236560677107
5.8494,0.6888278983856967
5.8548,0.6862901527449375
5.8605,0.6866698046675196
5.8661,0.689144902272691
5.8714,0.6851122783664071
5.8771,0.6859759774521734
5.8827,0.6830555983328246
5.8881,0.6856074205131756
5.8937,0.6847277169449978
5.8993,0.6836938197480603
5.9049,0.687556946422173
5.9103,0.6851817930397326
5.9159,0.6894738266252922
5.9216,0.6830304121893753
5.9271,0.6873441303143114
5.9327,0.6892828632536206
5.9384,0.6892572659478922
5.9437,0.6820198768394011
5.9494,0.6944880555548556
5.9548,0.6866376904561219
5.9604,0.6884379176909672
5.9658,0.6906662236727649
5.9715,0.6901558863065329
5.9771,0.6906692037881512
5.9828,0.6930141834467272
5.9881,0.690909876852575
5.9937,0.6947980644184184
5.9994,0.695228854234469
6.0048,0.6949362667283397
6.0104,0.6948308154043865
6.0159,0.6949096620486037
6.0214,0.6959254493180267
6.0271,0.6945344917244842
6.0327,0.700797818003132
6.0384,0.6993134568351096
6.0437,0.6964711092842703
6.0494,0.7063508061869145
6.0548,0.6944512950428944
6.0604,0.6985690717647847
6.066,0.7019498477737194
6.0715,0.7015302398261778
6.0771,0.7008800835990308
6.0828,0.7051022807594374
6.0881,0.7093388898403297
6.0938,0.7091484481148838
6.0994,0.7092922348480916
6.105,0.703757226202237
6.1104,0.7081458699662834
6.116,0.7058710741070475
6.1217,0.7100365223525732
6.1271,0.7104279804200754
6.1328,0.7107485511538087
6.1381,0.711025322721056
6.1438,0.712242266755953
6.1494,0.7140009226860695
6.1548,0.7151868114710137
6.1604,0.714513598185971
6.166,0.7116533823084973
6.1717,0.7139206294512679
6.1771,0.7164707766618873
6.1827,0.7169364300783536
6.1881,0.7189603893683848
6.1938,0.7137186222653936
6.1994,0.7187056310668298
6.205,0.7201856384854335
6.2104,0.7236458087139841
6.216,0.7212040710805095
6.2217,0.7267094316152036
6.227,0.722735465088605
6.2327,0.7275047439554974
6.2381,0.7252904388264434
6.2437,0.726566248402014
6.2494,0.7238308279637212
6.255,0.7263506673659916
6.2604,0.725998175096957
6.2661,0.7314284773234524
6.2717,0.7320403150987059
6.2771,0.7308945904895958
6.2825,0.7303221209422776
6.2882,0.7332385975743348
6.2938,0.7334762854999194
6.2994,0.7296358001416988
6.3048,0.7376787924639718
6.3105,0.7375484607669719
6.3161,0.7335230978381926
6.3215,0.7365501836992324
6.3271,0.7359947450108901
6.3328,0.7400696326681803
6.3382,0.7400054680996858
6.3438,0.7446591007408466
6.3492,0.742150894365907
6.3549,0.7370792295053626
6.3605,0.7412808371747489
6.3659,0.7421854924447275
6.3715,0.7401471996398793
6.3772,0.7432114600730401
6.3828,0.7478943297077945
6.3881,0.7471862736197373
6.3938,0.7461652159746883
6.3992,0.7446543406888539
6.4049,0.745722892598459
6.4105,0.7452141448992785
6.4162,0.7468003516115588
6.4215,0.7501538319209714
6.4272,0.7499811562949396
6.4328,0.7501175410402638
6.4382,0.7464924851916521
6.4439,0.7528468378407216
6.4492,0.7576303586015064
6.4549,0.7492999765322086
6.4605,0.7561048643512671
6.4659,0.7577086191637956
6.4716,0.7549928338202551
6.4772,0.760824586373472
6.4826,0.7554836831326761
6.4882,0.7591177556873185
6.4938,0.7525979895234037
6.4992,0.7560403045896129
6.5049,0.7577547242762456
6.5105,0.7579442326603012
6.5162,0.7548160177419951
6.5215,0.7503443693939165
6.5271,0.7595810713960197
6.5328,0.7645455363135478
6.5382,0.7652485383579379
6.5438,0.7611353225036146
6.5494,0.7625791033441679
6.5549,0.7642290778774717
6.5605,0.7613985263517736
6.5661,0.7610123433281188
6.5715,0.768866817313052
6.5771,0.7634299073947854
6.5828,0.7620864665458619
6.5882,0.7724984422913649
6.5938,0.7670473051855967
6.5992,0.7639925005338934
6.6048,0.76129634180732
6.6105,0.7715215501731193
6.6162,0.7659477235566456
6.6215,0.7737915164582513
6.6272,0.7692400517550568
6.6326,0.767191623601969
6.6382,0.7730850758516804
6.6439,0.7743688915583191
6.6492,0.778483475332492
6.6549,0.7813865983501221
6.6606,0.7774719565366824
6.6659,0.7742084433248712
6.6716,0.7756012187755874
6.6772,0.7749620067566778
6.6826,0.7739628587742713
6.6882,0.7766800393205889
6.6938,0.7786856172527064
6.6995,0.775837272882011
6.7049,0.7816013540847541
6.7106,0.780970302040113
6.7159,0.7759743134732319
6.7216,0.7814381900443975
6.7272,0.7784484893862635
6.7326,0.7805887409487808
6.7382,0.7837153165953787
6.7438,0.7828678918168543
6.7495,0.7825738047750783
6.7548,0.7865932506308777
6.7605,0.7836594626662029
6.7659,0.7849779182883052
6.7716,0.7861106694278714
6.7772,0.784130164296252
6.7826,0.7871025174923723
6.7882,0.7866828410169802
6.7938,0.7825249230530621
6.7992,0.7893147829346212
6.8049,0.7857464745756654
6.8105,0.7874843982189936
6.8159,0.7902623247524497
6.8216,0.7869362007202829
6.8272,0.8013688446493904
6.8326,0.7935558674767117
6.8382,0.7895075373798722
6.8438,0.7879608181311908
6.8495,0.7932026142213057
6.8549,0.7869979519439562
6.8605,0.7938050395327625
6.8662,0.7943213445443142
6.8716,0.7947072314364795
6.8772,0.795210966001327
6.8828,0.7990766750011149
6.8882,0.7935300839596998
6.8938,0.7947691920657136
6.8992,0.7960613478339376
6.9049,0.7896436577592254
6.9105,0.7966434976079488
6.9161,0.7958137673036652
6.9215,0.7994898839725783
6.9272,0.7958527399080699
6.9328,0.7959550436842097
6.9381,0.8000489606864067
6.9438,0.8000868140976407
6.9494,0.7988938259866745
6.9548,0.8027766839368896
6.9605,0.7950260319986472
6.9661,0.7988979067709631
6.9715,0.8073865884832975
6.9771,0.797373452536644
6.9826,0.7994707847668854
6.9882,0.8070741785585457
6.9939,0.7965933355502494
6.9993,0.8005943013653608
7.0049,0.8022612015772337
7.0106,0.8087808678636499
7.016,0.8103350176332174
7.0216,0.8002068587837604
7.0272,0.8066488619329466
7.0326,0.807384795519597
7.0383,0.808793867896833
7.0439,0.8063730382186157
7.0493,0.8041331122000022
7.0549,0.8045180392475532
7.0606,0.8133807583262274
7.0659,0.8075282037798216
7.0716,0.8081689754089653
7.0772,0.8052975637430716
7.0826,0.8088707294796719
7.0883,0.8102729727552884
7.0939,0.8094247012220321
7.0993,0.8091374102175138
7.1049,0.8138257328039007
7.1106,0.8117752510429439
7.1159,0.811479674522466
7.1216,0.8142149520506687
7.1273,0.8080335868265521
7.1327,0.8039877063159653
7.1383,0.813461812474437
7.1439,0.8134473064640241
7.1493,0.8134300225025747
7.1549,0.8151490097123385
7.1606,0.8092710612116132
7.1659,0.8181794764175429
7.1716,0.818425092304533
7.1772,0.8218490232384513
7.1826,0.8187809569208027
7.1883,0.8150592356004605
7.1939,0.8168981792650954
7.1993,0.81830885974028
7.2049,0.8183128395683187
7.2106,0.8172842141741498
7.2159,0.8221910811554022
7.2215,0.819542485039484
7.2272,0.8234522146759569
7.2328,0.8161284276227198
7.2382,0.8226099231958212
7.2439,0.8191362296445095
7.2492,0.8260351947262554
7.2549,0.8164651011790504
7.2605,0.8187386633561486
7.2662,0.8165110031428716
7.2715,0.8285052655032634
7.2772,0.8247060916115166
7.2828,0.8305831833221529
7.2882,0.8245642073781053
7.2939,0.8232406547814939
7.2995,0.8219858355391537
7.3049,0.823170968574683
7.3105,0.8304698344664015
7.3159,0.8264225425106215
7.3215,0.8240616480150937
7.3272,0.830063379107758
7.3328,0.82355036115382
7.3382,0.8330431982255575
7.3438,0.8266275803063217
7.3492,0.829559101513826
7.3549,0.8293502735747371
7.3605,0.8289798040637917
7.3659,0.8310592960827407
7.3716,0.8296423591647727
7.3773,0.828091433431448
7.3827,0.8303926505583814
7.3883,0.8350517794905663
7.3939,0.8306078699443201
7.3993,0.8267651547024286
7.405,0.8304954723660629
7.4105,0.8346130358394855
7.4161,0.8351344713176163
7.4215,0.8328481278286303
7.427,0.8381646153323115
7.4327,0.8313674839173595
7.4383,0.8289064634531103
7.4437,0.8300815469566157
7.4493,0.8330979368020949
7.4548,0.8331147757814757
7.4605,0.8423170697130113
7.4661,0.8349656451614735
7.4715,0.8298178772387063
7.4771,0.8336096853623185
7.4827,0.8337297188358485
7.4883,0.8364473570158754
7.4937,0.837153162401177
7.4993,0.8324850631519638
7.505,0.836319965508402
7.5104,0.8363179925100803
7.516,0.836284715899072
7.5217,0.8407748789440179
7.5273,0.8386911966368237
7.5327,0.8392456160714359
7.5383,0.8359227254922346
7.5439,0.8360582590427549
7.5493,0.8376529975060454
7.5549,0.8408339178986767
7.5605,0.8405047557427502
7.566,0.840693742522147
7.5716,0.8411412273404453
7.5773,0.8412364859907419
7.5826,0.8389537696211697
7.5882,0.8327915812885096
7.5939,0.8420103130171286
7.5993,0.8390120584196961
7.6049,0.8427345842183409
7.6106,0.8424675396551077
7.616,0.8484342152565862
7.6216,0.8462271637537976
7.6273,0.8404336140594834
7.6326,0.8462092151968374
7.6383,0.8450350842104679
7.6439,0.8330274719176515
7.6493,0.8480377690064003
7.6549,0.8453363803874125
7.6606,0.8509642234731841
7.6659,0.8500599982355455
7.6716,0.8404938147367277
7.6773,0.8474893054560235
7.6826,0.8398053602344593
7.6883,0.8459970241861879
7.6939,0.841394090327335
7.6992,0.8483178770767258
7.7049,0.8509604562755003
7.7105,0.8418479621782937
7.7162,0.8483559015682905
7.7216,0.8511657827533755
7.7272,0.8526159634633531
7.7328,0.8532528718985134
7.7382,0.8516230794806006
7.7438,0.8531560197678297
7.7495,0.8499236336277024
7.7549,0.8512077859492548
7.7605,0.8503888914226495
7.7661,0.8513627717292597
7.7715,0.8504211659587401
7.7772,0.8517751630658731
7.7828,0.8469970552301078
7.7882,0.8476333333346974
7.7938,0.852033480984588
7.7995,0.8544275046435093
7.8048,0.8512617672241042
7.8105,0.8550117581744592
7.8161,0.8553067848599819
7.8218,0.8568029613412992
7.8272,0.8558658658481287
7.8328,0.857548130279523
7.8382,0.8518206870735854
7.8438,0.8580523423793418
7.8495,0.8487148184951504
7.8548,0.8582394698354753
7.8604,0.8558124686297588
7.8661,0.8534209154438501
7.8717,0.854606965702452
7.8771,0.8594043561524634
7.8828,0.8553187642283485
7.8884,0.8567985455366006
7.8938,0.8615957067130329
7.8994,0.8579814612746595
7.905,0.8587566323190053
7.9104,0.8598014585757178
7.916,0.8583352326750618
7.9217,0.8568633335168533
7.927,0.8628727637292792
7.9327,0.8650564853440168
7.9384,0.8597604749125902
7.9437,0.8654954422381365
7.9494,0.8662968201334034
7.955,0.8558187832281721
7.9604,0.8590966864865811
7.966,0.8616363198119987
7.9716,0.8648568018956386
7.9773,0.864508438865589
7.9826,0.8598887988098904
7.9882,0.8621485795577439
7.9939,0.8637659949784329
7.9993,0.8640765513514999
8.005,0.8575562400216286
8.0106,0.8628829182746277
8.016,0.8646587154641097
8.0216,0.8600324752919994
8.0272,0.8655384338121512
8.0326,0.8620735305723575
8.0383,0.8621333110375076
8.0439,0.8676209784814686
8.0493,0.8642715293971315
8.0549,0.8635527715629869
8.0606,0.8625447685623496
8.0659,0.861424548137918
8.0716,0.8705461374270349
8.0773,0.8693629106264686
8.0826,0.8638863578378614
8.0882,0.8645475905792501
8.0939,0.866715467081246
8.0993,0.8759470450008332
8.1049,0.8756042522323424
8.1106,0.8661929524130605
8.1159,0.8682458214243515
8.1216,0.8686909326005514
8.1272,0.8698712619003769
8.1329,0.8689525013416417
8.1382,0.8682197607960082
8.1439,0.8697365084059568
8.1493,0.8699075313642853
8.1549,0.8747121854434807
8.1605,0.8725838887144952
8.1662,0.8692688547275994
8.1715,0.8732744432184923
8.1772,0.8675321308072321
8.1828,0.870365558850294
8.1882,0.8712720238353101
8.1938,0.8758092099242307
8.1995,0.8763693230102143
8.2049,0.8713324542160605
8.2105,0.8719676072546175
8.2161,0.8836290439272353
8.2218,0.8755965323856126
8.2271,0.8729256995179131
8.2328,0.8774392440632721
8.2381,0.8753874006624978
8.2438,0.8779393363806658
8.2494,0.8790820896643855
8.2551,0.8761596921637861
8.2605,0.8772188662864753
8.2661,0.8788475642570986
8.2717,0.8816434343420169
8.2771,0.8757063008207622
8.2827,0.8749469753519145
8.2884,0.8783689512117427
8.294,0.8789482254154248
8.2993,0.8767656544443514
8.305,0.8809875082890124
8.3106,0.8775559644916082
8.316,0.8859959199788796
8.3217,0.8742937280626685
8.3273,0.8791736231431929
8.3327,0.8852669090402896
8.3383,0.8823904190209267
8.3439,0.886623505286705
8.3493,0.877895270094442
8.3549,0.8844766193623516
8.3606,0.8791798577499828
8.3662,0.8798468061332476
8.3716,0.8781779902473797
8.3772,0.8826734486253816
8.3826,0.8793497630316071
8.3882,0.8843012243723203
8.3939,0.8808013968907368
8.3995,0.883289455579015
8.4049,0.8841072018653312
8.4104,0.8891740894091723
8.4161,0.8804606683346335
8.4217,0.8815842657530567
8.4271,0.8869299940190482
8.4327,0.8872175468563519
8.4384,0.8885703554776873
8.4437,0.8871061630720928
8.4494,0.8855350224344554
8.455,0.888146780897602
8.4604,0.8861166380168561
8.466,0.8833236281660057
8.4717,0.8790590839966236
8.4771,0.8897038118842813
8.4827,0.8877128335882477
8.4883,0.8879134767773061
8.4937,0.886577876752109
8.4993,0.8826937873823578
8.505,0.8915918786965548
8.5106,0.8826900767025356
8.516,0.8940939314570908
8.5216,0.895927827657835
8.5273,0.8930343989611401
8.5327,0.8902112368369136
8.5383,0.8914316226253193
8.5439,0.8887468966314874
8.5493,0.8897438996744192
8.5549,0.8912599628050589
8.5606,0.8912123584296061
8.5659,0.8885111766310488
8.5715,0.887002713274135
8.5772,0.8936200898970597
8.5828,0.8891692099937257
8.5882,0.8950289345515445
8.5938,0.8922076067072922
8.5995,0.8967469210032788
8.6048,0.8930900273930168
8.6105,0.8937513190838848
8.6161,0.8903488662414898
8.6215,0.8893312248947121
8.6271,0.8991582588083818
8.6327,0.8857898775855428
8.6383,0.8914345353481912
8.6437,0.8946264685095152
8.6494,0.897050452541803
8.655,0.8873084371138348
8.6606,0.8920787069989208
8.666,0.8974049898484358
8.6716,0.8944629186683175
8.6773,0.8890792162833198
8.6826,0.8953886922007094
8.6883,0.8926845619534549
8.6939,0.8999435611998776
8.6993,0.8968317646376626
8.7049,0.8894141503138635
8.7106,0.8966671935464219
8.7159,0.8956722214524296
8.7216,0.8978728258719683
8.7272,0.8991117513351871
8.7328,0.9030583003039808
8.7382,0.9011740001750579
8.7438,0.8997861659598185
8.7492,0.9017680610462627
8.7549,0.9017666337150276
8.7605,0.9054273821011175
8.7662,0.8993360515347603
8.7716,0.9019852554807418
8.7772,0.8997226023911205
8.7828,0.9024787761452588
8.7882,0.9018358552128072
8.7938,0.9000555148558635
8.7995,0.9007758865149581
8.8049,0.9091943163147621
8.8105,0.896472433809408
8.8162,0.9099928059759393
8.8215,0.9019294731297677
8.8272,0.9041862767657205
8.8328,0.9068890301382735
8.8382,0.901347059055026
8.8438,0.9019260433249495
8.8494,0.9020389591727226
8.8551,0.9025150342735778
8.8605,0.9055776318674937
8.8661,0.9081489232707298
8.8717,0.9058930981790516
8.8771,0.9066876526557884
8.8827,0.9053343562010326
8.8884,0.9012614861725937
8.8937,0.9093499231892757
8.8994,0.9093292104688204
8.905,0.90972674679226
8.9104,0.9091410085329321
8.9161,0.908853559839464
8.9215,0.913478606668367
8.9271,0.9111167163934172
8.9328,0.91333570146123
8.9384,0.9152774169730575
8.9438,0.9106750966457535
8.9493,0.9109938556348052
8.9549,0.9117838832419396
8.9606,0.9126582629988186
8.966,0.9105586689354912
8.9717,0.9137560883098719
8.9771,0.9138643323709481
8.9828,0.9109762700846777
8.9882,0.916856059361451
8.9938,0.9115943345753157
8.9995,0.9142289448732657
9.0049,0.9145709021927284
9.0105,0.9108249388814179
9.0162,0.9125990840883312
9.0216,0.9153607489424928
9.0272,0.9206459357350761
9.0328,0.9159305528725162
9.0384,0.918655351391288
9.0438,0.9154358092017008
9.0494,0.9162122946451102
9.0548,0.9135345094812221
9.0604,0.9114000995285132
9.0661,0.9114077256682372
9.0716,0.9133286383982415
9.077,0.9142989849575198
9.0826,0.914428278054464
9.0883,0.920051291077829
9.094,0.9219821681627628
9.0993,0.9196818012705912
9.105,0.9200389192978601
9.1106,0.9156078678085484
9.116,0.9133652617377923
9.1216,0.9103457979210159
9.1272,0.9224867557368915
9.1329,0.9212953691587644
9.1382,0.9207874080685525
9.1438,0.9156932436020379
9.1495,0.9197785846301234
9.1549,0.9228152213603706
9.1605,0.9174323752469727
9.1662,0.921141770581887
9.1715,0.9207588149867313
9.1772,0.9244269160714917
9.1826,0.9178502387337348
9.1882,0.9228322489997628
9.1938,0.9240045805922614
9.1995,0.9285123959758278
9.2048,0.9208480646232695
9.2105,0.923741335151159
9.2162,0.9210052100950432
9.2215,0.9304805632362599
9.2271,0.9280879502286989
9.2328,0.9262603701298553
9.2382,0.928643841049659
9.2438,0.9246472531188593
9.2495,0.9211915155562606
9.2548,0.9192841010122182
9.2605,0.9268157801895702
9.2661,0.922741193055415
9.2717,0.9309401972039306
9.2771,0.9318669703048487
9.2827,0.9226041944141375
9.2884,0.919562664231829
9.2938,0.9218035398734215
9.2995,0.9223202131166768
9.3049,0.9307672416102938
9.3105,0.928219313391789
9.3161,0.9225778674318734
9.3218,0.9252006922132469
9.3271,0.9306119968439664
9.3328,0.9213619518532585
9.3384,0.9294439772673548
9.3438,0.9298954844036759
9.3494,0.9328099176879082
9.3551,0.932458621512278
9.3604,0.9311033945195637
9.3661,0.9346279872039883
9.3717,0.9312058420198797
9.3771,0.9315757782652854
9.3827,0.9378140798654003
9.3884,0.9345054354463793
9.3938,0.9342438868357283
9.3994,0.9336568193558483
9.4051,0.9360048158631392
9.4104,0.9320224013847042
9.4161,0.9376457900173439
9.4217,0.9353426909974579
9.4271,0.9353327480587251
9.4327,0.9392881793333853
9.4383,0.9372617374447549
9.444,0.9355356386977683
9.4494,0.9381814446697314
9.455,0.9357123956503735
9.4604,0.9410878342288851
9.466,0.933289246089601
9.4716,0.940813294194835
9.4773,0.9379701111268457
9.4827,0.9377500419039193
9.4883,0.9443486934642122
9.4939,0.936412464886321
9.4995,0.9416634972652649
9.505,0.9414811450603964
9.5106,0.9358746418884499
9.5159,0.9392610734126764
9.5216,0.935241842239818
9.5272,0.9434485658758549
9.5329,0.9372466365144301
9.5382,0.9427392376036599
9.5439,0.9339813752464052
9.5495,0.9351339024726905
9.5549,0.937502148441234
9.5606,0.9383344908563168
9.5662,0.9411069027547742
9.5716,0.9371968311156599
9.5772,0.9438856329574177
9.5828,0.9449448265978323
9.5882,0.9398484858462394
9.5938,0.9363382353785826
9.5995,0.939284684725937
9.6049,0.9443994305203971
9.6105,0.9501431274750438
9.6162,0.9434636957823359
9.6218,0.9469158897795893
9.6272,0.9519920762960629
9.6328,0.9502900119299789
9.6384,0.9489639267323691
9.6438,0.9416939112659617
9.6494,0.94556398042471
9.6551,0.9404296094064949
9.6605,0.9460971696371968
9.6661,0.947780174944807
9.6718,0.9367709252729641
9.6771,0.9479387387710844
9.6827,0.9482723652027035
9.6884,0.9555315345250792
9.694,0.9472408231514853
9.6993,0.9494702629248468
9.705,0.9462371651961269
9.7106,0.9379444529342297
9.716,0.9511986057665698
9.7217,0.952698294636869
9.7273,0.9469767418216727
9.7327,0.9546548061139224
9.7383,0.95123443218136
9.744,0.9567789345388016
9.7493,0.9499108706669828
9.755,0.9523027525835438
9.7606,0.9639293376421695
9.766,0.950453479291386
9.7717,0.9550968597039384
9.7773,0.9557489461661886
9.7827,0.9522775070530809
9.7883,0.9523147424015173
9.794,0.9540393374610878
9.7993,0.9581459119107536
9.805,0.9599433718888666
9.8106,0.95757189923677
9.816,0.9496894376114844
9.8216,0.9485307361240706
9.8273,0.9554879645668597
9.8327,0.9611662500927178
9.8383,0.9561218233767382
9.844,0.9576726894237789
9.8493,0.9574960941708057
9.855,0.9547093041832695
9.8606,0.9638690794577331
9.866,0.9601154156709569
9.8716,0.9621334229451215
9.8773,0.9625267963225143
9.8827,0.960036278057224
9.8883,0.95927014774655
9.8939,0.9566711364822889
9.8996,0.9587881437349551
9.905,0.959225573375624
9.9106,0.9638992572606955
9.9162,0.9612026980580582
9.9216,0.9612911980263602
9.9273,0.9616724616524883
9.9329,0.9638698858665825
9.9382,0.9644952737802277
9.9439,0.9585792376074093
9.9495,0.9647630235656333
9.9549,0.9658104937797691
9.9605,0.9685432730754694
9.9662,0.9687950703927187
9.9716,0.9645532692657727
9.9772,0.9641091440102625
9.9828,0.9593657290330517
9.9885,0.9655175301047102
9.9938,0.962739927659366
9.9994,0.9592992651274269
10.0051,0.9644385348670208
10.0105,0.9619810955417069
10.0161,0.958805069391343
10.0217,0.9655469831513448
10.0271,0.9622331680497466
10.0328,0.9659990203620391
10.0384,0.9679363569122188
10.0438,0.9651938792076045
10.0494,0.965137482675158
10.055,0.9671983775908611
10.0607,0.9677885173084363
10.066,0.9636685998443616
10.0717,0.9616521229558121
10.0771,0.9666434072237203
10.0827,0.9659607321149802
10.0883,0.9722829870633075
10.094,0.9651219062499035
10.0993,0.9603481045218129
10.105,0.9707399174549031
10.1106,0.9631524041109453
10.116,0.9648163725560857
10.1216,0.9658199282863672
10.1273,0.9720004804885161
10.1327,0.9677024699550788
10.1383,0.9734648874663576
10.144,0.9676747383197258
10.1493,0.9683532542035405
10.1549,0.9725747138396932
10.1606,0.9733733535936475
10.1659,0.9714235017722098
10.1716,0.9694205221252332
10.1772,0.9724058073704606
10.1829,0.9729299523677066
10.1883,0.969034233996766
10.1939,0.9713487300249655
10.1996,0.9776586385882401
10.2049,0.9761242991514381
10.2106,0.9815592303814665
10.2162,0.9714492607365087
10.2216,0.9693376742065277
10.2272,0.9826168815797905
10.2327,0.9745565218760903
10.2384,0.9782396397695824
10.2438,0.9817127034365954
10.2495,0.9750983527881585
10.2551,0.9851125855907368
10.2605,0.9841789626698672
10.2661,0.9732114657932077
10.2717,0.9767618750433613
10.2771,0.9789071683820489
10.2828,0.9721421817017271
10.2884,0.9748930553784463
10.2938,0.9825507019911307
10.2995,0.9818024056365489
10.3051,0.9840950894010809
10.3105,0.9791398609128886
10.3161,0.9784406296765022
10.3216,0.9790198500040763
10.3272,0.9779391490770825
10.3326,0.9839010772640758
10.3383,0.9797490586206695
10.3439,0.9815418895182121
10.3493,0.9853142238860326
10.355,0.983046738704621
10.3605,0.9844523799134371
10.3661,0.9851197623940733
10.3718,0.984933962496282
10.3771,0.9913360030470244
10.3828,0.9840372129775627
10.3883,0.9790750676533759
10.3939,0.9823427743007074
10.3993,0.9844105333669173
10.405,0.984193181375336
10.4106,0.9829693931314085
10.4161,0.9802513126005481
10.4217,0.9932105486254021
10.4274,0.9816874388587469
10.4327,0.9881854142126298
10.4383,0.9871619289150302
10.4439,0.9842635961436684
10.4496,0.9870416980137497
10.455,0.9874714452581979
10.4606,0.9961863419666256
10.4662,0.9933416828320462
10.4716,0.9876307081139305
10.4772,0.9857326808561143
10.4829,0.990415506855987
10.4883,0.9918066574305777
10.4939,0.9897976219633333
10.4995,0.9847852699320122
10.5049,0.9872270000009904
10.5106,0.9868396064985595
10.5162,0.9842994540481061
10.5216,0.9840623403415197
10.5272,0.9886377742969736
10.5329,0.9890780469288291
10.5382,0.9910814817632065
10.5439,0.9889246971080821
10.5495,0.996232426196125
10.5551,0.9871681549520825
10.5605,0.9872437370367335
10.5662,0.994703416649355
10.5718,0.9911400437938697
10.5772,0.9950149969339972
10.5828,0.9896013503535417
10.5882,0.9956017450576868
10.5938,0.9959871079015385
10.5995,0.983938311242598
10.6051,0.9934161554738742
10.6105,0.9942688179494474
10.6162,0.9946889404741388
10.6218,0.987744232390726
10.6272,0.9877208916814033
10.6328,0.9921757415475968
10.6382,0.9942212377373532
10.6438,0.9918008015717756
10.6495,0.9954158256567848
10.6551,0.9983853564762804
10.6605,0.9962550370164055
10.6662,0.991097422081171
10.6718,0.9986640585476869
10.6772,0.9945778586260515
10.6828,0.9933736497335128
10.6884,0.9925479789951785
10.6938,0.9967820808546002
10.6994,0.99396240573797
10.705,0.99559909925302
10.7104,0.9916417199780636
10.716,0.9991118722240626
10.7217,0.989163966580752
10.7271,0.9945244557989958
10.7327,0.9987647826457026
10.7384,0.9978858654940922
10.744,0.9966690706758954
10.7494,0.9967126729851935
10.755,0.9999298887451776
10.7604,1.005431494644136
10.7661,1.0051442595572344
10.7718,0.9992276745868744
10.7771,0.9999997798572972
10.7828,1.002990951119052
10.7884,1.0009812418230761
10.794,1.0040363010490394
10.7994,1.0019097154489953
10.805,1.0030577343759601
10.8104,1.0012217769561875
10.816,1.0010477185787496
10.8217,1.004808872080431
10.8271,0.9985414404799864
10.8327,1.0074530206922017
10.8384,0.9997092805353319
10.8441,0.9997023541431788
10.8494,1.0034678465642746
10.8551,1.0028105427357434
10.8607,1.0017191589762122
10.866,1.007991280176387
10.8717,1.0053512685821238
10.8774,1.0038739602397533
10.8827,0.9999099451624487
10.8884,0.9988259621331428
10.8937,1.002408414679747
10.8994,0.9980111392053739
10.905,1.0097667660116447
10.9107,1.0060948985066422
10.916,0.9966155759780047
10.9216,1.003287115119456
10.9273,1.0013239487775962
10.9327,1.0036912388040253
10.9383,1.002868923444542
10.9439,1.0038892096458212
10.9496,1.0045117571503064
10.9549,1.0057273506768212
10.9606,1.0119609554206668
10.9662,1.0053847449572357
10.9715,1.005731607903841
10.9772,1.0102215671916634
10.9828,1.0095149972526898
10.9882,1.0039317658213212
10.9939,1.0084420222166945
10.9994,1.0135272950498075
11.005,1.0102849029578298
11.0107,1.0181189291617456
11.0161,1.0125405552161373
11.0217,1.0076865287856454
11.0273,1.007555808115914
11.0327,1.0087209652572642
11.0383,1.012627019508071
11.044,1.0120215906198657
11.0494,1.0158915036200242
11.055,1.0125944721005453
11.0607,1.0154693395389476
11.066,1.010240017521617
11.0717,1.0141115903175766
11.0773,1.014110701979441
11.0829,1.0169994104988866
11.0883,1.0067886167608289
11.094,1.007457211613989
11.0994,1.015482890660187
11.105,1.0132597346684102
11.1106,1.011436030120572
11.116,1.0113616729983348
11.1216,1.0112477684082073
11.1273,1.0147864250733634
11.1329,1.0113808272848668
11.1383,1.0172585592840626
11.1439,1.0161424051923929
11.1493,1.0164363728159074
11.155,1.0124046047891093
11.1606,1.0172477520187737
11.166,1.0152692773061744
11.1716,1.0148652984402944
11.1773,1.0181448164392655
11.1829,1.0201574273398437
11.1883,1.0109347479346913
11.1939,1.0218014944469067
11.1996,1.0176705132398287
11.205,1.014704770611778
11.2104,1.0160889847478338
11.2161,1.0159094689575725
11.2217,1.0170594025838369
11.2273,1.0139992158621953
11.2327,1.0180655112947448
11.2383,1.0211816362607418
11.244,1.0208758458014973
11.2494,1.0200145143141925
11.255,1.0192554510222906
11.2607,1.0151283747014959
11.266,1.0184874754385995
11.2717,1.0183924500846477
11.2773,1.0240062985534057
11.2827,1.0180181165960667
11.2883,1.0199960033790818
11.294,1.0276896352419511
11.2993,1.025742372733232
11.305,1.020060149323089
11.3106,1.0280387240800692
11.316,1.0200761149458744
11.3217,1.0147137614658501
11.3273,1.0172741842268116
11.3329,1.0175961246777825
11.3383,1.0231030786238362
11.3439,1.0189936454256008
11.3493,1.0195599969591975
11.3549,1.0241360306532088
11.3606,1.0273679384115586
11.3662,1.0244213554817994
11.3717,1.0227125550513656
11.3773,1.0206995353353685
11.3827,1.0205415200616774
11.3883,1.0240328828700491
11.3939,1.0176040666558146
11.3996,1.0268137779549698
11.4049,1.0229119927370602
11.4106,1.024415674894282
11.4162,1.0307217170822316
11.4217,1.0193443109911025
11.4273,1.0288860666961028
11.4327,1.02150476589439
11.4383,1.0259317185939274
11.4439,1.0251570705532806
11.4496,1.0252831128094142
11.455,1.0234675061658913
11.4606,1.0205919837906314
11.4663,1.0233454658164831
11.4717,1.0283647954058048
11.4773,1.0303770669628858
11.4827,1.0137407813127244
11.4883,1.0287556032448442
11.494,1.0294829840175057
11.4996,1.0241208979700969
11.505,1.0293340808059126
11.5106,1.0262395754664113
11.516,1.0210628209023955
11.5216,1.026422382472829
11.5273,1.0267554241185526
11.5327,1.0285340726344625
11.5383,1.0209230012166173
11.544,1.0244241542019399
11.5493,1.0246749980148415
11.555,1.0333764003271901
11.5606,1.0332591385633871
11.566,1.0283211240561099
11.5716,1.0276893523855506
11.5773,1.0288359479847364
11.5827,1.0329071308450137
11.5883,1.0356740115482745
11.594,1.0319060590239846
11.5994,1.0301953815618012
11.605,1.0318964508062436
11.6106,1.0380445655189727
11.616,1.0305844155037662
11.6216,1.0300080665307494
11.6273,1.0295074706659069
11.6327,1.0321011195227388
11.6383,1.0290124840384038
11.6439,1.028887611936334
11.6493,1.0369680882446954
11.6549,1.0315834845611618
11.6606,1.0326313228976924
11.6662,1.0332383460195453
11.6716,1.0425631232354675
11.6772,1.0315429171606385
11.6827,1.0318367053491904
11.6883,1.0331655455282034
11.6939,1.0322190204334265
11.6996,1.0322888562649992
11.705,1.0349407366173775
11.7106,1.0395578940283052
11.716,1.039541557392563
11.7216,1.0336206645190933
11.7273,1.0490709145175119
11.7327,1.0357025751130462
11.7383,1.0439387428340687
11.7438,1.0373672109852419
11.7495,1.038040397454027
11.7551,1.0357590450518632
11.7607,1.0391070643957412
11.7661,1.0399882936437232
11.7716,1.0443926812918995
11.7773,1.0375456605791742
11.7827,1.0380885525406889
11.7884,1.0443522295420369
11.794,1.0362998827060808
11.7994,1.038323461001538
11.805,1.0414904396778148
11.8107,1.0346824566138193
11.816,1.0355777422864976
11.8217,1.045017561785826
11.8273,1.0367459934887946
11.8329,1.0392574640553647
11.8383,1.032587656301048
11.844,1.0371687783762669
11.8493,1.0409276767788809
11.855,1.043615335079037
11.8606,1.0441319083940948
11.8663,1.0431690853993851
11.8716,1.046166396978638
11.8773,1.0457067941614262
11.8828,1.0438706284345662
11.8885,1.0353394913104954
11.8939,1.0460913619391636
11.8995,1.0461512038173015
11.9051,1.0493400089979499
11.9105,1.0469734023916466
11.9161,1.0409938570596158
11.9218,1.0383811716427869
11.9271,1.0425143713921736
11.9328,1.0383043047254963
11.9384,1.045949912761042
11.9441,1.03976099672289
11.9495,1.041687241716338
11.9551,1.0468597532163324
11.9604,1.0486683470863913
11.9661,1.0459713107544855
11.9717,1.0396955976203026
11.9773,1.042224086228413
11.983,1.045377704571794
11.9883,1.043662625537079
11.994,1.0476764802979104
11.9994,1.053004192599186
12.0051,1.0441773940391121
12.0105,1.0475970127900152
12.0161,1.0454040249231382
12.0217,1.0474512275017431
12.0274,1.0484681630398751
12.0328,1.0458802237737634
12.0384,1.0534738115969335
12.0438,1.0433991331232768
12.0494,1.043043697296163
12.0551,1.0477857591870399
12.0605,1.0529640979811528
12.0661,1.0414510012566953
12.0718,1.0537241023980837
12.0774,1.0531937421431112
12.0828,1.0547763667209669
12.0884,1.0482309117387572
12.0941,1.0418682132947215
12.0994,1.0510722855863004
12.1051,1.056772678285535
12.1105,1.042446675032681
12.1161,1.0524790546447247
12.1217,1.0549403626806837
12.1274,1.0545883642852045
12.1327,1.0474602975147962
12.1384,1.0547919595180009
12.144,1.0544596364254817
12.1494,1.054018976021868
12.155,1.0566126258151087
12.1607,1.057257498602843
12.1661,1.0486874136353086
12.1717,1.0533823578710662
12.1774,1.0565267738751736
12.1828,1.0558748055740348
12.1884,1.0590551960809969
12.194,1.060077494734383
12.1994,1.0546831980328633
12.205,1.0624646195779837
12.2107,1.057801010538928
12.216,1.0575590671163102
12.2217,1.0509811044347002
12.2274,1.0561235420315884
12.2327,1.056233220953318
12.2384,1.0538485431634879
12.244,1.0574520420529394
12.2496,1.0593744444491628
12.255,1.0607853321026093
12.2606,1.0568776659098973
12.2663,1.0566571465572112
12.2717,1.0566250922391371
12.2773,1.0591433573136655
12.283,1.058103438273073
12.2883,1.056913780895079
12.294,1.0576289534063523
12.2996,1.0648819455872274
12.305,1.0516778280919323
12.3106,1.0583477098441545
12.3163,1.0594698329707144
12.3217,1.047649603265472
12.3273,1.0604436954184502
12.333,1.0576801164157799
12.3383,1.056421794666286
12.344,1.057697810474901
12.3496,1.0577625632683594
12.355,1.0531692617959358
12.3607,1.060382697651709
12.366,1.0606770928873348
12.3717,1.0619975223736255
12.3771,1.0649030817646816
12.3828,1.0610051047246825
12.3884,1.0526547685089716
12.3941,1.0662015268533802
12.3994,1.066572283259798
12.4051,1.0654016185897828
12.4105,1.0692075481286385
12.4161,1.060641625178866
12.4218,1.0631811048984885
12.4272,1.0606237024024343
12.4328,1.0614648286291315
12.4385,1.0645465840682127
12.4438,1.0663575761361364
12.4495,1.0554297703283808
12.455,1.0594610043536312
12.4606,1.0636573911979128
12.4663,1.065800911639908
12.4716,1.0582858384390996
12.4773,1.068255911180735
12.4827,1.0684130841351598
12.4884,1.0622857500895584
12.494,1.0624215163730324
12.4996,1.0660998794604315
12.505,1.0635500956192985
12.5106,1.0611033807797428
12.516,1.054354618699234
12.5217,1.0741071354863414
12.5273,1.065695554141589
12.5327,1.0670246314069385
12.5384,1.0633283802307132
12.544,1.0731432591364727
12.5496,1.063254261944824
12.555,1.0669047095787665
12.5606,1.071568655228657
12.566,1.0693351532616162
12.5716,1.070298126011105
12.5773,1.064626280007545
12.5829,1.0732129356593823
12.5883,1.0726400375424954
12.594,1.0668424120454172
12.5994,1.075384636740408
12.605,1.0652216255251759
12.6107,1.0661020625450812
12.616,1.0722098357688044
12.6217,1.0719284219649639
12.6273,1.0749139026322942
12.633,1.0655968372621398
12.6384,1.0695476713128367
12.644,1.0718937591994868
12.6494,1.0747773308036
12.655,1.0759962970528447
12.6606,1.0697336478134867
12.6663,1.066008223592141
12.6716,1.0679842801985038
12.6773,1.068757604336118
12.6829,1.064187866291938
12.6883,1.0730657438560276
12.694,1.0780838959138928
12.6994,1.08498193985328
12.705,1.0678264714488714
12.7107,1.0711092729709977
12.7161,1.0741849226647116
12.7217,1.0746708367235203
12.7273,1.0801044791769363
12.733,1.071512838694222
12.7383,1.066507799101129
12.744,1.0756481073619042
12.7494,1.0715271990787467
12.755,1.0715885247382373
12.7607,1.0746336709439979
12.766,1.0730963592955534
12.7717,1.075946525865577
12.7773,1.0759000239455427
12.783,1.0744977471859425
12.7883,1.0766248537871534
12.794,1.0758043886098776
12.7994,1.073893840758554
12.805,1.0732973558634689
12.8105,1.0807486646477975
12.8161,1.0694544043773306
12.8218,1.0702016370607024
12.8272,1.0791346000760074
12.8328,1.0684889886771451
12.8383,1.0725600313307753
12.844,1.0824136037702337
12.8494,1.0751374822339286
12.8551,1.0792470940894958
12.8607,1.0801659090103786
12.8661,1.0805314118557479
12.8717,1.0798556624564146
12.8773,1.0819109216816072
12.883,1.0867601666129187
12.8883,1.0809940878144872
12.894,1.0791679722775651
12.8996,1.0838158704921816
12.905,1.0882654554915954
12.9106,1.0852340448807145
12.9163,1.0844281125579411
12.9217,1.0846878165019869
12.9273,1.0796137292496681
12.9329,1.0839090395525144
12.9383,1.082179897458141
12.944,1.0804204406826388
12.9496,1.0795813519729562
12.955,1.083741231994125
12.9607,1.0769320585138062
12.9663,1.0834738948792633
12.9717,1.0865152958271302
12.9773,1.0914188341981006
12.9827,1.0790828996854698
12.9883,1.082172204162932
12.994,1.078913448608552
12.9994,1.076973803367862
13.0051,1.0873223094055642
13.0105,1.082139155868423
13.0161,1.080995714560134
13.0218,1.084123674193359
13.0274,1.0836040435329979
13.0328,1.084480498612227
13.0384,1.0921901564683154
13.0441,1.0887583098271203
13.0494,1.0835226900369785
13.0551,1.092246196838361
13.0607,1.0893593179529608
13.0661,1.0903150395441028
13.0718,1.0852138053112388
13.0774,1.0901912827131064
13.0828,1.0884395378634055
13.0884,1.085607038649744
13.094,1.0851064595728972
13.0994,1.0893981552804515
13.105,1.084997678999936
13.1107,1.086282225095201
13.1163,1.0844226692884313
13.1217,1.0931992292497579
13.1274,1.0879227823334403
13.1328,1.0912576224348915
13.1384,1.0874086065712474
13.1441,1.0833297372577113
13.1494,1.0817367962104194
13.1551,1.091245986562254
13.1607,1.0883582592180843
13.1661,1.0948499333723323
13.1717,1.0848424771359817
13.1773,1.0831112682642732
13.1829,1.0839306100671173
13.1886,1.0906983357032543
13.1939,1.088344937030873
13.1995,1.0821817481879272
13.2051,1.088208105451068
13.2107,1.0889066159786807
13.2161,1.0873654833244384
13.2217,1.0862486352463867
13.2274,1.0807462340952718
13.2328,1.0915217819478347
13.2383,1.093003654442071
13.2439,1.088487689980488
13.2496,1.0801715959443619
13.2549,1.0915893592854853
13.2606,1.0960791762778659
13.2661,1.085567928483748
13.2717,1.0984030430594784
13.2772,1.092018268246419
13.2829,1.0870738882329731
13.2885,1.0875921647585376
13.2939,1.097204233268282
13.2995,1.0846775184301303
13.3052,1.0852996131153159
13.3105,1.0923338180578481
13.3162,1.0859093052694542
13.3217,1.0897733493190536
13.3274,1.090655859534093
13.3328,1.0904033756795162
13.3384,1.0890494500485053
13.3441,1.0850598190701386
13.3494,1.083049326140599
13.3551,1.086643821582675
13.3605,1.0843504620856315
13.3661,1.0945535262764363
13.3718,1.0930231582316507
13.3774,1.0912973312920733
13.383,1.0860951184254484
13.3884,1.093788578195313
13.3941,1.0873503507097564
13.3995,1.083103568922546
13.4051,1.0969707564278024
13.4105,1.0910707426031945
13.4161,1.0879150779233226
13.4216,1.0973827887356389
13.4272,1.0929239250068687
13.4329,1.0936150619407545
13.4385,1.1020363454392441
13.4439,1.0974264280425243
13.4494,1.0927495831979785
13.455,1.0907614573252251
13.4607,1.0982088642346344
13.466,1.0986454431232624
13.4717,1.100983284496564
13.4772,1.1034362855584252
13.4829,1.099688176348216
13.4885,1.0898227253687809
13.4939,1.1003977872833541
13.4996,1.0973811103707494
13.5049,1.089043194342345
13.5106,1.09503197706955
13.5162,1.0955691970980488
13.5218,1.0919937036254614
13.5272,1.0968906660906272
13.5329,1.086916420891259
13.5382,1.0966319573381471
13.5439,1.0961320308244686
13.5496,1.0924032076156578
13.5549,1.0855207075478135
13.5606,1.0938266261719953
13.5662,1.093935996247372
13.5719,1.0923249158242982
13.5772,1.0952434191420988
13.5829,1.1007250230970629
13.5885,1.1091961343710652
13.5939,1.090752341733504
13.5995,1.0872442789485113
13.6052,1.0984237249750266
13.6105,1.0907345718424128
13.6162,1.0961552479325798
13.6218,1.0959711300928827
13.6272,1.0969470492601436
13.6328,1.0948042929143078
13.6385,1.0898794575594166
13.6438,1.0991044931683822
13.6495,1.094719430827134
13.6551,1.0928289077412445
13.6605,1.098990224274271
13.6662,1.1077902602175942
13.6718,1.1075384371405066
13.6772,1.10293811127022
13.6828,1.1064619914633191
13.6885,1.1056755256443702
13.6939,1.113811521391519
13.6995,1.105736222303776
13.705,1.1000492911622857
13.7107,1.1027414275490859
13.7161,1.1031579213224383
13.7217,1.108004833463086
13.7274,1.0925144127750872
13.7328,1.0994634402993357
13.7384,1.0985761982019473
13.7441,1.1091916876100942
13.7494,1.101830251579493
13.755,1.0970332059375538
13.7607,1.1046663325121036
13.7661,1.1021784853533816
13.7717,1.095153586642391
13.7773,1.103286601183263
13.783,1.1039166969300735
13.7883,1.0991102641529258
13.794,1.104570091974693
13.7996,1.1113677239355464
13.805,1.111013965857074
13.8106,1.1137656477640083
13.8163,1.1000622452879445
13.8217,1.1117248804792959
13.8273,1.107347609112602
13.8329,1.1047875331626436
13.8383,1.1120805936739355
13.8439,1.10854899967936
13.8496,1.1102037374623368
13.855,1.113195766041492
13.8606,1.1115948623511887
13.8662,1.1189238619364554
13.8719,1.1099468522418448
13.8773,1.1112670715252462
13.8829,1.101695358251907
13.8886,1.117363273600078
13.8939,1.113915939509706
13.8996,1.1140466139817873
13.9049,1.1120885022947617
13.9106,1.1075336201025878
13.9162,1.1144859728952
13.9218,1.1069040324997284
13.9272,1.1202959132401245
13.9329,1.1094824437583701
13.9383,1.1198635038277711
13.9439,1.1231883037012944
13.9495,1.1133964365659734
13.9552,1.110901508418409
13.9605,1.1079538541028677
13.9662,1.1161337889721645
13.9718,1.1120919900253912
13.9772,1.1186701918650974
13.9828,1.110617533864801
13.9884,1.1111411006891225
13.9941,1.1110790362509009
13.9994,1.1192675373849068
14.0051,1.1136476838952951
14.0108,1.1083827699403297
14.0161,1.1163885498143284
14.0218,1.1181553289299273
14.0274,1.1091181768947944
14.0328,1.108840393434529
14.0384,1.1237582596264937
14.0441,1.114924878286711
14.0495,1.1204218163254789
14.0551,1.1125185595131812
14.0608,1.1066061283651225
14.0661,1.1229499828429272
14.0718,1.1200991351804896
14.0774,1.1156128026888927
14.0828,1.112142784418108
14.0885,1.1193018457407848
14.0941,1.1182480660673384
14.0995,1.1063648887598116
14.1051,1.113292784695391
14.1108,1.1065927259474773
14.1161,1.1153312457146378
14.1218,1.1181039716288093
14.1274,1.1157626128229676
14.1328,1.113250626301674
14.1385,1.1118250823190807
14.1439,1.1129169059735824
14.1496,1.1217183221603728
14.1552,1.11625262373924
14.1606,1.1217175338400696
14.1662,1.1240223903212891
14.1716,1.1188903814631035
14.1772,1.1054214794649908
14.1829,1.1150639800468818
14.1883,1.1212095545998737
14.1939,1.1234752331135665
14.1996,1.1269263153148048
14.2052,1.1159495904523606
14.2106,1.1193580804332746
14.2162,1.1209558608997656
14.2219,1.1146312757648273
14.2272,1.11452931940401
14.2329,1.1239420241559628
14.2383,1.1165274918003578
14.2439,1.1256154432950112
14.2496,1.1176537465079819
14.2552,1.1208912385291367
14.2605,1.126119754385697
14.2662,1.1205964370274695
14.2718,1.1229382150103249
14.2775,1.1263856653822786
14.2828,1.1208159416749965
14.2885,1.121671559270893
14.2939,1.1238046687754204
14.2995,1.1262477924158234
14.3052,1.1189835284648757
14.3106,1.1231092347433456
14.3162,1.126280352109843
14.3218,1.1284834766959413
14.3275,1.12564719948559
14.3328,1.1203347083353612
14.3385,1.1272267274937626
14.3439,1.1301372006297736
14.3496,1.127093909283092
14.3552,1.123740864613219
14.3605,1.1276250299215143
14.3662,1.1222441182513319
14.3718,1.1215608084716946
14.3772,1.12232456714126
14.3829,1.1270040125530913
14.3885,1.1256546489779082
14.3939,1.130306783048528
14.3995,1.1225990506078238
14.4052,1.117483947702281
14.4106,1.1206390140224571
14.4162,1.1278911835164023
14.4218,1.1321529142217606
14.4272,1.1298587854419804
14.4328,1.1269671355074151
14.4384,1.1243981502577118
14.4441,1.1246552767100286
14.4495,1.1261549451177677
14.4551,1.125023014166896
14.4608,1.132194324573174
14.4662,1.125751885704005
14.4718,1.1241110002507986
14.4772,1.1349189138683153
14.4828,1.1326920164010386
14.4884,1.1367516960923894
14.4941,1.1342617960263404
14.4995,1.1291044909896133
14.5052,1.1310503891539772
14.5106,1.1390873192826791
14.5162,1.1273786817612437
14.5219,1.1251167925882724
14.5272,1.1336330754971398
14.5329,1.137330963687682
14.5385,1.1281194582769989
14.5439,1.1385047123958514
14.5495,1.1262157209419021
14.5552,1.1365166818525716
14.5606,1.1213772219009188
14.5662,1.1331262453977107
14.5719,1.1350302578816682
14.5772,1.1263615450184523
14.5829,1.1365225510941237
14.5886,1.1354021322399517
14.5939,1.1301170031420664
14.5996,1.1298554889634769
14.605,1.122532008671791
14.6106,1.1331610950275517
14.6163,1.139400914493474
14.6219,1.1349189138683153
14.6273,1.1327981496010533
14.6329,1.1314047668211125
14.6386,1.130031275342103
14.6439,1.1389441198845827
14.6494,1.140835244389225
14.655,1.1366353799166542
14.6607,1.1405314590652018
14.6661,1.1342153469664709
14.6717,1.1318881180646874
14.6772,1.132510937905376
14.6829,1.139920720556519
14.6885,1.140256443779403
14.6939,1.141469984881968
14.6995,1.133507606481081
14.7051,1.1371202297289693
14.7107,1.1424116476583175
14.7161,1.1420148642558097
14.7218,1.1431644424282374
14.7274,1.1392445323010392
14.7327,1.137600367833306
14.7384,1.1435027884130446
14.744,1.1424828276703471
14.7497,1.1436601355279847
14.755,1.140883517736762
14.7607,1.148754530228731
14.7661,1.1411356832853208
14.7718,1.130245429815205
14.7774,1.1426015544949935
14.7828,1.1462343019651293
14.7884,1.1395799132865527
14.7941,1.1373362879456526
14.7994,1.1401803046525043
14.8051,1.1318876620173184
14.8107,1.1434835307226021
14.8161,1.1378146231702497
14.8218,1.1453762835224524
14.8274,1.1469331309183717
14.833,1.1485392252342543
14.8384,1.1371052842187748
14.844,1.1346497372836917
14.8497,1.150006488068886
14.855,1.1486861117316123
14.8605,1.1490818841489154
14.8662,1.144929775799521
14.8716,1.1372689051232565
14.8773,1.136282393730945
14.8829,1.141809772738733
14.8884,1.1417914330575485
14.894,1.1412090144364537
14.8996,1.1362147161020917
14.905,1.1464469983491943
14.9107,1.1419741630013938
14.9162,1.1461778331188985
14.9216,1.1470528618834075
14.9273,1.1432757345319349
14.9329,1.1426820739327592
14.9386,1.1341994367910235
14.9439,1.1385536180649436
14.9496,1.1476395075022499
14.9552,1.1523746932716539
14.9606,1.145500904066584
14.9662,1.1494178570885731
14.9716,1.1529513990727662
14.9773,1.145810969680737
14.9829,1.135749530815367
14.9886,1.1457920355696187
14.9939,1.1500935198504227
14.9995,1.1388493298034081
15.0052,1.1373249598812813
15.0105,1.1436950229933307
15.0162,1.1494131959833234
15.0217,1.1506438037561617
15.0274,1.1479328606493182
15.0328,1.1451696994500242
15.0384,1.1391624709224717
15.044,1.1501428368815008
15.0495,1.1513389920163903
15.0552,1.1425155873215473
15.0608,1.14703301983669
15.0662,1.1508723378068053
15.0718,1.1397930096980127
15.0772,1.1491277173550922
15.0829,1.147677896609501
15.0885,1.1581636592481057
15.0941,1.1445740971501908
15.0995,1.1555234425022676
15.1051,1.150724615218206
15.1105,1.1331673228416828
15.1162,1.1567248554193421
15.1218,1.155213559080403
15.1272,1.148796052348021
15.1329,1.1549491727598509
15.1385,1.1536483900943573
15.1442,1.1510080022684457
15.1495,1.1499813354723272
15.1551,1.1559872737602312
15.1608,1.1462832518868677
15.1662,1.1468200295786626
15.1718,1.1483406765428248
15.1774,1.1514972135259367
15.1828,1.1561953448626454
15.1885,1.1598366075108155
15.1941,1.157192772901037
15.1995,1.1584410619744292
15.2051,1.1616194777407336
15.2108,1.1645177253197752
15.2161,1.158455650103865
15.2218,1.1519421707998196
15.2274,1.1521853914564757
15.2328,1.1508190532386116
15.2385,1.1511143140670212
15.2439,1.1483818188943096
15.2495,1.1482791829028385
15.2552,1.1551951731929009
15.2608,1.1410437788539765
15.2662,1.156063884751698
15.2718,1.1526955684934002
15.2774,1.156143541942668
15.2828,1.1492378185840215
15.2885,1.1566167810518877
15.2939,1.151750445631405
15.2995,1.1547797352737728
15.305,1.1530328943648653
15.3106,1.1552484317973748
15.3162,1.1546315127648958
15.3219,1.1528271836586939
15.3272,1.1531320472832645
15.3328,1.1608253524665935
15.3385,1.1599752252242241
15.3441,1.1555560427462317
15.3495,1.156425852605798
15.3551,1.1701828659986004
15.3606,1.1589797269689777
15.3663,1.1565181681914114
15.3719,1.15983317398512
15.3773,1.1653677338925055
15.383,1.156997234041142
15.3884,1.1586319368876346
15.394,1.1521921327963152
15.3996,1.1537002103146305
15.405,1.1595086990184036
15.4106,1.1669553812329898
15.4162,1.1569771792838865
15.4219,1.1603279125021744
15.4272,1.1578959582097892
15.4329,1.1541079548273663
15.4385,1.1512070221137474
15.4439,1.154339464450891
15.4496,1.1545910431073028
15.4552,1.1577525361918684
15.4606,1.1701104378042833
15.4662,1.1617331054085605
15.4719,1.1510110219607672
15.4772,1.1551317326566115
15.4829,1.1520031699787527
15.4885,1.1565312960467768
15.4939,1.1583480260768788
15.4996,1.16159154366921
15.5052,1.1539806645021533
15.5106,1.1723971701874831
15.5162,1.1634577433802415
15.5219,1.1544066855084667
15.5272,1.155736687246839
15.5329,1.160625282618067
15.5385,1.147171996241214
15.5439,1.1652044085730633
15.5496,1.1592257600273375
15.5552,1.1580242177677134
15.5608,1.1644506520763966
15.5662,1.1664014157950848
15.5718,1.1701413808106413
15.5774,1.1725656958119715
15.5828,1.1565031414868012
15.5884,1.1631011853649904
15.5941,1.1587050361156024
15.5995,1.165433158713271
15.6051,1.1613516264507018
15.6108,1.162697447606972
15.6161,1.1602199641367958
15.6218,1.1657537082692944
15.6274,1.1552369175847825
15.6331,1.1659605290244077
15.6384,1.1624656699775227
15.644,1.159916188945857
15.6494,1.1659031797732513
15.6551,1.1589002724686361
15.6608,1.1751029263286716
15.6661,1.1748507377199917
15.6718,1.1760946015253995
15.6774,1.1654684805258217
15.6828,1.173083984535371
15.6885,1.1766630089972958
15.6941,1.1776278722793976
15.6995,1.1720101360088464
15.7052,1.1718074425572607
15.7108,1.1723915796734734
15.7162,1.157275599602086
15.7218,1.1698394701088857
15.7275,1.166969194484373
15.7328,1.1696081521757005
15.7384,1.1641720685948573
15.7441,1.158720906871759
15.7497,1.1786538132017834
15.7551,1.1683740224705341
15.7608,1.1545097126477761
15.7661,1.1633455384584936
15.7718,1.159863818660444
15.7774,1.156691653949157
15.7828,1.1707222515455822
15.7884,1.1707224111411914
15.7941,1.1673875566440695
15.7994,1.1693873275255633
15.8051,1.1782618911823632
15.8105,1.1659023019623707
15.8161,1.1676846773832519
15.8218,1.1753089449294871
15.8274,1.1747259987134462
15.8328,1.1678425514417312
15.8384,1.178555578335303
15.8441,1.1678187606740587
15.8494,1.1733822229962731
15.8551,1.183614928671737
15.8608,1.1639484724071039
15.8661,1.181480435756182
15.8718,1.1792194591119098
15.8774,1.1812216190213611
15.8828,1.178208033943571
15.8884,1.1727032488493658
15.8941,1.166337815813906
15.8994,1.1825908148679338
15.9051,1.1656962354786808
15.9108,1.1649985642124616
15.9162,1.173351477406591
15.9218,1.180958542881716
15.9275,1.18582518053789
15.9328,1.1782035488182678
15.9384,1.1743330427799075
15.9441,1.1739526263216384
15.9495,1.1783920437496749
15.9551,1.168591597138395
15.9608,1.1780908598286473
15.9662,1.17455127848126
15.9718,1.1865134024197894
15.9772,1.1834197760439589
15.9828,1.1771093719725718
15.9885,1.1797944234008708
15.9941,1.1754328405814658
15.9995,1.186033025853229
16.005,1.1782495698666895
16.0107,1.171711422390285
16.0163,1.176075665766716
16.0217,1.1689370617779484
16.0274,1.184145652189256
16.0328,1.1757478570878257
16.0384,1.1648373287123837
16.0441,1.1782313614901685
16.0497,1.177945414460936
16.055,1.1775675358243152
16.0607,1.1806714422809712
16.0664,1.1705238795448571
16.0718,1.1838768480768567
16.0774,1.1798853383677053
16.0828,1.164054507713299
16.0884,1.1832129637507192
16.0941,1.1753217376312117
16.0994,1.1723433322257404
16.1051,1.1850997236329164
16.1107,1.1800164710907195
16.1161,1.1694693311489355
16.1218,1.177678761715427
16.1275,1.181386202306639
16.1328,1.1855191877960953
16.1385,1.1675723769647182
16.1439,1.1798756519372657
16.1496,1.1634397359121387
16.1552,1.1770076950561454
16.1606,1.1708100181443877
16.1662,1.1736111632351067
16.1716,1.1776684931795707
16.1773,1.1746072575223498
16.1827,1.1898740061200954
16.1884,1.1892908790423957
16.194,1.174883157591583
16.1996,1.1920944417444164
16.2051,1.1759913544860423
16.2107,1.1868846921642031
16.2163,1.181970975578911
16.2217,1.1822931679904183
16.2274,1.1750334647597591
16.2328,1.1858880115750952
16.2385,1.1884198143026872
16.2441,1.1919829208408
16.2495,1.1834791581187176
16.2552,1.1784062591568427
16.2608,1.191476570209927
16.2662,1.1889278297628219
16.2718,1.1773240235205704
16.2773,1.18578958519319
16.283,1.1748589275081749
16.2884,1.1761655440985297
16.294,1.1817885419296097
16.2997,1.1872460722505727
16.3051,1.176319294482988
16.3107,1.1819460660879357
16.3163,1.1830025158833566
16.3217,1.189572531257656
16.3274,1.1839751570914623
16.333,1.1860180150358202
16.3384,1.1958236240433355
16.3441,1.1894797224402727
16.3494,1.185699373049047
16.3551,1.1816820248110274
16.3607,1.1859755939360301
16.3662,1.192917591141119
16.3718,1.1819093307383515
16.3774,1.18883491707215
16.3828,1.183468400128699
16.3885,1.1826675601649772
16.3942,1.178490007735919
16.3996,1.1847968113176726
16.4052,1.19293041142229
16.4105,1.1932166074699078
16.4162,1.1750572418366079
16.4218,1.1843406239992715
16.4275,1.1802911610967568
16.4329,1.174895928621185
16.4385,1.1844349131313512
16.4439,1.180486786995479
16.4495,1.184369181908604
16.4552,1.1933037020133057
16.4606,1.1874015145705956
16.4662,1.1761675017967619
16.4719,1.1765063033464158
16.4773,1.179592204787802
16.4829,1.179919212423526
16.4886,1.1870701618069415
16.494,1.1910447306627734
16.4997,1.1901217809983806
16.505,1.1801791839154536
16.5107,1.1753057705275083
16.5163,1.1891656119801297
16.5217,1.184125881632948
16.5273,1.1851586222412307
16.533,1.1846135096668915
16.5384,1.1924189821815028
16.544,1.1811015157452243
16.5494,1.1823393196563738
16.5551,1.1910910865156943
16.5607,1.1951537642724737
16.5663,1.18460115762869
16.5717,1.196830218290367
16.5773,1.1940322844349804
16.5828,1.1845719584773586
16.5884,1.1937387507050021
16.5939,1.1968341287333468
16.5995,1.1930657428230749
16.605,1.1947382337598362
16.6107,1.1911916679664618
16.6163,1.2016334779027076
16.6217,1.1835939257669672
16.6273,1.1788962819305524
16.6328,1.188108462269974
16.6384,1.1908443215010873
16.6439,1.1813176494683617
16.6496,1.1908548868104674
16.655,1.1780526735575094
16.6606,1.184270209805316
16.6661,1.182679998521171
16.6717,1.1811051116278828
16.6773,1.192474532868006
16.6828,1.1805877888157943
16.6884,1.1746755241768077
16.6939,1.1874569295913013
16.6995,1.1876437590465996
16.705,1.1922210633894907
16.7106,1.1821812441561652
16.7162,1.1931110490050436
16.7217,1.1837159381514573
16.7273,1.1839028123971571
16.7328,1.188510538746092
16.7384,1.1941781410041064
16.7439,1.1953705024843646
16.7495,1.1932662523367341
16.7551,1.1883583483510503
16.7606,1.1890166447314214
16.7662,1.1941480111099871
16.7717,1.183536318689079
16.7773,1.1961779521705034
16.7828,1.1876024755010561
16.7884,1.186302699758083
16.794,1.193116321161261
16.7995,1.1945289755263964
16.8051,1.1937912541774798
16.8106,1.1938763516844408
16.8162,1.1902252732852279
16.8217,1.180349369430094
16.8273,1.1932848218082008
16.8329,1.1805550627950276
16.8384,1.183875488262582
16.844,1.186666249000363
16.8495,1.1847684338938773
16.8551,1.1818076427094122
16.8607,1.1974916478647666
16.8662,1.1864990353338576
16.8718,1.1907124388598518
16.8773,1.191015817584987
16.8829,1.194433955358184
16.8884,1.1860704521699958
16.894,1.1851564141138842
16.8996,1.1972346117723784
16.9051,1.200514004316847
16.9107,1.1967102338383924
16.9162,1.184576986577327
16.9218,1.189472555147304
16.9273,1.1917963796274285
16.9329,1.1890853414552436
16.9385,1.1870862258933903
16.944,1.1946592714456699
16.9496,1.1826548273853372
16.9551,1.1968998427868105
16.9607,1.1947954664347513
16.9663,1.1718061400787778
16.9718,1.1882319467611715
16.9774,1.180256522628033
16.9829,1.1791119426508394
16.9885,1.182479714053367
16.994,1.172931924049455
16.9996,1.180540383960936
17.0052,1.187069822436058
17.0106,1.1839986767787987
17.0163,1.1908565920956435
17.0219,1.1900463854323093
17.0273,1.1872972723331836
17.0329,1.1949387627038162
17.0385,1.200032672530112
17.0441,1.1964263372224322
17.0496,1.205516626407172
17.0552,1.196743368821757
17.0606,1.1934052270576243
17.0662,1.196143322186768
17.0718,1.198027186375071
17.0774,1.1999126070874473
17.0829,1.1945658429076922
17.0885,1.194121464694804
