Experiment: Mar_2_Turb_expt vial 8, Tue Mar  2 18:45:49 2021
0.0056,0.0
0.0113,0.0010606046867671637
0.0166,0.0003442489810852045
0.0223,0.00035820190840762933
0.0279,0.0007094116360883973
0.0333,-0.0006815790457284088
0.0389,-0.00034426757796124363
0.0446,0.0
0.0499,-0.0003582144191049963
0.0556,0.0003442489810852045
0.0612,-0.0007024997972844282
0.0666,0.001053624618409188
0.0723,-6.97438050867305e-06
0.0779,0.0006884793652957022
0.0833,6.975503724415688e-06
0.0889,0.0
0.0946,-6.97438050867305e-06
0.0999,0.0010466456732665108
0.1056,0.0003512248831385456
0.1112,-0.0003512415601409913
0.1166,-0.00034426757796124363
0.1222,-0.0006955273366489045
0.1279,6.975503724415688e-06
0.1333,0.00033727420224849425
0.1389,0.0
0.1445,-0.00034426757796124363
0.1502,-6.97438050867305e-06
0.1555,0.0010466456732665108
0.1611,0.0007094116360883973
0.1668,0.00035820190840762933
0.1721,0.00036518005689378796
0.1777,0.0003442489810852045
0.1834,0.0007024330892750896
0.189,0.0007094116360883973
0.1944,0.0007303540158285493
0.2,0.00033727420224849425
0.2056,0.0010606046867671637
0.2113,0.0006884793652957022
0.2166,-0.0003582144191049963
0.2223,0.0003512248831385456
0.2279,0.0003442489810852045
0.2332,0.0006815041881305106
0.2389,0.0007024330892750896
0.2445,-0.0003582144191049963
0.2501,-0.0007024997972844282
0.2555,0.00037215932859568923
0.2611,0.0007024330892750896
0.2668,0.0003512248831385456
0.2721,0.0
0.2778,0.0003512248831385456
0.2834,-0.0014190017680224543
0.289,0.0006884793652957022
0.2944,0.0
0.2999,0.0006884793652957022
0.3056,-0.0003651861548528146
0.3112,-1.3947637801159374e-05
0.3165,0.0007024330892750896
0.3222,0.0007024330892750896
0.3277,-0.0003582144191049963
0.3333,0.00035820190840762933
0.339,0.001053624618409188
0.3446,0.00035820190840762933
0.3499,6.975503724415688e-06
0.3555,0.0003442489810852045
0.3611,-0.0003651861548528146
0.3668,0.00100479558995481
0.3721,0.00033727420224849425
0.3778,-0.0007094711347042093
0.3833,-0.0007164413489069155
0.3889,-0.0017494066747265613
0.3946,-0.0007094711347042093
0.3999,-1.3947637801159374e-05
0.4056,-0.0010677132199639061
0.4111,-0.001060744527305424
0.4168,-0.0007024997972844282
0.4224,0.0
0.4278,0.0003442489810852045
0.4334,-0.001060744527305424
0.4389,-0.002472967474213217
0.4446,-6.97438050867305e-06
0.4499,-0.0003582144191049963
0.4556,0.00033727420224849425
0.4612,0.0010396678513409086
0.4666,-0.0007024997972844282
0.4722,-0.001405066302578195
0.4778,-0.0003512415601409913
0.4835,-0.0007094711347042093
0.4888,-0.0010537747114303109
0.4945,0.0
0.5001,0.0003442489810852045
0.5055,0.0003512248831385456
0.5111,0.0003442489810852045
0.5168,-0.0003512415601409913
0.5221,-0.0007094711347042093
0.5278,-0.0007164413489069155
0.5334,-0.000723410439893879
0.5388,-0.0007164413489069155
0.5444,-0.0021216288951473317
0.5501,-0.0007094711347042093
0.5557,-0.002472967474213217
0.5611,-0.0007094711347042093
0.5667,-0.00141203459690864
0.5723,0.0010466456732665108
0.5777,-1.3947637801159374e-05
0.5833,-0.0010677132199639061
0.589,-0.0007094711347042093
0.5943,-1.3947637801159374e-05
0.6,-0.0014329327406015224
0.6056,-0.0014190017680224543
0.6112,-0.00141203459690864
0.6166,-0.0003582144191049963
0.6222,0.0003442489810852045
0.6279,-0.0013911263442683008
0.6332,0.0003512248831385456
0.6389,-0.0010537747114303109
0.6445,-0.001060744527305424
0.6501,-0.0003582144191049963
0.6555,0.0003512248831385456
0.6611,-0.0003303162439514118
0.6668,-0.00034426757796124363
0.6721,-0.000723410439893879
0.6777,-0.001060744527305424
0.6834,-6.97438050867305e-06
0.689,-0.0003512415601409913
0.6944,-0.0003582144191049963
0.7,0.0
0.7056,0.0010466456732665108
0.7113,0.0006954556656770805
0.7166,-6.97438050867305e-06
0.7222,0.00035820190840762933
0.7279,-0.001060744527305424
0.7332,-0.0010677132199639061
0.7388,0.001032691152631049
0.7445,0.00033727420224849425
0.7501,1.3952130665906282e-05
0.7555,6.975503724415688e-06
0.7611,0.0003442489810852045
0.7667,-0.0003512415601409913
0.7721,0.00035820190840762933
0.7777,-0.0007094711347042093
0.7833,-0.0010677132199639061
0.789,0.0003512248831385456
0.7946,-0.0003651861548528146
0.8,0.0006745301341819498
0.8056,-0.0013980968850315634
0.811,-6.97438050867305e-06
0.8166,-0.0003582144191049963
0.8222,-1.3947637801159374e-05
0.8279,-1.3947637801159374e-05
0.8332,0.0003512248831385456
0.8389,0.0003303005466279707
0.8445,-0.0007164413489069155
0.8501,0.0006954556656770805
0.8555,-0.0007094711347042093
0.8612,-0.001060744527305424
0.8668,-0.0003512415601409913
0.8722,-0.0003582144191049963
0.8778,-0.0010537747114303109
0.8834,-0.001756374570728525
0.8888,-0.0010537747114303109
0.8944,-6.97438050867305e-06
0.9001,-0.0003512415601409913
0.9054,-0.0003582144191049963
0.9111,-0.0006885537527963059
0.9167,0.0007024330892750896
0.9223,-0.00034426757796124363
0.9277,-0.0010468037723394552
0.9333,0.001053624618409188
0.939,-0.0007094711347042093
0.9443,-6.97438050867305e-06
0.95,0.0003303005466279707
0.9554,-0.0010746807894062016
0.961,0.0003512248831385456
0.9667,-0.0010746807894062016
0.9723,-0.0007094711347042093
0.9777,-2.091977187701488e-05
0.9833,-0.0007164413489069155
0.989,0.0003442489810852045
0.9943,0.0006954556656770805
1.0,-6.97438050867305e-06
1.0056,-0.000723410439893879
1.0113,0.0003303005466279707
1.0167,0.00033727420224849425
1.0223,-0.0003512415601409913
1.0277,-0.0003512415601409913
1.0333,-0.0007094711347042093
1.039,-6.97438050867305e-06
1.0443,-0.0007164413489069155
1.05,-0.0003582144191049963
1.0556,-0.00037215676738400205
1.061,0.0003303005466279707
1.0666,0.0003442489810852045
1.0723,-0.00034426757796124363
1.0779,-2.789078273668366e-05
1.0833,0.00033727420224849425
1.0889,-1.3947637801159374e-05
1.0945,0.0007233720993657933
1.0999,2.790875419700356e-05
1.1055,0.0003303005466279707
1.1112,0.0003303005466279707
1.1168,-0.0006955273366489045
1.1222,0.0007094116360883973
1.1278,-0.0003303162439514118
1.1334,0.0
1.1388,-0.0007094711347042093
1.1444,-0.001763341343514302
1.15,-0.0013980968850315634
1.1557,-0.0010677132199639061
1.161,-0.0007094711347042093
1.1667,-0.001405066302578195
1.1723,-0.00037215676738400205
1.1777,-0.0003651861548528146
1.1833,-0.001060744527305424
1.1889,0.00033727420224849425
1.1943,-6.97438050867305e-06
1.1999,-0.0007164413489069155
1.2055,-6.97438050867305e-06
1.2112,-0.0003651861548528146
1.2166,0.0006954556656770805
1.2222,-0.00141203459690864
1.2278,-0.00141203459690864
1.2332,-0.0021076995158808565
1.2388,-1.3947637801159374e-05
1.2444,-1.3947637801159374e-05
1.2501,-1.3947637801159374e-05
1.2554,-0.0003512415601409913
1.2611,0.0010606046867671637
1.2667,0.0
1.2723,0.00033727420224849425
1.2777,-0.0021076995158808565
1.2833,-0.0007164413489069155
1.2889,-6.97438050867305e-06
1.2946,-0.0010537747114303109
1.2999,0.0006954556656770805
1.3056,-6.97438050867305e-06
1.3112,0.0003512248831385456
1.3165,-2.091977187701488e-05
1.3222,0.00033727420224849425
1.3278,0.0003512248831385456
1.3334,-0.00037215676738400205
1.3388,0.00033727420224849425
1.3445,0.0
1.3501,0.00033727420224849425
1.3554,-0.0003512415601409913
1.3611,-0.0003582144191049963
1.3667,-1.3947637801159374e-05
1.3724,-0.0010677132199639061
1.3777,0.001032691152631049
1.3833,-0.0010746807894062016
1.389,-0.0003582144191049963
1.3944,0.0006884793652957022
1.4,0.0003303005466279707
1.4057,-0.000723410439893879
1.411,-0.0003512415601409913
1.4166,-0.0010677132199639061
1.4223,0.0006745301341819498
1.4279,0.0006884793652957022
1.4333,0.0017489756574380344
1.4389,0.0010396678513409086
1.4446,0.0003303005466279707
1.4499,-6.97438050867305e-06
1.4555,-0.0003651861548528146
1.4612,0.0014047994705403966
1.4666,0.0006884793652957022
1.4722,-0.000723410439893879
1.4778,0.0006884793652957022
1.4835,-0.0014190017680224543
1.4888,-0.00141203459690864
1.4945,0.00030938631906352043
1.5001,-0.0014190017680224543
1.5055,-0.001060744527305424
1.5111,-0.002128591899955623
1.5168,-6.97438050867305e-06
1.5221,0.00033727420224849425
1.5278,-0.0007164413489069155
1.5334,-0.0003582144191049963
1.539,-0.0007164413489069155
1.5444,0.0006884793652957022
1.5501,-2.091977187701488e-05
1.5557,-0.0003582144191049963
1.561,-0.0003651861548528146
1.5667,0.00035820190840762933
1.5723,-1.3947637801159374e-05
1.5777,-6.97438050867305e-06
1.5833,-1.3947637801159374e-05
1.589,-0.0014259678159200817
1.5946,-0.0003582144191049963
1.6,0.00033727420224849425
1.6056,-0.0010886125586422324
1.6112,-0.000723410439893879
1.6166,-0.000723410439893879
1.6222,-0.0003582144191049963
1.6279,-0.0007303784076646558
1.6333,-0.0003791262566994469
1.6389,-1.3947637801159374e-05
1.6445,-2.789078273668366e-05
1.6499,-2.789078273668366e-05
1.6555,-0.0003791262566994469
1.6612,-0.0003582144191049963
1.6668,-0.0003651861548528146
1.6722,-0.0003651861548528146
1.6778,0.0003233280142236339
1.6835,0.0006605853959325003
1.6888,0.0006745301341819498
1.6945,0.0006815041881305106
1.7001,0.0006954556656770805
1.7057,0.001032691152631049
1.7111,0.0003303005466279707
1.7167,-1.3947637801159374e-05
1.7224,-6.97438050867305e-06
1.7277,-2.091977187701488e-05
1.7333,-0.00034426757796124363
1.739,-6.97438050867305e-06
1.7446,0.0007094116360883973
1.7499,0.0003512248831385456
1.7556,-0.001763341343514302
1.7612,0.0013908396603832252
1.7668,-0.0007024997972844282
1.7722,-0.0007024997972844282
1.7778,0.00035820190840762933
1.7835,-0.0003512415601409913
1.7888,-1.3947637801159374e-05
1.7944,-0.0003651861548528146
1.8,0.0003512248831385456
1.8056,-0.001060744527305424
1.8113,-0.0007164413489069155
1.8166,-0.0010328585245078514
1.8222,-4.182943480790513e-05
1.8278,-0.0003651861548528146
1.8335,-0.00141203459690864
1.8391,-0.0010746807894062016
1.8445,-0.001060744527305424
1.85,-2.091977187701488e-05
1.8556,0.0003233280142236339
1.8613,0.0003442489810852045
1.8666,0.00033727420224849425
1.8723,0.00033727420224849425
1.8778,-0.0003651861548528146
1.8835,0.0003303005466279707
1.8891,-0.0007164413489069155
1.8945,-0.00037215676738400205
1.9001,0.0003303005466279707
1.9056,-0.0003651861548528146
1.9113,-0.0007024997972844282
1.9166,-0.0007094711347042093
1.9223,-0.0003791262566994469
1.9279,-0.0007164413489069155
1.9334,-0.0014190017680224543
1.9391,-0.0003582144191049963
1.9444,-0.0007164413489069155
1.9501,-0.0010537747114303109
1.9557,-0.0010677132199639061
1.9611,0.00033727420224849425
1.9668,-0.0003651861548528146
1.9724,-0.0007303784076646558
1.9778,-0.00141203459690864
1.9834,-0.0003512415601409913
1.989,-0.001763341343514302
1.9944,-0.0007094711347042093
2.0001,-1.3947637801159374e-05
2.0057,-0.0003651861548528146
2.0111,-0.0007164413489069155
2.0167,-0.00037215676738400205
2.0224,0.0006954556656770805
2.0277,0.0003303005466279707
2.0334,0.0003442489810852045
2.039,-0.001060744527305424
2.0447,-0.0003651861548528146
2.05,-0.0003512415601409913
2.0557,0.0003442489810852045
2.061,-1.3947637801159374e-05
2.0667,0.0003233280142236339
2.0722,-1.3947637801159374e-05
2.0778,0.0003303005466279707
2.0835,-2.091977187701488e-05
2.0889,-2.091977187701488e-05
2.0945,-0.0003582144191049963
2.1,0.001032691152631049
2.1057,0.0006745301341819498
2.1113,0.0006745301341819498
2.1167,0.00033727420224849425
2.1223,-0.0003791262566994469
2.1278,-0.0003791262566994469
2.1335,-0.0003582144191049963
2.1391,0.0003303005466279707
2.1445,-2.091977187701488e-05
2.1501,0.00033727420224849425
2.1556,0.0003442489810852045
2.1613,-0.0003791262566994469
2.1666,-6.97438050867305e-06
2.1723,0.0003303005466279707
2.1779,0.001025715577137376
2.1833,0.0006815041881305106
2.1889,-2.789078273668366e-05
2.1946,0.0006815041881305106
2.2002,-0.0007164413489069155
2.2056,-0.0014190017680224543
2.2112,-0.000723410439893879
2.2169,-0.0003512415601409913
2.2223,-1.3947637801159374e-05
2.2279,-0.0003582144191049963
2.2335,0.0006884793652957022
2.2389,-6.97438050867305e-06
2.2445,0.0006884793652957022
2.2502,-3.4860670380165715e-05
2.2555,0.0003303005466279707
2.2612,-6.97438050867305e-06
2.2668,0.0006815041881305106
2.2724,-2.091977187701488e-05
2.2778,0.0010466456732665108
2.2834,0.0003303005466279707
2.2891,-1.3947637801159374e-05
2.2944,-0.00037215676738400205
2.3001,0.0010466456732665108
2.3057,0.0006605853959325003
2.3111,0.0020931332474614095
2.3167,0.0006815041881305106
2.3224,0.0003163566050354838
2.328,0.0006954556656770805
2.3334,0.0007024330892750896
2.339,-0.000723410439893879
2.3447,0.0006815041881305106
2.3501,0.0007024330892750896
2.3557,0.0010466456732665108
2.3611,0.00033727420224849425
2.3667,0.0007024330892750896
2.3723,0.0006884793652957022
2.378,0.00033727420224849425
2.3833,-0.00037215676738400205
2.389,0.0003512248831385456
2.3946,0.0010466456732665108
2.4003,0.0006884793652957022
2.4056,-0.0007094711347042093
2.4112,0.0010396678513409086
2.4169,0.0003442489810852045
2.4223,0.0003163566050354838
2.4279,0.0003233280142236339
2.4335,0.0
2.4389,0.0010396678513409086
2.4446,-0.001060744527305424
2.4502,-0.0010537747114303109
2.4556,-1.3947637801159374e-05
2.4612,-0.0003582144191049963
2.4669,0.00033727420224849425
2.4722,0.0006815041881305106
2.4779,0.001032691152631049
2.4835,0.0003442489810852045
2.4892,0.0
2.4945,0.0006815041881305106
2.5002,0.0006954556656770805
2.5055,0.0006745301341819498
2.5112,0.001053624618409188
2.5169,0.0006954556656770805
2.5222,-3.4860670380165715e-05
2.5279,-0.000723410439893879
2.5335,-6.97438050867305e-06
2.5389,0.0003442489810852045
2.5445,-0.00037215676738400205
2.5502,-0.0007164413489069155
2.5555,-0.000723410439893879
2.5612,-0.0014190017680224543
2.5669,-0.0003582144191049963
2.5722,-0.0003651861548528146
2.5779,0.0006954556656770805
2.5835,6.975503724415688e-06
2.5889,0.0010466456732665108
2.5945,0.00033727420224849425
2.6002,-1.3947637801159374e-05
2.6058,0.001025715577137376
2.6112,-0.0010537747114303109
2.6168,-0.00037215676738400205
2.6225,-6.97438050867305e-06
2.6278,0.0003303005466279707
2.6335,-0.0003651861548528146
2.6391,-0.0017424376555079668
2.6445,-6.97438050867305e-06
2.6501,-0.0003651861548528146
2.6558,-0.00034426757796124363
2.6611,-0.0007024997972844282
2.6668,-0.000723410439893879
2.6724,-6.97438050867305e-06
2.678,-0.0003512415601409913
2.6834,-0.00037215676738400205
2.689,0.00033727420224849425
2.6947,0.0003303005466279707
2.7,0.0006954556656770805
2.7057,0.0003512248831385456
2.7113,-0.0007303784076646558
2.7167,-2.789078273668366e-05
2.7223,0.0003303005466279707
2.728,-0.001060744527305424
2.7333,-0.0003791262566994469
2.739,0.00033727420224849425
2.7446,-0.0014190017680224543
2.7503,-1.3947637801159374e-05
2.7556,-0.00141203459690864
2.7613,-2.091977187701488e-05
2.7669,-1.3947637801159374e-05
2.7722,-0.0010816472356323104
2.7779,-0.0007164413489069155
2.7835,0.0003303005466279707
2.7891,-0.00037215676738400205
2.7945,-0.001756374570728525
2.8001,-0.0014190017680224543
2.8058,-2.789078273668366e-05
2.8111,-2.091977187701488e-05
2.8168,-0.001060744527305424
2.8224,6.975503724415688e-06
2.8281,-0.0007303784076646558
2.8334,0.0003512248831385456
2.8391,0.0003303005466279707
2.8447,0.0003303005466279707
2.85,0.0003303005466279707
2.8557,-0.0003582144191049963
2.8613,-1.3947637801159374e-05
2.8669,-0.0007164413489069155
2.8723,-0.0010746807894062016
2.8779,0.0003233280142236339
2.8836,-6.97438050867305e-06
2.8889,0.00033727420224849425
2.8946,-0.0007164413489069155
2.9002,-0.0014190017680224543
2.9056,0.0010466456732665108
2.9112,0.0010466456732665108
2.9169,-0.00037215676738400205
2.9225,-1.3947637801159374e-05
2.9279,0.00035820190840762933
2.9336,0.0003163566050354838
2.939,0.001741994792423096
2.9446,-0.0003582144191049963
2.95,0.0003442489810852045
2.9556,0.0006745301341819498
2.9613,0.00033727420224849425
2.9667,-6.97438050867305e-06
2.9723,-0.0003860946227982609
2.978,-2.091977187701488e-05
2.9836,0.00033727420224849425
2.989,0.0006815041881305106
2.9947,0.0006815041881305106
3.0,-0.0003651861548528146
3.0057,0.0003442489810852045
3.0114,0.0006884793652957022
3.0167,0.0
3.0224,-0.00034426757796124363
3.028,0.0006745301341819498
3.0334,0.0006884793652957022
3.039,0.0003233280142236339
3.0447,0.0006815041881305106
3.05,-2.091977187701488e-05
3.0557,0.0003442489810852045
3.0613,0.0
3.0669,0.0013978190038534954
3.0723,0.0003512248831385456
3.0779,-2.789078273668366e-05
3.0835,0.00035820190840762933
3.0889,-0.0007094711347042093
3.0946,-1.3947637801159374e-05
3.1002,0.0
3.1056,-0.0007164413489069155
3.1112,0.00033727420224849425
3.1168,0.0
3.1225,-1.3947637801159374e-05
3.1278,-0.0003582144191049963
3.1335,-0.0010677132199639061
3.1391,0.0003512248831385456
3.1445,-0.0007024997972844282
3.1501,0.0
3.1557,-0.0006955273366489045
3.1614,-0.00034426757796124363
3.1668,-0.001060744527305424
3.1724,-0.0003582144191049963
3.178,-0.0010816472356323104
3.1834,-0.0003512415601409913
3.1891,-0.00034426757796124363
3.1947,-0.000723410439893879
3.2001,-2.091977187701488e-05
3.2057,-0.0010537747114303109
3.2113,-0.0003582144191049963
3.2167,0.0007024330892750896
3.2223,-0.001405066302578195
3.228,-6.97438050867305e-06
3.2336,-0.0003512415601409913
3.239,-0.00037215676738400205
3.2446,-0.0003651861548528146
3.2502,-0.0003582144191049963
3.2556,-0.0010537747114303109
3.2612,-0.0007164413489069155
3.2668,0.0006884793652957022
3.2724,0.0007094116360883973
3.2781,-0.000723410439893879
3.2834,-6.97438050867305e-06
3.289,0.00033727420224849425
3.2946,-0.0003791262566994469
3.3002,1.3952130665906282e-05
3.3059,-0.00037215676738400205
3.3112,0.0003442489810852045
3.3168,-2.789078273668366e-05
3.3224,-1.3947637801159374e-05
3.328,-0.0003512415601409913
3.3334,-0.0021216288951473317
3.339,-0.0010677132199639061
3.3446,-0.0010746807894062016
3.3502,-0.0010677132199639061
3.3556,-0.0003582144191049963
3.3612,0.00033727420224849425
3.3669,0.0003442489810852045
3.3724,-0.0007024997972844282
3.378,0.0003512248831385456
3.3834,-0.0007094711347042093
3.389,0.0003512248831385456
3.3947,0.0006954556656770805
3.4001,-0.0007024997972844282
3.4058,-0.0003791262566994469
3.4111,-0.0007164413489069155
3.4168,-0.0010816472356323104
3.4224,-0.001756374570728525
3.4278,-0.0003512415601409913
3.4335,0.00033727420224849425
3.4391,0.0006954556656770805
3.4447,-0.0003582144191049963
3.4501,0.0003442489810852045
3.4558,-0.0010886125586422324
3.4614,0.0007024330892750896
3.4668,-2.091977187701488e-05
3.4724,0.0003303005466279707
3.4781,-0.000723410439893879
3.4834,-0.0007094711347042093
3.489,-0.002128591899955623
3.4947,0.00033727420224849425
3.5,-0.0007303784076646558
3.5057,-0.001060744527305424
3.5113,-0.0010677132199639061
3.517,-0.001770306993083448
3.5223,-0.0003651861548528146
3.528,0.0003442489810852045
3.5336,-1.3947637801159374e-05
3.539,0.0003442489810852045
3.5446,-0.000723410439893879
3.5503,-0.0003582144191049963
3.5556,-1.3947637801159374e-05
3.5613,0.0
3.5669,0.0006954556656770805
3.5723,-1.3947637801159374e-05
3.5779,-2.789078273668366e-05
3.5835,-0.0010746807894062016
3.5892,0.0006884793652957022
3.5945,-0.0003512415601409913
3.6002,-0.0007164413489069155
3.6058,-0.0007164413489069155
3.6112,-0.0010746807894062016
3.6168,-6.97438050867305e-06
3.6225,-0.0003512415601409913
3.6279,-0.0003512415601409913
3.6335,-1.3947637801159374e-05
3.6391,-6.97438050867305e-06
3.6445,-6.97438050867305e-06
3.6501,-1.3947637801159374e-05
3.6558,-2.091977187701488e-05
3.6614,-0.0003651861548528146
3.6668,-0.0007164413489069155
3.6724,-0.00037215676738400205
3.678,-0.001060744527305424
3.6834,-2.789078273668366e-05
3.689,-1.3947637801159374e-05
3.6947,-0.0010537747114303109
3.7,-0.0003512415601409913
3.7057,-6.97438050867305e-06
3.7113,-0.00034426757796124363
3.717,-0.0010746807894062016
3.7223,-0.0010677132199639061
3.728,0.0014047994705403966
3.7336,0.0003442489810852045
3.739,-0.0014190017680224543
3.7446,-0.0003791262566994469
3.7503,-0.0003582144191049963
3.7556,0.0003303005466279707
3.7611,0.0003442489810852045
3.7668,-1.3947637801159374e-05
3.7724,0.00033727420224849425
3.778,-0.0006955273366489045
3.7834,-2.091977187701488e-05
3.7889,-0.0007024997972844282
3.7946,-6.97438050867305e-06
3.8002,-0.001060744527305424
3.8056,-0.0010537747114303109
3.8112,-6.97438050867305e-06
3.8168,-0.0003582144191049963
3.8224,-0.0003582144191049963
3.828,-0.0003582144191049963
3.8334,-0.0003791262566994469
3.839,-6.97438050867305e-06
3.8446,-6.97438050867305e-06
3.8502,0.001032691152631049
3.8556,0.0006815041881305106
3.8612,-0.001060744527305424
3.8669,-1.3947637801159374e-05
3.8724,0.00035820190840762933
3.878,-0.0003582144191049963
3.8834,-0.0003651861548528146
3.889,0.0
3.8946,0.001032691152631049
3.9002,0.0003303005466279707
3.9058,0.0006745301341819498
3.9112,-0.0003651861548528146
3.9168,-0.0003582144191049963
3.9225,0.0
3.9278,0.00036518005689378796
3.9335,-0.0010746807894062016
3.9391,0.0006954556656770805
3.9447,0.00033727420224849425
3.9501,0.0003442489810852045
3.9557,0.00033727420224849425
3.9614,-0.0010677132199639061
3.9667,0.0003442489810852045
3.9724,0.0003442489810852045
3.978,0.0006884793652957022
3.9836,0.0010396678513409086
3.989,-0.0003651861548528146
3.9946,-1.3947637801159374e-05
4.0003,0.0006884793652957022
4.0057,0.0007094116360883973
4.0113,0.00033727420224849425
4.0169,0.00033727420224849425
4.0223,-0.0010816472356323104
4.028,0.001032691152631049
4.0336,0.0003303005466279707
4.039,0.0003303005466279707
4.0446,-0.0007094711347042093
4.0502,0.0006954556656770805
4.0556,0.0006815041881305106
4.0613,-0.0003582144191049963
4.0669,0.0010396678513409086
4.0723,-0.0007094711347042093
4.0779,-0.0003651861548528146
4.0835,-0.001060744527305424
4.0892,-2.789078273668366e-05
4.0945,-0.0014190017680224543
4.1002,0.00033727420224849425
4.1058,0.0003303005466279707
4.1112,0.001032691152631049
4.1168,0.0003303005466279707
4.1225,0.0010396678513409086
4.1278,-0.00037215676738400205
4.1335,0.0006884793652957022
4.1391,-1.3947637801159374e-05
4.1445,-0.0003582144191049963
4.1501,0.00033727420224849425
4.1558,0.0006675572034491317
4.1614,0.0003442489810852045
4.1668,0.0010396678513409086
4.1724,0.0006954556656770805
4.178,-2.789078273668366e-05
4.1834,0.001741994792423096
4.189,0.001025715577137376
4.1947,-0.0007094711347042093
4.2003,-0.0003651861548528146
4.2057,-0.0007024997972844282
4.2113,0.00033727420224849425
4.217,0.0006745301341819498
4.2223,0.001053624618409188
4.228,0.0006884793652957022
4.2336,0.0006884793652957022
4.239,-2.091977187701488e-05
4.2446,0.0003442489810852045
4.2503,-0.0003651861548528146
4.2556,0.001025715577137376
4.2613,0.0010396678513409086
4.2669,-0.0003651861548528146
4.2723,0.0003303005466279707
4.2779,-0.000723410439893879
4.2836,0.001032691152631049
4.2889,-2.091977187701488e-05
4.2946,0.0006954556656770805
4.3002,-1.3947637801159374e-05
4.3058,-3.4860670380165715e-05
4.3112,-6.97438050867305e-06
4.3168,-0.0010677132199639061
4.3225,0.0006815041881305106
4.3278,0.0003233280142236339
4.3335,-0.00037215676738400205
4.3391,-0.000723410439893879
4.3447,-2.789078273668366e-05
4.3501,-0.000723410439893879
4.3557,-6.97438050867305e-06
4.3614,0.0006954556656770805
4.367,0.0003303005466279707
4.3723,0.0003442489810852045
4.378,-0.000723410439893879
4.3836,0.0010396678513409086
4.389,-0.0010816472356323104
4.3946,-0.0003651861548528146
4.4002,-0.0010886125586422324
4.4059,-0.0003651861548528146
4.4112,-0.000723410439893879
4.4169,0.0007024330892750896
4.4223,-2.091977187701488e-05
4.4279,0.0003233280142236339
4.4336,-0.0007094711347042093
4.439,0.0006815041881305106
4.4447,-0.0003512415601409913
4.4503,-0.0003582144191049963
4.4557,-0.0003512415601409913
4.4613,-0.0007164413489069155
4.467,-0.0010677132199639061
4.4723,0.001032691152631049
4.478,-0.00037215676738400205
4.4836,0.0007094116360883973
4.489,-0.0014398965420672205
4.4946,0.0006745301341819498
4.5002,0.0006884793652957022
4.5056,-1.3947637801159374e-05
4.5113,0.0010396678513409086
4.5169,0.0006884793652957022
4.5223,-0.0003651861548528146
4.5279,0.0003303005466279707
4.5335,0.0003163566050354838
4.5392,0.0007024330892750896
4.5445,0.0006954556656770805
4.5502,-6.97438050867305e-06
4.5556,0.0
4.5612,-0.0003582144191049963
4.5669,-0.0007024997972844282
4.5725,-1.3947637801159374e-05
4.5779,-0.0010746807894062016
4.5835,0.0006605853959325003
4.5892,0.0006884793652957022
4.5945,0.0003233280142236339
4.6002,-1.3947637801159374e-05
4.6058,0.0
4.6112,0.0006815041881305106
4.6169,-0.001060744527305424
4.6225,-0.0010677132199639061
4.6279,0.0006884793652957022
4.6335,-6.97438050867305e-06
4.6392,0.0006815041881305106
4.6445,-3.4860670380165715e-05
4.6502,-0.0007373452522188018
4.6558,0.0003303005466279707
4.6612,0.0007094116360883973
4.6668,-1.3947637801159374e-05
4.6725,-6.97438050867305e-06
4.6778,0.0006954556656770805
4.6835,-0.0003512415601409913
4.6891,0.0
4.6945,0.0
4.7002,0.00035820190840762933
4.7058,0.0
4.7112,-2.789078273668366e-05
4.7168,0.00033727420224849425
4.7225,-0.0003651861548528146
4.7278,-2.091977187701488e-05
4.7335,-0.000723410439893879
4.7391,0.0003512248831385456
4.7448,0.0006954556656770805
4.7501,-0.0003582144191049963
4.7558,-0.00037215676738400205
4.7611,-0.0010677132199639061
4.7668,-2.091977187701488e-05
4.7724,-0.00037215676738400205
4.778,-0.0010677132199639061
4.7834,-0.0007094711347042093
4.789,-2.091977187701488e-05
4.7947,-0.0003651861548528146
4.8003,0.0013768843430908007
4.8057,-0.0003791262566994469
4.8112,-2.091977187701488e-05
4.8168,-6.97438050867305e-06
4.8225,-0.0003860946227982609
4.8281,-0.0007024997972844282
4.8334,-0.00037215676738400205
4.839,-0.0007024997972844282
4.8446,0.0014047994705403966
4.8503,0.0003512248831385456
4.8556,-0.0007094711347042093
4.8613,-0.0010677132199639061
4.8668,-0.0010677132199639061
4.8725,0.0006954556656770805
4.8778,-0.0003651861548528146
4.8835,-0.0010746807894062016
4.8891,-0.0003582144191049963
4.8946,-1.3947637801159374e-05
4.9003,0.0006884793652957022
4.9056,-0.0021146647671224095
4.9113,-0.0007164413489069155
4.917,0.0006745301341819498
4.9223,-0.00037215676738400205
4.928,-1.3947637801159374e-05
4.9336,-2.091977187701488e-05
4.939,0.0006954556656770805
4.9446,0.0010396678513409086
4.9503,-0.0003651861548528146
4.9556,-0.0003582144191049963
4.9613,-0.0007094711347042093
4.9669,-3.4860670380165715e-05
4.9725,-1.3947637801159374e-05
4.9779,0.0006884793652957022
4.9835,-0.001060744527305424
4.9892,0.0
4.9945,0.0006954556656770805
5.0002,-0.001060744527305424
5.0059,0.0003303005466279707
5.0112,-0.000723410439893879
5.0169,0.0006954556656770805
5.0222,0.0003442489810852045
5.0279,0.0006954556656770805
5.0336,-6.97438050867305e-06
5.0389,0.00033727420224849425
5.0446,0.0007024330892750896
5.0502,-0.0003651861548528146
5.0559,-0.0010746807894062016
5.0612,0.00037215932859568923
5.0669,-0.001060744527305424
5.0723,-0.00034426757796124363
5.0779,0.0003442489810852045
5.0836,0.0003442489810852045
5.0889,0.0010396678513409086
5.0946,0.0007094116360883973
5.1002,-0.0003582144191049963
5.1056,0.0014047994705403966
5.1113,0.0006954556656770805
5.1169,-2.091977187701488e-05
5.1223,-0.0007094711347042093
5.1279,-0.0010677132199639061
5.1336,-0.0003512415601409913
5.139,-0.0024660048677329627
5.1446,-0.0006955273366489045
5.1503,0.0
5.1557,0.001053624618409188
5.1613,0.0010466456732665108
5.1667,0.00033727420224849425
5.1723,-0.0003582144191049963
5.178,-0.00141203459690864
5.1836,0.001032691152631049
5.189,0.0
5.1946,-0.0003512415601409913
5.2002,0.0003442489810852045
5.2056,-0.0003651861548528146
5.2113,0.00033727420224849425
5.2169,-0.0007373452522188018
5.2223,-0.0007094711347042093
5.2279,-2.091977187701488e-05
5.2336,-1.3947637801159374e-05
5.2389,0.00033727420224849425
5.2446,0.00035820190840762933
5.2502,-0.0003651861548528146
5.2558,0.0003512248831385456
5.2612,0.0017489756574380344
5.2669,-1.3947637801159374e-05
5.2725,0.0010396678513409086
5.2779,0.0003442489810852045
5.2835,0.001053624618409188
5.2891,-0.0003582144191049963
5.2945,0.0013908396603832252
5.3001,-0.0013911263442683008
5.3058,0.0010466456732665108
5.3114,0.0010466456732665108
5.3167,-0.0003512415601409913
5.3223,6.975503724415688e-06
5.328,-0.0006955273366489045
5.3336,-0.0007024997972844282
5.339,0.0
5.3446,6.975503724415688e-06
5.3502,-0.0003512415601409913
5.3556,-6.97438050867305e-06
5.3612,0.0
5.3669,0.00036518005689378796
5.3725,0.0006884793652957022
5.3778,0.0003512248831385456
5.3835,0.0003442489810852045
5.3891,-0.0003582144191049963
5.3945,0.0006884793652957022
5.4001,0.00033727420224849425
5.4057,-6.97438050867305e-06
5.4114,-0.0007164413489069155
5.4167,-0.001060744527305424
5.4223,-2.091977187701488e-05
5.4279,0.0003303005466279707
5.4336,0.0003512248831385456
5.4389,0.0003442489810852045
5.4446,0.0006745301341819498
5.4501,0.0003303005466279707
5.4557,-0.0010468037723394552
5.4614,-0.0003651861548528146
5.4667,-0.0003582144191049963
5.4724,-0.0007373452522188018
5.4779,-0.0007094711347042093
5.4835,0.00036518005689378796
5.4892,-6.97438050867305e-06
5.4945,-0.000723410439893879
5.5002,-0.0003582144191049963
5.5057,0.00036518005689378796
5.5113,0.0003303005466279707
5.5167,-0.0007024997972844282
5.5223,0.0006884793652957022
5.528,-1.3947637801159374e-05
5.5335,0.0003233280142236339
5.5391,-0.00037215676738400205
5.5445,-1.3947637801159374e-05
5.5501,0.0007024330892750896
5.5558,-0.00037215676738400205
5.5611,-0.0007164413489069155
5.5668,-1.3947637801159374e-05
5.5724,0.0006954556656770805
5.5778,-2.091977187701488e-05
5.5834,-0.0007094711347042093
5.5891,-0.00034426757796124363
5.5947,-0.001060744527305424
5.6001,0.0010466456732665108
5.6057,-0.000723410439893879
5.6114,-0.0010816472356323104
5.6167,0.0003512248831385456
5.6224,-1.3947637801159374e-05
5.628,0.0
5.6334,-0.0010537747114303109
5.6424,0.0006815041881305106
5.6445,-0.0010746807894062016
5.6501,0.0003303005466279707
5.6556,0.00033727420224849425
5.6614,0.0003442489810852045
5.6668,-1.3947637801159374e-05
5.6723,0.0
5.6806,-1.3947637801159374e-05
5.6834,-0.0003651861548528146
5.6891,-0.001060744527305424
5.6947,-0.0010886125586422324
5.7034,-0.0007094711347042093
5.7057,-0.0007443109735572051
5.7112,-2.091977187701488e-05
5.7169,0.0003442489810852045
5.7255,0.00033727420224849425
5.7298,-0.0003651861548528146
5.7336,0.0003442489810852045
5.739,-6.97438050867305e-06
5.7446,-1.3947637801159374e-05
5.7503,0.0006954556656770805
5.7556,0.0003512248831385456
5.7613,-0.001405066302578195
5.7669,-0.0007024997972844282
5.7723,-0.0010468037723394552
5.778,-0.0007164413489069155
5.7834,0.00037215932859568923
5.7891,-0.0003512415601409913
5.7947,-0.001060744527305424
5.8001,-0.00037215676738400205
5.8057,-1.3947637801159374e-05
5.8114,-0.0007024997972844282
5.8167,-0.0013980968850315634
5.8224,-0.0010746807894062016
5.8281,-0.001763341343514302
5.8334,-0.0024799289574772843
5.8391,-6.97438050867305e-06
5.8447,-0.0007024997972844282
5.8501,-0.0010677132199639061
5.8557,-0.0014259678159200817
5.8614,-0.0003651861548528146
5.8668,0.0
5.8724,0.0003512248831385456
5.878,-0.0014190017680224543
5.8835,0.0003442489810852045
5.8892,-0.0007094711347042093
5.8946,-0.00037215676738400205
5.9002,-0.0003582144191049963
5.9056,-0.0007094711347042093
5.9113,-0.0003651861548528146
5.9167,-0.00034426757796124363
5.9224,0.0006815041881305106
5.928,-0.00034426757796124363
5.9335,0.0007024330892750896
5.9389,-2.091977187701488e-05
5.9446,0.0003233280142236339
5.95,0.0006954556656770805
5.9557,0.0003163566050354838
5.9613,0.0003233280142236339
5.9667,0.0003233280142236339
5.9723,-2.091977187701488e-05
5.978,-0.00037215676738400205
5.9836,-0.00037215676738400205
5.989,-0.0014190017680224543
5.9946,-0.0014398965420672205
6.0003,-0.0010955767584355236
6.0057,-0.00037215676738400205
6.0113,-0.0003651861548528146
6.017,-1.3947637801159374e-05
6.0223,-0.0003651861548528146
6.028,-0.0014329327406015224
6.0334,-0.0010677132199639061
6.0391,-0.0007303784076646558
6.0447,-2.091977187701488e-05
6.0501,-0.00037215676738400205
6.0557,-0.0003651861548528146
6.0614,0.0003442489810852045
6.0667,0.0017210589366754014
6.0724,-0.0007164413489069155
6.078,-6.97438050867305e-06
6.0834,-3.4860670380165715e-05
6.089,-0.0007373452522188018
6.0947,0.0006745301341819498
6.1,0.0003303005466279707
6.1057,-0.0003651861548528146
6.1113,0.00033727420224849425
6.117,0.0006815041881305106
6.1223,-0.00037215676738400205
6.128,-2.091977187701488e-05
6.1333,-1.3947637801159374e-05
6.139,-0.00037215676738400205
6.1446,-0.0003512415601409913
6.1503,-0.00034426757796124363
6.1556,-0.0003512415601409913
6.1613,0.00033727420224849425
6.1667,0.0010675858783426584
6.1723,-0.00245207628512345
6.178,-0.001756374570728525
6.1833,-0.00141203459690864
6.189,-0.0007164413489069155
6.1946,-0.0010816472356323104
6.2003,-0.000723410439893879
6.2056,-0.0003860946227982609
6.2113,-0.00037215676738400205
6.2169,0.0003303005466279707
6.2222,0.0006815041881305106
6.2279,-0.0003791262566994469
6.2335,-0.0003860946227982609
6.2392,-0.00037215676738400205
6.2446,-0.0014259678159200817
6.25,-1.3947637801159374e-05
6.2557,-1.3947637801159374e-05
6.2613,-0.0007094711347042093
6.2668,-0.00141203459690864
6.2724,0.00033727420224849425
6.2778,-0.0007024997972844282
6.2835,-0.001770306993083448
6.2891,0.0003303005466279707
6.2945,-0.0003582144191049963
6.3001,-6.97438050867305e-06
6.3056,-0.0007094711347042093
6.3113,-2.789078273668366e-05
6.3169,-0.0007164413489069155
6.3223,0.0006815041881305106
6.3279,-6.97438050867305e-06
6.3334,0.001025715577137376
6.3391,-0.00037215676738400205
6.3447,-0.00037215676738400205
6.3501,-1.3947637801159374e-05
6.3557,0.00035820190840762933
6.3613,0.0006815041881305106
6.3669,-0.0007094711347042093
6.3723,-0.0003651861548528146
6.3779,-0.0003651861548528146
6.3836,-0.0007164413489069155
6.3889,-0.0007303784076646558
6.3946,-1.3947637801159374e-05
6.4002,-0.0003791262566994469
6.4058,0.0
6.4112,-0.001060744527305424
6.4168,-6.97438050867305e-06
6.4224,0.0
6.4278,-0.001060744527305424
6.4334,0.00033727420224849425
6.4391,-2.091977187701488e-05
6.4444,-0.0010677132199639061
6.4501,-0.001060744527305424
6.4557,0.0010396678513409086
6.4614,-0.001763341343514302
6.4668,-0.0003582144191049963
6.4724,-2.091977187701488e-05
6.4781,-0.00037215676738400205
6.4834,-0.0003651861548528146
6.4891,-0.0010677132199639061
6.4944,-0.00037215676738400205
6.5001,0.0006884793652957022
6.5058,-0.0003791262566994469
6.5111,-0.0003651861548528146
6.5168,-0.0003582144191049963
6.5224,-0.0010677132199639061
6.5278,-0.0010677132199639061
6.5334,-0.00141203459690864
6.5391,-2.091977187701488e-05
6.5444,0.00035820190840762933
6.5501,-1.3947637801159374e-05
6.5557,-0.000337292472563977
6.5614,-0.0010816472356323104
6.5668,-0.0010886125586422324
6.5724,-1.3947637801159374e-05
6.5778,0.0003442489810852045
6.5834,-0.0007094711347042093
6.5891,-2.091977187701488e-05
6.5947,-0.0003651861548528146
6.6001,0.0003442489810852045
6.6057,0.0003442489810852045
6.6114,-0.0003651861548528146
6.6168,-0.0014398965420672205
6.6224,-2.091977187701488e-05
6.628,-0.0003582144191049963
6.6334,-0.0007164413489069155
6.639,-0.001770306993083448
6.6447,-0.0010537747114303109
6.6501,-0.0010677132199639061
6.6557,-0.0010677132199639061
6.6613,-0.0010677132199639061
6.6667,-0.0007094711347042093
6.6723,-0.001405066302578195
6.678,-0.0007024997972844282
6.6834,-0.0007303784076646558
6.689,-0.0003651861548528146
6.6947,0.00033727420224849425
6.7,-0.0021355537815481718
6.7057,-0.000723410439893879
6.7113,-0.0014259678159200817
6.7169,-0.0010468037723394552
6.7223,-0.0007094711347042093
6.7279,-0.0003582144191049963
6.7333,-0.0006815790457284088
6.7389,-0.0003651861548528146
6.7446,0.0006884793652957022
6.7502,-0.0010746807894062016
6.7556,0.0006815041881305106
6.7613,-0.0007094711347042093
6.7669,-0.0007094711347042093
6.7723,0.0014047994705403966
6.7779,-0.0003582144191049963
6.7836,-0.0003512415601409913
6.7889,-0.0003651861548528146
6.7946,0.0006884793652957022
6.8002,-0.0003651861548528146
6.8056,-3.4860670380165715e-05
6.8112,0.0010396678513409086
6.8169,0.0006675572034491317
6.8222,0.001032691152631049
6.8279,-0.0003582144191049963
6.8335,-6.97438050867305e-06
6.8392,-0.0003512415601409913
6.8445,0.001053624618409188
6.8502,-1.3947637801159374e-05
6.8558,0.0007024330892750896
6.8612,0.0006884793652957022
6.8668,0.0010466456732665108
6.8725,0.0003303005466279707
6.8778,-0.0007164413489069155
6.8835,-0.0003791262566994469
6.8891,0.00033727420224849425
6.8945,-0.0007164413489069155
6.9001,0.0006605853959325003
6.9058,0.00033727420224849425
6.9111,0.0003442489810852045
6.9168,-0.0003582144191049963
6.9224,-0.0003582144191049963
6.9278,-0.0014259678159200817
6.9335,-0.000723410439893879
6.9391,-2.091977187701488e-05
6.9445,-6.97438050867305e-06
6.9501,-1.3947637801159374e-05
6.9558,-0.0003582144191049963
6.9611,-2.091977187701488e-05
6.9668,-6.97438050867305e-06
6.9724,-0.0010746807894062016
6.9778,-0.0007094711347042093
6.9834,-6.97438050867305e-06
6.9891,-0.00037215676738400205
6.9947,-0.0007164413489069155
7.0001,0.00033727420224849425
7.0058,0.0003303005466279707
7.0111,-0.00037215676738400205
7.0168,-1.3947637801159374e-05
7.0223,-1.3947637801159374e-05
7.0279,-0.00037215676738400205
7.0333,0.0
7.039,0.0003442489810852045
7.0445,-0.0010677132199639061
7.0502,-1.3947637801159374e-05
7.0558,-0.00037215676738400205
7.0612,-6.97438050867305e-06
7.0669,-2.789078273668366e-05
7.0723,0.00033727420224849425
7.078,-0.00037215676738400205
7.0833,-0.001060744527305424
7.089,0.0003512248831385456
7.0947,-0.0006885537527963059
7.1,-0.0007164413489069155
7.1057,-1.3947637801159374e-05
7.1112,-6.97438050867305e-06
7.1168,-0.0010746807894062016
7.1224,-0.0013980968850315634
7.1278,-0.001060744527305424
7.1334,-0.0010677132199639061
7.139,-0.0014259678159200817
7.1446,-0.002128591899955623
7.1503,-0.00141203459690864
7.1556,-1.3947637801159374e-05
7.1613,0.0006954556656770805
7.1666,-0.001060744527305424
7.1723,-0.000723410439893879
7.1779,-0.0010537747114303109
7.1833,-0.001060744527305424
7.189,0.0003303005466279707
7.1946,-0.0021076995158808565
7.2002,-0.0003512415601409913
7.2056,-0.0003582144191049963
7.2112,-0.0007024997972844282
7.2169,0.0003233280142236339
7.2223,-0.0010746807894062016
7.2279,-0.0007164413489069155
7.2336,0.00033727420224849425
7.2389,0.001018741124860334
7.2446,-0.0014190017680224543
7.2502,-0.0006885537527963059
7.2556,-2.091977187701488e-05
7.2612,-1.3947637801159374e-05
7.2669,-0.00037215676738400205
7.2722,0.0006815041881305106
7.2779,-0.0007373452522188018
7.2835,-0.001060744527305424
7.2889,-0.0010468037723394552
7.2946,-0.0017842349225736243
7.3002,-6.97438050867305e-06
7.3056,0.0003442489810852045
7.3113,0.0007024330892750896
7.3169,0.00033727420224849425
7.3223,-0.00037215676738400205
7.3279,0.00033727420224849425
7.3336,0.0013768843430908007
7.3389,-2.091977187701488e-05
7.3446,0.0003512248831385456
7.3502,-2.789078273668366e-05
7.3556,-2.789078273668366e-05
7.3612,-0.0003582144191049963
7.3669,0.0010396678513409086
7.3723,0.0006815041881305106
7.3779,0.00033727420224849425
7.3836,0.0003233280142236339
7.3889,-0.001060744527305424
7.3945,0.0010466456732665108
7.4002,0.0003303005466279707
7.4055,0.0006954556656770805
7.4112,-0.0007094711347042093
7.4168,0.0006884793652957022
7.4225,-0.0003512415601409913
7.4278,-0.00037215676738400205
7.4335,-0.0007094711347042093
7.4391,-0.0003651861548528146
7.4445,0.0003512248831385456
7.4502,0.0003303005466279707
7.4555,0.0
7.4612,-6.97438050867305e-06
7.4668,-0.001405066302578195
7.4725,-2.091977187701488e-05
7.4778,-0.0003582144191049963
7.4835,0.00036518005689378796
7.4888,0.00033727420224849425
7.4945,0.0010396678513409086
7.5001,-0.0014190017680224543
7.5058,-0.00034426757796124363
7.5111,-1.3947637801159374e-05
7.5168,-0.0007164413489069155
7.5224,-0.0010468037723394552
7.5278,-0.0003582144191049963
7.5335,0.0003442489810852045
7.5391,-0.0006885537527963059
7.5445,-0.0021076995158808565
7.5501,-0.002472967474213217
7.5558,-0.0010677132199639061
7.5611,-0.001405066302578195
7.5668,-0.0017494066747265613
7.5724,-0.0010677132199639061
7.5778,-6.97438050867305e-06
7.5834,0.00033727420224849425
7.5891,1.3952130665906282e-05
7.5945,0.0
7.6001,-0.0027964716512407506
7.6058,-0.0007164413489069155
7.6111,0.00035820190840762933
7.6168,-0.0007094711347042093
7.6224,-0.0006955273366489045
7.6278,-0.0006885537527963059
7.6334,-0.0007094711347042093
7.6391,6.975503724415688e-06
7.6444,0.00036518005689378796
7.6501,-0.0007094711347042093
7.6557,-0.0007164413489069155
7.6611,-0.0010677132199639061
7.6667,6.975503724415688e-06
7.6724,-1.3947637801159374e-05
7.678,0.0006884793652957022
7.6834,-0.0003651861548528146
7.6891,-0.0003512415601409913
7.6944,-6.97438050867305e-06
7.7001,-6.97438050867305e-06
7.7057,-0.0003512415601409913
7.7111,0.0003442489810852045
7.7167,-0.0003582144191049963
7.7224,-0.0010746807894062016
7.7277,-0.0010677132199639061
7.7334,0.0
7.739,0.0010396678513409086
7.7447,-0.0003582144191049963
7.7501,-0.0010746807894062016
7.7557,0.0003442489810852045
7.7611,0.0
7.7668,-0.0003651861548528146
7.7724,6.975503724415688e-06
7.7778,0.0006954556656770805
7.7834,0.0
7.7891,-2.091977187701488e-05
7.7944,-0.0003582144191049963
7.8,-2.091977187701488e-05
7.8056,-0.0014190017680224543
7.8113,0.0
7.8167,0.0006884793652957022
7.8223,-1.3947637801159374e-05
7.8278,-0.0007094711347042093
7.8335,-1.3947637801159374e-05
7.8391,-0.0003651861548528146
7.8445,0.0003442489810852045
7.8501,0.0006884793652957022
7.8556,6.975503724415688e-06
7.8613,-0.0003582144191049963
7.8669,0.00036518005689378796
7.8723,-0.00037215676738400205
7.8779,-0.0003582144191049963
7.8834,0.00033727420224849425
7.8891,-0.0010677132199639061
7.8944,-0.0003651861548528146
7.9001,0.0006745301341819498
7.9057,0.00033727420224849425
7.9111,-0.0010746807894062016
7.9168,-0.00037215676738400205
7.9224,-6.97438050867305e-06
7.9278,-0.0007164413489069155
7.9335,-0.0007303784076646558
7.939,-0.00141203459690864
7.9447,-0.0007094711347042093
7.95,-0.0010537747114303109
7.9557,-0.0003651861548528146
7.9613,-1.3947637801159374e-05
7.9667,-0.0007164413489069155
7.9723,-0.0003582144191049963
7.978,-0.0003582144191049963
7.9834,-0.0007164413489069155
7.989,-0.0007164413489069155
7.9944,-0.00141203459690864
8.0,-0.0007164413489069155
8.0057,-0.0003651861548528146
8.0111,-0.0007094711347042093
8.0167,-0.0007164413489069155
8.0223,0.0003512248831385456
8.028,-0.0007164413489069155
8.0333,-0.0003512415601409913
8.039,-0.0010468037723394552
8.0446,0.0010466456732665108
8.05,-0.0007024997972844282
8.0557,-6.97438050867305e-06
8.0613,0.0006884793652957022
8.0667,-0.0003791262566994469
8.0723,-0.0003303162439514118
8.078,-0.0010677132199639061
8.0833,-2.091977187701488e-05
8.089,6.975503724415688e-06
8.0947,-0.0010677132199639061
8.1,-0.0003582144191049963
8.1057,0.0003442489810852045
8.1113,-0.000723410439893879
8.1167,-6.97438050867305e-06
8.1223,0.0003024171563081879
8.128,-7.665640869847223e-05
8.1333,-0.001102539835012628
8.139,-0.0003930618656813323
8.1446,-0.0014468592203162878
8.15,-0.0014398965420672205
8.1557,-0.001460781207164974
8.1613,-0.001770306993083448
8.1667,-0.0003651861548528146
8.1723,-0.0003512415601409913
8.178,-0.0010677132199639061
8.1833,-0.0003651861548528146
8.189,-0.0007164413489069155
8.1946,-0.0017772715194368516
8.2,-2.091977187701488e-05
8.2056,-0.0007303784076646558
8.2113,-0.0007164413489069155
8.2167,-0.0007373452522188018
8.2223,-6.97438050867305e-06
8.2279,-2.091977187701488e-05
8.2333,0.0
8.239,0.0017350150506243445
8.2446,0.0010466456732665108
8.25,0.0003442489810852045
8.2556,-0.0014190017680224543
8.2613,-0.0003651861548528146
8.2667,-0.0003791262566994469
8.2723,-0.001060744527305424
8.278,-0.0014190017680224543
8.2834,-1.3947637801159374e-05
8.289,-0.000723410439893879
8.2944,-0.0003791262566994469
8.3,-0.0010677132199639061
8.3057,0.00033727420224849425
8.3113,0.0003303005466279707
8.3167,0.0010396678513409086
8.3223,-0.000723410439893879
8.328,-6.97438050867305e-06
8.3334,0.001053624618409188
8.339,-0.0003651861548528146
8.3444,0.00033727420224849425
8.35,-0.0010677132199639061
8.3557,-0.0003651861548528146
8.3613,-0.0007094711347042093
8.3667,-0.0007164413489069155
8.3724,-0.0007164413489069155
8.3777,-0.0003582144191049963
8.3834,0.0003442489810852045
8.389,0.0003303005466279707
8.3944,-0.0007373452522188018
8.4001,-0.0003582144191049963
8.4057,-0.001763341343514302
8.4111,0.00033727420224849425
8.4167,-6.97438050867305e-06
8.4224,-0.001060744527305424
8.4277,-0.0003582144191049963
8.4334,-0.001060744527305424
8.439,-0.0003582144191049963
8.4444,-0.0010886125586422324
8.45,-0.00037215676738400205
8.4557,-0.0007164413489069155
8.4611,-0.0003651861548528146
8.4667,6.975503724415688e-06
8.4724,-2.789078273668366e-05
8.4777,-0.0014259678159200817
8.4834,0.00033727420224849425
8.489,-6.97438050867305e-06
8.4944,-0.0003582144191049963
8.5001,6.975503724415688e-06
8.5057,-0.002486889317525165
8.5111,-0.0010677132199639061
8.5168,-1.3947637801159374e-05
8.5221,0.00036518005689378796
8.5278,-0.000723410439893879
8.5334,-2.091977187701488e-05
8.5391,-0.001763341343514302
8.5444,-2.091977187701488e-05
8.5501,-6.97438050867305e-06
8.5557,-0.0007094711347042093
8.5611,-0.0007164413489069155
8.5667,0.001053624618409188
8.5724,-0.0010537747114303109
8.5778,-6.97438050867305e-06
8.5834,-0.000723410439893879
8.589,-0.00037215676738400205
8.5944,0.0006954556656770805
8.6,-0.0006955273366489045
8.6057,0.0
8.6113,-0.000723410439893879
8.6167,0.0
8.6223,0.0
8.628,-0.0010677132199639061
8.6333,0.00035820190840762933
8.639,0.0006954556656770805
8.6444,-0.0007164413489069155
8.65,-6.97438050867305e-06
8.6557,-0.0007094711347042093
8.6613,0.00033727420224849425
8.6667,-0.0010677132199639061
8.6723,-1.3947637801159374e-05
8.6777,0.001032691152631049
8.6833,-0.001060744527305424
8.689,-0.000723410439893879
8.6946,-0.001405066302578195
8.7,-0.0010468037723394552
8.7056,-0.0014190017680224543
8.7113,-0.0007094711347042093
8.7166,0.0013908396603832252
8.7223,-0.0010677132199639061
8.7279,-0.001770306993083448
8.7333,-0.001060744527305424
8.7389,-6.97438050867305e-06
8.7445,-0.0007094711347042093
8.7499,0.0003163566050354838
8.7556,0.0003303005466279707
8.7612,-0.0003651861548528146
8.7666,-0.0007094711347042093
8.7722,-0.0003860946227982609
8.7779,-0.0014190017680224543
8.7835,-0.0010677132199639061
8.7889,-0.00141203459690864
8.7946,-0.0003582144191049963
8.7999,-2.091977187701488e-05
8.8056,-0.0010746807894062016
8.8112,-0.0021216288951473317
8.8168,-0.0010468037723394552
8.8222,-0.00037215676738400205
8.8278,-3.4860670380165715e-05
8.8334,0.00033727420224849425
8.8391,0.001025715577137376
8.8444,-0.0003512415601409913
8.8501,0.0006884793652957022
8.8556,-2.091977187701488e-05
8.8612,-0.0010677132199639061
8.8668,-0.0003651861548528146
8.8722,-0.000723410439893879
8.8779,-1.3947637801159374e-05
8.8833,0.000716391306119224
8.8889,-0.0007094711347042093
8.8946,0.0006954556656770805
8.9002,-0.0003582144191049963
8.9056,-0.0003582144191049963
8.9112,-0.00037215676738400205
8.9168,-6.97438050867305e-06
8.9222,6.975503724415688e-06
8.9278,-0.00034426757796124363
8.9335,-2.091977187701488e-05
8.9388,-0.0007164413489069155
8.9445,0.0006954556656770805
8.9501,-1.3947637801159374e-05
8.9555,2.0929880823583602e-05
8.9611,-0.0003651861548528146
8.9668,-0.000723410439893879
8.9721,-0.00037215676738400205
8.9778,0.00033727420224849425
8.9834,0.0003512248831385456
8.9888,-0.0010746807894062016
8.9944,-0.00141203459690864
9.0001,-0.002100733141424005
9.0055,-0.0017772715194368516
9.0111,-0.0017494066747265613
9.0167,-0.001060744527305424
9.0224,-0.001405066302578195
9.0277,-0.0021216288951473317
9.0334,-0.0010537747114303109
9.039,-0.0014190017680224543
9.0444,-0.001060744527305424
9.05,-0.0010537747114303109
9.0557,0.0003303005466279707
9.0613,-0.0010537747114303109
9.0667,-0.0003512415601409913
9.0723,-0.0006955273366489045
9.0777,-6.97438050867305e-06
9.0833,-0.0007164413489069155
9.089,-0.0014259678159200817
9.0946,-1.3947637801159374e-05
9.1,-0.0007164413489069155
9.1056,0.00037215932859568923
9.111,-0.0010468037723394552
9.1167,0.0006954556656770805
9.1223,-0.0007024997972844282
9.1277,-0.0003651861548528146
9.1333,-0.0003512415601409913
9.139,0.0006954556656770805
9.1446,-6.97438050867305e-06
9.15,-0.0013980968850315634
9.1556,0.0006884793652957022
9.161,0.0
9.1667,-0.0003512415601409913
9.1723,-0.0003512415601409913
9.1779,-0.0007164413489069155
9.1833,-0.0003651861548528146
9.1889,-0.0003582144191049963
9.1946,-0.0010677132199639061
9.1999,-0.001756374570728525
9.2056,-0.0010746807894062016
9.2112,-0.0007164413489069155
9.2169,-0.00141203459690864
9.2222,-0.0007164413489069155
9.2279,-0.0003651861548528146
9.2332,-6.97438050867305e-06
9.2389,-0.0003512415601409913
9.2445,-0.0003651861548528146
9.2502,-0.0003582144191049963
9.2555,-0.0003651861548528146
9.2612,-0.001405066302578195
9.2665,-6.97438050867305e-06
9.2722,0.0003233280142236339
9.2778,0.0006884793652957022
9.2835,0.0003233280142236339
9.2888,-1.3947637801159374e-05
9.2945,0.0003512248831385456
9.3001,-0.0003582144191049963
9.3054,0.0003442489810852045
9.3111,-0.0003651861548528146
9.3167,-0.001060744527305424
9.3224,-0.001060744527305424
9.3277,0.0003512248831385456
9.3334,-1.3947637801159374e-05
9.339,-0.0007164413489069155
9.3444,0.00033727420224849425
9.3501,-0.0006955273366489045
9.3557,-2.091977187701488e-05
9.3611,-2.789078273668366e-05
9.3667,-0.0007024997972844282
9.3724,0.00033727420224849425
9.3777,-0.0007164413489069155
9.3833,0.0007094116360883973
9.389,-0.000723410439893879
9.3944,-0.0021076995158808565
9.4,-0.0010537747114303109
9.4055,0.0
9.4111,0.0010466456732665108
9.4168,-0.0006885537527963059
9.4222,-6.97438050867305e-06
9.4278,-0.0007024997972844282
9.4333,-0.000337292472563977
9.4389,-0.0006955273366489045
9.4446,-0.001060744527305424
9.45,-0.0017424376555079668
9.4556,1.3952130665906282e-05
9.4611,0.0
9.4667,-0.000337292472563977
9.4724,6.975503724415688e-06
9.4777,-0.0003512415601409913
9.4834,-0.00034426757796124363
9.4889,-0.0003582144191049963
9.4946,-0.0003582144191049963
9.4999,-0.0007164413489069155
9.5056,0.0010466456732665108
9.5112,0.001018741124860334
9.5166,-2.091977187701488e-05
9.5222,-0.00037215676738400205
9.5279,-0.0003860946227982609
9.5332,-0.0003582144191049963
9.5389,-0.00037215676738400205
9.5445,0.0003303005466279707
9.5499,-0.0003512415601409913
9.5555,-0.0010537747114303109
9.5612,-2.091977187701488e-05
9.5668,-0.0010537747114303109
9.5722,-1.3947637801159374e-05
9.5778,0.0014117810604434844
9.5832,0.0006884793652957022
9.5889,-0.0003582144191049963
9.5945,-0.0007024997972844282
9.6001,0.0007094116360883973
9.6055,-6.97438050867305e-06
9.6112,-0.0003582144191049963
9.6168,-0.0010468037723394552
9.6222,-6.97438050867305e-06
9.6279,-0.00037215676738400205
9.6332,-0.0010398317100315246
9.6389,-2.091977187701488e-05
9.6445,0.0006954556656770805
9.6502,0.0003442489810852045
9.6555,-0.0003582144191049963
9.6612,0.0003442489810852045
9.6665,-0.0007164413489069155
9.6722,0.00036518005689378796
9.6779,-1.3947637801159374e-05
9.6832,-0.0007094711347042093
9.6889,6.975503724415688e-06
9.6945,0.0007094116360883973
9.7002,-0.001060744527305424
9.7055,-0.0007024997972844282
9.7112,-0.001060744527305424
9.7166,-0.0007303784076646558
9.7222,0.0007024330892750896
9.7278,-1.3947637801159374e-05
9.7334,-0.0003582144191049963
9.7388,-0.0007303784076646558
9.7444,0.0003442489810852045
9.7501,-2.091977187701488e-05
9.7555,-0.0007164413489069155
9.7611,6.975503724415688e-06
9.7668,0.0003442489810852045
9.7721,0.0010466456732665108
9.7778,-0.0003651861548528146
9.7834,-0.001756374570728525
9.7888,0.0
9.7944,0.0010606046867671637
9.8001,6.975503724415688e-06
9.8057,-0.001060744527305424
9.8111,-0.0003582144191049963
9.8167,0.00035820190840762933
9.8224,-6.97438050867305e-06
9.8277,0.00033727420224849425
9.8334,-0.0006955273366489045
9.839,-0.0003651861548528146
9.8444,-0.0007024997972844282
9.85,-0.0003651861548528146
9.8557,-0.0014190017680224543
9.8611,-0.0010468037723394552
9.8667,-0.0006955273366489045
9.8721,2.0929880823583602e-05
9.8777,1.3952130665906282e-05
9.8834,0.00033727420224849425
9.889,0.0003303005466279707
9.8944,-0.0010468037723394552
9.9001,-0.00141203459690864
9.9057,-0.0010746807894062016
9.9111,-0.001763341343514302
9.9167,-0.000337292472563977
9.9224,-0.0007024997972844282
9.9277,0.0003512248831385456
9.9334,-0.00037215676738400205
9.939,-1.3947637801159374e-05
9.9444,0.0003442489810852045
9.95,-0.0007164413489069155
9.9557,0.0003442489810852045
9.961,-0.001763341343514302
9.9667,-0.0006955273366489045
9.9723,-0.0006955273366489045
9.9777,1.3952130665906282e-05
9.9833,-0.00037215676738400205
9.989,0.00033727420224849425
9.9943,0.0006815041881305106
10.0,0.0003233280142236339
10.0057,0.0006745301341819498
10.011,-0.0003582144191049963
10.0167,-0.0003651861548528146
10.0223,-0.000723410439893879
10.0277,-2.091977187701488e-05
10.0334,0.0003442489810852045
10.039,0.0006884793652957022
10.0444,-0.0003651861548528146
10.05,-0.0003582144191049963
10.0554,-0.0010677132199639061
10.0611,-0.0007094711347042093
10.0667,-0.0010816472356323104
10.0723,6.975503724415688e-06
10.0777,-6.97438050867305e-06
10.0833,0.00033727420224849425
10.089,-0.0010816472356323104
10.0944,-6.97438050867305e-06
10.1,0.0013768843430908007
10.1056,-0.001763341343514302
10.111,-0.0007164413489069155
10.1167,-0.0010537747114303109
10.1223,-0.00037215676738400205
10.1277,-2.789078273668366e-05
10.1333,0.0010396678513409086
10.139,0.00033727420224849425
10.1444,-0.0007094711347042093
10.15,-0.0003582144191049963
10.1557,-0.0003651861548528146
10.1611,-6.97438050867305e-06
10.1667,-6.97438050867305e-06
10.1724,-0.0003512415601409913
10.1777,-0.0003512415601409913
10.1834,-1.3947637801159374e-05
10.1888,-0.0010537747114303109
10.1944,-0.00034426757796124363
10.2001,-0.0010468037723394552
10.2057,0.0006954556656770805
10.2111,-0.0007164413489069155
10.2167,0.001053624618409188
10.2221,-0.0003582144191049963
10.2277,-0.000723410439893879
10.2334,0.0003442489810852045
10.2388,0.0003442489810852045
10.2444,0.0010396678513409086
10.2501,-0.00034426757796124363
10.2557,-0.0003512415601409913
10.2611,-0.0010746807894062016
10.2667,-0.00037215676738400205
10.2721,-0.000723410439893879
10.2777,-0.0007024997972844282
10.2834,-0.001756374570728525
10.289,-1.3947637801159374e-05
10.2944,-0.00034426757796124363
10.3,-2.091977187701488e-05
10.3057,0.00033727420224849425
10.311,-0.001060744527305424
10.3167,-0.001060744527305424
10.3223,0.0003442489810852045
10.3277,-0.0007164413489069155
10.3333,0.0
10.339,-0.00037215676738400205
10.3444,-0.0007024997972844282
10.35,-0.00034426757796124363
10.3557,-0.0003512415601409913
10.3611,-0.0003651861548528146
10.3667,-1.3947637801159374e-05
10.3723,-0.0006885537527963059
10.3777,-0.00034426757796124363
10.3833,-0.0003582144191049963
10.389,-1.3947637801159374e-05
10.3944,-0.0003651861548528146
10.4,-0.0007094711347042093
10.4057,0.0010396678513409086
10.411,-0.000337292472563977
10.4167,-0.0010468037723394552
10.4223,-0.0010537747114303109
10.4277,-0.0006815790457284088
10.4333,-6.97438050867305e-06
10.439,0.00033727420224849425
10.4443,0.0
10.45,0.0
10.4556,0.0003512248831385456
10.4613,-0.0007164413489069155
10.4666,-1.3947637801159374e-05
10.4723,-0.0003651861548528146
10.4776,-0.0003512415601409913
10.4833,-0.0003582144191049963
10.4888,0.001053624618409188
10.4944,0.0007094116360883973
10.5001,0.0
10.5055,0.0
10.5111,0.0013908396603832252
10.5166,0.0014117810604434844
10.5223,0.00033727420224849425
10.5279,0.0020931332474614095
10.5333,0.00036518005689378796
10.5389,-1.3947637801159374e-05
10.5444,0.0014257476098986643
10.5501,0.000716391306119224
10.5557,-0.00034426757796124363
10.5611,0.0013908396603832252
10.5667,0.0007024330892750896
10.5722,0.0006815041881305106
10.5779,-0.0003651861548528146
10.5832,0.0003442489810852045
10.5889,0.0006745301341819498
10.5945,0.0006884793652957022
10.5999,-0.0007164413489069155
10.6055,0.0007024330892750896
10.6112,-2.091977187701488e-05
10.6168,0.0010466456732665108
10.6222,0.0010396678513409086
10.6278,0.0013978190038534954
10.6335,0.0003442489810852045
10.6388,0.0010396678513409086
10.6445,0.0003512248831385456
10.6502,0.00033727420224849425
10.6555,0.0006954556656770805
10.6612,-1.3947637801159374e-05
10.6666,0.002107099143796809
10.6722,0.001025715577137376
10.6779,0.0
10.6835,-0.000723410439893879
10.6888,-0.0014190017680224543
10.6945,-0.0003860946227982609
10.7001,0.0017489756574380344
10.7055,0.001032691152631049
10.7111,-2.789078273668366e-05
10.7168,-0.00037215676738400205
10.7222,-1.3947637801159374e-05
10.7278,0.0013908396603832252
10.7334,0.0003512248831385456
10.7388,0.001053624618409188
10.7445,0.00033727420224849425
10.7501,0.0
10.7555,0.0003303005466279707
10.7611,0.0006954556656770805
10.7668,-0.0003651861548528146
10.7724,0.0010466456732665108
10.7778,-0.0010677132199639061
10.7834,-6.97438050867305e-06
10.7891,0.001032691152631049
10.7944,0.00033727420224849425
10.8001,0.0006954556656770805
10.8057,0.0017629407571169153
10.8111,0.00033727420224849425
10.8167,0.0013978190038534954
10.8224,0.0007024330892750896
10.8277,0.0010466456732665108
10.8334,0.0006884793652957022
10.839,0.0003512248831385456
10.8444,0.0006675572034491317
10.8501,0.00033727420224849425
10.8557,0.00036518005689378796
10.8611,0.0013838614401291416
10.8667,0.0013978190038534954
10.8724,-0.0007094711347042093
10.8777,0.0006954556656770805
10.8834,0.0003303005466279707
10.8891,0.0014117810604434844
10.8944,0.001032691152631049
10.9,0.0007094116360883973
10.9057,0.00033727420224849425
10.9111,0.0010466456732665108
10.9167,0.0010466456732665108
10.9224,0.0006954556656770805
10.9277,-0.0003512415601409913
10.9334,0.0010466456732665108
10.939,0.00035820190840762933
10.9444,0.0006954556656770805
10.95,0.002107099143796809
10.9555,0.0010606046867671637
10.9612,0.00035820190840762933
10.9668,0.0014047994705403966
10.9722,0.0006954556656770805
10.9778,-1.3947637801159374e-05
10.9833,0.0003442489810852045
10.989,0.0010466456732665108
10.9946,0.0006954556656770805
11.0,0.0006884793652957022
11.0057,0.0003233280142236339
11.0111,0.0014117810604434844
11.0168,-1.3947637801159374e-05
11.0224,0.0
11.0278,0.0006954556656770805
11.0334,-0.0007094711347042093
11.0389,-0.0003651861548528146
11.0446,-0.0010537747114303109
11.0502,0.0007024330892750896
11.0556,0.0013978190038534954
11.0613,0.0006954556656770805
11.0667,0.0003442489810852045
11.0723,0.0017629407571169153
11.078,0.001032691152631049
11.0833,0.0017489756574380344
11.089,0.0006954556656770805
11.0946,0.0010396678513409086
11.0999,0.001053624618409188
11.1056,0.0010606046867671637
11.1112,0.0006884793652957022
11.1166,0.0006884793652957022
11.1223,0.0010466456732665108
11.1279,0.0013978190038534954
11.1336,-0.0003860946227982609
11.1389,0.0017559576456696036
11.1446,0.00033727420224849425
11.1499,-2.091977187701488e-05
11.1556,0.0013978190038534954
11.1612,0.001032691152631049
11.1669,0.0006954556656770805
11.1723,0.0006884793652957022
11.1779,-0.0003512415601409913
11.1833,0.0003303005466279707
11.189,0.0006954556656770805
11.1946,0.0007024330892750896
11.2,0.0013978190038534954
11.2056,0.0014397186522190353
11.2113,0.0010815516311408757
11.2167,1.3952130665906282e-05
11.2223,6.975503724415688e-06
11.228,0.00036518005689378796
11.2334,0.000716391306119224
11.239,0.00033727420224849425
11.2446,-0.0003512415601409913
11.25,0.0007233720993657933
11.2557,0.0003512248831385456
11.2613,0.0014117810604434844
11.2667,-0.0007024997972844282
11.2723,-0.000337292472563977
11.278,0.00036518005689378796
11.2833,0.0007024330892750896
11.289,0.0021140837767887888
11.2946,0.0010745681931334516
11.3,0.000716391306119224
11.3056,0.0003512248831385456
11.3113,0.001418763773563203
11.3167,0.0021210695329978435
11.3223,0.0007024330892750896
11.328,0.0027883758200970554
11.3333,0.0034765616186724912
11.339,0.0007024330892750896
11.3446,0.0006745301341819498
11.35,0.0017350150506243445
11.3556,0.0006884793652957022
11.3613,0.0013838614401291416
11.3666,0.0007024330892750896
11.3723,0.001032691152631049
11.3779,0.001053624618409188
11.3836,0.0010466456732665108
11.3889,0.001025715577137376
11.3946,0.0006954556656770805
11.4,0.0006884793652957022
11.4056,-2.091977187701488e-05
11.4113,6.975503724415688e-06
11.4166,-0.00037215676738400205
11.4223,0.0003512248831385456
11.4279,0.0007024330892750896
11.4336,0.0
11.4389,-1.3947637801159374e-05
11.4446,1.3952130665906282e-05
11.4502,-6.97438050867305e-06
11.4556,0.00033727420224849425
11.4612,0.0013978190038534954
11.4669,0.0007233720993657933
11.4722,-0.0007164413489069155
11.4779,-0.0007094711347042093
11.4835,-0.000337292472563977
11.4889,0.0010466456732665108
11.4946,0.0013908396603832252
11.5002,0.0003303005466279707
11.5056,0.00033727420224849425
11.5112,0.0010396678513409086
11.5169,0.00033727420224849425
11.5223,-0.0003791262566994469
11.5279,-0.0003582144191049963
11.5336,-0.0003651861548528146
11.5389,-0.00037215676738400205
11.5446,-0.003527083273424658
11.5502,6.975503724415688e-06
11.5556,0.0006954556656770805
11.5612,-0.0007094711347042093
11.5669,-0.0007164413489069155
11.5722,-6.97438050867305e-06
11.5779,0.0007094116360883973
11.5835,-0.0010746807894062016
11.5892,-0.00037215676738400205
11.5945,-0.0010537747114303109
11.6002,-2.091977187701488e-05
11.6055,-2.789078273668366e-05
11.6112,0.0003442489810852045
11.6168,-0.0007164413489069155
11.6222,-0.0007094711347042093
11.6279,-0.0007024997972844282
11.6335,-0.00037215676738400205
11.6392,-0.0003651861548528146
11.6445,0.0003303005466279707
11.6502,0.0
11.6558,-0.0007094711347042093
11.6611,-0.0003582144191049963
11.6668,-0.0024660048677329627
11.6724,0.0010466456732665108
11.6778,0.0003442489810852045
11.6835,-0.0010468037723394552
11.6891,6.975503724415688e-06
11.6945,-0.0003582144191049963
11.7001,0.0006815041881305106
11.7058,-0.0003582144191049963
11.7111,-2.091977187701488e-05
11.7168,-0.0003582144191049963
11.7224,-1.3947637801159374e-05
11.7278,-1.3947637801159374e-05
11.7335,-0.0003651861548528146
11.7391,-2.091977187701488e-05
11.7445,-2.091977187701488e-05
11.7501,0.00036518005689378796
11.7558,-0.0003582144191049963
11.7614,-0.001060744527305424
11.7668,-0.0020937656437496344
11.7724,-0.0007024997972844282
11.7778,0.0003512248831385456
11.7834,-6.97438050867305e-06
11.7891,-0.0014329327406015224
11.7947,0.0006954556656770805
11.8001,-6.97438050867305e-06
11.8057,0.0003442489810852045
11.8114,0.0003233280142236339
11.8167,-2.789078273668366e-05
11.8224,-0.000723410439893879
11.828,-2.091977187701488e-05
11.8334,-0.0007164413489069155
11.839,-0.0014259678159200817
11.8447,-0.0010677132199639061
11.85,-0.0017842349225736243
11.8557,-0.001060744527305424
11.8613,0.0013908396603832252
11.8667,-0.0024660048677329627
11.8723,0.00035820190840762933
11.878,-1.3947637801159374e-05
11.8836,-1.3947637801159374e-05
11.889,0.0
11.8946,-0.0017772715194368516
11.9,0.00033727420224849425
11.9056,-0.001763341343514302
11.9113,0.0003512248831385456
11.9169,-0.001405066302578195
11.9223,-0.0010746807894062016
11.9279,-0.001060744527305424
11.9336,-0.0014190017680224543
11.9389,0.0003512248831385456
11.9446,-0.00034426757796124363
11.9503,0.0
11.9556,-0.0003233388921222158
11.9613,-0.0007094711347042093
11.9669,0.001025715577137376
11.9723,-0.0003651861548528146
11.9779,-0.0010746807894062016
11.9836,-0.0010677132199639061
11.9889,-0.0003791262566994469
11.9946,-0.00034426757796124363
12.0002,-0.0003512415601409913
12.0056,-0.0003582144191049963
12.0112,-0.0010677132199639061
12.0169,0.0003303005466279707
12.0223,-0.0014259678159200817
12.0279,-0.0003651861548528146
12.0336,-0.0010746807894062016
12.0389,-0.0003582144191049963
12.0446,-0.0007024997972844282
12.0502,-0.00141203459690864
12.0556,-0.0007094711347042093
12.0612,-0.0003512415601409913
12.0669,-0.0007303784076646558
12.0725,-0.0021146647671224095
12.0779,1.3952130665906282e-05
12.0835,0.0013838614401291416
12.0889,0.0003303005466279707
12.0945,-1.3947637801159374e-05
12.1,-0.0010746807894062016
12.1057,-0.0010677132199639061
12.1113,-0.001770306993083448
12.1167,-0.0010468037723394552
12.1223,-0.0010746807894062016
12.1278,-0.0003512415601409913
12.1335,-1.3947637801159374e-05
12.1391,-0.0007094711347042093
12.1445,-6.97438050867305e-06
12.15,0.00036518005689378796
12.1556,0.00036518005689378796
12.1613,-0.0007164413489069155
12.1669,-0.00034426757796124363
12.1723,-0.0010677132199639061
12.1778,-0.00141203459690864
12.1835,-0.0010816472356323104
12.1891,0.0006815041881305106
12.1948,-0.0003651861548528146
12.2001,-0.0003582144191049963
12.2056,0.0
12.2113,-0.001060744527305424
12.2169,0.0
12.2223,-0.0006955273366489045
12.228,0.0
12.2334,-0.00037215676738400205
12.2391,-0.0017772715194368516
12.2447,-0.0003512415601409913
12.2501,-0.0007094711347042093
12.2558,-0.0003582144191049963
12.2611,-0.0003651861548528146
12.2668,-0.0003651861548528146
12.2724,-0.0003582144191049963
12.2781,0.0003442489810852045
12.2834,0.0006884793652957022
12.2891,-0.001060744527305424
12.2947,-0.0003582144191049963
12.3001,0.00033727420224849425
12.3057,-0.0003512415601409913
12.3114,0.0003512248831385456
12.3167,-0.0010537747114303109
12.3224,-0.0010537747114303109
12.328,0.001053624618409188
12.3334,0.00033727420224849425
12.339,-0.001405066302578195
12.3447,-0.001060744527305424
12.35,-0.0014259678159200817
12.3557,-0.001060744527305424
12.3613,-0.0010746807894062016
12.367,6.975503724415688e-06
12.3723,-0.0006955273366489045
12.378,-0.0021146647671224095
12.3836,0.00033727420224849425
12.389,0.00033727420224849425
12.3946,-0.0007164413489069155
12.4003,-0.0007094711347042093
12.4056,0.00033727420224849425
12.4113,-0.001060744527305424
12.4169,-0.0003512415601409913
12.4223,0.0003442489810852045
12.4279,-6.97438050867305e-06
12.4336,0.00037215932859568923
12.4392,-0.00037215676738400205
12.4446,-0.0003651861548528146
12.4502,0.0010466456732665108
12.4556,-0.0010677132199639061
12.4612,-0.0003582144191049963
12.4669,-6.97438050867305e-06
12.4723,-2.091977187701488e-05
12.4778,0.0003442489810852045
12.4834,0.0007024330892750896
12.4891,-0.001060744527305424
12.4947,-6.97438050867305e-06
12.5001,-0.0003651861548528146
12.5056,-0.0003512415601409913
12.5113,-0.0007024997972844282
12.5169,-0.0010746807894062016
12.5223,-0.0003651861548528146
12.5279,0.0007024330892750896
12.5334,-0.0003582144191049963
12.5391,-0.00037215676738400205
12.5447,0.00035820190840762933
12.5501,-0.0010537747114303109
12.5557,-0.001756374570728525
12.5612,-0.0021146647671224095
12.5669,-0.0013911263442683008
12.5725,-0.0007024997972844282
12.5779,-2.091977187701488e-05
12.5835,0.0006884793652957022
12.5889,0.0003442489810852045
12.5946,6.975503724415688e-06
12.6002,-0.0007164413489069155
12.6058,0.0010606046867671637
12.6112,-0.0003651861548528146
12.6168,-2.091977187701488e-05
12.6225,-0.0021146647671224095
12.6278,0.00036518005689378796
12.6335,-0.001060744527305424
12.6391,-0.0017494066747265613
12.6445,-0.000723410439893879
12.6501,-0.000723410439893879
12.6558,-0.001405066302578195
12.6611,-0.001060744527305424
12.6668,-0.0007024997972844282
12.6724,0.0003512248831385456
12.6781,-0.001756374570728525
12.6834,0.00033727420224849425
12.6891,-0.004939755316192063
12.6947,-0.0003651861548528146
12.7001,-0.00037215676738400205
12.7057,-0.0003582144191049963
12.7114,-0.0010677132199639061
12.7167,0.0003442489810852045
12.7224,-1.3947637801159374e-05
12.728,0.00037215932859568923
12.7334,-0.0010677132199639061
12.739,-0.0010746807894062016
12.7447,0.0006815041881305106
12.75,-0.0003512415601409913
12.7557,-6.97438050867305e-06
12.7613,-0.0007024997972844282
12.767,-6.97438050867305e-06
12.7723,0.0006954556656770805
12.778,-0.0014190017680224543
12.7836,-0.0003582144191049963
12.789,0.0003442489810852045
12.7946,-0.0003582144191049963
12.8003,-6.97438050867305e-06
12.8056,-0.0010746807894062016
12.8113,0.0
12.8169,0.0010396678513409086
12.8223,0.0
12.8279,-0.0006955273366489045
12.8335,-0.0003791262566994469
12.8392,-2.091977187701488e-05
12.8446,-0.0003512415601409913
12.8502,-0.0007303784076646558
12.8558,-0.0003512415601409913
12.8612,0.0013908396603832252
12.8669,0.00033727420224849425
12.8725,0.0013978190038534954
12.8779,-0.0007024997972844282
12.8835,-0.001405066302578195
12.8892,-1.3947637801159374e-05
12.8945,-0.0007024997972844282
12.9002,-0.00037215676738400205
12.9058,-0.0007094711347042093
12.9112,-0.0003791262566994469
12.9168,6.975503724415688e-06
12.9225,-2.091977187701488e-05
12.9278,0.0
12.9335,-0.00141203459690864
12.9391,0.0
12.9445,0.0003512248831385456
12.9501,-0.000723410439893879
12.9558,0.0003442489810852045
12.9614,-0.000723410439893879
12.9668,-0.0007024997972844282
12.9724,-0.001060744527305424
12.978,-0.00037215676738400205
12.9834,-2.789078273668366e-05
12.9891,0.00033727420224849425
12.9947,6.975503724415688e-06
13.0001,-0.0003582144191049963
13.0058,-0.0007024997972844282
13.0114,-0.0010746807894062016
13.0168,-0.0007024997972844282
13.0224,-0.001405066302578195
13.028,-0.0014259678159200817
13.0334,-0.001060744527305424
13.039,0.0003512248831385456
13.0447,0.00035820190840762933
13.0501,-0.002472967474213217
13.0557,-0.0010398317100315246
13.0614,-0.0010746807894062016
13.0667,-0.00034426757796124363
13.0724,-0.0007024997972844282
13.078,-0.0003582144191049963
13.0837,-0.0003512415601409913
13.089,-0.0007164413489069155
13.0947,-0.002472967474213217
13.1,-2.091977187701488e-05
13.1057,-0.000723410439893879
13.1113,-1.3947637801159374e-05
13.117,-0.0014329327406015224
13.1223,0.0
13.128,-0.00037215676738400205
13.1336,-0.0003651861548528146
13.139,-0.0003512415601409913
13.1446,0.0007024330892750896
13.1503,0.0003233280142236339
13.1556,1.3952130665906282e-05
13.1613,-0.0003512415601409913
13.1669,-0.001763341343514302
13.1723,-0.0021216288951473317
13.1779,-0.0021146647671224095
13.1836,-0.00034426757796124363
13.1889,0.00033727420224849425
13.1946,-2.091977187701488e-05
13.2003,0.0003442489810852045
13.2056,0.0006884793652957022
13.2113,0.001053624618409188
13.2169,-0.001060744527305424
13.2223,-0.0007164413489069155
13.2279,0.001025715577137376
13.2335,0.0013908396603832252
13.2392,-0.0003651861548528146
13.2445,-0.0003651861548528146
13.2502,0.0003512248831385456
13.2558,-0.00037215676738400205
13.2612,-0.0020937656437496344
13.2668,-0.0003582144191049963
13.2725,0.0006884793652957022
13.2778,0.0007024330892750896
13.2835,0.00035820190840762933
13.2891,-6.97438050867305e-06
13.2945,-2.091977187701488e-05
13.3001,-6.97438050867305e-06
13.3058,0.0006884793652957022
13.3114,-0.0003582144191049963
13.3168,0.0006954556656770805
13.3224,6.975503724415688e-06
13.3281,0.0010606046867671637
13.3334,0.0
13.3391,0.0006954556656770805
13.3447,0.0003303005466279707
13.3501,-0.0003582144191049963
13.3557,0.0006884793652957022
13.3614,-0.0003651861548528146
13.367,0.0
13.3724,-2.789078273668366e-05
13.378,-0.0003303162439514118
13.3834,-0.0010537747114303109
13.389,-0.0007094711347042093
13.3947,-0.0003303162439514118
13.4003,-6.97438050867305e-06
13.4057,0.0007094116360883973
13.4113,-0.0007164413489069155
13.4167,0.0
13.4223,0.0
13.428,0.00033727420224849425
13.4336,0.0013978190038534954
13.439,0.0003442489810852045
13.4446,-0.0010537747114303109
13.4503,0.000716391306119224
13.4556,-0.0010746807894062016
13.4613,0.0006884793652957022
13.4669,-0.0007024997972844282
13.4723,-6.97438050867305e-06
13.4779,-0.0003512415601409913
13.4836,0.0003442489810852045
13.4892,-0.0007094711347042093
13.4946,-0.0010746807894062016
13.5002,-2.091977187701488e-05
13.5059,0.0006884793652957022
13.5112,0.0003303005466279707
13.5169,-2.091977187701488e-05
13.5225,-0.0007024997972844282
13.5279,0.0003303005466279707
13.5335,-1.3947637801159374e-05
13.5392,0.00033727420224849425
13.5445,-6.97438050867305e-06
13.5502,-6.97438050867305e-06
13.5558,-0.00037215676738400205
13.5612,-0.000723410439893879
13.5668,-1.3947637801159374e-05
13.5725,-0.0007164413489069155
13.5778,-0.0007024997972844282
13.5835,-2.091977187701488e-05
13.5891,-0.00037215676738400205
13.5948,-0.0003512415601409913
13.6001,-0.0007024997972844282
13.6058,-0.0010677132199639061
13.6114,0.0006884793652957022
13.6168,0.0003512248831385456
13.6224,-0.0010816472356323104
13.6278,-0.0024590411380360777
13.6335,-0.0003512415601409913
13.6391,0.0003442489810852045
13.6448,0.0003442489810852045
13.6501,-6.97438050867305e-06
13.6557,-0.0007024997972844282
13.6614,0.0010466456732665108
13.6668,0.0010466456732665108
13.6724,0.00033727420224849425
13.678,0.00036518005689378796
13.6834,0.0003442489810852045
13.689,-0.0003512415601409913
13.6947,-0.0003512415601409913
13.7,-0.0003512415601409913
13.7057,-0.0021146647671224095
13.7113,-0.00037215676738400205
13.717,-0.0003651861548528146
13.7223,-0.0010677132199639061
13.728,-0.0007094711347042093
13.7336,-0.0003582144191049963
13.739,-0.0006746032154438808
13.7446,-0.0006955273366489045
13.7502,-0.0003303162439514118
13.7559,0.0007024330892750896
13.7612,0.0006954556656770805
13.7669,0.0013908396603832252
13.7723,0.0006954556656770805
13.7779,-0.0003582144191049963
13.7834,-1.3947637801159374e-05
13.789,-0.0017494066747265613
13.7946,-0.001405066302578195
13.8003,-0.0003582144191049963
13.8056,0.0003303005466279707
13.8112,-2.789078273668366e-05
13.8168,-0.0003651861548528146
13.8225,-0.0007094711347042093
13.8281,-0.0003651861548528146
13.8335,0.0003233280142236339
13.839,0.0010396678513409086
13.8446,0.0003512248831385456
13.8503,-0.00037215676738400205
13.8556,-6.97438050867305e-06
13.8613,-0.0007094711347042093
13.8668,-0.0003582144191049963
13.8724,-0.00037215676738400205
13.8781,-0.0003512415601409913
13.8834,0.0007024330892750896
13.8891,0.0
13.8946,-0.0003582144191049963
13.9003,0.0006954556656770805
13.9056,0.0
13.9113,-0.0010677132199639061
13.9169,-0.001060744527305424
13.9223,-0.0010886125586422324
13.9279,-0.001763341343514302
13.9336,-0.0013841546802892957
13.9392,-2.789078273668366e-05
13.9446,0.0006884793652957022
13.9502,-0.0003582144191049963
13.9556,-0.0010677132199639061
13.9612,6.975503724415688e-06
13.9669,-0.0007094711347042093
13.9725,-6.97438050867305e-06
13.9779,-0.0007024997972844282
13.9835,0.00033727420224849425
13.9891,-0.001060744527305424
13.9945,-0.0010746807894062016
14.0001,-0.0014190017680224543
14.0058,-0.0021146647671224095
14.0114,-0.0013911263442683008
14.0168,-0.001770306993083448
14.0224,-0.0003512415601409913
14.0278,-0.0014190017680224543
14.0335,-0.0013911263442683008
14.0391,-0.0006885537527963059
14.0447,-0.002100733141424005
14.0501,0.00033727420224849425
14.0558,-0.001060744527305424
14.0614,-0.0017772715194368516
14.0668,-6.97438050867305e-06
14.0724,-0.00037215676738400205
14.0781,-0.0007164413489069155
14.0834,0.0007024330892750896
14.0891,0.0003512248831385456
14.0947,-0.0010677132199639061
14.1001,-1.3947637801159374e-05
14.1057,-0.0007024997972844282
14.1114,-0.0013841546802892957
14.1167,-0.0007164413489069155
14.1224,0.0006745301341819498
14.128,-0.0007164413489069155
14.1334,-0.002472967474213217
14.139,-0.0021076995158808565
14.1446,-0.001770306993083448
14.1503,-0.0014190017680224543
14.1556,-0.0024590411380360777
14.1613,-0.0017842349225736243
14.1668,-0.0007024997972844282
14.1724,-2.091977187701488e-05
14.1781,0.0010466456732665108
14.1834,0.0003303005466279707
14.1891,-2.091977187701488e-05
14.1946,-1.3947637801159374e-05
14.2002,0.00036518005689378796
14.2058,-0.00141203459690864
14.2112,-0.0010746807894062016
14.2169,-0.0010677132199639061
14.2224,-4.182943480790513e-05
14.228,0.0003233280142236339
14.2334,-0.0010746807894062016
14.2391,-0.0003512415601409913
14.2447,-0.0007164413489069155
14.2501,-1.3947637801159374e-05
14.2557,0.0006815041881305106
14.2614,-3.4860670380165715e-05
14.2667,-0.000723410439893879
14.2724,-1.3947637801159374e-05
14.278,0.001032691152631049
14.2836,0.0
14.289,0.0006815041881305106
14.2946,-0.0003582144191049963
14.3003,-0.0007373452522188018
14.3056,0.0003303005466279707
14.3113,-0.0003651861548528146
14.3169,-0.0014329327406015224
14.3223,0.001053624618409188
14.328,-1.3947637801159374e-05
14.3336,-0.0007094711347042093
14.339,0.0006884793652957022
14.3446,-2.789078273668366e-05
14.3503,-0.0003651861548528146
14.3556,0.0003512248831385456
14.3613,-2.091977187701488e-05
14.3669,-0.0003791262566994469
14.3723,-1.3947637801159374e-05
14.3779,-0.0003582144191049963
14.3836,-0.000723410439893879
14.3889,0.001053624618409188
14.3946,-1.3947637801159374e-05
14.4002,0.0003512248831385456
14.4056,0.0006954556656770805
14.4112,-2.789078273668366e-05
14.4169,-0.0010746807894062016
14.4225,0.0010396678513409086
14.4279,0.0024302905789368445
14.4335,-0.0007303784076646558
14.4392,0.0010466456732665108
14.4445,0.0003512248831385456
14.4502,0.0010396678513409086
14.4558,-0.0003791262566994469
14.4612,0.00033727420224849425
14.4668,0.0013908396603832252
14.4725,0.0006745301341819498
14.4779,-2.091977187701488e-05
14.4835,0.001032691152631049
14.4892,0.0006954556656770805
14.4945,-2.091977187701488e-05
14.5002,0.0006815041881305106
14.5058,-0.000723410439893879
14.5112,-1.3947637801159374e-05
14.5168,-0.00037215676738400205
14.5225,-0.0014259678159200817
14.5278,-0.0017494066747265613
14.5335,-1.3947637801159374e-05
14.5391,-0.000723410439893879
14.5445,0.0010466456732665108
14.5501,-2.789078273668366e-05
14.5558,0.00033727420224849425
14.5612,-0.0003651861548528146
14.5668,-0.0003582144191049963
14.5725,-6.97438050867305e-06
14.5778,-0.0007094711347042093
14.5835,0.0003442489810852045
14.5891,-0.0003582144191049963
14.5945,-0.0010746807894062016
14.6002,0.0
14.6058,-1.3947637801159374e-05
14.6112,-0.0014190017680224543
14.6168,-0.001405066302578195
14.6225,-0.0007303784076646558
14.6278,-0.000723410439893879
14.6335,-1.3947637801159374e-05
14.6392,-0.0007094711347042093
14.6445,-0.0007094711347042093
14.6502,-0.00037215676738400205
14.6558,-0.001060744527305424
14.6612,0.0003442489810852045
14.6668,0.0003303005466279707
14.6725,-6.97438050867305e-06
14.6778,-0.000723410439893879
14.6835,0.0
14.6891,-0.001763341343514302
14.6945,-0.00141203459690864
14.7001,-0.0010816472356323104
14.7058,-0.000723410439893879
14.7111,-0.0017494066747265613
14.7168,-0.001405066302578195
14.7224,-0.0014190017680224543
14.7281,-0.0010537747114303109
14.7334,-0.0010816472356323104
14.7391,-0.0014190017680224543
14.7447,-0.00141203459690864
14.7501,-0.0003582144191049963
14.7557,-0.00141203459690864
14.7614,-0.0003791262566994469
14.7668,-0.0003512415601409913
14.7724,-0.0003512415601409913
14.778,-0.0003582144191049963
14.7834,0.00030938631906352043
14.789,0.0007024330892750896
14.7947,0.0006745301341819498
14.8001,6.975503724415688e-06
14.8057,0.00033727420224849425
14.8114,-0.0010398317100315246
14.817,-0.0007024997972844282
14.8224,-0.001763341343514302
14.828,-0.00034426757796124363
14.8334,-6.97438050867305e-06
14.839,-0.0014259678159200817
14.8447,-0.001060744527305424
14.85,-0.0010537747114303109
14.8557,-0.00037215676738400205
14.8613,-0.0006955273366489045
14.8667,-6.97438050867305e-06
14.8723,-0.0010746807894062016
14.878,-0.0007164413489069155
14.8836,-0.0003582144191049963
14.889,-0.0014190017680224543
14.8946,-0.0006955273366489045
14.9003,-2.091977187701488e-05
14.9056,-6.97438050867305e-06
14.9113,-0.0003512415601409913
14.9169,-0.00034426757796124363
14.9223,-0.0003582144191049963
14.9279,-0.0007164413489069155
14.9336,-0.001060744527305424
14.9391,-1.3947637801159374e-05
14.9445,-0.00141203459690864
14.9501,0.0003442489810852045
14.9557,-0.0003582144191049963
14.9614,0.0003442489810852045
14.9667,0.0006745301341819498
14.9724,-0.0007164413489069155
14.978,-1.3947637801159374e-05
14.9836,-0.0007164413489069155
14.989,0.00033727420224849425
14.9946,0.0006815041881305106
15.0003,-6.97438050867305e-06
15.0056,0.00033727420224849425
15.0113,0.0007024330892750896
15.0169,-0.0003651861548528146
15.0278,-0.001060744527305424
15.0334,0.00033727420224849425
15.039,0.0003163566050354838
15.0446,-3.4860670380165715e-05
15.0502,-0.0003930618656813323
15.0556,0.0003303005466279707
15.0612,-0.001060744527305424
15.0669,-0.0010816472356323104
15.0725,0.0003442489810852045
15.0778,0.0003163566050354838
15.0835,0.0003233280142236339
15.0891,-0.0010746807894062016
15.0947,-0.0007303784076646558
15.1001,-0.0007303784076646558
15.1058,0.0
15.1114,-0.0010537747114303109
15.1168,-0.0003930618656813323
15.1224,-0.0007164413489069155
15.128,-0.0007373452522188018
15.1334,-0.0010816472356323104
15.139,-0.0017842349225736243
15.1446,-0.0010955767584355236
15.1503,-0.001102539835012628
15.1556,-0.001805118392687266
15.1613,-0.0010955767584355236
15.167,-0.0003860946227982609
15.1723,-0.0017772715194368516
15.178,0.0006745301341819498
15.1836,-0.0007373452522188018
15.1889,-3.4860670380165715e-05
15.1946,0.001018741124860334
15.2002,-1.3947637801159374e-05
15.2058,-4.182943480790513e-05
15.2112,-0.0010677132199639061
15.2169,-0.0003930618656813323
15.2225,-0.0003930618656813323
15.2279,-0.0003860946227982609
15.2335,0.0003024171563081879
15.2391,-0.0011095017883735458
15.2445,-3.4860670380165715e-05
15.2501,-0.0011095017883735458
15.2557,-0.0010816472356323104
15.2614,-0.0003860946227982609
15.2667,-0.0003930618656813323
15.2723,-0.0018190350900137986
15.278,-0.0031896104204860443
15.2836,-0.0003930618656813323
15.289,-0.0003930618656813323
15.2946,-2.789078273668366e-05
15.3003,0.0003163566050354838
15.3056,-0.0021355537815481718
15.3113,-0.0014190017680224543
15.3169,-0.0007443109735572051
15.3222,-2.091977187701488e-05
15.3279,-1.3947637801159374e-05
15.3335,-0.000723410439893879
15.3392,-0.000723410439893879
15.3445,-0.0007303784076646558
15.3502,-2.789078273668366e-05
15.3558,-2.789078273668366e-05
15.3612,-0.0014398965420672205
15.3669,-0.0017842349225736243
15.3725,0.001025715577137376
15.3778,-0.0007373452522188018
15.3835,-0.00037215676738400205
15.3891,-0.0007443109735572051
15.3945,-0.0010886125586422324
15.4001,0.001032691152631049
15.4057,0.0006815041881305106
15.4114,-6.97438050867305e-06
15.4167,0.0003163566050354838
15.4223,-0.0007303784076646558
15.428,-0.0003930618656813323
15.4336,-2.789078273668366e-05
15.439,0.0003233280142236339
