Experiment: Mar_2_Turb_expt vial 10, Tue Mar  2 18:45:49 2021
0.0056,0.0
0.0113,-1.0308838654493613e-05
0.0166,0.0
0.0223,1.0309236566419244e-05
0.0279,-0.0005482809241390552
0.0333,-1.0308838654493613e-05
0.0389,-3.092532223003541e-05
0.0446,0.0002534999628849288
0.0499,-0.000315370752772548
0.0556,-1.0308838654493613e-05
0.0612,-0.0005276559769176181
0.0666,0.00024319343909717794
0.0723,-2.0617279398171817e-05
0.0779,-3.092532223003541e-05
0.0833,0.0008119858153049497
0.0889,-2.0617279398171817e-05
0.0946,-0.0002844420671432868
0.0999,-0.0002844420671432868
0.1056,-4.123296715097258e-05
0.1112,-0.0005792153606356543
0.1166,-0.001614096589205416
0.1222,-0.0008018196587775694
0.1279,-5.154021416053922e-05
0.1333,-0.0005379686494839664
0.1389,-0.0005792153606356543
0.1445,-2.0617279398171817e-05
0.1502,-0.0002947520269310777
0.1555,0.0002328873132207976
0.1611,-2.0617279398171817e-05
0.1668,-0.0008121338503881415
0.1721,-0.00027413170944412535
0.1777,-0.0002844420671432868
0.1834,-3.092532223003541e-05
0.189,-0.000568904279714677
0.1944,0.0002534999628849288
0.2,-0.00138115003361039
0.2056,-0.0008224476440873429
0.2113,-0.0010966318692845478
0.2166,-0.00138115003361039
0.2223,-0.0002638209538332603
0.2279,-0.0003050615888074981
0.2332,-4.123296715097258e-05
0.2389,-0.0005379686494839664
0.2445,-0.0005792153606356543
0.2501,-0.0003256795188263384
0.2555,-0.0005173429064402324
0.2611,-0.0008327610398751739
0.2668,-0.0008327610398751739
0.2721,-0.0010966318692845478
0.2778,-0.000568904279714677
0.2834,0.0007501684823129073
0.289,-0.0013708335997337784
0.2944,-3.092532223003541e-05
0.2999,-6.184706325840228e-05
0.3056,-0.000315370752772548
0.3112,-0.0003050615888074981
0.3165,-0.000315370752772548
0.3222,-2.0617279398171817e-05
0.3277,-0.00027413170944412535
0.3333,-0.000568904279714677
0.339,0.0004966858794196449
0.3446,-0.0008018196587775694
0.3499,-0.0005585928008823293
0.3555,-3.092532223003541e-05
0.3611,0.00048638206841011833
0.3668,-0.0006101462159300297
0.3721,-5.154021416053922e-05
0.3778,-0.000315370752772548
0.3833,-0.0005895260436449279
0.3889,-7.215351444522788e-05
0.3946,0.00021227625520214843
0.3999,-2.0617279398171817e-05
0.4056,0.0004966858794196449
0.4111,0.00022258158525578775
0.4168,0.0007604703763665066
0.4224,-0.0008327610398751739
0.4278,-0.0008430740377516344
0.4334,-0.0003050615888074981
0.4389,0.0004554730228505388
0.4446,-0.0005895260436449279
0.4499,-0.0003050615888074981
0.4556,0.00047607865531240634
0.4612,-0.0008327610398751739
0.4666,0.0005172946951723656
0.4722,0.0007501684823129073
0.4778,0.00048638206841011833
0.4835,-4.123296715097258e-05
0.4888,0.0010139408269677075
0.4945,-0.0011378891411455427
0.5001,-0.0011069467841169356
0.5055,-0.0008636988397709988
0.5111,-0.00034629585719958556
0.5168,-0.0003256795188263384
0.5221,-6.184706325840228e-05
0.5278,-7.215351444522788e-05
0.5334,-7.215351444522788e-05
0.5388,0.00046577564012550976
0.5444,0.0012776991023683015
0.5501,0.0004451708034864943
0.5557,0.0007604703763665066
0.5611,-0.0003050615888074981
0.5667,-0.0005998363287431641
0.5723,-0.0003256795188263384
0.5777,0.00020197132305976861
0.5833,0.0007398669861706786
0.589,-0.0003256795188263384
0.5943,-8.245956772023888e-05
0.6,0.00043486898203370927
0.6056,0.0009624469101487954
0.6112,-0.00010307048053714851
0.6166,-0.0003875237590102998
0.6222,-0.0006101462159300297
0.6279,-0.0002947520269310777
0.6332,-0.0010966318692845478
0.6389,0.0010139408269677075
0.6445,-0.0002947520269310777
0.6501,0.00022258158525578775
0.6555,-0.000315370752772548
0.6611,0.00022258158525578775
0.6668,0.0010139408269677075
0.6721,0.0006986649807152467
0.6777,-0.00033598788696864723
0.6834,-7.215351444522788e-05
0.689,0.00020197132305976861
0.6944,-0.00033598788696864723
0.7,-0.00035660342951970847
0.7056,0.00019166678882887034
0.7113,-0.0019192895763870954
0.7166,-0.0011069467841169356
0.7222,-0.0013914660695755199
0.7279,-7.215351444522788e-05
0.7332,-0.00033598788696864723
0.7388,0.00046577564012550976
0.7445,-0.00034629585719958556
0.7501,-0.0011378891411455427
0.7555,-0.00033598788696864723
0.7611,-0.0011275754200472665
0.7667,-0.0003256795188263384
0.7721,-0.0005895260436449279
0.7777,0.0009521493205189024
0.7833,-0.00034629585719958556
0.789,-0.00037721738042484354
0.7946,-0.0008740106439133477
0.8,0.0001607555736042876
0.8056,-0.00034629585719958556
0.811,-0.0005998363287431641
0.8166,-0.0003256795188263384
0.8222,-0.00037721738042484354
0.8279,-0.0008224476440873429
0.8332,-0.0011585153896076505
0.8389,0.00015045263101876039
0.8445,0.0007192651876202216
0.8501,-4.123296715097258e-05
0.8555,-0.0003256795188263384
0.8612,0.00021227625520214843
0.8668,-0.00037721738042484354
0.8722,0.00015045263101876039
0.8778,0.00021227625520214843
0.8834,0.0007192651876202216
0.8888,0.0006883654741298706
0.8944,-0.00033598788696864723
0.9001,-0.00034629585719958556
0.9054,-0.0008740106439133477
0.9111,-6.184706325840228e-05
0.9167,-0.0009049436688723933
0.9223,-8.245956772023888e-05
0.9277,0.00015045263101876039
0.9333,-0.001665688343367222
0.939,-0.0006101462159300297
0.9443,0.00018136265250934258
0.95,-0.0003875237590102998
0.9554,-0.0014636671798143874
0.961,-8.245956772023888e-05
0.9667,-0.0006410734900221815
0.9723,-0.00012367980170813198
0.9777,-0.00012367980170813198
0.9833,-0.0001339838654264014
0.989,-0.00037721738042484354
0.9943,-0.0006823042847189376
1.0,9.894388676134902e-05
1.0056,-0.00041844050729877846
1.0113,0.0006368739098731035
1.0167,-0.00012367980170813198
1.0223,-0.0006410734900221815
1.0277,-0.00011337534007815897
1.0333,-0.0011482024643325595
1.039,0.00012984793958148444
1.0443,0.00040396590514468755
1.05,0.00015045263101876039
1.0556,-0.0006616896831932451
1.061,-0.00036691060392790575
1.0666,-0.00039782973968449653
1.0723,-0.00039782973968449653
1.0779,-0.00037721738042484354
1.0833,-0.0006616896831932451
1.0889,-0.0006204557052051918
1.0945,0.00020197132305976861
1.0999,-0.0006101462159300297
1.1055,-0.00041844050729877846
1.1112,-0.0006204557052051918
1.1168,-0.0001339838654264014
1.1222,-0.0011688279169719262
1.1278,-0.0005998363287431641
1.1334,0.00015045263101876039
1.1388,0.0004245675584928499
1.1444,0.0004142665328628059
1.15,0.0006883654741298706
1.1557,-0.000894633058464045
1.161,0.0004142665328628059
1.1667,0.0009418521288007131
1.1723,-0.0009049436688723933
1.1777,-0.0006410734900221815
1.1833,0.00020197132305976861
1.1889,-0.00039782973968449653
1.1943,-0.000894633058464045
1.1999,-0.0006307647965693164
1.2055,-0.0011791400464247204
1.2112,-0.0006823042847189376
1.2166,-0.00012367980170813198
1.2222,0.0006780663654557539
1.2278,0.0004142665328628059
1.2332,0.0009624469101487954
1.2388,-0.00040813532244732276
1.2444,-0.0006719971829119986
1.2501,-0.0011688279169719262
1.2554,-0.0006616896831932451
1.2611,-0.0006204557052051918
1.2667,-0.0003875237590102998
1.2723,-0.0011791400464247204
1.2777,0.00011954619073006878
1.2833,-0.000651381785563121
1.2889,-0.0003875237590102998
1.2946,-0.0011585153896076505
1.2999,-0.00037721738042484354
1.3056,-0.0014327262343230007
1.3112,-0.0005998363287431641
1.3165,-0.0014224117900032418
1.3222,-0.001189451777966255
1.3278,-0.0009255636959553115
1.3334,-0.0006719971829119986
1.3388,-0.0014636671798143874
1.3445,-0.0009152538813697042
1.3501,-0.001189451777966255
1.3554,-0.00042874529423886365
1.3611,-0.00035660342951970847
1.3667,-0.00040813532244732276
1.3724,-0.00039782973968449653
1.3777,-0.0011585153896076505
1.3833,-0.00041844050729877846
1.389,-0.000651381785563121
1.3944,-0.0017172701497449872
1.4,-0.001443040280731278
1.4057,-0.0011688279169719262
1.411,-0.0006410734900221815
1.4166,-0.0009152538813697042
1.4223,-0.0009358731126295483
1.4279,-0.0011688279169719262
1.4333,-0.0022657824035191565
1.4389,-0.000651381785563121
1.4446,-0.0009255636959553115
1.4499,-0.0016966386209278372
1.4555,-0.0011791400464247204
1.4612,-0.001665688343367222
1.4666,-0.0006926109886149501
1.4722,-0.0006307647965693164
1.4778,-0.001981200439508779
1.4835,0.00015045263101876039
1.4888,-0.0008843220501444371
1.4945,-0.001199763111595975
1.5001,-0.0001339838654264014
1.5055,0.0006574693418417432
1.5111,0.0006471714269017381
1.5168,-0.000651381785563121
1.5221,-0.0014224117900032418
1.5278,-0.0006616896831932451
1.5334,-0.0009255636959553115
1.539,-0.0011688279169719262
1.5444,-0.0006616896831932451
1.5501,-0.0001339838654264014
1.5557,-0.0006719971829119986
1.561,-0.00039782973968449653
1.5667,-0.001453353929228296
1.5723,-0.00041844050729877846
1.5777,-0.00014428753123374438
1.5833,-0.001189451777966255
1.589,-0.0003875237590102998
1.5946,-0.0006204557052051918
1.6,-9.276522308443447e-05
1.6056,-0.00036691060392790575
1.6112,-0.00011337534007815897
1.6166,-0.0001339838654264014
1.6222,-0.00015459079912971685
1.6279,-0.0009461821313924146
1.6333,0.0006471714269017381
1.6389,-0.00036691060392790575
1.6445,-0.0009358731126295483
1.6499,-0.0014739800324886643
1.6555,-0.00040813532244732276
1.6612,-0.0014327262343230007
1.6668,0.00040396590514468755
1.6722,-0.0014327262343230007
1.6778,-0.00012367980170813198
1.6835,-0.001189451777966255
1.6888,-0.0009358731126295483
1.6945,-0.0009152538813697042
1.7001,-0.0014842924872515706
1.7057,-0.001706954584292042
1.7111,-0.0003875237590102998
1.7167,-0.0014120969477717793
1.7224,-0.0001339838654264014
1.7277,-0.001199763111595975
1.7333,-0.0006204557052051918
1.739,-0.0009255636959553115
1.7446,-0.00036691060392790575
1.7499,-0.0006204557052051918
1.7556,-0.00036691060392790575
1.7612,-0.0006410734900221815
1.7668,-0.0001339838654264014
1.7722,-0.0006101462159300297
1.7778,-0.0013914660695755199
1.7835,-0.00036691060392790575
1.7888,-0.00037721738042484354
1.7944,-0.0003875237590102998
1.8,-0.0006307647965693164
1.8056,-0.00011337534007815897
1.8113,0.00015045263101876039
1.8166,0.00019166678882887034
1.8222,-9.276522308443447e-05
1.8278,-0.00010307048053714851
1.8335,0.0011850344671002766
1.8391,0.00010924483979002364
1.8445,-0.0006410734900221815
1.85,-0.0009667989751840356
1.8556,-0.001189451777966255
1.8613,-0.0009358731126295483
1.8666,-0.00037721738042484354
1.8723,-0.0001339838654264014
1.8778,-0.000651381785563121
1.8835,-0.0014636671798143874
1.8891,-0.00040813532244732276
1.8945,0.0003833658434418963
1.9001,-0.00011337534007815897
1.9056,-0.000651381785563121
1.9113,-0.0012100740473147686
1.9166,-0.001199763111595975
1.9223,-0.0003875237590102998
1.9279,-0.00011337534007815897
1.9334,-0.00012367980170813198
1.9391,-0.0001339838654264014
1.9444,0.00012984793958148444
1.9501,0.0006677676546931188
1.9557,0.0003936656753373846
1.9611,-0.0012203845851221917
1.9668,0.00010924483979002364
1.9724,-0.00012367980170813198
1.9778,-0.0006410734900221815
1.9834,0.0004142665328628059
1.989,-0.0009152538813697042
1.9944,-0.0006719971829119986
2.0001,-0.00011337534007815897
2.0057,-0.0006823042847189376
2.0111,-0.0009049436688723933
2.0167,-0.00011337534007815897
2.0224,-0.0014327262343230007
2.0277,-0.0009049436688723933
2.0334,-0.0009049436688723933
2.039,-0.00011337534007815897
2.0447,-0.001199763111595975
2.05,-0.0006719971829119986
2.0557,-0.0006410734900221815
2.061,-0.0009049436688723933
2.0667,0.00011954619073006878
2.0722,0.00015045263101876039
2.0778,-0.0009564907522439103
2.0835,-0.0009255636959553115
2.0889,-0.0009152538813697042
2.0945,-9.276522308443447e-05
2.1,-0.0006719971829119986
2.1057,-0.002234825399160645
2.1113,-0.0011688279169719262
2.1167,-0.0006410734900221815
2.1223,-0.0009255636959553115
2.1278,-0.0009255636959553115
2.1335,-0.0006719971829119986
2.1391,-0.00039782973968449653
2.1445,-0.0014636671798143874
2.1501,-0.001453353929228296
2.1556,-0.0009152538813697042
2.1613,-0.0020224663900292317
2.1666,-0.0017275853172865618
2.1723,-0.0014946045441031064
2.1779,-0.002804043036669812
2.1833,-0.0014946045441031064
2.1889,-0.001199763111595975
2.1946,-0.0014636671798143874
2.2002,-0.00012367980170813198
2.2056,0.0003936656753373846
2.2112,-0.00036691060392790575
2.2169,-0.000651381785563121
2.2223,-0.0011791400464247204
2.2279,-0.001686322259652595
2.2335,-0.0009358731126295483
2.2389,-0.0011791400464247204
2.2445,-0.00012367980170813198
2.2502,-0.0007029172945995921
2.2555,-0.001443040280731278
2.2612,-0.000894633058464045
2.2668,-0.0009461821313924146
2.2724,-0.0009049436688723933
2.2778,-0.0009358731126295483
2.2834,-0.0014327262343230007
2.2891,-0.0006307647965693164
2.2944,-0.0009358731126295483
2.3001,-0.0009049436688723933
2.3057,-0.0001648936691138747
2.3111,-0.000651381785563121
2.3167,-0.001453353929228296
2.3224,-0.0006616896831932451
2.328,-0.0014327262343230007
2.3334,-0.000651381785563121
2.339,-0.0001339838654264014
2.3447,-0.0011585153896076505
2.3501,-0.001443040280731278
2.3557,-0.0006823042847189376
2.3611,-0.0006307647965693164
2.3667,-0.0014842924872515706
2.3723,-0.0012100740473147686
2.378,-0.000651381785563121
2.3833,-0.0006410734900221815
2.389,-0.001189451777966255
2.3946,-0.0011791400464247204
2.4003,-0.0011688279169719262
2.4056,-0.001453353929228296
2.4112,-0.0011688279169719262
2.4169,-0.0006307647965693164
2.4223,-0.0003875237590102998
2.4279,-0.001443040280731278
2.4335,-0.0009152538813697042
2.4389,-0.0008843220501444371
2.4446,-0.0006719971829119986
2.4502,-0.00036691060392790575
2.4556,-0.0009152538813697042
2.4612,-0.001453353929228296
2.4669,-0.0009461821313924146
2.4722,-0.0009358731126295483
2.4779,-0.000651381785563121
2.4835,-0.00042874529423886365
2.4892,-0.0009255636959553115
2.4945,-0.000894633058464045
2.5002,-0.0011585153896076505
2.5055,-0.0011791400464247204
2.5112,-0.0014327262343230007
2.5169,-0.00010307048053714851
2.5222,-0.0003875237590102998
2.5279,-0.0006204557052051918
2.5335,-0.0012100740473147686
2.5389,-0.00039782973968449653
2.5445,-0.00014428753123374438
2.5502,-0.0006410734900221815
2.5555,-0.00039782973968449653
2.5612,0.0001401500863447147
2.5669,-0.0008740106439133477
2.5722,-0.000651381785563121
2.5779,-0.0008740106439133477
2.5835,-0.0006410734900221815
2.5889,-0.00037721738042484354
2.5945,0.00015045263101876039
2.6002,-0.001453353929228296
2.6058,-0.0012100740473147686
2.6112,-0.0011482024643325595
2.6168,-0.00037721738042484354
2.6225,0.00015045263101876039
2.6278,-0.0003875237590102998
2.6335,-0.00036691060392790575
2.6391,-0.00039782973968449653
2.6445,-0.00035660342951970847
2.6501,-0.00012367980170813198
2.6558,0.0004451708034864943
2.6611,-0.0006307647965693164
2.6668,-0.00035660342951970847
2.6724,-0.00010307048053714851
2.678,-0.0011275754200472665
2.6834,-0.001189451777966255
2.689,-0.0009049436688723933
2.6947,-0.0003875237590102998
2.7,-0.0009152538813697042
2.7057,-0.001189451777966255
2.7113,-0.0009152538813697042
2.7167,-0.0009358731126295483
2.7223,-0.0009049436688723933
2.728,-0.00010307048053714851
2.7333,-0.000651381785563121
2.739,-0.001443040280731278
2.7446,0.00015045263101876039
2.7503,0.0009418521288007131
2.7556,-0.00035660342951970847
2.7613,-0.000651381785563121
2.7669,-0.0006410734900221815
2.7722,-0.0001339838654264014
2.7779,-8.245956772023888e-05
2.7835,0.00012984793958148444
2.7891,0.00015045263101876039
2.7945,0.0003936656753373846
2.8001,-0.00012367980170813198
2.8058,0.0006986649807152467
2.8111,-0.00015459079912971685
2.8168,-0.000651381785563121
2.8224,-0.0009152538813697042
2.8281,-0.00012367980170813198
2.8334,-0.0006204557052051918
2.8391,-0.0014224117900032418
2.8447,-0.0011791400464247204
2.85,-0.00041844050729877846
2.8557,-0.000894633058464045
2.8613,-0.0009049436688723933
2.8669,-0.0006410734900221815
2.8723,-0.00011337534007815897
2.8779,-0.000651381785563121
2.8836,-0.0008843220501444371
2.8889,-0.00036691060392790575
2.8946,-0.0006101462159300297
2.9002,0.0001607555736042876
2.9056,-0.00036691060392790575
2.9112,-0.0011482024643325595
2.9169,-0.0006410734900221815
2.9225,-0.0011378891411455427
2.9279,-0.0011378891411455427
2.9336,-0.0014224117900032418
2.939,-0.001453353929228296
2.9446,-0.0006307647965693164
2.95,-0.0016966386209278372
2.9556,-0.0009049436688723933
2.9613,-0.0006616896831932451
2.9667,-0.0006204557052051918
2.9723,-0.0006204557052051918
2.978,-0.00036691060392790575
2.9836,-0.0003875237590102998
2.989,-0.00036691060392790575
2.9947,-0.0009049436688723933
3.0,-0.0011585153896076505
3.0057,-0.00040813532244732276
3.0114,-0.0009049436688723933
3.0167,-0.0009255636959553115
3.0224,-0.0011791400464247204
3.028,-0.000894633058464045
3.0334,-0.0006616896831932451
3.039,-0.0011791400464247204
3.0447,-0.0011791400464247204
3.05,0.0001401500863447147
3.0557,-8.245956772023888e-05
3.0613,-0.000651381785563121
3.0669,-0.0014224117900032418
3.0723,-0.0006410734900221815
3.0779,-0.001443040280731278
3.0835,-0.0006204557052051918
3.0889,-0.0009152538813697042
3.0946,-0.0009049436688723933
3.1002,-0.0014224117900032418
3.1056,-0.0005998363287431641
3.1112,-0.00035660342951970847
3.1168,0.00018136265250934258
3.1225,-0.0006204557052051918
3.1278,-0.00034629585719958556
3.1335,0.0007089648852121044
3.1391,-0.00034629585719958556
3.1445,-0.00037721738042484354
3.1501,-0.00034629585719958556
3.1557,-0.0011275754200472665
3.1614,-0.00033598788696864723
3.1668,0.00020197132305976861
3.1724,-0.0006410734900221815
3.178,-0.0006204557052051918
3.1834,-0.00034629585719958556
3.1891,-0.0006307647965693164
3.1947,-0.00034629585719958556
3.2001,-0.0008636988397709988
3.2057,-0.0006410734900221815
3.2113,-0.00037721738042484354
3.2167,-0.0009049436688723933
3.2223,-0.0003256795188263384
3.228,-0.000894633058464045
3.2336,0.0004451708034864943
3.239,-0.0006204557052051918
3.2446,-0.0016760055004656493
3.2502,-0.0008533866377172794
3.2556,-0.0008636988397709988
3.2612,-8.245956772023888e-05
3.2668,-0.0008843220501444371
3.2724,-0.0008636988397709988
3.2781,-6.184706325840228e-05
3.2834,-0.0013914660695755199
3.289,-0.0005998363287431641
3.2946,-0.0014017817076292793
3.3002,-0.0006101462159300297
3.3059,-0.0005792153606356543
3.3112,-0.0008740106439133477
3.3168,-0.0011688279169719262
3.3224,-0.0014120969477717793
3.328,-0.0008740106439133477
3.3334,0.0009830432831423597
3.339,0.00015045263101876039
3.3446,0.0001607555736042876
3.3502,-0.00033598788696864723
3.3556,-0.000894633058464045
3.3612,-0.0008740106439133477
3.3669,-0.001665688343367222
3.3724,-0.0006204557052051918
3.378,-0.0011275754200472665
3.3834,-0.0009049436688723933
3.389,-0.0008843220501444371
3.3947,-0.0011482024643325595
3.4001,-0.00037721738042484354
3.4058,0.00011954619073006878
3.4111,0.00040396590514468755
3.4168,0.0006986649807152467
3.4224,0.0004142665328628059
3.4278,-0.0005998363287431641
3.4335,-0.000315370752772548
3.4391,-0.0016244157358605849
3.4447,-0.0008636988397709988
3.4501,0.0001607555736042876
3.4558,-0.00034629585719958556
3.4614,-0.0006204557052051918
3.4668,-0.000651381785563121
3.4724,-0.00037721738042484354
3.4781,-0.0003875237590102998
3.4834,-0.00035660342951970847
3.489,-0.000894633058464045
3.4947,-0.00010307048053714851
3.5,-0.00011337534007815897
3.5057,-0.00010307048053714851
3.5113,0.0006677676546931188
3.517,0.0004245675584928499
3.5223,-0.0003875237590102998
3.528,-0.00034629585719958556
3.5336,-0.001686322259652595
3.539,-0.0008636988397709988
3.5446,-0.0009049436688723933
3.5503,-0.0006101462159300297
3.5556,-0.0008740106439133477
3.5613,-0.0009152538813697042
3.5669,-0.0006204557052051918
3.5723,-0.0006616896831932451
3.5779,-0.001443040280731278
3.5835,-9.276522308443447e-05
3.5892,-0.0011482024643325595
3.5945,-0.0006410734900221815
3.6002,0.0006677676546931188
3.6058,-0.00011337534007815897
3.6112,-0.00010307048053714851
3.6168,-0.0011688279169719262
3.6225,-0.0011688279169719262
3.6279,-0.0006307647965693164
3.6335,0.0001607555736042876
3.6391,-7.215351444522788e-05
3.6445,-0.000894633058464045
3.6501,-0.0008843220501444371
3.6558,-0.0014327262343230007
3.6614,-0.0006204557052051918
3.6668,-0.0003875237590102998
3.6724,-0.00039782973968449653
3.678,-9.276522308443447e-05
3.6834,0.0001401500863447147
3.689,-0.0009152538813697042
3.6947,-0.0011585153896076505
3.7,-0.0014120969477717793
3.7057,0.00040396590514468755
3.7113,-0.0006101462159300297
3.717,-0.00015459079912971685
3.7223,0.0003936656753373846
3.728,-0.00010307048053714851
3.7336,-0.0009049436688723933
3.739,0.0009315553349935612
3.7446,-9.276522308443447e-05
3.7503,0.0009521493205189024
3.7556,-9.276522308443447e-05
3.7611,-0.00037721738042484354
3.7668,-0.0009358731126295483
3.7724,-0.0006410734900221815
3.778,-0.0003875237590102998
3.7834,0.0006780663654557539
3.7889,-0.00011337534007815897
3.7946,-0.0006204557052051918
3.8002,0.0006883654741298706
3.8056,-0.0003875237590102998
3.8112,-0.0006410734900221815
3.8168,-0.000315370752772548
3.8224,-6.184706325840228e-05
3.828,-0.00011337534007815897
3.8334,-0.00037721738042484354
3.839,-0.0006204557052051918
3.8446,-0.00035660342951970847
3.8502,-0.001706954584292042
3.8556,-0.0006101462159300297
3.8612,0.00017105891410107432
3.8669,-9.276522308443447e-05
3.8724,-0.0014017817076292793
3.878,-0.0011482024643325595
3.8834,-0.00036691060392790575
3.889,-0.0006616896831932451
3.8946,-0.0006307647965693164
3.9002,-0.0009152538813697042
3.9058,0.0001401500863447147
3.9112,-0.00036691060392790575
3.9168,-0.0006204557052051918
3.9225,-0.0006307647965693164
3.9278,-0.0006101462159300297
3.9335,-0.00036691060392790575
3.9391,-0.0006410734900221815
3.9447,-0.000651381785563121
3.9501,0.0006677676546931188
3.9557,0.0009315553349935612
3.9614,-0.0001339838654264014
3.9667,-0.0006410734900221815
3.9724,-0.0009255636959553115
3.978,-0.0012100740473147686
3.9836,-0.0009358731126295483
3.989,-0.00011337534007815897
3.9946,-0.001453353929228296
4.0003,-0.0006410734900221815
4.0057,-0.001686322259652595
4.0113,-0.000651381785563121
4.0169,-0.00037721738042484354
4.0223,-0.00017519614118710614
4.028,-0.001199763111595975
4.0336,-0.0011791400464247204
4.039,-0.001443040280731278
4.0446,-0.00011337534007815897
4.0502,-0.0014327262343230007
4.0556,-0.0009049436688723933
4.0613,-0.001199763111595975
4.0669,-0.0009255636959553115
4.0723,-0.0016966386209278372
4.0779,-0.00010307048053714851
4.0835,-0.00036691060392790575
4.0892,-0.00011337534007815897
4.0945,0.0009315553349935612
4.1002,-0.0009049436688723933
4.1058,-0.00011337534007815897
4.1112,-0.0014327262343230007
4.1168,-0.00036691060392790575
4.1225,-0.00037721738042484354
4.1278,-0.000894633058464045
4.1335,-0.00035660342951970847
4.1391,-0.0009152538813697042
4.1445,-0.00039782973968449653
4.1501,-0.0009152538813697042
4.1558,-0.001453353929228296
4.1614,-0.0024987819104715925
4.1668,-0.0009049436688723933
4.1724,-0.0009152538813697042
4.178,-0.0003875237590102998
4.1834,-0.00014428753123374438
4.189,-0.0009049436688723933
4.1947,-0.0011482024643325595
4.2003,-0.00035660342951970847
4.2057,0.0001607555736042876
4.2113,-0.000894633058464045
4.217,-0.0011482024643325595
4.2223,-0.001878007709412155
4.228,-0.0008740106439133477
4.2336,-0.0006307647965693164
4.239,-0.0006410734900221815
4.2446,-0.0008843220501444371
4.2503,-0.0009049436688723933
4.2556,-0.001443040280731278
4.2613,-0.0011585153896076505
4.2669,-0.001189451777966255
4.2723,-8.245956772023888e-05
4.2779,-0.0009049436688723933
4.2836,-0.0011791400464247204
4.2889,-0.0009049436688723933
4.2946,-0.0011585153896076505
4.3002,-0.002234825399160645
4.3058,-0.00014428753123374438
4.3112,-0.0006616896831932451
4.3168,-0.001453353929228296
4.3225,-0.0006101462159300297
4.3278,-0.0006616896831932451
4.3335,0.0006780663654557539
4.3391,-0.0017275853172865618
4.3447,-0.0012203845851221917
4.3501,-0.00014428753123374438
4.3557,-0.0006823042847189376
4.3614,-0.0017172701497449872
4.367,-0.0019708829570999065
4.3723,-0.0009564907522439103
4.378,0.00015045263101876039
4.3836,-0.0006719971829119986
4.389,-0.0006616896831932451
4.3946,-0.00042874529423886365
4.4002,9.894388676134902e-05
4.4059,-0.0003875237590102998
4.4112,-0.0006616896831932451
4.4169,-0.0014327262343230007
4.4223,-0.0009049436688723933
4.4279,-0.0014224117900032418
4.4336,-0.000651381785563121
4.439,-0.000651381785563121
4.4447,-0.00039782973968449653
4.4503,-0.0011791400464247204
4.4557,-0.001199763111595975
4.4613,-0.0001339838654264014
4.467,0.00040396590514468755
4.4723,-0.001453353929228296
4.478,-0.00015459079912971685
4.4836,-0.00040813532244732276
4.489,-0.0006719971829119986
4.4946,-0.001199763111595975
4.5002,-0.0014636671798143874
4.5056,-0.0009049436688723933
4.5113,-0.001199763111595975
4.5169,-0.0006101462159300297
4.5223,-0.0011688279169719262
4.5279,-0.0011688279169719262
4.5335,-0.000894633058464045
4.5392,-0.0014327262343230007
4.5445,0.00012984793958148444
4.5502,-0.0009049436688723933
4.5556,-0.0006616896831932451
4.5612,0.00012984793958148444
4.5669,0.0006780663654557539
4.5725,-0.0006307647965693164
4.5779,0.0001607555736042876
4.5835,0.00012984793958148444
4.5892,-0.0006823042847189376
4.5945,-0.0012203845851221917
4.6002,-0.001199763111595975
4.6058,-0.0014224117900032418
4.6112,-0.001453353929228296
4.6169,-0.0006307647965693164
4.6225,-0.0009049436688723933
4.6279,-0.0011791400464247204
4.6335,-0.0009255636959553115
4.6392,0.0001401500863447147
4.6445,-0.0006616896831932451
4.6502,-0.0012203845851221917
4.6558,-0.0009049436688723933
4.6612,-0.0009049436688723933
4.6668,-0.0011791400464247204
4.6725,-0.000651381785563121
4.6778,-0.00011337534007815897
4.6835,-0.0009049436688723933
4.6891,-0.00039782973968449653
4.6945,-0.00036691060392790575
4.7002,-0.0006410734900221815
4.7058,-0.001189451777966255
4.7112,-0.00042874529423886365
4.7168,-0.000651381785563121
4.7225,0.00012984793958148444
4.7278,-0.001453353929228296
4.7335,-0.0006719971829119986
4.7391,-0.0006719971829119986
4.7448,-0.001199763111595975
4.7501,-0.00037721738042484354
4.7558,-0.00012367980170813198
4.7611,-0.00014428753123374438
4.7668,-0.0003875237590102998
4.7724,0.0003833658434418963
4.778,0.0004142665328628059
4.7834,-0.0006307647965693164
4.789,-0.00041844050729877846
4.7947,-0.0006410734900221815
4.8003,-0.000651381785563121
4.8057,-0.0011688279169719262
4.8112,-0.0006719971829119986
4.8168,-0.0001339838654264014
4.8225,-0.00034629585719958556
4.8281,0.00018136265250934258
4.8334,-0.00037721738042484354
4.839,-0.0009358731126295483
4.8446,-0.001189451777966255
4.8503,-0.00011337534007815897
4.8556,-9.276522308443447e-05
4.8613,-0.0006307647965693164
4.8668,-0.0009255636959553115
4.8725,-0.0011688279169719262
4.8778,-0.0017275853172865618
4.8835,-0.0006307647965693164
4.8891,-0.0009358731126295483
4.8946,-0.00040813532244732276
4.9003,-0.0011688279169719262
4.9056,-0.0006204557052051918
4.9113,-0.0009152538813697042
4.917,-0.0006616896831932451
4.9223,-0.0011172613010380639
4.928,-0.0009152538813697042
4.9336,-0.0011482024643325595
4.939,-0.00011337534007815897
4.9446,-0.00039782973968449653
4.9503,0.00017105891410107432
4.9556,-0.0009049436688723933
4.9613,-0.0009255636959553115
4.9669,-0.00039782973968449653
4.9725,-0.00036691060392790575
4.9779,-0.0006616896831932451
4.9835,0.0001607555736042876
4.9892,-0.0009152538813697042
4.9945,-0.0006616896831932451
5.0002,0.00012984793958148444
5.0059,-0.00037721738042484354
5.0112,-0.00012367980170813198
5.0169,0.0004245675584928499
5.0222,-0.00012367980170813198
5.0279,-0.0006307647965693164
5.0336,-0.00036691060392790575
5.0389,-0.0009152538813697042
5.0446,-0.0011482024643325595
5.0502,-0.00012367980170813198
5.0559,0.00017105891410107432
5.0612,-0.00035660342951970847
5.0669,-0.000651381785563121
5.0723,-8.245956772023888e-05
5.0779,-0.00035660342951970847
5.0836,0.0001401500863447147
5.0889,-0.00036691060392790575
5.0946,-0.000651381785563121
5.1002,-0.00012367980170813198
5.1056,0.0003936656753373846
5.1113,-0.00012367980170813198
5.1169,-0.0009049436688723933
5.1223,-0.00010307048053714851
5.1279,0.0004245675584928499
5.1336,-0.00011337534007815897
5.139,0.00012984793958148444
5.1446,-0.00036691060392790575
5.1503,-0.0008843220501444371
5.1557,-0.00037721738042484354
5.1613,0.00017105891410107432
5.1667,-0.0009049436688723933
5.1723,0.0004554730228505388
5.178,0.0006780663654557539
5.1836,-0.0007029172945995921
5.189,-0.00035660342951970847
5.1946,-0.00040813532244732276
5.2002,-9.276522308443447e-05
5.2056,-0.00041844050729877846
5.2113,-0.000894633058464045
5.2169,-0.00012367980170813198
5.2223,-0.00011337534007815897
5.2279,-0.0001339838654264014
5.2336,-0.0011688279169719262
5.2389,-0.0003875237590102998
5.2446,-0.0016966386209278372
5.2502,-0.0003875237590102998
5.2558,-0.0016553707883575353
5.2612,-0.0011585153896076505
5.2669,0.0001607555736042876
5.2725,-0.0008636988397709988
5.2779,-0.0009049436688723933
5.2835,-0.0006410734900221815
5.2891,-0.0011585153896076505
5.2945,-0.0009049436688723933
5.3001,-0.00011337534007815897
5.3058,-0.0006410734900221815
5.3114,-0.001686322259652595
5.3167,-9.276522308443447e-05
5.3223,-0.0011791400464247204
5.328,-9.276522308443447e-05
5.3336,0.0004142665328628059
5.339,0.0004554730228505388
5.3446,-0.0006307647965693164
5.3502,0.00015045263101876039
5.3556,-0.0009049436688723933
5.3612,-9.276522308443447e-05
5.3669,-0.0008740106439133477
5.3725,0.00015045263101876039
5.3778,-0.0009049436688723933
5.3835,-0.0011069467841169356
5.3891,0.00040396590514468755
5.3945,-0.00040813532244732276
5.4001,-0.0006410734900221815
5.4057,0.0003936656753373846
5.4114,0.0001401500863447147
5.4167,-0.00011337534007815897
5.4223,-0.00011337534007815897
5.4279,-0.0009358731126295483
5.4336,-0.0006823042847189376
5.4389,-0.00014428753123374438
5.4446,-0.00039782973968449653
5.4501,-0.0011791400464247204
5.4557,-5.154021416053922e-05
5.4614,0.00012984793958148444
5.4667,0.00040396590514468755
5.4724,-0.000651381785563121
5.4779,-0.00010307048053714851
5.4835,-0.00037721738042484354
5.4892,-0.00037721738042484354
5.4945,-0.00010307048053714851
5.5002,0.0004245675584928499
5.5057,0.0004142665328628059
5.5113,-0.00035660342951970847
5.5167,-0.00034629585719958556
5.5223,-0.0008740106439133477
5.528,-0.001443040280731278
5.5335,-0.0009358731126295483
5.5391,-0.0006616896831932451
5.5445,0.00011954619073006878
5.5501,-0.001443040280731278
5.5558,0.0001401500863447147
5.5611,0.0006883654741298706
5.5668,-0.000651381785563121
5.5724,-0.0011585153896076505
5.5778,0.00015045263101876039
5.5834,-0.00036691060392790575
5.5891,-0.00036691060392790575
5.5947,-0.00036691060392790575
5.6001,-0.000651381785563121
5.6057,-0.0003875237590102998
5.6114,-0.00039782973968449653
5.6167,-0.00036691060392790575
5.6224,-0.0006823042847189376
5.628,-0.0003875237590102998
5.6334,-9.276522308443447e-05
5.6424,-0.00014428753123374438
5.6445,-0.0009152538813697042
5.6501,-0.000651381785563121
5.6556,-0.0006410734900221815
5.6614,-0.0006307647965693164
5.6668,0.0001607555736042876
5.6723,-0.0011482024643325595
5.6806,-0.0003875237590102998
5.6834,-0.0006410734900221815
5.6891,0.00017105891410107432
5.6947,-0.00039782973968449653
5.7034,0.0003833658434418963
5.7057,-0.0006719971829119986
5.7112,-0.000651381785563121
5.7169,-0.00039782973968449653
5.7255,-0.0006101462159300297
5.7298,-0.00011337534007815897
5.7336,-0.0006204557052051918
5.739,-0.00039782973968449653
5.7446,-0.0011585153896076505
5.7503,-0.0009152538813697042
5.7556,-0.000894633058464045
5.7613,-8.245956772023888e-05
5.7669,-0.0006307647965693164
5.7723,-0.00035660342951970847
5.778,-0.00035660342951970847
5.7834,-0.00037721738042484354
5.7891,-0.0006410734900221815
5.7947,-0.00037721738042484354
5.8001,-0.00011337534007815897
5.8057,-0.00011337534007815897
5.8114,0.0009315553349935612
5.8167,0.0006883654741298706
5.8224,0.0006780663654557539
5.8281,0.0009521493205189024
5.8334,0.0001401500863447147
5.8391,0.0003936656753373846
5.8447,-0.0006719971829119986
5.8501,0.0004451708034864943
5.8557,0.0009727448976897257
5.8614,-0.0006410734900221815
5.8668,-0.0008843220501444371
5.8724,-0.0006410734900221815
5.878,0.00018136265250934258
5.8835,-9.276522308443447e-05
5.8892,-0.000651381785563121
5.8946,-0.00012367980170813198
5.9002,-0.00010307048053714851
5.9056,0.00017105891410107432
5.9113,0.0006986649807152467
5.9167,-0.0009049436688723933
5.9224,-0.00010307048053714851
5.928,0.0001401500863447147
5.9335,-0.0006204557052051918
5.9389,-0.00037721738042484354
5.9446,-0.00037721738042484354
5.95,0.00015045263101876039
5.9557,-0.00041844050729877846
5.9613,-0.0001339838654264014
5.9667,0.0004245675584928499
5.9723,-0.0006719971829119986
5.978,-9.276522308443447e-05
5.9836,0.0009006673410408839
5.989,-0.00011337534007815897
5.9946,0.00040396590514468755
6.0003,0.0011953289460402416
6.0057,-0.00040813532244732276
6.0113,0.0004142665328628059
6.017,-0.00037721738042484354
6.0223,0.0003833658434418963
6.028,0.0009521493205189024
6.0334,0.0009624469101487954
6.0391,0.0006883654741298706
6.0447,-0.00039782973968449653
6.0501,0.0003627673733845871
6.0557,-0.0011688279169719262
6.0614,-0.00011337534007815897
6.0667,-0.0009049436688723933
6.0724,-0.0006410734900221815
6.078,-0.000651381785563121
6.0834,0.00043486898203370927
6.089,0.0001401500863447147
6.0947,-0.0009255636959553115
6.1,-0.0006410734900221815
6.1057,0.0006677676546931188
6.1113,0.0004142665328628059
6.117,-0.0006204557052051918
6.1223,-0.000651381785563121
6.128,-0.00012367980170813198
6.1333,-6.184706325840228e-05
6.139,0.00043486898203370927
6.1446,-0.00036691060392790575
6.1503,-0.00010307048053714851
6.1556,-0.00034629585719958556
6.1613,0.00018136265250934258
6.1667,-0.00033598788696864723
6.1723,0.0006780663654557539
6.178,0.0012468073094098475
6.1833,0.0004245675584928499
6.189,-0.0003875237590102998
6.1946,0.0001607555736042876
6.2003,-0.00011337534007815897
6.2056,0.00012984793958148444
6.2113,0.00015045263101876039
6.2169,0.0001607555736042876
6.2222,-0.000315370752772548
6.2279,0.0004245675584928499
6.2335,0.0006780663654557539
6.2392,0.0006780663654557539
6.2446,-0.00015459079912971685
6.25,-0.0009152538813697042
6.2557,0.0011953289460402416
6.2613,-0.00037721738042484354
6.2668,0.00043486898203370927
6.2724,-0.0009152538813697042
6.2778,0.0001607555736042876
6.2835,0.0006677676546931188
6.2891,-9.276522308443447e-05
6.2945,-0.00037721738042484354
6.3001,-0.00010307048053714851
6.3056,-0.00012367980170813198
6.3113,-0.0001339838654264014
6.3169,0.0003833658434418963
6.3223,-0.0009358731126295483
6.3279,-0.00015459079912971685
6.3334,-0.0003875237590102998
6.3391,0.0001401500863447147
6.3447,-0.00036691060392790575
6.3501,-0.0009358731126295483
6.3557,-0.000651381785563121
6.3613,-0.0006616896831932451
6.3669,-0.00037721738042484354
6.3723,-0.0009152538813697042
6.3779,-0.0003875237590102998
6.3836,0.00043486898203370927
6.3889,0.0009109629411135911
6.3946,-0.00037721738042484354
6.4002,-0.0003875237590102998
6.4058,-0.0006307647965693164
6.4112,-0.0003875237590102998
6.4168,-0.001189451777966255
6.4224,-0.0008740106439133477
6.4278,0.0004142665328628059
6.4334,0.0001607555736042876
6.4391,-0.0011585153896076505
6.4444,-0.00037721738042484354
6.4501,0.00015045263101876039
6.4557,-0.0014224117900032418
6.4614,-0.0003875237590102998
6.4668,-0.00012367980170813198
6.4724,-0.00012367980170813198
6.4781,0.0003936656753373846
6.4834,-0.0006616896831932451
6.4891,-0.0009255636959553115
6.4944,-0.0003875237590102998
6.5001,0.0001401500863447147
6.5058,-0.0003875237590102998
6.5111,-0.0001339838654264014
6.5168,-0.00010307048053714851
6.5224,0.0001401500863447147
6.5278,0.0009109629411135911
6.5334,-0.0006926109886149501
6.5391,-0.00035660342951970847
6.5444,-0.00011337534007815897
6.5501,-0.00015459079912971685
6.5557,-0.00014428753123374438
6.5614,0.0006368739098731035
6.5668,-0.00036691060392790575
6.5724,-0.00015459079912971685
6.5778,0.0004142665328628059
6.5834,0.00017105891410107432
6.5891,-8.245956772023888e-05
6.5947,-0.0006719971829119986
6.6001,0.00015045263101876039
6.6057,-0.00037721738042484354
6.6114,-0.00039782973968449653
6.6168,0.0003936656753373846
6.6224,0.00012984793958148444
6.628,-0.0009255636959553115
6.6334,0.00011954619073006878
6.639,-0.00012367980170813198
6.6447,0.0009006673410408839
6.6501,0.0011953289460402416
6.6557,0.0003833658434418963
6.6613,0.0004142665328628059
6.6667,-0.00012367980170813198
6.6723,0.0003936656753373846
6.678,0.0004451708034864943
6.6834,0.0004245675584928499
6.689,0.00043486898203370927
6.6947,-0.00010307048053714851
6.7,0.001236510840913141
6.7057,0.00017105891410107432
6.7113,-0.00010307048053714851
6.7169,0.001205623822891022
6.7223,0.0004451708034864943
6.7279,-7.215351444522788e-05
6.7333,-6.184706325840228e-05
6.7389,0.00040396590514468755
6.7446,-0.00039782973968449653
6.7502,0.0007089648852121044
6.7556,-0.0011482024643325595
6.7613,-0.00012367980170813198
6.7669,-0.0006307647965693164
6.7723,-0.00035660342951970847
6.7779,0.0004142665328628059
6.7836,-0.0006204557052051918
6.7889,-0.0008636988397709988
6.7946,0.00018136265250934258
6.8002,0.0001401500863447147
6.8056,-0.00039782973968449653
6.8112,-0.0003875237590102998
6.8169,-0.0003875237590102998
6.8222,-0.00035660342951970847
6.8279,-0.0009049436688723933
6.8335,-0.0008843220501444371
6.8392,-0.00039782973968449653
6.8445,-0.0009461821313924146
6.8502,-0.00039782973968449653
6.8558,-0.00012367980170813198
6.8612,-0.00012367980170813198
6.8668,-0.00039782973968449653
6.8725,-0.0006410734900221815
6.8778,0.00043486898203370927
6.8835,0.00012984793958148444
6.8891,-0.0006307647965693164
6.8945,-0.00010307048053714851
6.9001,-0.0005998363287431641
6.9058,-0.0008740106439133477
6.9111,-0.00036691060392790575
6.9168,0.0001607555736042876
6.9224,0.00017105891410107432
6.9278,0.0007089648852121044
6.9335,-0.0006204557052051918
6.9391,0.0007089648852121044
6.9445,-0.0008636988397709988
6.9501,-5.154021416053922e-05
6.9558,0.0007089648852121044
6.9611,-0.0003875237590102998
6.9668,0.0007089648852121044
6.9724,0.0006883654741298706
6.9778,0.0009521493205189024
6.9834,-0.0003875237590102998
6.9891,0.0006574693418417432
6.9947,0.0011850344671002766
7.0001,-0.000894633058464045
7.0058,0.00017105891410107432
7.0111,-0.00010307048053714851
7.0168,0.00040396590514468755
7.0223,-0.00011337534007815897
7.0279,-0.00039782973968449653
7.0333,0.0004142665328628059
7.039,-0.00037721738042484354
7.0445,0.00015045263101876039
7.0502,-0.000651381785563121
7.0558,-0.0001339838654264014
7.0612,0.0003936656753373846
7.0669,-0.00010307048053714851
7.0723,0.0001607555736042876
7.078,0.0001607555736042876
7.0833,0.0009727448976897257
7.089,-0.00010307048053714851
7.0947,-0.00035660342951970847
7.1,0.00040396590514468755
7.1057,-0.00039782973968449653
7.1112,-8.245956772023888e-05
7.1168,0.0009521493205189024
7.1224,0.0006883654741298706
7.1278,0.0009727448976897257
7.1334,0.0009315553349935612
7.139,0.0011953289460402416
7.1446,0.00015045263101876039
7.1503,0.0006883654741298706
7.1556,-0.00012367980170813198
7.1613,-0.0003875237590102998
7.1666,0.0006574693418417432
7.1723,0.00017105891410107432
7.1779,0.0007295658879397093
7.1833,0.000921258939098113
7.189,0.0001401500863447147
7.1946,0.0004245675584928499
7.2002,0.0003936656753373846
7.2056,0.0003833658434418963
7.2112,0.0011953289460402416
7.2169,-9.276522308443447e-05
7.2223,0.0004245675584928499
7.2279,-0.00037721738042484354
7.2336,-0.00035660342951970847
7.2389,0.0001607555736042876
7.2446,0.0009624469101487954
7.2502,0.00018136265250934258
7.2556,0.00043486898203370927
7.2612,-0.0009152538813697042
7.2669,0.0004245675584928499
7.2722,-0.0011791400464247204
7.2779,0.00012984793958148444
7.2835,0.00017105891410107432
7.2889,-0.00011337534007815897
7.2946,0.0006471714269017381
7.3002,-0.000894633058464045
7.3056,0.00015045263101876039
7.3113,-0.000651381785563121
7.3169,-0.001443040280731278
7.3223,-0.0009049436688723933
7.3279,-0.0009152538813697042
7.3336,-0.0006616896831932451
7.3389,-0.0001339838654264014
7.3446,-0.00011337534007815897
7.3502,-0.001453353929228296
7.3556,-0.0006410734900221815
7.3612,0.00017105891410107432
7.3669,-0.0003875237590102998
7.3723,-0.0003875237590102998
7.3779,-0.00012367980170813198
7.3836,-0.0009461821313924146
7.3889,-0.00012367980170813198
7.3945,-0.0006204557052051918
7.4002,-0.00010307048053714851
7.4055,-0.0006410734900221815
7.4112,-9.276522308443447e-05
7.4168,-0.00036691060392790575
7.4225,0.0003936656753373846
7.4278,-0.0009049436688723933
7.4335,0.0004142665328628059
7.4391,0.0006883654741298706
7.4445,-9.276522308443447e-05
7.4502,0.0001401500863447147
7.4555,0.00020197132305976861
7.4612,-0.00033598788696864723
7.4668,-0.00039782973968449653
7.4725,0.0001401500863447147
7.4778,-8.245956772023888e-05
7.4835,-0.00036691060392790575
7.4888,-0.00010307048053714851
7.4945,-0.0003256795188263384
7.5001,-0.0006307647965693164
7.5058,-0.00033598788696864723
7.5111,-0.00012367980170813198
7.5168,-0.00035660342951970847
7.5224,0.0006986649807152467
7.5278,0.00019166678882887034
7.5335,-0.0006101462159300297
7.5391,0.0002328873132207976
7.5445,0.0014796748055383446
7.5501,0.0009315553349935612
7.5558,0.0006883654741298706
7.5611,0.00043486898203370927
7.5668,0.0007089648852121044
7.5724,0.0006986649807152467
7.5778,-0.0005998363287431641
7.5834,0.00043486898203370927
7.5891,-0.0008636988397709988
7.5945,-6.184706325840228e-05
7.6001,-7.215351444522788e-05
7.6058,-0.0008843220501444371
7.6111,0.00017105891410107432
7.6168,0.0007192651876202216
7.6224,-4.123296715097258e-05
7.6278,0.0004245675584928499
7.6334,0.0004554730228505388
7.6391,-0.0011069467841169356
7.6444,-0.0005998363287431641
7.6501,0.0001607555736042876
7.6557,0.0001401500863447147
7.6611,-9.276522308443447e-05
7.6667,0.0006780663654557539
7.6724,-0.000651381785563121
7.678,-0.0009152538813697042
7.6834,0.0001607555736042876
7.6891,-6.184706325840228e-05
7.6944,-0.0009152538813697042
7.7001,-6.184706325840228e-05
7.7057,-7.215351444522788e-05
7.7111,-9.276522308443447e-05
7.7167,-0.00036691060392790575
7.7224,0.00046577564012550976
7.7277,0.0009830432831423597
7.7334,-0.0006204557052051918
7.739,0.0004142665328628059
7.7447,0.00015045263101876039
7.7501,0.0007089648852121044
7.7557,-0.0006719971829119986
7.7611,-0.0005792153606356543
7.7668,-7.215351444522788e-05
7.7724,-0.0005895260436449279
7.7778,-9.276522308443447e-05
7.7834,0.0004245675584928499
7.7891,-0.00035660342951970847
7.7944,-0.0009255636959553115
7.8,0.0004142665328628059
7.8056,0.0009521493205189024
7.8113,0.0007192651876202216
7.8167,0.00020197132305976861
7.8223,0.0001401500863447147
7.8278,0.0004245675584928499
7.8335,0.00017105891410107432
7.8391,-0.00034629585719958556
7.8445,-0.00037721738042484354
7.8501,0.00022258158525578775
7.8556,-0.00034629585719958556
7.8613,0.0004142665328628059
7.8669,-0.0003875237590102998
7.8723,-0.0001339838654264014
7.8779,0.00046577564012550976
7.8834,-0.00036691060392790575
7.8891,0.00043486898203370927
7.8944,0.0001607555736042876
7.9001,-0.00010307048053714851
7.9057,0.0004142665328628059
7.9111,0.00043486898203370927
7.9168,-0.00039782973968449653
7.9224,0.00018136265250934258
7.9278,-0.00011337534007815897
7.9335,0.0007089648852121044
7.939,-8.245956772023888e-05
7.9447,0.00018136265250934258
7.95,-0.00037721738042484354
7.9557,0.0006780663654557539
7.9613,-0.00035660342951970847
7.9667,0.00043486898203370927
7.9723,0.00017105891410107432
7.978,-7.215351444522788e-05
7.9834,0.0014693814477311218
7.989,0.0001401500863447147
7.9944,0.0014590884878358246
8.0,0.0004451708034864943
8.0057,0.00043486898203370927
8.0111,-0.00012367980170813198
8.0167,0.00017105891410107432
8.0223,-9.276522308443447e-05
8.028,-9.276522308443447e-05
8.0333,-0.0006410734900221815
8.039,-0.00011337534007815897
8.0446,0.0007089648852121044
8.05,-0.0003256795188263384
8.0557,0.00017105891410107432
8.0613,-9.276522308443447e-05
8.0667,0.0006780663654557539
8.0723,-6.184706325840228e-05
8.078,0.0004554730228505388
8.0833,-0.0001339838654264014
8.089,0.0004245675584928499
8.0947,0.0004142665328628059
8.1,-0.00010307048053714851
8.1057,-0.0008843220501444371
8.1113,-0.0011688279169719262
8.1167,-0.00014428753123374438
8.1223,-0.0006616896831932451
8.128,-0.0004596572675914512
8.1333,0.000616280069549946
8.139,0.0006368739098731035
8.1446,0.0006265767907558395
8.15,-0.00014428753123374438
8.1557,0.0003833658434418963
8.1613,0.0006986649807152467
8.1667,-0.00011337534007815897
8.1723,0.00043486898203370927
8.178,-0.0001339838654264014
8.1833,-0.000894633058464045
8.189,0.00018136265250934258
8.1946,0.0007192651876202216
8.2,0.00015045263101876039
8.2056,-0.00036691060392790575
8.2113,0.0004554730228505388
8.2167,-0.00012367980170813198
8.2223,0.0004451708034864943
8.2279,-0.00011337534007815897
8.2333,-0.0006410734900221815
8.239,-0.0006307647965693164
8.2446,0.00015045263101876039
8.25,-0.00039782973968449653
8.2556,0.00019166678882887034
8.2613,-0.00036691060392790575
8.2667,0.0004245675584928499
8.2723,0.00018136265250934258
8.278,-0.00010307048053714851
8.2834,-0.000894633058464045
8.289,-0.000894633058464045
8.2944,0.0007295658879397093
8.3,0.0010139408269677075
8.3057,-0.00033598788696864723
8.3113,-0.0008430740377516344
8.3167,-0.00033598788696864723
8.3223,0.00047607865531240634
8.328,-6.184706325840228e-05
8.3334,-0.0005998363287431641
8.339,-0.000315370752772548
8.3444,0.00019166678882887034
8.35,-6.184706325840228e-05
8.3557,0.00047607865531240634
8.3613,0.00021227625520214843
8.3667,0.0004554730228505388
8.3724,-6.184706325840228e-05
8.3777,0.0002638068845839392
8.3834,-0.0011069467841169356
8.389,0.00017105891410107432
8.3944,0.00018136265250934258
8.4001,-0.0005482809241390552
8.4057,-4.123296715097258e-05
8.4111,0.00046577564012550976
8.4167,-0.0005585928008823293
8.4224,0.00022258158525578775
8.4277,0.0007295658879397093
8.4334,0.0018051734454166413
8.439,-5.154021416053922e-05
8.4444,0.0004554730228505388
8.45,-0.0008533866377172794
8.4557,-0.0005895260436449279
8.4611,0.00048638206841011833
8.4667,-0.00027413170944412535
8.4724,0.0010242408040658235
8.4777,0.0007398669861706786
8.4834,-0.0002844420671432868
8.489,0.00022258158525578775
8.4944,0.00048638206841011833
8.5001,0.0004451708034864943
8.5057,0.00099334206650592
8.5111,-6.184706325840228e-05
8.5168,0.0012674014401374833
8.5221,-0.0005895260436449279
8.5278,0.00021227625520214843
8.5334,-0.0003256795188263384
8.5391,0.0012571041758179247
8.5444,-0.0003256795188263384
8.5501,0.001003641247781406
8.5557,0.0002534999628849288
8.5611,0.0010139408269677075
8.5667,-3.092532223003541e-05
8.5724,-4.123296715097258e-05
8.5778,0.0002534999628849288
8.5834,0.00024319343909717794
8.589,0.0004554730228505388
8.5944,0.00024319343909717794
8.6,-0.000568904279714677
8.6057,-0.0002844420671432868
8.6113,-0.0003256795188263384
8.6167,-0.0002638209538332603
8.6223,-2.0617279398171817e-05
8.628,-0.0002947520269310777
8.6333,0.0004554730228505388
8.639,0.000506990088340098
8.6444,0.0004966858794196449
8.65,-3.092532223003541e-05
8.6557,-2.0617279398171817e-05
8.6613,0.0002328873132207976
8.6667,-4.123296715097258e-05
8.6723,-0.0008430740377516344
8.6777,-0.000568904279714677
8.6833,-1.0308838654493613e-05
8.689,0.00048638206841011833
8.6946,0.0013085944765289792
8.7,-0.00027413170944412535
8.7056,0.0002328873132207976
8.7113,-0.0005379686494839664
8.7166,0.00021227625520214843
8.7223,-0.0005482809241390552
8.7279,-0.0005482809241390552
8.7333,-1.0308838654493613e-05
8.7389,-2.0617279398171817e-05
8.7445,-3.092532223003541e-05
8.7499,-5.154021416053922e-05
8.7556,0.00019166678882887034
8.7612,0.001044841951995723
8.7666,0.0007295658879397093
8.7722,-3.092532223003541e-05
8.7779,0.0007604703763665066
8.7835,0.0002328873132207976
8.7889,-0.0003050615888074981
8.7946,-0.0013708335997337784
8.7999,-0.0005895260436449279
8.8056,-1.0308838654493613e-05
8.8112,0.00024319343909717794
8.8168,-0.000315370752772548
8.8222,0.0004966858794196449
8.8278,-0.0008327610398751739
8.8334,-0.000568904279714677
8.8391,0.0002328873132207976
8.8444,0.00020197132305976861
8.8501,0.0007604703763665066
8.8556,0.00047607865531240634
8.8612,0.001034541179074866
8.8668,0.0002534999628849288
8.8722,0.0002328873132207976
8.8779,0.0004966858794196449
8.8833,-0.0010863165565412336
8.8889,-0.0002947520269310777
8.8946,-0.0005482809241390552
8.9002,0.0004966858794196449
8.9056,-3.092532223003541e-05
8.9112,-5.154021416053922e-05
8.9168,-0.00027413170944412535
8.9222,-2.0617279398171817e-05
8.9278,0.001034541179074866
8.9335,-3.092532223003541e-05
8.9388,-6.184706325840228e-05
8.9445,0.00047607865531240634
8.9501,-0.0002947520269310777
8.9555,-0.0002638209538332603
8.9611,-4.123296715097258e-05
8.9668,0.0012674014401374833
8.9721,0.0002328873132207976
8.9778,-0.000315370752772548
8.9834,-4.123296715097258e-05
8.9888,-3.092532223003541e-05
8.9944,0.0007604703763665066
9.0001,0.0018154676716474194
9.0055,0.00048638206841011833
9.0111,0.0007501684823129073
9.0167,0.0012879971625104902
9.0224,0.0013085944765289792
9.0277,0.0005172946951723656
9.0334,0.0002328873132207976
9.039,-4.123296715097258e-05
9.0444,0.000506990088340098
9.05,-2.0617279398171817e-05
9.0557,-2.0617279398171817e-05
9.0613,0.0002741142041948752
9.0667,0.00022258158525578775
9.0723,-0.0007708746964772972
9.0777,0.0005379051025704573
9.0833,0.0005275996999154486
9.089,-0.0003050615888074981
9.0946,-0.0002947520269310777
9.1,0.00021227625520214843
9.1056,0.0002534999628849288
9.111,0.00024319343909717794
9.1167,-0.0005585928008823293
9.1223,-0.0008018196587775694
9.1277,0.0002638068845839392
9.1333,0.0007398669861706786
9.139,0.00024319343909717794
9.1446,-0.0002947520269310777
9.15,0.0010242408040658235
9.1556,0.00022258158525578775
9.161,0.00024319343909717794
9.1667,0.001003641247781406
9.1723,0.00022258158525578775
9.1779,0.0007913784459954165
9.1833,0.0004966858794196449
9.1889,0.0015414433085182422
9.1946,0.0007707726683314764
9.1999,0.0007707726683314764
9.2056,0.00021227625520214843
9.2112,-4.123296715097258e-05
9.2169,0.0015517394517049476
9.2222,0.0007604703763665066
9.2279,0.0007398669861706786
9.2332,-4.123296715097258e-05
9.2389,0.001003641247781406
9.2445,0.0007398669861706786
9.2502,0.0013085944765289792
9.2555,0.0010242408040658235
9.2612,0.0007604703763665066
9.2665,-3.092532223003541e-05
9.2722,-0.0005585928008823293
9.2778,-3.092532223003541e-05
9.2835,0.00021227625520214843
9.2888,-7.215351444522788e-05
9.2945,-0.000315370752772548
9.3001,0.001003641247781406
9.3054,-0.0008224476440873429
9.3111,0.0007295658879397093
9.3167,0.0004451708034864943
9.3224,-0.0005585928008823293
9.3277,-7.215351444522788e-05
9.3334,0.00020197132305976861
9.339,0.0007604703763665066
9.3444,0.00020197132305976861
9.3501,0.0004966858794196449
9.3557,0.0004451708034864943
9.3611,-0.0002947520269310777
9.3667,-0.0003050615888074981
9.3724,-7.215351444522788e-05
9.3777,0.0004451708034864943
9.3833,-0.0008430740377516344
9.389,0.0007089648852121044
9.3944,0.0007707726683314764
9.4,-0.0002844420671432868
9.4055,0.0005172946951723656
9.4111,-0.0008327610398751739
9.4168,0.000506990088340098
9.4222,0.00022258158525578775
9.4278,0.00024319343909717794
9.4333,0.0002741142041948752
9.4389,-3.092532223003541e-05
9.4446,-3.092532223003541e-05
9.45,0.0010139408269677075
9.4556,0.0002534999628849288
9.4611,0.00022258158525578775
9.4667,-0.00025350980031135784
9.4724,0.000506990088340098
9.4777,-0.00027413170944412535
9.4834,-4.123296715097258e-05
9.4889,-0.0005792153606356543
9.4946,0.0002534999628849288
9.4999,0.00019166678882887034
9.5056,-0.0008740106439133477
9.5112,-0.0008533866377172794
9.5166,-6.184706325840228e-05
9.5222,-7.215351444522788e-05
9.5279,0.0007192651876202216
9.5332,-0.0003050615888074981
9.5389,0.00019166678882887034
9.5445,-6.184706325840228e-05
9.5499,-4.123296715097258e-05
9.5555,0.001003641247781406
9.5612,0.00047607865531240634
9.5668,0.00022258158525578775
9.5722,0.00099334206650592
9.5778,0.00020197132305976861
9.5832,0.00021227625520214843
9.5889,-0.0003256795188263384
9.5945,0.00022258158525578775
9.6001,0.0009830432831423597
9.6055,0.0007398669861706786
9.6112,0.0012674014401374833
9.6168,-6.184706325840228e-05
9.6222,0.00019166678882887034
9.6279,0.0007295658879397093
9.6332,0.0007501684823129073
9.6389,0.00022258158525578775
9.6445,-4.123296715097258e-05
9.6502,0.0002328873132207976
9.6555,0.001003641247781406
9.6612,-0.0005792153606356543
9.6665,-0.000315370752772548
9.6722,-0.0002947520269310777
9.6779,0.0004554730228505388
9.6832,0.0004554730228505388
9.6889,0.0007501684823129073
9.6945,0.0007295658879397093
9.7002,0.0012571041758179247
9.7055,0.00021227625520214843
9.7112,0.0007089648852121044
9.7166,-5.154021416053922e-05
9.7222,-0.0005792153606356543
9.7278,0.0007398669861706786
9.7334,0.0015620359928025795
9.7388,0.001510557266427126
9.7444,0.0002328873132207976
9.7501,-4.123296715097258e-05
9.7555,0.00020197132305976861
9.7611,0.0007501684823129073
9.7668,-6.184706325840228e-05
9.7721,-0.0008533866377172794
9.7778,-4.123296715097258e-05
9.7834,0.0012468073094098475
9.7888,0.0004451708034864943
9.7944,0.00022258158525578775
9.8001,0.0012776991023683015
9.8057,0.0002328873132207976
9.8111,0.00022258158525578775
9.8167,0.00022258158525578775
9.8224,0.00047607865531240634
9.8277,-0.0003050615888074981
9.8334,0.00099334206650592
9.839,0.00099334206650592
9.8444,0.0007398669861706786
9.85,0.0007398669861706786
9.8557,0.0007398669861706786
9.8611,0.0004966858794196449
9.8667,0.0002741142041948752
9.8721,0.0004966858794196449
9.8777,0.00022258158525578775
9.8834,-9.276522308443447e-05
9.889,-6.184706325840228e-05
9.8944,0.0015517394517049476
9.9001,0.001003641247781406
9.9057,0.001003641247781406
9.9111,0.0017948796170976777
9.9167,-0.0003050615888074981
9.9224,0.0004451708034864943
9.9277,0.00021227625520214843
9.9334,0.001003641247781406
9.939,0.00046577564012550976
9.9444,0.00021227625520214843
9.95,0.00019166678882887034
9.9557,0.00018136265250934258
9.961,0.0007501684823129073
9.9667,0.0007604703763665066
9.9723,-4.123296715097258e-05
9.9777,-0.000568904279714677
9.9833,-0.0008636988397709988
9.989,-0.0005998363287431641
9.9943,-0.000315370752772548
10.0,0.000506990088340098
10.0057,0.00022258158525578775
10.011,-0.000315370752772548
10.0167,-7.215351444522788e-05
10.0223,0.0002328873132207976
10.0277,0.00022258158525578775
10.0334,-0.0008327610398751739
10.039,-4.123296715097258e-05
10.0444,-6.184706325840228e-05
10.05,0.00024319343909717794
10.0554,0.000506990088340098
10.0611,-0.0002947520269310777
10.0667,0.00024319343909717794
10.0723,-0.0002947520269310777
10.0777,-0.000568904279714677
10.0833,-4.123296715097258e-05
10.089,0.0012571041758179247
10.0944,-5.154021416053922e-05
10.1,-7.215351444522788e-05
10.1056,0.0007089648852121044
10.111,0.00046577564012550976
10.1167,0.0005275996999154486
10.1223,0.00024319343909717794
10.1277,0.00018136265250934258
10.1333,0.00019166678882887034
10.139,0.00021227625520214843
10.1444,0.000506990088340098
10.15,-0.0008430740377516344
10.1557,-0.0005895260436449279
10.1611,0.00046577564012550976
10.1667,-2.0617279398171817e-05
10.1724,0.000506990088340098
10.1777,0.0005275996999154486
10.1834,0.0002328873132207976
10.1888,-3.092532223003541e-05
10.1944,0.00024319343909717794
10.2001,0.0002328873132207976
10.2057,-0.0005895260436449279
10.2111,-0.00025350980031135784
10.2167,-0.0005379686494839664
10.2221,-0.0002947520269310777
10.2277,0.0010242408040658235
10.2334,0.00047607865531240634
10.2388,-0.00025350980031135784
10.2444,-0.0002947520269310777
10.2501,0.0015414433085182422
10.2557,-3.092532223003541e-05
10.2611,0.0012776991023683015
10.2667,0.0007295658879397093
10.2721,0.0007707726683314764
10.2777,0.0002328873132207976
10.2834,0.0015414433085182422
10.289,0.00021227625520214843
10.2944,-4.123296715097258e-05
10.3,0.000506990088340098
10.3057,0.00021227625520214843
10.311,0.001572332931812026
10.3167,0.00048638206841011833
10.3223,0.0007707726683314764
10.3277,0.00021227625520214843
10.3333,0.00047607865531240634
10.339,0.001003641247781406
10.3444,0.0007707726683314764
10.35,-2.0617279398171817e-05
10.3557,0.0007192651876202216
10.3611,0.0004966858794196449
10.3667,-3.092532223003541e-05
10.3723,-0.0002947520269310777
10.3777,0.00022258158525578775
10.3833,-3.092532223003541e-05
10.389,-5.154021416053922e-05
10.3944,-3.092532223003541e-05
10.4,-0.0002844420671432868
10.4057,-0.0005585928008823293
10.411,0.0005275996999154486
10.4167,0.0007913784459954165
10.4223,0.00048638206841011833
10.4277,0.001003641247781406
10.4333,0.0005172946951723656
10.439,-1.0308838654493613e-05
10.4443,0.0002328873132207976
10.45,0.0005172946951723656
10.4556,0.0013085944765289792
10.4613,0.00022258158525578775
10.4666,-0.0005998363287431641
10.4723,0.0007501684823129073
10.4776,0.0007295658879397093
10.4833,-0.000568904279714677
10.4888,-0.000568904279714677
10.4944,0.00020197132305976861
10.5001,-0.0003050615888074981
10.5055,0.00048638206841011833
10.5111,-0.0003050615888074981
10.5166,-0.0002947520269310777
10.5223,-2.0617279398171817e-05
10.5279,-0.0005792153606356543
10.5333,-1.0308838654493613e-05
10.5389,0.00020197132305976861
10.5444,-0.0003050615888074981
10.5501,-0.00027413170944412535
10.5557,-0.00027413170944412535
10.5611,-0.0003256795188263384
10.5667,-0.0008224476440873429
10.5722,0.00047607865531240634
10.5779,0.00046577564012550976
10.5832,0.0004966858794196449
10.5889,0.0002328873132207976
10.5945,-0.0005585928008823293
10.5999,-3.092532223003541e-05
10.6055,-0.00027413170944412535
10.6112,-3.092532223003541e-05
10.6168,-0.0003050615888074981
10.6222,-0.0005585928008823293
10.6278,-0.000568904279714677
10.6335,-3.092532223003541e-05
10.6388,-0.0011172613010380639
10.6445,-0.0010863165565412336
10.6502,0.00022258158525578775
10.6555,-5.154021416053922e-05
10.6612,-0.00027413170944412535
10.6666,-0.0008430740377516344
10.6722,-7.215351444522788e-05
10.6779,-3.092532223003541e-05
10.6835,0.00099334206650592
10.6888,-6.184706325840228e-05
10.6945,0.00020197132305976861
10.7001,-0.0002844420671432868
10.7055,-0.0011172613010380639
10.7111,-0.000568904279714677
10.7168,0.0002328873132207976
10.7222,0.0002328873132207976
10.7278,-0.0010966318692845478
10.7334,-4.123296715097258e-05
10.7388,-0.0008636988397709988
10.7445,-0.0010760008458861048
10.7501,-0.0002947520269310777
10.7555,-4.123296715097258e-05
10.7611,0.00022258158525578775
10.7668,-0.000568904279714677
10.7724,-0.0005792153606356543
10.7778,0.0012879971625104902
10.7834,0.001034541179074866
10.7891,-0.0008327610398751739
10.7944,-0.0003050615888074981
10.8001,-0.0011069467841169356
10.8057,-0.0008018196587775694
10.8111,-0.0013501995382462217
10.8167,-0.0002844420671432868
10.8224,-0.0008121338503881415
10.8277,-3.092532223003541e-05
10.8334,-0.0010863165565412336
10.839,-0.0008430740377516344
10.8444,-7.215351444522788e-05
10.8501,-0.0013605167679454633
10.8557,-0.0007811900818219808
10.8611,-0.0005895260436449279
10.8667,-3.092532223003541e-05
10.8724,0.00047607865531240634
10.8777,-0.0008430740377516344
10.8834,-0.00033598788696864723
10.8891,-0.0002947520269310777
10.8944,-0.0008636988397709988
10.9,-0.0019089697065105549
10.9057,-0.0013398819106356097
10.9111,-0.0008430740377516344
10.9167,-0.00033598788696864723
10.9224,-0.0003256795188263384
10.9277,-0.0008843220501444371
10.9334,-0.001686322259652595
10.939,-0.0008740106439133477
10.9444,-0.0009049436688723933
10.95,-0.0008843220501444371
10.9555,-0.0003256795188263384
10.9612,-0.0014120969477717793
10.9668,-0.0008636988397709988
10.9722,-0.0008740106439133477
10.9778,-0.00035660342951970847
10.9833,-0.0011482024643325595
10.989,-0.0011482024643325595
10.9946,-0.0006204557052051918
11.0,-0.0006410734900221815
11.0057,-0.0014224117900032418
11.0111,-0.0014017817076292793
11.0168,-0.00011337534007815897
11.0224,-0.00010307048053714851
11.0278,0.0001607555736042876
11.0334,0.00015045263101876039
11.0389,-0.00012367980170813198
11.0446,-0.00011337534007815897
11.0502,-0.000651381785563121
11.0556,-0.0011585153896076505
11.0613,-0.0014224117900032418
11.0667,-0.001199763111595975
11.0723,-0.00036691060392790575
11.078,-0.0014327262343230007
11.0833,-0.000894633058464045
11.089,-0.00033598788696864723
11.0946,-0.0011482024643325595
11.0999,-0.0011585153896076505
11.1056,-0.0011688279169719262
11.1112,-0.0009049436688723933
11.1166,-0.001981200439508779
11.1223,-0.0008740106439133477
11.1279,-0.0011791400464247204
11.1336,-0.0006307647965693164
11.1389,-0.0011378891411455427
11.1446,-0.0011585153896076505
11.1499,-0.00039782973968449653
11.1556,-0.0009049436688723933
11.1612,-0.0006719971829119986
11.1669,-0.0009049436688723933
11.1723,-0.0009152538813697042
11.1779,-0.0006410734900221815
11.1833,-0.0009152538813697042
11.189,-0.0008533866377172794
11.1946,-0.0006101462159300297
11.2,-0.001665688343367222
11.2056,-0.0008327610398751739
11.2113,-0.0008224476440873429
11.2167,-8.245956772023888e-05
11.2223,-0.0008636988397709988
11.228,-0.0008636988397709988
11.2334,-0.0011069467841169356
11.239,-0.0008843220501444371
11.2446,-0.000651381785563121
11.25,-0.0005792153606356543
11.2557,-0.0008430740377516344
11.2613,-0.001686322259652595
11.2667,0.00018136265250934258
11.2723,-3.092532223003541e-05
11.278,0.00017105891410107432
11.2833,-0.0008533866377172794
11.289,-0.0008533866377172794
11.2946,-0.0003256795188263384
11.3,-0.0006204557052051918
11.3056,-0.0011069467841169356
11.3113,-0.0003256795188263384
11.3167,-0.0011172613010380639
11.3223,-0.0016760055004656493
11.328,-0.0014224117900032418
11.3333,-0.002752428859847944
11.339,-0.001189451777966255
11.3446,-0.000651381785563121
11.35,-0.000894633058464045
11.3556,-0.0011688279169719262
11.3613,-0.0009152538813697042
11.3666,-0.00037721738042484354
11.3723,-0.0009358731126295483
11.3779,-0.0014120969477717793
11.3836,-0.0011482024643325595
11.3889,-0.0011791400464247204
11.3946,-0.000651381785563121
11.4,-0.0006307647965693164
11.4056,-0.00014428753123374438
11.4113,0.0009830432831423597
11.4166,0.00015045263101876039
11.4223,-0.0011688279169719262
11.4279,-0.0011172613010380639
11.4336,-0.0011172613010380639
11.4389,-0.0011688279169719262
11.4446,-0.0008843220501444371
11.4502,-0.0008740106439133477
11.4556,-0.001443040280731278
11.4612,-0.0006307647965693164
11.4669,-0.0014120969477717793
11.4722,-0.000651381785563121
11.4779,-0.0006204557052051918
11.4835,-0.0006204557052051918
11.4889,-0.0011791400464247204
11.4946,-0.000894633058464045
11.5002,-0.00035660342951970847
11.5056,-0.0016760055004656493
11.5112,-0.0009358731126295483
11.5169,0.00017105891410107432
11.5223,0.0004142665328628059
11.5279,0.0004142665328628059
11.5336,-0.00037721738042484354
11.5389,0.0004142665328628059
11.5446,-0.0003875237590102998
11.5502,-0.00033598788696864723
11.5556,-0.00011337534007815897
11.5612,0.0001401500863447147
11.5669,-0.00011337534007815897
11.5722,0.00015045263101876039
11.5779,0.0006883654741298706
11.5835,0.0006883654741298706
11.5892,-0.0006410734900221815
11.5945,-9.276522308443447e-05
11.6002,-0.00035660342951970847
11.6055,-0.00037721738042484354
11.6112,-0.00034629585719958556
11.6168,-0.00011337534007815897
11.6222,0.00017105891410107432
11.6279,-0.00033598788696864723
11.6335,-0.00010307048053714851
11.6392,-0.00011337534007815897
11.6445,-0.00037721738042484354
11.6502,0.00040396590514468755
11.6558,0.0006677676546931188
11.6611,-0.0001339838654264014
11.6668,0.0004142665328628059
11.6724,-0.0011585153896076505
11.6778,-0.00034629585719958556
11.6835,-0.0003875237590102998
11.6891,0.00043486898203370927
11.6945,-8.245956772023888e-05
11.7001,-0.0006101462159300297
11.7058,-0.00034629585719958556
11.7111,-0.00010307048053714851
11.7168,0.0006883654741298706
11.7224,-9.276522308443447e-05
11.7278,-0.00034629585719958556
11.7335,0.00012984793958148444
11.7391,-0.0011378891411455427
11.7445,-0.00010307048053714851
11.7501,-8.245956772023888e-05
11.7558,-0.0003256795188263384
11.7614,0.0001401500863447147
11.7668,0.0007089648852121044
11.7724,0.0004245675584928499
11.7778,-0.00037721738042484354
11.7834,0.0006574693418417432
11.7891,0.0001401500863447147
11.7947,-0.0009152538813697042
11.8001,-0.0009049436688723933
11.8057,0.00043486898203370927
11.8114,-0.00011337534007815897
11.8167,0.0004142665328628059
11.8224,0.00015045263101876039
11.828,-0.0003875237590102998
11.8334,0.0003730664094573344
11.839,0.000921258939098113
11.8447,0.0017537082829335304
11.85,0.0014590884878358246
11.8557,0.0009727448976897257
11.8613,-0.00010307048053714851
11.8667,0.0009521493205189024
11.8723,-0.0006204557052051918
11.878,0.0006986649807152467
11.8836,0.0001607555736042876
11.889,0.0001607555736042876
11.8946,0.0009315553349935612
11.9,-0.0006307647965693164
11.9056,-0.00035660342951970847
11.9113,0.0006677676546931188
11.9169,0.00018136265250934258
11.9223,-9.276522308443447e-05
11.9279,0.0001401500863447147
11.9336,0.0009521493205189024
11.9389,-0.0009049436688723933
11.9446,-7.215351444522788e-05
11.9503,-0.0003875237590102998
11.9556,0.00017105891410107432
11.9613,0.0001401500863447147
11.9669,-0.0006410734900221815
11.9723,-0.0006410734900221815
11.9779,0.00018136265250934258
11.9836,-0.0006410734900221815
11.9889,0.0001607555736042876
11.9946,0.0001607555736042876
12.0002,-0.0006204557052051918
12.0056,-0.00037721738042484354
12.0112,0.00043486898203370927
12.0169,-0.00010307048053714851
12.0223,0.0003936656753373846
12.0279,0.0006780663654557539
12.0336,0.0001401500863447147
12.0389,0.0001401500863447147
12.0446,0.0003936656753373846
12.0502,-0.00036691060392790575
12.0556,-9.276522308443447e-05
12.0612,0.00017105891410107432
12.0669,-0.0001339838654264014
12.0725,0.0004142665328628059
12.0779,-0.00034629585719958556
12.0835,-0.00035660342951970847
12.0889,-0.000894633058464045
12.0945,-0.000651381785563121
12.1,0.0015002627148863468
12.1057,0.00015045263101876039
12.1113,0.0006574693418417432
12.1167,0.0009315553349935612
12.1223,0.0006883654741298706
12.1278,0.00017105891410107432
12.1335,-9.276522308443447e-05
12.1391,0.0006677676546931188
12.1445,-0.00010307048053714851
12.15,0.00015045263101876039
12.1556,-0.00037721738042484354
12.1613,0.00017105891410107432
12.1669,-0.00037721738042484354
12.1723,-0.00012367980170813198
12.1778,0.0009624469101487954
12.1835,0.0006883654741298706
12.1891,0.0001607555736042876
12.1948,-0.0005998363287431641
12.2001,-0.0006204557052051918
12.2056,-0.000651381785563121
12.2113,0.0001607555736042876
12.2169,-0.00035660342951970847
12.2223,0.00019166678882887034
12.228,0.0006677676546931188
12.2334,0.0006677676546931188
12.2391,0.0006883654741298706
12.2447,-0.000651381785563121
12.2501,-0.00011337534007815897
12.2558,-0.0011688279169719262
12.2611,-0.00012367980170813198
12.2668,-0.0014017817076292793
12.2724,-0.00011337534007815897
12.2781,0.00043486898203370927
12.2834,-0.0016760055004656493
12.2891,0.00018136265250934258
12.2947,0.0004245675584928499
12.3001,-0.00036691060392790575
12.3057,-0.00011337534007815897
12.3114,-0.0006204557052051918
12.3167,-8.245956772023888e-05
12.3224,-0.0006307647965693164
12.328,-0.00037721738042484354
12.3334,-0.0011585153896076505
12.339,0.0007089648852121044
12.3447,0.0001401500863447147
12.35,-0.00011337534007815897
12.3557,0.0001607555736042876
12.3613,0.0004451708034864943
12.367,-0.0003875237590102998
12.3723,-0.0005998363287431641
12.378,0.0004142665328628059
12.3836,-0.000651381785563121
12.389,-0.0011378891411455427
12.3946,-0.0019605650767802185
12.4003,-8.245956772023888e-05
12.4056,-0.0011069467841169356
12.4113,0.00017105891410107432
12.4169,-0.0008843220501444371
12.4223,-0.0006307647965693164
12.4279,-0.00010307048053714851
12.4336,-9.276522308443447e-05
12.4392,-7.215351444522788e-05
12.4446,0.0009624469101487954
12.4502,-0.00035660342951970847
12.4556,-0.00037721738042484354
12.4612,-0.00036691060392790575
12.4669,0.00015045263101876039
12.4723,-0.0014224117900032418
12.4778,-0.0005895260436449279
12.4834,-0.00034629585719958556
12.4891,-0.0008636988397709988
12.4947,-0.0006410734900221815
12.5001,-0.00033598788696864723
12.5056,-0.00037721738042484354
12.5113,-0.0003875237590102998
12.5169,-0.0006616896831932451
12.5223,0.0006986649807152467
12.5279,-0.0009049436688723933
12.5334,-0.0014327262343230007
12.5391,-0.00037721738042484354
12.5447,-0.0006307647965693164
12.5501,0.001236510840913141
12.5557,0.0012468073094098475
12.5612,0.00019166678882887034
12.5669,0.0010139408269677075
12.5725,0.0006883654741298706
12.5779,-0.0011688279169719262
12.5835,-0.0001339838654264014
12.5889,-0.00037721738042484354
12.5946,0.00020197132305976861
12.6002,-9.276522308443447e-05
12.6058,-0.00034629585719958556
12.6112,-0.00010307048053714851
12.6168,-0.00037721738042484354
12.6225,-0.0003875237590102998
12.6278,-0.0006101462159300297
12.6335,-0.00012367980170813198
12.6391,0.00043486898203370927
12.6445,0.0007192651876202216
12.6501,0.00015045263101876039
12.6558,0.0004554730228505388
12.6611,-0.00011337534007815897
12.6668,0.00043486898203370927
12.6724,-0.00036691060392790575
12.6781,0.001236510840913141
12.6834,-0.0006101462159300297
12.6891,-0.0001339838654264014
12.6947,-0.0006101462159300297
12.7001,-0.00010307048053714851
12.7057,-8.245956772023888e-05
12.7114,-0.00010307048053714851
12.7167,-0.0006101462159300297
12.7224,-0.0016553707883575353
12.728,0.00017105891410107432
12.7334,0.00048638206841011833
12.739,0.0007089648852121044
12.7447,-0.0014017817076292793
12.75,-0.000894633058464045
12.7557,-0.00036691060392790575
12.7613,0.00018136265250934258
12.767,0.00020197132305976861
12.7723,-0.00034629585719958556
12.778,0.00017105891410107432
12.7836,-0.000894633058464045
12.789,0.00015045263101876039
12.7946,-0.00034629585719958556
12.8003,-0.000894633058464045
12.8056,-0.0006307647965693164
12.8113,0.00019166678882887034
12.8169,-0.0008636988397709988
12.8223,-0.0011482024643325595
12.8279,0.00022258158525578775
12.8335,0.0001607555736042876
12.8392,0.00015045263101876039
12.8446,-0.0003256795188263384
12.8502,0.00017105891410107432
12.8558,-0.0006307647965693164
12.8612,-0.001686322259652595
12.8669,-0.0006307647965693164
12.8725,-0.00193992812240662
12.8779,-8.245956772023888e-05
12.8835,-0.00010307048053714851
12.8892,-0.0001339838654264014
12.8945,-0.0006101462159300297
12.9002,0.00017105891410107432
12.9058,0.0009727448976897257
12.9112,-0.00036691060392790575
12.9168,-0.00033598788696864723
12.9225,-0.00034629585719958556
12.9278,-0.0006101462159300297
12.9335,0.0004245675584928499
12.9391,-0.00010307048053714851
12.9445,-0.00034629585719958556
12.9501,0.0001401500863447147
12.9558,-0.0006616896831932451
12.9614,0.0006780663654557539
12.9668,0.0006883654741298706
12.9724,0.001236510840913141
12.978,-9.276522308443447e-05
12.9834,-0.00033598788696864723
12.9891,-0.0008843220501444371
12.9947,-0.00012367980170813198
13.0001,-0.0006410734900221815
13.0058,0.00017105891410107432
13.0114,-0.00036691060392790575
13.0168,-0.00010307048053714851
13.0224,0.001774293154192863
13.028,-0.00035660342951970847
13.0334,-0.00036691060392790575
13.039,-0.00037721738042484354
13.0447,-0.00037721738042484354
13.0501,0.0009727448976897257
13.0557,-0.0014017817076292793
13.0614,0.0004142665328628059
13.0667,-0.0016760055004656493
13.0724,-0.00011337534007815897
13.078,0.0001607555736042876
13.0837,0.00017105891410107432
13.089,-0.0011688279169719262
13.0947,0.00019166678882887034
13.1,0.00015045263101876039
13.1057,-8.245956772023888e-05
13.1113,-9.276522308443447e-05
13.117,0.0009315553349935612
13.1223,-0.00033598788696864723
13.128,-0.0006410734900221815
13.1336,0.0001607555736042876
13.139,0.00012984793958148444
13.1446,-0.0006307647965693164
13.1503,-0.0009049436688723933
13.1556,-0.00037721738042484354
13.1613,0.00017105891410107432
13.1669,0.0007192651876202216
13.1723,0.0006883654741298706
13.1779,0.0004451708034864943
13.1836,-0.0003875237590102998
13.1889,-0.0006101462159300297
13.1946,-0.0011482024643325595
13.2003,-0.0006410734900221815
13.2056,0.00040396590514468755
13.2113,-0.00035660342951970847
13.2169,0.0004554730228505388
13.2223,-0.00037721738042484354
13.2279,-0.000651381785563121
13.2335,-0.0009049436688723933
13.2392,0.0004245675584928499
13.2445,-0.0005998363287431641
13.2502,-9.276522308443447e-05
13.2558,-0.00037721738042484354
13.2612,0.00043486898203370927
13.2668,0.00043486898203370927
13.2725,-0.000651381785563121
13.2778,-0.0009049436688723933
13.2835,-0.0008636988397709988
13.2891,-0.0011378891411455427
13.2945,-0.0008740106439133477
13.3001,-0.0011688279169719262
13.3058,-0.001443040280731278
13.3114,-0.0006204557052051918
13.3168,-0.0006307647965693164
13.3224,-0.000894633058464045
13.3281,-7.215351444522788e-05
13.3334,-0.0006101462159300297
13.3391,-0.0011172613010380639
13.3447,-0.0006101462159300297
13.3501,-0.00010307048053714851
13.3557,-0.0014327262343230007
13.3614,-0.001443040280731278
13.367,-0.00034629585719958556
13.3724,0.0004245675584928499
13.378,0.00018136265250934258
13.3834,0.00043486898203370927
13.389,-0.00011337534007815897
13.3947,-0.0008533866377172794
13.4003,-0.00036691060392790575
13.4057,-9.276522308443447e-05
13.4113,-0.0008740106439133477
13.4167,-6.184706325840228e-05
13.4223,-0.0006101462159300297
13.428,-0.000651381785563121
13.4336,-0.0014017817076292793
13.439,-0.0005895260436449279
13.4446,-8.245956772023888e-05
13.4503,-0.0006204557052051918
13.4556,-0.000894633058464045
13.4613,0.0001401500863447147
13.4669,0.00018136265250934258
13.4723,-0.0006307647965693164
13.4779,-0.0006307647965693164
13.4836,-0.0009049436688723933
13.4892,0.0001607555736042876
13.4946,0.0004554730228505388
13.5002,-0.0011378891411455427
13.5059,-0.0006307647965693164
13.5112,-0.0006616896831932451
13.5169,-0.0006307647965693164
13.5225,0.00043486898203370927
13.5279,-0.0009049436688723933
13.5335,-0.00010307048053714851
13.5392,-0.0008843220501444371
13.5445,-0.0001339838654264014
13.5502,-0.0009049436688723933
13.5558,0.0001401500863447147
13.5612,0.0001607555736042876
13.5668,-0.000894633058464045
13.5725,-0.00011337534007815897
13.5778,0.00015045263101876039
13.5835,0.0001607555736042876
13.5891,0.0003936656753373846
13.5948,0.0001607555736042876
13.6001,0.0004554730228505388
13.6058,-0.00034629585719958556
13.6114,-0.0008843220501444371
13.6168,-0.00010307048053714851
13.6224,-0.00037721738042484354
13.6278,0.0007192651876202216
13.6335,-0.0009049436688723933
13.6391,-0.0006204557052051918
13.6448,-0.0009152538813697042
13.6501,-0.0011688279169719262
13.6557,-0.0011585153896076505
13.6614,-0.0005895260436449279
13.6668,-0.000651381785563121
13.6724,-0.00036691060392790575
13.678,-0.00010307048053714851
13.6834,-0.0011275754200472665
13.689,-0.0006410734900221815
13.6947,-0.00010307048053714851
13.7,-0.0001339838654264014
13.7057,0.0014899685612563829
13.7113,0.00011954619073006878
13.717,-0.00010307048053714851
13.7223,0.00043486898203370927
13.728,-0.000651381785563121
13.7336,-9.276522308443447e-05
13.739,0.0006780663654557539
13.7446,-0.00012367980170813198
13.7502,0.0001607555736042876
13.7559,-0.000651381785563121
13.7612,-0.0009152538813697042
13.7669,-0.0011688279169719262
13.7723,-0.0011172613010380639
13.7779,-0.00010307048053714851
13.7834,-0.0008636988397709988
13.789,0.0007398669861706786
13.7946,0.0009418521288007131
13.8003,-0.00035660342951970847
13.8056,-0.00015459079912971685
13.8112,-0.000651381785563121
13.8168,0.0004142665328628059
13.8225,0.0001401500863447147
13.8281,0.0004142665328628059
13.8335,-0.0006719971829119986
13.839,-0.00011337534007815897
13.8446,-8.245956772023888e-05
13.8503,0.00015045263101876039
13.8556,-0.00036691060392790575
13.8613,0.0009315553349935612
13.8668,-0.00034629585719958556
13.8724,-0.0006101462159300297
13.8781,-0.00036691060392790575
13.8834,-0.00035660342951970847
13.8891,-0.00036691060392790575
13.8946,0.00017105891410107432
13.9003,-0.00039782973968449653
13.9056,-0.00036691060392790575
13.9113,-0.0008636988397709988
13.9169,0.00015045263101876039
13.9223,0.0004142665328628059
13.9279,0.0009624469101487954
13.9336,0.00020197132305976861
13.9392,-0.00014428753123374438
13.9446,-0.001189451777966255
13.9502,-0.00010307048053714851
13.9556,0.0006986649807152467
13.9612,-0.0003256795188263384
13.9669,-7.215351444522788e-05
13.9725,-0.00010307048053714851
13.9779,0.0004245675584928499
13.9835,-0.0006410734900221815
13.9891,-0.0009255636959553115
13.9945,0.0012159190976537282
14.0001,-0.0003875237590102998
14.0058,0.0004554730228505388
14.0114,0.000921258939098113
14.0168,0.0003936656753373846
14.0224,0.0006677676546931188
14.0278,0.0003936656753373846
14.0335,0.001236510840913141
14.0391,-0.0009049436688723933
14.0447,0.0012468073094098475
14.0501,0.0006780663654557539
14.0558,0.00015045263101876039
14.0614,0.00046577564012550976
14.0668,-0.00033598788696864723
14.0724,-0.0006410734900221815
14.0781,0.0003936656753373846
14.0834,0.00015045263101876039
14.0891,-0.0009152538813697042
14.0947,0.000921258939098113
14.1001,-0.00037721738042484354
14.1057,0.00043486898203370927
14.1114,-7.215351444522788e-05
14.1167,-0.0006410734900221815
14.1224,-0.0012100740473147686
14.128,0.0014487959258513428
14.1334,0.0003936656753373846
14.139,0.0017537082829335304
14.1446,0.0009521493205189024
14.1503,0.0009727448976897257
14.1556,0.0009315553349935612
14.1613,0.0009006673410408839
14.1668,-0.00039782973968449653
14.1724,-0.0006823042847189376
14.1781,0.00015045263101876039
14.1834,-0.00012367980170813198
14.1891,-0.0001339838654264014
14.1946,0.0004245675584928499
14.2002,0.0001607555736042876
14.2058,0.0006574693418417432
14.2112,0.0004142665328628059
14.2169,0.0006471714269017381
14.2224,-0.0009358731126295483
14.228,0.00011954619073006878
14.2334,-0.0006307647965693164
14.2391,-0.00036691060392790575
14.2447,-0.0009255636959553115
14.2501,-0.00036691060392790575
14.2557,-0.0009255636959553115
14.2614,-0.00018549821534863398
14.2667,-0.0009152538813697042
14.2724,-0.00041844050729877846
14.278,-0.00039782973968449653
14.2836,-0.00014428753123374438
14.289,-0.00010307048053714851
14.2946,-0.0006410734900221815
14.3003,-0.0003875237590102998
14.3056,-0.0011791400464247204
14.3113,0.00015045263101876039
14.3169,0.0004142665328628059
14.3223,-0.00036691060392790575
14.328,-0.00034629585719958556
14.3336,-0.0006410734900221815
14.339,-0.000651381785563121
14.3446,-0.00039782973968449653
14.3503,-0.000651381785563121
14.3556,-9.276522308443447e-05
14.3613,-0.00042874529423886365
14.3669,-0.00014428753123374438
14.3723,-0.0009152538813697042
14.3779,-0.00039782973968449653
14.3836,-0.00036691060392790575
14.3889,-0.0006410734900221815
14.3946,-0.0003875237590102998
14.4002,-0.001443040280731278
14.4056,-0.0006410734900221815
14.4112,-0.00039782973968449653
14.4169,-0.0009152538813697042
14.4225,-0.001199763111595975
14.4279,-0.0014946045441031064
14.4335,-0.0006410734900221815
14.4392,-0.0009049436688723933
14.4445,-0.0006307647965693164
14.4502,-0.00039782973968449653
14.4558,-0.00040813532244732276
14.4612,-0.00014428753123374438
14.4668,-0.0011791400464247204
14.4725,-0.0009564907522439103
14.4779,-0.0011791400464247204
14.4835,-0.0014636671798143874
14.4892,-0.0009255636959553115
14.4945,0.00015045263101876039
14.5002,-0.00037721738042484354
14.5058,0.0003833658434418963
14.5112,0.00015045263101876039
14.5168,-0.0019708829570999065
14.5225,0.0003833658434418963
14.5278,0.00015045263101876039
14.5335,-0.0006616896831932451
14.5391,-0.0001339838654264014
14.5445,-0.0012203845851221917
14.5501,-8.245956772023888e-05
14.5558,-0.00010307048053714851
14.5612,-0.0006410734900221815
14.5668,0.00015045263101876039
14.5725,0.00017105891410107432
14.5778,-8.245956772023888e-05
14.5835,-0.0008740106439133477
14.5891,-0.0011482024643325595
14.5945,-0.00033598788696864723
14.6002,-0.00033598788696864723
14.6058,-0.0001339838654264014
14.6112,-0.00010307048053714851
14.6168,0.00040396590514468755
14.6225,-0.00040813532244732276
14.6278,-0.0006307647965693164
14.6335,-0.00012367980170813198
14.6392,-0.00036691060392790575
14.6445,0.0001401500863447147
14.6502,-0.0003875237590102998
14.6558,-0.0009255636959553115
14.6612,-0.0006204557052051918
14.6668,-0.0016760055004656493
14.6725,-0.0006616896831932451
14.6778,-0.0011688279169719262
14.6835,-0.001706954584292042
14.6891,0.00012984793958148444
14.6945,0.0001607555736042876
14.7001,0.00011954619073006878
14.7058,-0.00041844050729877846
14.7111,0.00040396590514468755
14.7168,0.0003833658434418963
14.7224,0.0003833658434418963
14.7281,0.0006677676546931188
14.7334,-0.00011337534007815897
14.7391,0.00017105891410107432
14.7447,0.0009418521288007131
14.7501,-0.00037721738042484354
14.7557,0.0001401500863447147
14.7614,-0.00037721738042484354
14.7668,-0.00039782973968449653
14.7724,-0.0006616896831932451
14.778,-0.0003875237590102998
14.7834,-0.001706954584292042
14.789,0.0007089648852121044
14.7947,-0.000651381785563121
14.8001,-0.00010307048053714851
14.8057,-0.0011378891411455427
14.8114,-0.00010307048053714851
14.817,-0.0006307647965693164
14.8224,0.0006368739098731035
14.828,-0.0006410734900221815
14.8334,-0.001443040280731278
14.839,-0.0001339838654264014
14.8447,0.00010924483979002364
14.85,0.0017022530682341275
14.8557,-0.00039782973968449653
14.8613,-0.00039782973968449653
14.8667,-0.0006823042847189376
14.8723,0.0006471714269017381
14.878,-0.0009461821313924146
14.8836,-0.0003875237590102998
14.889,0.00011954619073006878
14.8946,-0.0008843220501444371
14.9003,-0.0009461821313924146
14.9056,-0.000651381785563121
14.9113,-0.00035660342951970847
14.9169,-0.0009049436688723933
14.9223,-0.0011791400464247204
14.9279,-0.00040813532244732276
14.9336,-0.000894633058464045
14.9391,-0.0009152538813697042
14.9445,0.00012984793958148444
14.9501,-0.0006719971829119986
14.9557,-0.0017172701497449872
14.9614,-0.001453353929228296
14.9667,0.0006471714269017381
14.9724,-0.00041844050729877846
14.978,-0.00036691060392790575
14.9836,0.0003936656753373846
14.989,-0.0009049436688723933
14.9946,-0.00042874529423886365
15.0003,-0.00012367980170813198
15.0056,-0.0006410734900221815
15.0113,-0.00037721738042484354
15.0169,-0.00040813532244732276
15.0278,-0.0004493536743854776
15.0334,-0.0006926109886149501
15.039,-0.0006926109886149501
15.0446,-0.0009977212565367433
15.0502,-0.0010286399566867832
15.0556,-0.0005111692649510946
15.0612,3.7146524727860175e-05
15.0669,-0.00103894539424787
15.0725,-0.0005317712785158912
15.0778,-0.0015977032274947511
15.0835,-0.0013028545627713495
15.0891,-0.001049250433897142
15.0947,-0.00134408000172348
15.1001,-0.0005214704706894002
15.1058,-0.0005729705307081501
15.1114,-0.00030909206820328716
15.1168,-0.001628625073240797
15.1224,-0.001628625073240797
15.128,-0.0013852990740937932
15.1334,-0.0008265619293271742
15.139,-0.0003296854729198939
15.1446,-0.0003605725956598027
15.1503,-0.0014162092003021653
15.1556,-0.000867764074406363
15.1613,0.00018774464058157747
15.167,-0.0006244606429434141
15.1723,-0.0006141634163191467
15.178,-0.0005729705307081501
15.1836,-0.001628625073240797
15.1889,-0.0016389315593332565
15.1946,-0.0027360715142566994
15.2002,-0.00140590622281056
15.2058,-0.0013956028474080284
15.2112,-0.0021874665262933135
15.2169,-0.0019028822850526428
15.2225,-0.0011213745699242272
15.2279,-0.0003502772859910186
15.2335,-0.001923497897415416
15.2391,-0.0009192578027494847
15.2445,-0.0014162092003021653
15.2501,-0.0013852990740937932
15.2557,-0.0013852990740937932
15.2614,-0.0016904580211263287
15.2667,-0.0004120431753318332
15.2723,-0.00013786820936312338
15.278,-0.0006141634163191467
15.2836,-0.0008883627594776788
15.289,-0.0016801535245901666
15.2946,-0.0016389315593332565
15.3003,-0.0013956028474080284
15.3056,-8.640522491265568e-05
15.3113,-9.669861762551246e-05
15.3169,-0.0006141634163191467
15.3222,-0.0014265117798824
15.3279,-0.0016595433377846192
15.3335,-0.0014162092003021653
15.3392,-0.0011110723156544378
15.3445,-0.0021874665262933135
15.3502,-0.0011419778847295836
15.3558,-0.001162579607890013
15.3612,-0.000898661505146503
15.3669,-0.0003605725956598027
15.3725,-0.0018925738820047
15.3778,-0.0011316764262825352
15.3835,-0.0006038657917835089
15.3891,-0.0011316764262825352
15.3945,-0.0016904580211263287
15.4001,-0.0013852990740937932
15.4057,-0.0021771570021121844
15.4114,-0.001628625073240797
15.4167,-0.0016595433377846192
15.4223,-0.0016492376475149007
15.428,-0.0014162092003021653
15.4336,-0.001944111918132374
15.439,-0.00140590622281056
