Experiment: Feb_25_Turb_expt vial 4, Thu Feb 25 15:27:00 2021
0.0014,56592
0.0066,56634
0.0122,56587
0.0176,56584
0.0232,56583
0.0288,56577
0.0344,56588
0.04,56583
0.0454,56591
0.0509,56570
0.0565,56590
0.0622,56591
0.0677,56598
0.0734,56594
0.0787,56633
0.0843,54055
0.09,54078
0.0956,54067
0.1009,54117
0.1065,54059
0.1121,54110
0.1177,54059
0.1231,54056
0.1287,54040
0.1343,54068
0.1399,54007
0.1453,54018
0.151,53988
0.1566,54007
0.1621,54008
0.1677,53980
0.1731,53990
0.1788,53977
0.1844,53976
0.1899,53977
0.1956,53934
0.201,53945
0.2066,53891
0.2122,53915
0.2176,53868
0.2232,53914
0.2289,53906
0.2342,53903
0.2399,53898
0.2455,53898
0.2511,53862
0.2565,53849
0.2621,53875
0.2677,53852
0.2733,53836
0.2787,53860
0.2843,53857
0.2899,53787
0.2955,53788
0.3011,53775
0.3065,53759
0.3121,53730
0.3177,53814
0.3233,53742
0.3287,53702
0.3343,53688
0.34,53650
0.3456,53685
0.3509,53678
0.3566,53658
0.3622,53677
0.3678,53702
0.3732,53618
0.3788,53631
0.3844,53571
0.3898,53679
0.3954,53554
0.4011,53579
0.4067,53584
0.4121,53609
0.4177,53550
0.4233,53535
0.4287,53556
0.4343,53560
0.4399,53504
0.4456,53493
0.4509,53466
0.4566,53505
0.4622,53474
0.4678,53456
0.4732,53453
0.4788,53490
0.4844,53436
0.4898,53356
0.4954,53397
0.501,53425
0.5067,53417
0.512,53434
0.5176,53362
0.5233,53329
0.5289,53389
0.5343,53363
0.5399,53353
0.5455,53299
0.5511,53312
0.5565,53317
0.5621,53321
0.5678,53289
0.5731,53289
0.5787,53199
0.5844,53209
0.59,53221
0.5954,53212
0.601,53164
0.6066,53153
0.6122,53133
0.6176,53190
0.6232,53117
0.6288,53111
0.6345,53107
0.6398,53072
0.6455,53090
0.6511,53058
0.6567,53018
0.662,53055
0.6677,53066
0.6733,53049
0.6786,52968
0.6843,52976
0.6899,52921
0.6956,52967
0.7009,52898
0.7066,52890
0.7122,52921
0.7175,52849
0.7232,52855
0.7288,52831
0.7344,52847
0.7398,52830
0.7454,52768
0.7511,52716
0.7567,52738
0.762,52729
0.7677,52676
0.7733,52712
0.7787,52709
0.7843,52556
0.7899,52658
0.7953,52653
0.8009,52634
0.8065,52576
0.8122,52535
0.8178,52568
0.8232,52560
0.8288,52477
0.8344,52565
0.8398,52474
0.8454,52433
0.851,52409
0.8567,52363
0.862,52430
0.8676,52390
0.8733,52392
0.8786,52388
0.8843,52279
0.8899,52300
0.8955,52278
0.9009,52247
0.9065,52244
0.9121,52220
0.9178,52152
0.9231,52121
0.9287,52133
0.9344,52129
0.94,52100
0.9453,52073
0.951,52134
0.9566,52051
0.962,52029
0.9676,52018
0.9732,51938
0.9789,51986
0.9842,51967
0.9898,51946
0.9955,51870
1.0011,51985
1.0065,51882
1.0121,51817
1.0177,51810
1.0231,51840
1.0287,51750
1.0343,51751
1.0399,51696
1.0456,51704
1.0509,51666
1.0566,51680
1.0622,51710
1.0676,51690
1.0732,51582
1.0788,51536
1.0844,51509
1.0898,51491
1.0954,51477
1.101,51507
1.1064,51493
1.112,51394
1.1177,51441
1.1233,51405
1.1289,51418
1.1342,51404
1.1399,51372
1.1455,51209
1.1511,51204
1.1565,51211
1.1621,51284
1.1677,51200
1.1731,51192
1.1787,51089
1.1844,51204
1.1897,51100
1.1954,51031
1.201,50964
1.2066,51034
1.212,50971
1.2176,50943
1.2232,50888
1.2289,50909
1.2342,50827
1.2399,50913
1.2455,50797
1.2508,50873
1.2565,50773
1.2621,50732
1.2677,50703
1.2733,50761
1.2787,50637
1.2843,50735
1.2899,50600
1.2956,50597
1.3009,50537
1.3065,50549
1.3122,50559
1.3175,50509
1.3232,50479
1.3288,50367
1.3344,50408
1.3398,50435
1.3454,50370
1.351,50319
1.3567,50267
1.362,50287
1.3676,50195
1.3733,50315
1.3786,50273
1.3842,50111
1.3899,50174
1.3955,50107
1.4009,50116
1.4065,50043
1.4121,50084
1.4175,49991
1.4231,49972
1.4287,49924
1.4344,49953
1.44,49784
1.4454,49800
1.451,49870
1.4566,49866
1.462,49752
1.4676,49708
1.4732,49847
1.4786,49727
1.4842,49660
1.4898,49573
1.4955,49607
1.5011,49555
1.5065,49586
1.5121,49498
1.5177,49492
1.5233,49391
1.5287,49456
1.5343,49421
1.5399,49432
1.5453,49339
1.5509,49357
1.5566,49245
1.5622,49239
1.5676,49180
1.5732,49225
1.5788,49140
1.5842,49174
1.5898,49096
1.5955,49042
1.6008,49085
1.6065,49039
1.6121,48958
1.6177,48966
1.6231,48998
1.6287,48853
1.6343,48825
1.64,48948
1.6453,48843
1.651,48753
1.6566,48622
1.6619,48578
1.6676,48639
1.6732,48699
1.6788,48618
1.6842,48511
1.6898,48553
1.6954,48420
1.7011,48456
1.7064,48427
1.712,48537
1.7176,48300
1.7232,48447
1.7289,48212
1.7342,48308
1.7398,48318
1.7454,48297
1.7511,48089
1.7564,48159
1.7621,48151
1.7676,48225
1.7733,48187
1.7786,48146
1.7843,48098
1.7899,48008
1.7954,47993
1.8011,47975
1.8064,48049
1.8121,47996
1.8177,47887
1.8233,47813
1.8286,47806
1.8342,47867
1.8399,47815
1.8455,47750
1.8511,47707
1.8564,47811
1.8621,47808
1.8677,47728
1.8733,47732
1.8787,47642
1.8843,47756
1.89,47663
1.8953,47688
1.901,47622
1.9066,47642
1.912,47521
1.9176,47546
1.9232,47558
1.9289,47519
1.9342,47409
1.9399,47366
1.9455,47459
1.9509,47359
1.9565,47469
1.9621,47371
1.9678,47347
1.9731,47339
1.9787,47364
1.9844,47257
1.99,47327
1.9953,47297
2.0066,47094
2.012,47134
2.0176,47203
2.0233,47131
2.0289,47081
2.0343,47046
2.0399,47096
2.0455,46942
2.0511,47103
2.0565,46910
2.0621,46896
2.0677,46993
2.0734,46988
2.0787,46920
2.0843,46882
2.09,46861
2.0956,46867
2.1009,46803
2.1066,46929
2.1122,46824
2.1175,46750
2.1232,46807
2.1288,46722
2.1344,46777
2.1398,46581
2.1454,46669
2.1511,46625
2.1567,46650
2.162,46656
2.1677,46658
2.1733,46581
2.1787,46662
2.1843,46506
2.1899,46533
2.1956,46482
2.2009,46480
2.2065,46424
2.2122,46471
2.2178,46522
2.2232,46446
2.2288,46530
2.2344,46415
2.2398,46275
2.2454,46413
2.251,46366
2.2567,46316
2.2621,46333
2.2677,46251
2.2733,46290
2.279,46188
2.2843,46341
2.29,46187
2.2956,46238
2.3009,46207
2.3065,46147
2.3122,46221
2.3178,46139
2.3231,46129
2.3288,46151
2.3344,46160
2.34,46213
2.3454,46142
2.351,46158
2.3566,46084
2.3623,46036
2.3676,46025
2.3732,45992
2.3789,46080
2.3842,45991
2.3899,45998
2.3955,45926
2.4011,45948
2.4065,45833
2.4121,45931
2.4177,45856
2.4234,45782
2.4287,45873
2.4344,45735
2.44,45913
2.4456,45764
2.451,45802
2.4566,45718
2.4622,45745
2.4676,45885
2.4732,45747
2.4788,45647
2.4845,45632
2.4898,45625
2.4954,45489
2.5011,45549
2.5067,45511
2.512,45491
2.5177,45572
2.5233,45436
2.5289,45453
2.5343,45440
2.5399,45443
2.5456,45441
2.5509,45397
2.5566,45342
2.5622,45372
2.5678,45418
2.5732,45345
2.5788,45286
2.5845,45300
2.5898,45232
2.5954,45322
2.601,45135
2.6067,45164
2.6123,45185
2.6176,45130
2.6233,45120
2.6289,45053
2.6345,45086
2.6399,45220
2.6455,45077
2.6511,45052
2.6567,45077
2.6621,44911
2.6677,45010
2.6733,44959
2.679,44909
2.6843,44860
2.6899,44785
2.6956,44936
2.7012,44835
2.7065,44855
2.7122,44867
2.7178,44753
2.7232,44795
2.7288,44729
2.7344,44678
2.74,44729
2.7454,44668
2.751,44727
2.7567,44555
2.7623,44618
2.7676,44633
2.7733,44678
2.7789,44528
2.7843,44642
2.7899,44562
2.7955,44505
2.8012,44434
2.8065,44490
2.8122,44439
2.8178,44406
2.8234,44439
2.8288,44350
2.8344,44308
2.84,44264
2.8454,44345
2.851,44412
2.8566,44232
2.8623,44355
2.8676,44296
2.8733,44323
2.8789,44229
2.8842,44370
2.8899,44209
2.8955,44086
2.9012,44205
2.9065,44079
2.9121,44282
2.9178,44163
2.9234,44208
2.9287,44080
2.9344,44082
2.94,44099
2.9454,44030
2.951,44105
2.9566,44041
2.9623,44003
2.9677,44064
2.9733,44089
2.9789,44013
2.9845,44060
2.9899,43966
2.9955,44006
3.0065,43904
3.0122,43738
3.0178,43781
3.0234,43751
3.0288,43836
3.0344,43805
3.04,43800
3.0456,43787
3.051,43755
3.0566,43707
3.0622,43867
3.0676,43702
3.0733,43643
3.0789,43649
3.0845,43574
3.0899,43594
3.0955,43548
3.1012,43592
3.1065,43503
3.1121,43520
3.1178,43563
3.1234,43558
3.1287,43467
3.1344,43517
3.14,43461
3.1456,43426
3.151,43477
3.1566,43528
3.1623,43370
3.1676,43307
3.1733,43389
3.1789,43432
3.1843,43409
3.1899,43286
3.1955,43256
3.2012,43176
3.2065,43257
3.2122,43291
3.2178,43259
3.2234,43327
3.2288,43250
3.2343,43236
3.2399,43108
3.2455,43283
3.2511,43245
3.2567,43151
3.2621,43046
3.2677,43039
3.2734,43113
3.2787,43141
3.2843,43042
3.2899,43013
3.2955,42883
3.3011,42879
3.3065,42738
3.3121,42994
3.3177,42972
3.3233,42758
3.3289,42730
3.3343,42704
3.3399,42729
3.3455,42707
3.3511,42670
3.3567,42569
3.3621,42656
3.3677,42573
3.3733,42575
3.3789,42566
3.3843,42523
3.3899,42509
3.3955,42588
3.4011,42468
3.4067,42544
3.4121,42308
3.4177,42439
3.4233,42359
3.4289,42354
3.4345,42392
3.4399,42260
3.4455,42217
3.4512,42204
3.4565,42288
3.4622,42244
3.4678,42188
3.4732,42247
3.4788,42212
3.4845,42117
3.4901,42197
3.4954,42210
3.5011,42104
3.5067,42149
3.5121,42043
3.5177,42029
3.5233,41963
3.529,42052
3.5343,42037
3.5399,41929
3.5456,41921
3.5512,41939
3.5565,41846
3.5622,41905
3.5678,41996
3.5732,41874
3.5788,41679
3.5844,41720
3.5901,41828
3.5954,41926
3.601,41809
3.6067,41721
3.6123,41737
3.6177,41767
3.6233,41694
3.6289,41767
3.6343,41632
3.6399,41563
3.6455,41615
3.6511,41614
3.6565,41540
3.6621,41678
3.6678,41623
3.6734,41567
3.6788,41634
3.6844,41532
3.69,41446
3.6954,41435
3.701,41473
3.7067,41432
3.712,41401
3.7176,41390
3.7233,41429
3.7289,41442
3.7345,41350
3.7399,41465
3.7455,41561
3.7511,41206
3.7565,41424
3.7621,41373
3.7678,41309
3.7731,41291
3.7788,41192
3.7844,41217
3.79,41283
3.7954,41100
3.801,41147
3.8066,41226
3.8122,41316
3.8179,41096
3.8232,41120
3.8288,41271
3.8345,41122
3.8398,41144
3.8454,41229
3.8511,41151
3.8567,41140
3.8623,41113
3.8677,41020
3.8733,41162
3.8789,41222
3.8843,41214
3.8899,41069
3.8956,41150
3.9012,41099
3.9065,41122
3.9122,41116
3.9178,41051
3.9234,40952
3.9288,41053
3.9344,40986
3.94,40989
3.9454,40966
3.951,41008
3.9567,41072
3.9623,41130
3.9677,41026
3.9733,41018
3.9789,40976
3.9843,41095
3.9899,41093
3.9956,41012
4.0009,41041
4.0066,41091
4.0123,41100
4.0176,41027
4.0232,41070
4.0289,41092
4.0345,40906
4.0399,41010
4.0455,41023
4.0511,40919
4.0565,41033
4.0621,40991
4.0677,40904
4.0734,40970
4.0787,41083
4.0844,40983
4.09,40856
4.0956,40958
4.101,41027
4.1066,40989
4.1123,40860
4.1176,40975
4.1232,40842
4.1289,40995
4.1345,40913
4.1398,40886
4.1455,40853
4.1511,40841
4.1565,40982
4.1621,40954
4.1677,40918
4.1734,40935
4.179,40866
4.1843,40919
4.19,40871
4.1956,40988
4.2009,41019
4.2066,40936
4.2122,40859
4.2178,41033
4.2232,40877
4.2288,40916
4.2345,40840
4.2398,40910
4.2454,40892
4.2511,40928
4.2567,40756
4.262,40886
4.2677,40927
4.2733,40986
4.2787,40947
4.2843,40983
4.2899,40880
4.2956,40950
4.3009,40819
4.3065,40882
4.3121,40894
4.3178,40859
4.3234,40878
4.3288,40796
4.3344,40837
4.34,40804
4.3454,40815
4.351,40775
4.3567,40728
4.362,40866
4.3676,40803
4.3733,40889
4.3789,40793
4.3843,40754
4.3899,40805
4.3955,40819
4.4012,40801
4.4065,40835
4.4121,40853
4.4178,40798
4.4234,40788
4.4287,40899
4.4344,40859
4.44,40782
4.4456,40943
4.4509,40842
4.4565,40783
4.4622,40877
4.4678,40879
4.4731,40905
4.4788,40868
4.4844,40910
4.49,40855
4.4954,40875
4.501,40828
4.5066,40880
4.5123,40930
4.5176,40943
4.5233,40812
4.5289,40843
4.5342,40930
4.5399,40910
4.5455,40796
4.5511,40879
4.5565,40743
4.5621,40912
4.5678,40877
4.5734,40778
4.5787,40840
4.5844,40876
4.59,40802
4.5954,40823
4.601,40810
4.6066,40829
4.6123,40826
4.6176,40795
4.6232,40760
4.6289,40762
4.6345,40809
4.6398,40789
4.6455,40793
4.6511,40790
4.6567,40785
4.6621,40760
4.6677,40783
4.6734,40841
4.6787,40870
4.6843,40849
4.69,40769
4.6956,40797
4.7009,40873
4.7066,40805
4.7122,40772
4.7178,40739
4.7232,40801
4.7288,40803
4.7344,40768
4.7401,40688
4.7454,40854
4.751,40906
4.7565,40782
4.7621,40884
4.7677,40721
4.7733,40734
4.7787,40781
4.7843,40763
4.7899,40788
4.7955,40798
4.8009,40763
4.8065,40772
4.8121,40814
4.8177,40788
4.8233,40735
4.8287,40780
4.8343,40800
4.8399,40790
4.8455,40717
4.8512,40745
4.8565,40798
4.8622,40741
4.8677,40784
4.8734,40745
4.8787,40773
4.8843,40718
4.89,40782
4.8955,40737
4.9011,40751
4.9065,40792
4.9121,40839
4.9178,40731
4.9233,40731
4.9287,40732
4.9343,40845
4.9399,40783
4.9456,40831
4.9509,40735
4.9565,40774
4.9622,40658
4.9676,40690
4.9732,40734
4.9788,40735
4.9844,40631
4.9898,40769
4.9954,40716
5.001,40687
5.0067,40636
5.012,40736
5.0177,40624
5.0233,40722
5.0289,40745
5.0343,40688
5.0399,40615
5.0455,40740
5.0511,40594
5.0565,40679
5.0621,40665
5.0678,40723
5.0731,40664
5.0787,40738
5.0844,40603
5.09,40638
5.0954,40718
5.101,40715
5.1066,40615
5.1122,40612
5.1176,40650
5.1232,40658
5.1288,40673
5.1344,40662
5.1398,40628
5.1454,40577
5.1511,40596
5.1567,40637
5.162,40707
5.1677,40602
5.1733,40668
5.1787,40707
5.1843,40673
5.1899,40682
5.1955,40616
5.2009,40696
5.2065,40587
5.2122,40626
5.2178,40599
5.2232,40652
5.2288,40617
5.2344,40618
5.2398,40598
5.2454,40592
5.251,40515
5.2566,40594
5.262,40550
5.2676,40631
5.2733,40572
5.2789,40577
5.2843,40525
5.2899,40508
5.2955,40499
5.3009,40530
5.3065,40469
5.3122,40514
5.3178,40516
5.3231,40472
5.3288,40483
5.3344,40525
5.34,40533
5.3454,40553
5.351,40413
5.3566,40442
5.362,40483
5.3676,40487
5.3733,40482
5.3789,40474
5.3842,40439
5.3899,40483
5.3955,40493
5.4011,40466
5.4065,40433
5.4121,40455
5.4175,40417
5.4231,40435
5.4288,40454
5.4344,40530
5.44,40503
5.4454,40427
5.451,40457
5.4567,40443
5.462,40436
5.4676,40474
5.4733,40456
5.4786,40413
5.4843,40391
5.4899,40482
5.4955,40373
5.5009,40423
5.5065,40471
5.5121,40521
5.5178,40446
5.5231,40447
5.5288,40428
5.5344,40347
5.5398,40462
5.5454,40417
5.551,40412
5.5567,40478
5.562,40440
5.5677,40499
5.5733,40397
5.5787,40510
5.5843,40509
5.5899,40385
5.5955,40447
5.6009,40404
5.6065,40445
5.6121,40441
5.6178,40385
5.6231,40419
5.6288,40308
5.6344,40385
5.64,40392
5.6454,40332
5.651,40424
5.6566,40325
5.6622,40428
5.6676,40381
5.6732,40310
5.6788,40458
5.6844,40410
5.6898,40387
5.6954,40386
5.701,40353
5.7064,40401
5.712,40421
5.7177,40261
5.7233,40382
5.7289,40428
5.7343,40352
5.7399,40342
5.7455,40381
5.7509,40330
5.7565,40323
5.7622,40297
5.7678,40369
5.7731,40404
5.7788,40316
5.7844,40320
5.7898,40349
5.7954,40392
5.8011,40335
5.8064,40348
5.812,40367
5.8177,40311
5.8233,40349
5.8287,40386
5.8343,40395
5.84,40406
5.8453,40385
5.851,40391
5.8566,40338
5.862,40361
5.8676,40439
5.8732,40412
5.8789,40381
5.8842,40323
5.8899,40458
5.8955,40323
5.9009,40375
5.9065,40327
5.9122,40318
5.9178,40400
5.9231,40327
5.9288,40323
5.9344,40324
5.9398,40426
5.9454,40342
5.951,40318
5.9567,40393
5.962,40284
5.9677,40310
5.9733,40426
5.9786,40390
5.9843,40376
5.9899,40304
5.9955,40319
6.0009,40358
6.0065,40358
6.0122,40336
6.0178,40389
6.0231,40336
6.0288,40343
6.0344,40312
6.04,40251
6.0453,40338
6.051,40380
6.0566,40363
6.062,40317
6.0676,40377
6.0732,40358
6.0788,40368
6.0842,40349
6.0898,40349
6.0955,40331
6.1011,40393
6.1064,40286
6.1121,40364
6.1177,40392
6.1231,40442
6.1287,40375
6.1343,40325
6.1397,40455
6.1453,40425
6.151,40362
6.1566,40488
6.162,40326
6.1676,40283
6.1732,40306
6.1789,40400
6.1842,40315
6.1899,40306
6.1955,40372
6.2009,40397
6.2065,40312
6.2122,40290
6.2175,40332
6.223,40367
6.2287,40413
6.2343,40423
6.2399,40317
6.2453,40339
6.2508,40300
6.2565,40338
6.2621,40337
6.2677,40319
6.2731,40394
6.2786,40255
6.2843,40243
6.2899,40228
6.2953,40213
6.3009,40323
6.3065,40251
6.3121,40234
6.3177,40296
6.3231,40258
6.3287,40265
6.3343,40237
6.3399,40241
6.3455,40228
6.3509,40250
6.3565,40333
6.3621,40265
6.3677,40270
6.3733,40243
6.3787,40232
6.3843,40271
6.3899,40270
6.3955,40255
6.4009,40279
6.4065,40334
6.4122,40338
6.4175,40408
6.4231,40329
6.4288,40304
6.4344,40352
6.4398,40263
6.4454,40339
6.451,40291
6.4567,40278
6.462,40267
6.4676,40185
6.4733,40195
6.4786,40167
6.4843,40228
6.4899,40219
6.4955,40198
6.5009,40184
6.5065,40263
6.5122,40223
6.5175,40119
6.5232,40188
6.5288,40219
6.5342,40165
6.5398,40230
6.5454,40216
6.5511,40190
6.5567,40243
6.562,40213
6.5676,40241
6.5733,40184
6.5789,40225
6.5842,40205
6.5899,40163
6.5955,40131
6.6011,40179
6.6065,40137
6.6121,40130
6.6177,40187
6.6231,40227
6.6287,40247
6.6343,40131
6.64,40274
6.6453,40207
6.6509,40154
6.6566,40152
6.6622,40201
6.6676,40158
6.6732,40229
6.6788,40132
6.6844,40212
6.6898,40233
6.6954,40168
6.701,40234
6.7066,40137
6.712,40222
6.7176,40199
6.7233,40171
6.7286,40119
6.7342,40206
6.7399,40123
6.7455,40200
6.7508,40197
6.7565,40160
6.7621,40164
6.7677,40169
6.7731,40208
6.7787,40182
6.7844,40259
6.79,40206
6.7953,40141
6.801,40227
6.8066,40189
6.812,40120
6.8176,40226
6.8232,40205
6.8288,40294
6.8342,40162
6.8398,40164
6.8455,40252
6.8511,40198
6.8565,40171
6.8621,40175
6.8677,40184
6.8731,40274
6.8787,40286
6.8843,40314
6.8899,40261
6.8953,40155
6.9009,40215
6.9065,40203
6.9122,40148
6.9178,40173
6.9232,40259
6.9288,40189
6.9344,40267
6.9398,40259
6.9454,40180
6.951,40193
6.9567,40161
6.962,40157
6.9676,40161
6.9733,40179
6.9786,40246
6.9842,40107
6.9899,40148
6.9955,40189
7.0011,40218
7.0065,40134
7.0122,40131
7.0175,40194
7.0232,40126
7.0288,40131
7.0344,40046
7.0398,40122
7.0454,40119
7.0511,40023
7.0567,40088
7.062,40132
7.0677,40123
7.0733,40169
7.0787,40088
7.0843,40100
7.0899,40078
7.0956,40063
7.1009,40094
7.1066,40064
7.1122,40092
7.1176,40135
7.1232,40070
7.1288,40052
7.1345,40122
7.1398,40054
7.1454,40073
7.1511,40078
7.1567,40022
7.162,40024
7.1677,40086
7.1733,40038
7.1789,40016
7.1843,40043
7.1899,40037
7.1955,39999
7.2011,40000
7.2065,40016
7.2121,40015
7.2178,40024
7.2231,39998
7.2288,40031
7.2344,40000
7.24,40013
7.2453,40049
7.251,40013
7.2566,40006
7.262,40058
7.2676,40109
7.2732,40074
7.2789,39912
7.2842,39978
7.2899,40001
7.2955,40011
7.3011,40009
7.3065,39936
7.3121,40102
7.3178,39984
7.3231,39958
7.3288,39992
7.3344,39990
7.3397,39963
7.3453,39914
7.351,39967
7.3566,39958
7.3622,39997
7.3676,40031
7.3732,40002
7.3788,40051
7.3845,40090
7.3898,39989
7.3955,39958
7.4011,39956
7.4065,40020
7.4121,40019
7.4177,40034
7.4233,39948
7.4287,39944
7.4343,39976
7.4399,39941
7.4455,39950
7.4509,40013
7.4565,39914
7.4622,40092
7.4678,39933
7.4731,39997
7.4788,40021
7.4844,39922
7.49,39868
7.4954,39929
7.501,39869
7.5066,39904
7.512,39990
7.5176,39965
7.5233,39934
7.5289,39972
7.5342,40023
7.5399,39939
7.5455,39906
7.5511,39957
7.5565,39908
7.5621,39997
7.5678,40014
7.5731,39869
7.5788,39979
7.5844,39915
7.59,39961
7.5954,39894
7.601,39909
7.6066,39961
7.6123,40003
7.6176,39926
7.6232,39947
7.6289,39840
7.6342,39903
7.6399,39899
7.6455,39823
7.6509,39843
7.6565,39920
7.6622,39901
7.6678,39983
7.6731,39908
7.6788,39843
7.6844,39830
7.69,39960
7.6954,39890
7.701,39911
7.7066,39905
7.712,39910
7.7176,39937
7.7233,39883
7.7289,39898
7.7343,39872
7.7399,39879
7.7455,39823
7.7509,39842
7.7565,39856
7.7621,39816
7.7678,39941
7.7731,39949
7.7787,39921
7.7844,39909
7.79,39900
7.7953,39842
7.8009,39868
7.8065,39959
7.8121,39777
7.8178,39969
7.8231,39792
7.8287,39880
7.8343,39882
7.8399,39905
7.8456,39861
7.8509,39835
7.8565,39839
7.8621,39811
7.8676,40701
7.8732,42123
7.8788,42059
7.8842,43392
7.8899,45740
7.8955,45715
7.9009,45778
7.9065,45725
7.9121,45736
7.9178,45768
7.9234,45752
7.9287,45744
7.9344,45749
7.9399,45790
7.9456,45733
7.9509,45736
7.9566,45762
7.9622,45801
7.9677,45770
7.9731,45802
7.9787,45810
7.9843,45754
7.99,45785
7.9953,45745
8.001,45882
8.0066,45810
8.012,45766
8.0176,45770
8.0233,45829
8.0289,45808
8.0343,45731
8.0399,45727
8.0455,45681
8.0511,45655
8.0565,45640
8.0621,45602
8.0677,45675
8.0731,45612
8.0787,45651
8.0844,45532
8.09,45532
8.0953,45580
8.101,45476
8.1066,45439
8.1122,45506
8.1176,45450
8.1232,45456
8.1288,45453
8.1344,45414
8.1398,45424
8.1454,45389
8.1511,45366
8.1564,45259
8.1621,45331
8.1677,45312
8.1733,45314
8.1787,45300
8.1843,45307
8.1899,45250
8.1956,45303
8.2009,45283
8.2066,45283
8.2122,45281
8.2175,45306
8.2232,45177
8.2288,45332
8.2344,45324
8.2398,45179
8.2454,45208
8.2511,45217
8.2564,45190
8.2621,45162
8.2677,45202
8.2733,45148
8.2787,45189
8.2843,45212
8.29,45194
8.2953,45104
8.301,45101
8.3066,45160
8.312,45109
8.3176,45120
8.3232,45130
8.3288,45034
8.3342,45054
8.3398,45004
8.3454,45072
8.3511,45048
8.3564,45019
8.3621,45070
8.3677,45070
8.3733,45032
8.3787,45000
8.3844,45028
8.39,44964
8.3954,45017
8.401,44965
8.4066,44996
8.4122,44969
8.4176,44956
8.4232,44937
8.4288,44896
8.4345,44931
8.4398,45008
8.4455,44942
8.4511,44909
8.4564,44934
8.4621,44841
8.4677,44882
8.4733,44914
8.4787,44969
8.4843,44873
8.4899,44824
8.4956,44915
8.5009,44853
8.5066,44865
8.5122,44881
8.5176,44823
8.5232,44862
8.5289,44787
8.5342,44788
8.5399,44844
8.5455,44762
8.5508,44799
8.5565,44758
8.5621,44791
8.5677,44770
8.5731,44742
8.5788,44786
8.5844,44688
8.59,44733
8.5954,44726
8.601,44766
8.6066,44700
8.612,44673
8.6176,44810
8.6233,44692
8.6289,44731
8.6342,44662
8.6399,44668
8.6455,44658
8.6511,44633
8.6565,44659
8.6621,44744
8.6677,44641
8.6733,44628
8.6787,44641
8.6843,44704
8.6899,44610
8.6956,44644
8.7009,44637
8.7066,44550
8.7122,44638
8.7175,44600
8.7232,44524
8.7288,44699
8.7344,44597
8.7401,44597
8.7454,44613
8.751,44638
8.7567,44568
8.762,44584
8.7677,44547
8.7733,44602
8.7786,44625
8.7843,44550
8.7899,44605
8.7955,44506
8.8009,44631
8.8066,44542
8.8122,44511
8.8175,44554
8.8232,44593
8.8288,44482
8.8344,44435
8.8398,44526
8.8454,44567
8.851,44487
8.8567,44464
8.862,44558
8.8677,44559
8.8733,44516
8.8786,44488
8.8843,44438
8.8899,44430
8.8955,44425
8.9009,44456
8.9065,44545
8.9121,44549
8.9178,44387
8.9231,44443
8.9288,44420
8.9344,44457
8.94,44470
8.9454,44382
8.951,44440
8.9566,44441
8.962,44417
8.9676,44524
8.9732,44451
8.9788,44451
8.9842,44485
8.9898,44394
8.9954,44431
9.0011,44423
9.0064,44437
9.0121,44477
9.0177,44521
9.0233,44385
9.0287,44295
9.0343,44405
9.0399,44396
9.0453,44371
9.0509,44402
9.0566,44402
9.0622,44390
9.0676,44419
9.0732,44353
9.0788,44346
9.0845,44378
9.0898,44313
9.0954,44335
9.1011,44444
9.1064,44299
9.1121,44330
9.1177,44379
9.1233,44336
9.1287,44407
9.1343,44317
9.14,44418
9.1456,44211
9.1509,44336
9.1566,44233
9.1622,44303
9.1675,44226
9.1732,44284
9.1788,44363
9.1842,44352
9.1898,44233
9.1954,44335
9.2011,44288
9.2064,44265
9.2121,44304
9.2177,44300
9.2231,44206
9.2287,44294
9.2343,44307
9.2399,44306
9.2453,44295
9.2509,44291
9.2565,44281
9.2621,44213
9.2678,44184
9.2731,44254
9.2787,44305
9.2844,44223
9.29,44273
9.2953,44254
9.301,44205
9.3066,44238
9.312,44259
9.3176,44273
9.3232,44205
9.3288,44203
9.3342,44183
9.3398,44285
9.3454,44162
9.3511,44236
9.3564,44220
9.3621,44185
9.3677,44260
9.3733,44224
9.3786,44140
9.3843,44229
9.3899,44272
9.3955,44175
9.4009,44255
9.4064,44195
9.412,44225
9.4177,44107
9.4233,44167
9.4287,44196
9.4342,44119
9.4399,44263
9.4455,44142
9.4509,44210
9.4565,44293
9.462,44153
9.4677,44143
9.4733,44186
9.4786,44169
9.4843,44170
9.4898,44185
9.4955,44055
9.5011,44225
9.5064,44162
9.5121,44107
9.5177,44162
9.5233,44222
9.5287,44096
9.5343,44109
9.5399,44119
9.5453,44095
9.5509,44118
9.5565,44129
9.5622,44238
9.5678,44163
9.5732,44168
9.5788,44107
9.5842,44163
9.5898,44120
9.5954,44092
9.601,44080
9.6064,44141
9.612,44195
9.6176,44127
9.6233,44162
9.6286,44106
9.6343,44084
9.6399,44187
9.6453,44164
9.6509,44053
9.6566,44137
9.6622,44028
9.6676,44132
9.6732,44108
9.6788,44115
9.6842,44103
9.6898,44078
9.6954,44086
9.7008,44115
9.7064,44030
9.7121,44041
9.7177,44095
9.7233,44125
9.7287,44104
9.7343,44186
9.74,44119
9.7453,44063
9.751,44079
9.7566,44052
9.7619,44118
9.7676,44093
9.7732,44132
9.7788,43997
9.7842,44072
9.7898,44045
9.7955,44090
9.8011,44020
9.8064,44021
9.8121,44013
9.8177,44055
9.823,44017
9.8287,44029
9.8343,44087
9.84,44102
9.8453,44022
9.851,44034
9.8566,43993
9.8622,44048
9.8676,44011
9.8732,43959
9.8788,44000
9.8844,44060
9.8898,43992
9.8954,43961
9.901,43988
9.9066,43982
9.912,43968
9.9176,43994
9.9232,43972
9.9286,44026
9.9342,43975
9.9399,43991
9.9455,43992
9.9508,43875
9.9565,43968
9.9621,44017
9.9677,43987
9.9731,43958
9.9787,44029
9.9844,43966
9.9897,43940
9.9953,44006
10.001,44057
10.0066,43957
10.012,43921
10.0176,43967
10.0233,43970
10.0286,43957
10.0343,43950
10.0399,43921
10.0455,44021
10.0509,43939
10.0565,43927
10.0622,43937
10.0675,43950
10.0731,43961
10.0788,43988
10.0841,43959
10.0898,43944
10.0954,43991
10.101,43974
10.1064,43960
10.112,43946
10.1177,43947
10.123,43965
10.1287,43955
10.1343,43951
10.1399,43948
10.1453,43870
10.1509,43879
10.1566,43925
10.1622,43965
10.1675,43947
10.1732,43954
10.1788,43875
10.1841,43840
10.1898,43886
10.1954,43864
10.201,43841
10.2064,43897
10.2121,43941
10.2177,43922
10.2233,43915
10.2287,43898
10.2343,43826
10.2399,43879
10.2453,43777
10.2509,43888
10.2565,43842
10.2622,43845
10.2675,43785
10.2732,43867
10.2788,43859
10.2844,43920
10.2898,43848
10.2954,43886
10.301,43851
10.3064,43890
10.312,43947
10.3176,43899
10.3233,43881
10.3286,43840
10.3343,43950
10.3399,43897
10.3455,43952
10.3509,43868
10.3565,43820
10.3622,43819
10.3675,43903
10.3731,43795
10.3787,43852
10.3844,43865
10.3897,43851
10.3954,43840
10.401,43855
10.4066,43795
10.412,43906
10.4176,43930
10.4232,43797
10.4289,43820
10.4342,43860
10.4398,43883
10.4455,43887
10.4508,43782
10.4565,43877
10.4621,43863
10.4677,43797
10.4731,43824
10.4787,43803
10.4844,43798
10.4897,43870
10.4954,43746
10.501,43794
10.5063,43800
10.512,43846
10.5176,43886
10.5233,43873
10.5286,43826
10.5342,43787
10.5399,43825
10.5455,43751
10.5509,43771
10.5565,43849
10.5621,43769
10.5675,43830
10.5731,43771
10.5787,43729
10.5844,43855
10.5897,43802
10.5954,43854
10.601,43898
10.6066,43788
10.612,43786
10.6176,43833
10.6232,43781
10.6286,43768
10.6342,43828
10.6398,43800
10.6455,43749
10.6508,43838
10.6564,43801
10.662,43695
10.6677,43826
10.673,43846
10.6787,43729
10.6843,43725
10.6899,43760
10.6955,43783
10.7009,43746
10.7065,43802
10.7121,43834
10.7175,43823
10.7231,43759
10.7287,43820
10.7343,43669
10.7397,43787
10.7453,43792
10.751,43751
10.7566,43744
10.7619,43766
10.7676,43829
10.7732,43874
10.7788,43690
10.7842,43792
10.7898,43723
10.7954,43820
10.8011,43794
10.8064,43768
10.812,43788
10.8177,43652
10.823,43806
10.8286,43773
10.8343,43762
10.8399,43705
10.8453,43764
10.8509,43725
10.8565,43682
10.8622,43789
10.8675,43749
10.8732,43717
10.8788,43696
10.8842,43746
10.8898,43752
10.8954,43660
10.9011,43724
10.9064,43739
10.912,43708
10.9177,43786
10.9233,43773
10.9286,43719
10.9343,43691
10.9399,43685
10.9453,43696
10.9509,43706
10.9565,43720
10.9621,43707
10.9675,43718
10.9731,43731
10.9787,43715
10.9844,43735
10.9897,43765
10.9954,43712
11.001,43736
11.0064,43655
11.0119,43721
11.0176,43792
11.0232,43739
11.0288,43780
11.0342,43700
11.0397,43681
11.0454,43733
11.051,43751
11.0566,43739
11.062,43655
11.0675,43661
11.0732,43689
11.0788,43692
11.0842,43737
11.0898,43696
11.0953,43716
11.101,43696
11.1066,43679
11.112,43673
11.1176,43658
11.1232,43679
11.1288,43698
11.1344,43680
11.1398,43724
11.1454,43639
11.151,43689
11.1566,43659
11.162,43665
11.1676,43617
11.1732,43686
11.1786,43715
11.1842,43705
11.1899,43666
11.1955,43671
11.2009,43759
11.2065,43674
11.2121,43712
11.2175,43702
11.2231,43674
11.2287,43671
11.2344,43652
11.2397,43650
11.2454,43614
11.251,43630
11.2566,43689
11.262,43681
11.2676,43641
11.2732,43708
11.2788,43607
11.2842,43649
11.2898,43695
11.2954,43657
11.3011,43707
11.3064,43662
11.3121,43704
11.3177,43571
11.323,43676
11.3287,43656
11.3343,43660
11.3399,43660
11.3453,43646
11.3509,43670
11.3566,43689
11.3622,43711
11.3675,43660
11.3732,43617
11.3788,43631
11.3842,43607
11.3898,43638
11.3954,43674
11.4011,43632
11.4064,43520
11.412,43600
11.4177,43566
11.4233,43674
11.4287,43568
11.4343,43625
11.4399,43583
11.4453,43646
11.4509,43659
11.4565,43667
11.4622,43618
11.4675,43659
11.4731,43524
11.4788,43612
11.4844,43644
11.4898,43699
11.4954,43642
11.5011,43543
11.5064,43584
11.512,43605
11.5177,43590
11.5233,43522
11.5287,43642
11.5343,43578
11.5399,43596
11.5456,43619
11.5509,43642
11.5565,43535
11.5622,43609
11.5678,43623
11.5731,43637
11.5788,43655
11.5844,43613
11.5897,43554
11.5954,43527
11.601,43611
11.6066,43589
11.612,43589
11.6176,43611
11.6232,43652
11.6289,43555
11.6342,43580
11.6399,43673
11.6455,43668
11.6511,43573
11.6565,43639
11.6621,43558
11.6677,43598
11.6731,43521
11.6787,43635
11.6843,43562
11.69,43552
11.6953,43534
11.701,43598
11.7066,43547
11.712,43624
11.7176,43592
11.7232,43606
11.7289,43549
11.7342,43646
11.7398,43507
11.7455,43548
11.7511,43610
11.7565,43558
11.7621,43668
11.7678,43521
11.7731,43570
11.7787,43557
11.7844,43558
11.7897,43558
11.7954,43568
11.801,43521
11.8067,43510
11.812,43556
11.8177,43578
11.8233,43523
11.8287,43612
11.8343,43484
11.8399,43565
11.8455,43603
11.8509,43556
11.8566,43570
11.8622,43596
11.8675,43564
11.8732,43520
11.8788,43582
11.8844,43578
11.8898,43560
11.8954,43593
11.901,43555
11.9067,43544
11.912,43548
11.9176,43587
11.9233,43466
11.9289,43591
11.9342,43530
11.9399,43607
11.9455,43548
11.9511,43494
11.9564,43525
11.9621,43597
11.9677,43655
11.9733,43538
11.9787,43545
11.9843,43455
11.9899,43555
11.9953,43493
12.0009,43567
12.0066,43578
12.0122,43543
12.0175,43506
12.0232,43567
12.0288,43494
12.0344,43534
12.0398,43469
12.0454,43570
12.0511,43531
12.0565,43629
12.0621,43564
12.0677,43535
12.0731,43541
12.0787,43500
12.0844,43587
12.0897,43500
12.0953,43567
12.101,43451
12.1066,43509
12.1123,43522
12.1176,43481
12.1232,43523
12.1289,43495
12.1343,43474
12.1399,43507
12.1455,43481
12.1509,43490
12.1565,43412
12.1621,43530
12.1678,43491
12.1731,43535
12.1787,43491
12.1844,43476
12.1897,43549
12.1954,43526
12.201,43479
12.2066,43512
12.212,43580
12.2176,43485
12.2232,43539
12.2289,43498
12.2342,43372
12.2399,43575
12.2455,43575
12.2511,43550
12.2565,43580
12.2621,43491
12.2678,43593
12.2731,43480
12.2788,43556
12.2844,43521
12.29,43456
12.2954,43485
12.301,43479
12.3066,43490
12.312,43552
12.3176,43454
12.3233,43469
12.3289,43471
12.3343,43469
12.3399,43502
12.3455,43466
12.3509,43427
12.3565,43469
12.3622,43452
12.3678,43519
12.3731,43503
12.3788,43440
12.3844,43489
12.3898,43449
12.3954,43502
12.4011,43468
12.4064,43479
12.412,43505
12.4177,43471
12.4233,43409
12.4286,43493
12.4343,43491
12.4399,43532
12.4455,43503
12.4509,43492
12.4565,43455
12.4621,43429
12.4677,43485
12.4734,43518
12.4787,43411
12.4843,43416
12.49,43419
12.4953,43461
12.5009,43486
12.5066,43435
12.5122,43499
12.5175,43446
12.5232,43517
12.5288,43485
12.5344,43419
12.5398,43434
12.5454,43451
12.5511,43379
12.5564,43489
12.5621,43417
12.5677,43414
12.5731,43405
12.5787,43420
12.5843,43435
12.59,43469
12.5953,43291
12.601,43396
12.6066,43400
12.6122,43441
12.6176,43416
12.6232,43352
12.6289,43462
12.6342,43477
12.6399,43404
12.6453,43465
12.651,43465
12.6566,43505
12.662,43399
12.6676,43358
12.6731,43479
12.6788,43417
12.6844,43424
12.6898,43416
12.6954,43464
12.701,43439
12.7066,43471
12.7122,43499
12.7176,43471
12.7232,43394
12.7288,43465
12.7344,43494
12.7398,43422
12.7454,43454
12.751,43430
12.7566,43401
12.7622,43398
12.7676,43407
12.7732,43391
12.7788,43386
12.7844,43390
12.7897,43406
12.7954,43397
12.801,43448
12.8066,43398
12.812,43471
12.8176,43425
12.8233,43411
12.8289,43391
12.8342,43440
12.8399,43471
12.8455,43389
12.8508,43500
12.8565,43466
12.8621,43398
12.8677,43451
12.8731,43464
12.8788,43402
12.8844,43410
12.89,43377
12.8954,43427
12.901,43359
12.9066,43408
12.912,43433
12.9176,43423
12.9232,43442
12.9289,43379
12.9342,43377
12.9399,43436
12.9455,43343
12.9509,43411
12.9565,43434
12.9621,43375
12.9677,43394
12.9731,43416
12.9787,43406
12.9844,43352
12.99,43287
12.9954,43374
13.001,43321
13.0064,43325
13.0121,43345
13.0177,43414
13.0233,43379
13.0287,43369
13.0343,43402
13.0399,43416
13.0455,43499
13.0509,43298
13.0565,43324
13.0621,43416
13.0678,43413
13.0731,43405
13.0787,43441
13.0844,43414
13.0897,43412
13.0953,43465
13.101,43332
13.1066,43267
13.1122,43434
13.1176,43362
13.1232,43392
13.1286,43489
13.1342,43331
13.1399,43393
13.1455,43396
13.1508,43380
13.1565,43320
13.1619,43312
13.1676,43315
13.1732,43317
13.1786,43294
13.1843,43322
13.1899,43345
13.1955,43299
13.2009,43380
13.2065,43427
13.212,43338
13.2176,43397
13.2232,43382
13.2286,43341
13.2343,43312
13.2399,43350
13.2455,43361
13.2509,43358
13.2565,43392
13.262,43357
13.2676,43372
13.2732,43310
13.2786,43349
13.2843,43406
13.2899,43371
13.2953,43395
13.3009,43383
13.3065,43312
13.312,43321
13.3176,43335
13.3233,43375
13.3287,43275
13.3343,43385
13.3399,43374
13.3453,43307
13.3509,43263
13.3565,43387
13.362,43357
13.3676,43351
13.3733,43357
13.3787,43362
13.3843,43349
13.3899,43316
13.3953,43235
13.401,43400
13.4066,43251
13.412,43355
13.4176,43359
13.4233,43228
13.4286,43367
13.4343,43278
13.4399,43302
13.4453,43340
13.451,43290
13.4566,43237
13.462,43257
13.4676,43392
13.4733,43323
13.4786,43267
13.4842,43361
13.4899,43260
13.4954,43265
13.501,43299
13.5066,43378
13.512,43303
13.5177,43388
13.5233,43341
13.5286,43288
13.5343,43258
13.5399,43308
13.5454,43236
13.551,43343
13.5566,43369
13.562,43343
13.5676,43278
13.5732,43293
13.5787,43300
13.5844,43266
13.59,43359
13.5953,43315
13.601,43331
13.6066,43337
13.612,43264
13.6176,43315
13.6232,43339
13.6287,43312
13.6344,43270
13.64,43301
13.6453,43339
13.651,43244
13.6566,43333
13.6621,43323
13.6677,43377
13.6731,43285
13.6787,43247
13.6843,43266
13.69,43322
13.6953,43302
13.7009,43282
13.7066,43268
13.7121,43307
13.7177,43280
13.7233,43267
13.7287,43335
13.7343,43239
13.7399,43291
13.7453,43306
13.7509,43301
13.7566,43314
13.7621,43340
13.7677,43375
13.7731,43260
13.7787,43287
13.7843,43300
13.79,43253
13.7953,43257
13.8009,43254
13.8066,43311
13.8121,43277
13.8177,43220
13.8231,43239
13.8287,43322
13.8343,43275
13.84,43350
13.8453,43306
13.851,43267
13.8566,43336
13.8619,43215
13.8676,43305
13.8732,43267
13.8788,43333
13.8844,43297
13.8898,43324
13.8954,43208
13.9011,43300
13.9064,43241
13.9121,43289
13.9177,43290
13.923,43288
13.9287,43305
13.9343,43353
13.9397,43311
13.9454,43282
13.951,43298
13.9566,43202
13.9619,43288
13.9676,43286
13.9732,43206
13.9788,43250
13.9844,43199
13.9898,43194
13.9954,43289
14.001,43311
14.0064,43253
14.012,43312
14.0177,43318
14.0233,43328
14.0288,43163
14.0342,43249
14.0398,43279
14.0454,43230
14.051,43281
14.0564,43251
14.062,43215
14.0677,43242
14.0733,43284
14.0787,43229
14.0843,43306
14.09,43318
14.0953,43289
14.1009,43254
14.1066,43268
14.1122,43245
14.1175,43243
14.1231,43281
14.1288,43226
14.1344,43310
14.1398,43355
14.1454,43174
14.151,43242
14.1564,43251
14.1621,43224
14.1677,43297
14.1733,43180
14.1787,43261
14.1843,43257
14.19,43222
14.1953,43182
14.201,43208
14.2066,43239
14.212,43285
14.2176,43229
14.2231,43323
14.2287,43269
14.2343,43326
14.2399,43314
14.2453,43284
14.2509,43262
14.2565,43324
14.2621,43160
14.2677,43186
14.2731,43274
14.2787,43235
14.2843,43229
14.2899,43309
14.2955,43179
14.3009,43206
14.3065,43252
14.3121,43269
14.3177,43185
14.3231,43230
14.3288,43272
14.3343,43233
14.3399,43192
14.3453,43225
14.3509,43284
14.3565,43193
14.3621,43258
14.3677,43237
14.3731,43235
14.3787,43172
14.3843,43207
14.3899,43179
14.3955,43215
14.4009,43238
14.4066,43188
14.4122,43127
14.4175,43230
14.4232,43276
14.4288,43302
14.4344,43252
14.4398,43229
14.4454,43186
14.4511,43216
14.4564,43177
14.4621,43220
14.4677,43101
14.4733,43199
14.4787,43184
14.4843,43229
14.4899,43169
14.4953,43216
14.5009,43172
14.5066,43176
14.5122,43165
14.5175,43196
14.5232,43197
14.5288,43173
14.5342,43194
14.5398,43135
14.5455,43151
14.5508,43113
14.5565,43136
14.5621,43187
14.5677,43142
14.573,43270
14.5787,43249
14.5843,43154
14.5899,43186
14.5953,43176
14.6009,43185
14.6065,43220
14.6122,43230
14.6175,43109
14.6232,43168
14.6288,43184
14.6341,43164
14.6398,43141
14.6454,43200
14.651,43144
14.6564,43208
14.662,43158
14.6676,43201
14.6733,43195
14.6786,43244
14.6842,43236
14.6899,43154
14.6955,43217
14.7009,43264
14.7065,43195
14.7121,43235
14.7175,43203
14.7231,43236
14.7287,43234
14.7344,43231
14.7397,43238
14.7453,43194
14.751,43116
14.7566,43190
14.762,43106
14.7676,43108
14.7732,43155
14.7786,43090
14.7842,43204
14.7899,43199
14.7955,43231
14.8009,43166
14.8065,43211
14.8121,43139
14.8178,43156
14.8231,43147
14.8288,43188
14.8341,43045
14.8398,43207
14.8454,43131
14.851,43187
14.8564,43197
14.862,43196
14.8677,43209
14.873,43152
14.8787,43161
14.8843,43140
14.8899,43184
14.8953,43083
14.9009,43277
14.9066,43245
14.9122,43186
14.9175,43162
14.9232,43152
14.9288,43162
14.9341,43124
14.9398,43140
14.9454,43180
14.951,43157
14.9564,43170
14.962,43287
14.9677,43120
14.9733,43111
14.9786,43152
14.9843,43192
14.9899,43193
14.9953,43125
15.0009,43164
15.0066,43144
15.0122,43128
15.0175,43120
15.0232,43105
15.0288,43208
15.0342,43177
15.0398,43125
15.0454,43120
15.0508,43160
15.0564,43226
15.0621,43144
15.0677,43090
15.073,43167
15.0787,43175
15.0843,43210
15.0897,43205
15.0953,43136
15.1009,43219
15.1066,43212
15.1119,43132
15.1176,43161
15.1232,43217
15.1288,43124
15.1342,43236
15.1398,43146
15.1454,43152
15.1508,43146
15.1564,43077
15.1621,43120
15.1677,43133
15.1731,43105
15.1787,43097
15.1843,43088
15.19,43152
15.1953,43180
15.201,43153
15.2066,43214
15.212,43140
15.2176,43138
15.2232,43085
15.2288,43133
15.2342,43165
15.2398,43193
15.2454,43226
15.251,43200
15.2564,43153
15.2621,43128
15.2677,43177
15.273,43166
15.2787,43138
15.2843,43048
15.2899,43221
15.2953,43102
15.3009,43160
15.3066,43133
15.3122,43150
15.3176,43140
15.3232,43139
15.3288,43071
15.3342,43062
15.3398,43120
15.3455,43080
15.3508,43128
15.3564,43164
15.3621,43138
15.3677,43066
15.3731,43104
15.3787,43147
15.3843,43083
15.3897,43090
15.3953,43134
15.401,43122
15.4066,43173
15.412,43077
15.4176,43069
15.4233,43187
15.4286,43104
15.4343,43170
15.4399,43115
15.4453,43148
15.4509,43151
15.4565,43093
15.4622,43067
15.4675,43087
15.4731,43105
15.4788,43069
15.4844,43138
15.4897,43103
15.4954,43114
15.501,43072
15.5064,43082
15.512,43123
15.5176,43110
15.5233,43180
15.5289,43073
15.5342,43068
15.5399,43165
15.5455,43155
15.5509,43073
15.5565,43027
15.5621,43070
15.5675,43103
15.5731,43079
15.5787,43126
15.5844,43037
15.5897,43099
15.5953,43095
15.601,43195
15.6066,43123
15.612,43129
15.6176,43151
15.6233,43051
15.6286,43216
15.6342,43093
15.6399,43118
15.6455,43132
15.6509,43038
15.6565,43073
15.6622,43118
15.6675,43091
15.6732,43154
15.6788,43146
15.6842,43183
15.6898,43101
15.6955,43139
15.7008,43157
15.7065,43125
15.7121,43071
15.7178,43121
15.7231,43066
15.7288,43189
15.7344,43107
15.7397,43174
15.7453,43136
15.7509,43165
15.7566,43147
15.7622,43215
15.7675,43231
15.7731,43167
15.7787,43224
15.7843,43167
15.7899,43159
15.7953,43181
15.8009,43183
15.8065,43104
15.8122,43117
15.8175,43122
15.8231,43175
15.8287,43106
15.8343,43111
15.8399,43145
15.8453,43140
15.8509,43182
15.8565,43084
15.8621,43102
15.8678,43129
15.8731,43158
15.8787,43170
15.8843,43132
15.8899,43139
15.8953,43088
15.9009,43132
15.9065,43186
15.9121,43131
15.9177,43160
15.9231,43209
15.9287,43176
15.9344,43152
15.9397,43187
15.9454,43180
15.951,43247
15.9566,43179
15.962,43215
15.9677,43096
15.9733,43221
15.9786,43101
15.9843,43151
15.9899,43147
15.9955,43203
16.0009,43090
16.0066,43110
16.0122,43080
16.0175,43065
16.0232,43174
16.0288,43009
16.0342,43188
16.0398,43167
16.0454,43114
16.0511,43062
16.0564,43043
16.0621,43154
16.0677,43121
16.0731,43098
16.0787,43044
16.0844,43029
16.09,43140
16.0953,43067
16.101,43133
16.1066,43160
16.1122,43067
16.1176,43099
16.1232,43025
16.1288,43027
16.1342,43088
16.1398,43039
16.1454,43081
16.1511,43168
16.1564,43128
16.162,43083
16.1677,43045
16.1733,43070
16.1786,43049
16.1843,43077
16.1899,43014
16.1955,43061
16.2009,43073
16.2065,43079
16.2121,43058
16.2175,43043
16.2231,43107
16.2288,43162
16.2344,43077
16.2398,43082
16.2454,43136
16.251,43100
16.2564,43042
16.262,43139
16.2677,43092
16.2733,43082
16.2787,43054
16.2843,43039
16.2899,43075
16.2956,43118
16.3009,43095
16.3066,43107
16.3122,43162
16.3176,43103
16.3232,43125
16.3289,43091
16.3342,43132
16.3398,43149
16.3455,43186
16.3508,43076
16.3565,43096
16.3621,43099
16.3677,43052
16.3731,43101
16.3787,43112
16.3844,42938
16.39,43057
16.3953,43141
16.401,43055
16.4066,43153
16.412,43058
16.4176,43077
16.4232,43066
16.4289,43040
16.4342,43041
16.4399,43061
16.4455,43086
16.4511,43083
16.4565,43055
16.4621,43111
16.4677,43087
16.4731,43002
16.4787,43068
16.4843,43099
16.49,43010
16.4953,43095
16.501,43013
16.5066,43096
16.5122,43036
16.5176,43006
16.5232,43024
16.5288,43038
16.5345,43156
16.5398,43079
16.5455,43093
16.5509,43159
16.5566,43106
16.562,43025
16.5677,43044
16.5731,43111
16.5787,43013
16.5843,43057
16.59,43073
16.5953,43017
16.601,43049
16.6066,43036
16.6122,43032
16.6176,43131
16.6232,43036
16.6288,42999
16.6343,43092
16.64,43040
16.6453,43093
16.651,43054
16.6566,43062
16.6619,43126
16.6676,43006
16.6732,42985
16.6789,43127
16.6842,43006
16.6899,43045
16.6955,43111
16.7009,42926
16.7065,43058
16.7121,43016
16.7178,43114
16.7231,43073
16.7287,43000
16.7344,43011
16.74,43061
16.7453,43048
16.751,43064
16.7566,43019
16.7622,43032
16.7676,43016
16.7732,43076
16.7788,43031
16.7842,43018
16.7899,43010
16.7955,43061
16.8011,42979
16.8064,43058
16.8121,43024
16.8177,43095
16.8233,43039
16.8287,43075
16.8343,43074
16.84,43084
16.8453,43039
16.851,43106
16.8566,43059
16.8622,43104
16.8676,43101
16.8732,43096
16.8789,43016
16.8842,43068
16.8898,43153
16.8955,43016
16.9008,43005
16.9065,43097
16.9121,43103
16.9178,43063
16.9231,43038
16.9288,43034
16.9344,43060
16.9397,43091
16.9454,43038
16.951,43011
16.9567,42995
16.962,43037
16.9677,43010
16.9733,43028
16.9786,42960
16.9843,42954
16.99,42993
16.9953,42974
17.001,43009
17.0066,43025
17.012,43035
17.0176,42950
17.0233,42901
17.0289,42959
17.0343,42992
17.0399,42927
17.0456,42904
17.0509,43024
17.0565,42961
17.0622,42981
17.0675,42989
17.0731,42988
17.0788,42957
17.0844,42954
17.0898,42932
17.0954,42888
17.101,42958
17.1066,42956
17.1122,42797
17.1176,42909
17.1232,42969
17.1289,42944
17.1342,42873
17.1399,42824
17.1455,42896
17.1511,42925
17.1565,42842
17.1621,42831
17.1677,42877
17.1731,42952
17.1787,42857
17.1843,42911
17.19,42938
17.1953,42927
17.201,42859
17.2066,42987
17.212,42951
17.2176,42839
17.2232,42874
17.2289,42871
17.2342,42873
17.2399,42926
17.2455,42877
17.2509,42924
17.2565,42902
17.2621,42974
17.2678,42960
17.2731,43034
17.2788,43060
17.2844,43005
17.2898,42986
17.2954,42983
17.301,42965
17.3064,43024
17.312,42896
17.3176,42936
17.3233,42966
17.3289,42960
17.3343,42897
17.3399,42963
17.3455,42875
17.3511,42850
17.3565,42800
17.3621,42956
17.3677,42942
17.3733,42934
17.3786,42929
17.3843,42923
17.3899,42927
17.3955,42959
17.4009,42895
17.4064,43002
17.4121,43006
17.4177,42881
17.4233,42802
17.4287,42924
17.4342,42942
17.4399,42912
17.4455,42908
17.4509,42926
17.4565,42837
17.462,42796
17.4677,42704
17.4731,42801
17.4787,42764
17.4843,42763
17.4899,42805
17.4955,42739
17.5008,42849
17.5065,42779
17.5121,42778
17.5177,42794
17.5233,42829
17.5287,42884
17.5343,42881
17.54,42769
17.5453,42891
17.551,42881
17.5566,42845
17.5622,42841
17.5676,42929
17.5732,42924
17.5789,42923
17.5842,42926
17.5899,42984
17.5955,42888
17.6011,42967
17.6064,43025
17.6121,42951
17.6177,43114
17.6233,43027
17.6287,43018
17.6343,43107
17.6399,43037
17.6455,43017
17.6509,43011
17.6565,43036
17.6622,43205
17.6675,43046
17.6731,43009
17.6788,43098
17.6844,43052
17.6898,43110
17.6954,43056
17.701,43020
17.7067,43053
17.712,43117
17.7177,42929
17.7233,43055
17.7286,43138
17.7343,43012
17.7399,42964
17.7455,43056
17.7509,43036
17.7566,43044
17.7622,43024
17.7675,42981
17.7732,43121
17.7788,42998
17.7844,43046
17.7898,42990
17.7954,43001
17.8011,42905
17.8064,42970
17.8121,43005
17.8177,43078
17.8233,43096
17.8287,43104
17.8343,43089
17.84,43040
17.8453,43174
17.851,43137
17.8566,43017
17.862,43040
17.8676,42964
17.8732,43014
17.8789,43053
17.8842,43119
17.8898,43056
17.8955,43044
17.9011,43052
17.9065,43063
17.9121,43109
17.9177,42936
17.9231,43016
17.9287,43102
17.9344,43047
17.94,43065
17.9453,42952
17.951,43031
17.9566,42986
17.9622,42952
17.9676,42913
17.9732,42934
17.9788,43015
17.9842,42938
17.9898,43041
17.9955,43026
18.0011,42998
18.0065,43102
18.0121,43001
18.0177,43015
18.0231,42983
18.0287,42989
18.0344,43024
18.0397,42953
18.0453,43027
18.051,42978
18.0566,43031
18.0623,43083
18.0676,43047
18.0732,43142
18.0789,43017
18.0842,42997
18.0899,43097
18.0955,43006
18.1009,43088
18.1066,43034
18.1122,43072
18.1176,42985
18.1232,42904
18.1288,43004
18.1345,42909
18.1398,42959
18.1455,42936
18.1511,43016
18.1564,43057
18.1621,42977
18.1677,42965
18.1731,43011
18.1787,43008
18.1844,42998
18.19,43007
18.1953,42985
18.201,43011
18.2066,43041
18.212,43069
18.2176,42996
18.2232,42998
18.2289,43064
18.2342,42959
18.2399,43134
18.2455,43027
18.2509,42974
18.2565,42957
18.2621,43027
18.2678,43144
18.2731,43107
18.2788,43005
18.2844,42990
18.2898,43033
18.2954,42996
18.301,43043
18.3064,43007
18.3121,43083
18.3177,43043
18.3233,42985
18.3287,43020
18.3343,43058
18.34,42969
18.3453,43152
18.351,43061
18.3566,42977
18.362,43036
18.3677,43026
18.3733,43008
18.3786,43033
18.3843,43046
18.3899,43050
18.3956,42890
18.4009,43060
18.4066,42883
18.4122,42967
18.4176,42997
18.4232,42972
18.4289,42955
18.4342,42977
18.4399,43108
18.4455,43001
18.4509,43033
18.4565,43083
18.4621,42987
18.4677,42971
18.4731,43019
18.4788,43007
18.4844,42991
18.4898,43037
18.4954,43020
18.5011,42955
18.5064,43028
18.5121,42994
18.5177,43028
18.5231,42994
18.5287,43082
18.5344,43037
18.5397,43019
18.5454,43059
18.551,42983
18.5564,43047
18.562,43053
18.5677,43069
18.5733,43092
18.5787,43064
18.5843,43083
18.59,43089
18.5953,43116
18.601,43009
18.6066,43048
18.612,42960
18.6176,42968
18.6233,43021
18.6286,42971
18.6342,43022
18.6399,43092
18.6455,43030
18.6509,43060
18.6565,43017
18.6621,43030
18.6675,42945
18.6731,43050
18.6788,42995
18.6844,42980
18.6898,42999
18.6954,43039
18.7011,43151
18.7064,42952
18.7121,42980
18.7177,43099
18.7233,43042
18.7287,43073
18.7343,43054
18.74,43020
18.7453,43149
18.751,43025
18.7566,42985
18.762,42972
18.7676,43032
18.7733,43060
18.7786,43056
18.7843,43055
18.7899,43127
18.7955,43107
18.8009,43063
18.8065,43068
18.8122,43019
18.8176,43082
18.8232,43100
18.8289,43021
18.8342,42963
18.8399,43069
18.8455,43076
18.8509,43006
18.8565,43028
18.8621,43036
18.8678,43067
18.8731,43095
18.8788,43069
18.8844,43110
18.8897,43052
18.8954,43108
18.901,43059
18.9066,43079
18.912,43026
18.9176,43069
18.9232,43006
18.9289,42989
18.9342,43113
18.9398,43080
18.9455,42956
18.9511,43089
18.9564,43060
18.962,42947
18.9677,43053
18.9733,43072
18.9786,43049
18.9842,43087
18.9899,43044
18.9955,43100
19.0011,43118
19.0065,43081
19.012,43000
19.0176,43023
19.0231,43047
19.0288,43079
19.0344,43072
19.0398,43032
19.0454,43058
19.051,43052
19.0564,43023
19.062,43055
19.0676,42985
19.0733,42983
19.0786,43010
19.0842,43005
19.0899,42926
19.0954,43123
19.1011,43067
19.1064,43035
19.1121,43044
19.1177,43130
19.1231,43108
19.1287,43091
19.1344,43083
19.1397,43026
19.1453,43050
19.151,43021
19.1566,43125
19.1619,43029
19.1676,43003
19.1732,43102
19.1788,43067
19.1842,43045
19.1898,43059
19.1954,43020
19.201,43078
19.2066,43118
19.212,43048
19.2176,43008
19.2233,43031
19.2286,43015
19.2343,43041
19.2399,43091
19.2455,42997
19.2508,43013
19.2565,43136
19.2621,43062
19.2677,43086
19.2731,43027
19.2787,43016
19.2844,43086
19.29,43053
19.2954,42994
19.301,43117
19.3066,43044
19.312,43011
19.3176,43044
19.3233,43005
19.3286,42963
19.3342,43004
19.3399,42997
19.3453,43052
19.3509,43032
19.3565,42963
19.3622,43007
19.3675,43039
19.3732,43048
19.3788,43061
19.3842,42939
19.3898,42944
19.3954,43087
19.4008,43058
19.4064,43037
19.4121,43041
19.4177,43047
19.4231,43079
19.4287,43013
19.4343,42911
19.4397,43002
19.4453,42883
19.451,43005
19.4566,43055
19.462,42980
19.4676,42993
19.4732,42965
19.4788,42920
19.4842,43027
19.4898,42949
19.4955,42993
19.5008,42870
19.5065,42997
19.5121,43053
19.5177,43013
19.5231,42974
19.5287,42925
19.5344,43050
19.5397,43054
19.5454,42990
19.551,42977
19.5566,43010
19.562,42930
19.5676,42965
19.5732,42940
19.5789,43036
19.5842,43039
19.5898,42964
19.5955,42904
19.6008,43057
19.6065,42971
19.6121,42908
19.6175,42960
19.6231,42905
19.6288,42953
19.6344,42943
19.6398,42894
19.6454,42922
19.651,42916
19.6564,43009
19.662,42966
19.6677,42974
19.673,42991
19.6787,42864
19.6843,43050
19.69,42880
19.6954,42930
19.701,42964
19.7066,42890
19.712,42836
19.7176,42953
19.7232,42875
19.7286,42882
19.7342,42888
19.7398,42849
19.7455,42942
19.7508,42991
19.7565,42968
19.7621,42954
19.7677,42926
19.773,42921
19.7787,42843
19.7843,42860
19.7899,42898
19.7953,42858
19.8009,42821
19.8066,42960
19.8119,42892
19.8176,42922
19.8232,42915
19.8288,42909
19.8342,42851
19.8398,42922
19.8454,42942
19.8508,42943
19.8564,42898
19.8621,42993
19.8677,42919
19.8731,42875
19.8787,42983
19.8844,42954
19.8897,42880
19.8954,42994
19.901,42928
19.9064,42911
19.912,42886
19.9177,42905
19.923,42861
19.9287,42835
19.9343,42870
19.9399,42904
19.9453,42863
19.9509,42873
19.9565,42887
19.9619,42937
19.9675,42932
19.9732,42957
19.9788,42828
19.9842,42931
19.9898,43005
19.9954,42867
20.0011,42951
20.0065,42895
20.0121,42947
20.0175,42850
20.0231,42841
20.0288,42852
20.0341,42922
20.0398,42973
20.0454,42874
20.0511,42887
20.0564,42923
20.0621,42901
20.0677,42865
20.0731,42915
20.0787,42839
20.0843,42875
20.0897,42876
20.0953,42868
20.101,42781
20.1066,42905
20.112,42911
20.1176,42937
20.1232,42903
20.1286,42889
20.1343,42850
20.1399,42905
20.1453,42953
20.1509,42849
20.1565,42922
20.1619,42925
20.1675,42911
20.1732,42911
20.1788,42985
20.1842,42886
20.1898,42870
20.1954,42851
20.2008,42914
20.2064,42990
20.2121,42871
20.2177,42879
20.2231,42923
20.2287,42892
20.2343,42932
20.2399,42895
20.2453,42998
20.2509,42947
20.2565,42913
20.2619,42846
20.2675,42947
20.2731,42890
20.2788,42884
20.2841,42891
20.2898,42879
20.2954,42884
20.301,42935
20.3064,42966
20.312,42779
20.3177,42961
20.323,42847
20.3287,42864
20.3343,42919
20.3397,42978
20.3454,42975
20.351,42916
20.3564,42845
20.362,42786
20.3677,42921
20.373,42946
20.3786,42857
20.3843,42925
20.3899,42882
20.3953,42950
20.4009,42852
20.4065,42887
20.4122,42904
20.4175,42843
20.4232,42854
20.4288,42794
20.4342,42876
20.4398,42805
20.4454,42871
20.4508,42860
20.4565,42840
20.4621,42888
20.4675,42978
20.4731,42860
20.4787,42944
20.4843,42891
20.4897,42928
20.4953,43030
20.501,42857
20.5066,42916
20.5119,42831
20.5176,42829
20.5232,42828
20.5288,42867
20.5341,42887
20.5398,42881
20.5454,42829
20.5508,42915
20.5564,42851
20.5619,42862
20.5676,42831
20.5732,42885
20.5786,42852
20.5842,42866
20.5897,42860
20.5954,42844
20.601,42915
20.6064,42854
20.612,42847
20.6175,42909
20.6232,42921
20.6288,42907
20.6342,42879
20.6398,42878
20.6454,42916
20.651,42884
20.6563,42854
20.662,42891
20.6676,42894
20.6732,42875
20.6785,42758
20.6842,42820
20.6898,42944
20.6954,42908
20.7008,42916
20.7064,42948
20.7121,42928
20.7174,42970
20.7231,42978
20.7287,42935
20.7343,42990
20.7397,43035
20.7453,42909
20.751,42894
20.7563,42926
20.762,43034
20.7676,42969
20.7732,42913
20.7786,42925
20.7842,42934
20.7899,42945
20.7952,42955
20.8009,42928
20.8065,42943
20.8121,42944
20.8174,42951
20.8231,42954
20.8287,42997
20.8343,42954
20.8397,42920
20.8453,43002
20.8509,42966
20.8565,42980
20.8619,42885
20.8675,42950
20.8732,42982
20.8788,42960
20.8841,42880
20.8898,42909
20.8954,42970
20.9008,42919
20.9064,42961
20.912,42965
20.9177,42936
20.923,42871
20.9286,42935
20.9343,42960
20.9397,42978
20.9453,43001
20.9509,42963
20.9563,43070
20.962,43010
20.9676,43012
20.973,42899
20.9786,43008
20.9842,42945
20.9899,43006
20.9953,42972
21.0009,42939
21.0066,42884
21.0119,42899
21.0176,42958
21.0232,42952
21.0286,43001
21.0342,42891
21.0398,42962
21.0452,42886
21.0508,42986
21.0565,42997
21.0621,42922
21.0675,42963
21.0731,43059
21.0788,42942
21.0841,43017
21.0898,42929
21.0954,42940
21.1008,42874
21.1064,42979
21.1121,42958
21.1174,42985
21.1231,42956
21.1287,42981
21.1341,42943
21.1397,42901
21.1453,42923
21.1509,42909
21.1563,42919
21.1619,42978
21.1676,42987
21.1732,42960
21.1786,42972
21.1842,42831
21.1898,42934
21.1952,42886
21.2008,42895
21.2065,42884
21.2119,42900
21.2175,42856
21.2232,42947
21.2286,42884
21.2342,42908
21.2399,42988
21.2452,42937
21.2509,42986
21.2565,42913
21.2619,42879
21.2676,42859
21.2732,42994
21.2786,42917
21.2842,42957
21.2898,42898
21.2952,42923
21.3009,42940
21.3065,42945
21.3121,42856
21.3175,42970
21.3231,42972
21.3285,42986
21.3341,42971
21.3398,42951
21.3454,42907
21.3508,42896
21.3564,42916
21.3621,42931
21.3674,42945
21.373,42946
21.3787,42960
21.3843,42879
21.3897,42945
21.3953,42869
21.4007,42869
21.4063,42877
21.412,42968
21.4176,42888
21.423,42924
21.4286,42931
21.4343,42947
21.4396,42915
21.4453,42885
21.4509,42886
21.4563,42889
21.4619,42928
21.4676,42982
21.473,42889
21.4786,42853
21.4843,42839
21.4896,42887
21.4953,42868
21.5009,42879
21.5065,42907
21.5119,42852
21.5175,42807
21.5232,42890
21.5286,42908
21.5342,42848
21.5398,42858
21.5452,42840
21.5508,42903
21.5565,42870
21.5618,42878
21.5675,42876
21.5731,42903
21.5788,42872
21.5841,42853
21.5898,42884
21.5954,42868
21.6008,42819
21.6064,42951
21.6121,42868
21.6174,42868
21.6231,42985
21.6287,42927
21.6341,42816
21.6397,42779
21.6454,42896
21.651,42798
21.6564,42853
21.662,42870
21.6674,42873
21.673,42928
21.6787,42851
21.6843,42877
21.6897,42882
21.6953,42910
21.7007,42807
21.7064,42896
21.712,42836
21.7174,42860
21.7231,42902
21.7287,42862
21.7341,42832
21.7397,42870
21.7454,42751
21.7507,42801
21.7564,42844
21.762,42822
21.7676,42838
21.773,42898
21.7787,42877
21.784,42840
21.7897,42824
21.7953,42811
21.8009,42833
21.8063,42801
21.8119,42853
23.1398,42898
23.1452,42876
23.1508,42820
23.1565,42878
23.162,42878
23.1674,42863
23.173,42850
23.1787,42876
23.1843,42969
23.1897,42863
23.1953,42883
23.2009,42858
23.2063,42790
23.2119,42861
23.2175,42899
23.2229,42828
23.2286,42856
23.2342,42838
23.2398,42881
23.3349,42868
23.3349,42838
23.3398,42901
23.3454,42842
23.4565,42815
23.4621,42799
23.4678,42810
23.4732,42782
23.4788,42747
23.4844,42755
23.4898,42793
23.4954,42789
23.501,42904
23.5067,42880
23.5121,42793
23.5184,42894
23.5453,42867
23.551,44120
23.5564,46715
23.5621,46774
23.5677,46755
23.5733,46705
23.5789,46765
23.5843,46772
23.5899,46851
23.5956,46825
23.6009,46788
23.6066,46837
23.6122,46787
23.6178,46836
23.6232,46838
23.6288,46871
23.6345,46835
23.6398,46925
23.6455,46912
23.6511,46962
23.6565,46898
23.6621,46881
23.6677,46923
23.6734,46933
23.6788,46919
23.6844,46933
23.6898,46906
23.6954,46955
23.7011,47020
23.7067,46941
23.712,46948
23.7176,46903
23.7233,46993
23.7287,46964
23.7343,46916
23.74,47017
23.7456,46936
23.751,47000
23.7566,46944
23.7622,46871
23.7676,46971
23.7732,46902
23.7789,46954
23.7842,46999
23.7899,46946
23.7955,46911
23.8011,46972
23.8065,46895
23.8122,46932
23.8178,46932
23.8231,46936
23.8288,46821
23.8344,46866
23.8398,46890
23.8454,46891
23.8511,46862
23.8564,46844
23.8621,46988
23.8677,46881
23.8733,46912
23.8788,46932
23.8845,46875
23.8898,46864
23.8955,46859
23.9011,46854
23.9064,46915
23.9121,46840
23.9177,46876
23.9234,46884
23.9287,46903
23.9344,46869
23.9397,46829
23.9454,46850
23.951,46856
23.9566,46914
23.962,46836
23.9677,46779
23.9733,46809
23.9789,46857
23.9842,46875
23.9899,46801
23.9955,46819
24.0009,46767
24.0065,46887
24.0121,46854
24.0178,46840
24.0231,46827
24.0288,46883
24.0344,46841
24.04,46850
24.0454,46836
24.0511,46816
24.0567,46841
24.0621,46860
24.0677,46795
24.0731,46856
24.0787,46863
24.0844,46862
24.09,46853
24.0954,46775
24.101,46854
24.1064,46872
24.112,46815
24.1177,46750
24.1233,46799
24.1287,46816
24.1343,46829
24.14,46775
24.1453,46832
24.151,46817
24.1566,46787
24.1622,46797
24.1676,46754
24.1732,46789
24.1789,46798
24.1842,46714
24.1899,46750
24.1955,46807
24.2009,46758
24.2066,46756
24.2122,46757
24.2176,46709
24.2232,46682
24.2289,46745
24.2342,46770
24.2399,46655
24.2455,46738
24.2509,46740
24.2565,46726
24.2622,46694
24.2675,46791
24.2732,46731
24.2788,46742
24.2844,46795
24.2898,46797
24.2954,46713
24.3011,46681
24.3064,46732
24.3121,46753
24.3177,46732
24.3231,46775
24.3287,46789
24.3343,46743
24.34,46722
24.3454,46753
24.351,46790
24.3566,46712
24.362,46780
24.3677,46743
24.3731,46762
24.3788,46747
24.3842,46796
24.3898,46751
24.3955,46765
24.4009,46685
24.4065,46696
24.4121,46760
24.4178,46718
24.4232,46730
24.4288,46785
24.4344,46674
24.4398,46694
24.4455,46760
24.4511,46717
24.4565,46722
24.4621,46734
24.4677,46714
24.4731,46673
24.4788,46676
24.4843,46698
24.4899,46706
24.4956,46679
24.5009,46738
24.5066,46669
24.5122,46684
24.5176,46712
24.5232,46685
24.5288,46663
24.5342,46647
24.5399,46674
24.5455,46604
24.5509,46671
24.5565,46653
24.5622,46686
24.5678,46695
24.5731,46724
24.5788,46744
24.5844,46708
24.59,46716
24.5954,46705
24.601,46693
24.6066,46663
24.612,46704
24.6176,46628
24.6233,46676
24.6289,46610
24.6343,46632
24.6399,46616
24.6455,46635
24.6509,46720
24.6565,46582
24.6622,46699
24.6678,46641
24.6732,46665
24.6788,46632
24.6842,46596
24.6898,46641
24.6955,46691
24.7011,46638
24.7065,46657
24.712,46648
24.7177,46666
24.7233,46647
24.7289,46618
24.7342,46581
24.7398,46632
24.7455,46627
24.7511,46621
24.7567,46619
24.762,46643
24.7677,46625
24.7733,46593
24.7789,46672
24.7843,46631
24.7899,46712
24.7955,46643
24.8011,46628
24.8067,46630
24.8121,46639
24.8177,46643
24.8233,46601
24.8289,46610
24.8342,46692
24.8399,46657
24.8455,46560
24.8511,46569
24.8567,46633
24.8621,46612
24.8677,46578
24.8733,46648
24.8787,46665
24.8844,46574
24.89,46564
24.8956,46523
24.9009,46652
24.9066,46569
24.9122,46647
24.9179,46619
24.9232,46679
24.9289,46605
24.9345,46583
24.9399,46579
24.9455,46611
24.9511,46643
24.9568,46601
24.9621,46602
24.9678,46595
24.9731,46570
24.9788,46605
24.9844,46680
24.9901,46618
24.9954,46646
25.0011,46655
25.0067,46557
25.0121,46613
25.0177,46593
25.0234,46551
25.0287,46572
25.0343,46643
25.04,46601
25.0456,46516
25.051,46578
25.0566,46644
25.0623,46586
25.0679,46645
25.0732,46596
25.0789,46628
25.0845,46588
25.0898,46701
25.0955,46632
25.1011,46581
25.1065,46671
25.1121,46640
25.1178,46634
25.1234,46696
25.1288,46652
25.1344,46599
25.1401,46619
25.1454,46584
25.1511,46609
25.1567,46526
25.1621,46646
25.1677,46551
25.1734,46611
25.1787,46650
25.1844,46600
25.19,46578
25.1954,46511
25.201,46578
25.2067,46528
25.2123,46585
25.2176,46513
25.2233,46578
25.2289,46636
25.2343,46590
25.24,46587
25.2456,46602
25.251,46531
25.2566,46583
25.2622,46564
25.2676,46607
25.2733,46580
25.2789,46631
25.2846,46548
25.2899,46598
25.2956,46492
25.3012,46574
25.3065,46637
25.3122,46590
25.3178,46576
25.3232,46631
25.3288,46479
25.3345,46607
25.3401,46598
25.3455,46582
25.3512,46529
25.3568,46571
25.3622,46567
25.3678,46520
25.3734,46522
25.3788,46571
25.3844,46522
25.3901,46518
25.3954,46464
25.4011,46534
25.4067,46653
25.4123,46563
25.4177,46556
25.4234,46570
25.429,46471
25.4344,46529
