Experiment: Feb_25_Turb_expt vial 2, Thu Feb 25 15:27:00 2021
0.0014,54257
0.0066,54257
0.0122,54197
0.0176,54221
0.0232,54159
0.0288,54155
0.0344,54256
0.04,54124
0.0454,54175
0.0509,54170
0.0565,54157
0.0622,54121
0.0677,54219
0.0734,54277
0.0787,54248
0.0843,54259
0.09,54287
0.0956,47942
0.1009,51563
0.1065,51592
0.1121,51596
0.1177,51514
0.1231,51544
0.1287,51529
0.1343,51509
0.1399,51509
0.1453,51442
0.151,51448
0.1566,51438
0.1621,51412
0.1677,51429
0.1731,51363
0.1788,51328
0.1844,51368
0.1899,51315
0.1956,51346
0.201,51307
0.2066,51264
0.2122,51276
0.2176,51249
0.2232,51064
0.2289,51200
0.2342,51156
0.2399,51183
0.2455,51130
0.2511,51102
0.2565,51067
0.2621,51056
0.2677,51036
0.2733,50994
0.2787,50993
0.2843,50962
0.2899,50965
0.2955,50926
0.3011,50917
0.3065,50874
0.3121,50863
0.3177,50829
0.3233,50792
0.3287,50796
0.3343,50723
0.34,50678
0.3456,50695
0.3509,50589
0.3566,50637
0.3622,50606
0.3678,50568
0.3732,50511
0.3788,50558
0.3844,50493
0.3898,50470
0.3954,50410
0.4011,50297
0.4067,50373
0.4121,50315
0.4177,50285
0.4233,50250
0.4287,50240
0.4343,50245
0.4399,50152
0.4456,50116
0.4509,50079
0.4566,49968
0.4622,50046
0.4678,49910
0.4732,49921
0.4788,49895
0.4844,49861
0.4898,49868
0.4954,49722
0.501,49766
0.5067,49787
0.512,49758
0.5176,49601
0.5233,49619
0.5289,49536
0.5343,49517
0.5399,49504
0.5455,49438
0.5511,49384
0.5565,49313
0.5621,49304
0.5678,49252
0.5731,49145
0.5787,49176
0.5844,49076
0.59,49071
0.5954,49090
0.601,48997
0.6066,48981
0.6122,48841
0.6176,48821
0.6232,48847
0.6288,48700
0.6345,48633
0.6398,48679
0.6455,48554
0.6511,48496
0.6567,48391
0.662,48406
0.6677,48322
0.6733,48280
0.6786,48205
0.6843,48121
0.6899,48033
0.6956,47889
0.7009,47962
0.7066,47929
0.7122,47872
0.7175,47918
0.7232,47759
0.7288,47737
0.7344,47695
0.7398,47554
0.7454,47585
0.7511,47485
0.7567,47359
0.762,47326
0.7677,47331
0.7733,47181
0.7787,47196
0.7843,47005
0.7899,46983
0.7953,46997
0.8009,46940
0.8065,46823
0.8122,46824
0.8178,46738
0.8232,46677
0.8288,46587
0.8344,46518
0.8398,46365
0.8454,46338
0.851,46320
0.8567,46206
0.862,46105
0.8676,46160
0.8733,45965
0.8786,45979
0.8843,45953
0.8899,45881
0.8955,45740
0.9009,45679
0.9065,45689
0.9121,45681
0.9178,45570
0.9231,45418
0.9287,45358
0.9344,45336
0.94,45211
0.9453,45268
0.951,45039
0.9566,45012
0.962,44929
0.9676,44848
0.9732,44806
0.9789,44625
0.9842,44738
0.9898,44571
0.9955,44509
1.0011,44542
1.0065,44384
1.0121,44202
1.0177,44164
1.0231,44142
1.0287,44053
1.0343,43753
1.0399,43839
1.0456,43726
1.0509,43593
1.0566,43686
1.0622,43564
1.0676,43486
1.0732,43138
1.0788,43196
1.0844,42989
1.0898,43245
1.0954,43136
1.101,42918
1.1064,42918
1.112,42814
1.1177,42726
1.1233,42450
1.1289,42455
1.1342,42510
1.1399,42398
1.1455,42256
1.1511,42283
1.1565,42020
1.1621,42051
1.1677,41923
1.1731,41733
1.1787,41719
1.1844,41777
1.1897,41783
1.1954,41503
1.201,41446
1.2066,41576
1.212,41351
1.2176,41387
1.2232,41093
1.2289,41196
1.2342,41180
1.2399,40953
1.2455,40861
1.2508,40923
1.2565,40660
1.2621,40617
1.2677,40625
1.2733,40215
1.2787,40345
1.2843,40155
1.2899,40059
1.2956,39952
1.3009,40098
1.3065,39791
1.3122,39579
1.3175,39906
1.3232,39635
1.3288,39399
1.3344,39381
1.3398,39388
1.3454,39246
1.351,39198
1.3567,39140
1.362,38993
1.3676,38892
1.3733,38991
1.3786,38645
1.3842,38726
1.3899,38520
1.3955,38816
1.4009,38574
1.4065,38395
1.4121,38398
1.4175,38674
1.4231,38331
1.4287,38206
1.4344,38045
1.44,38227
1.4454,38095
1.451,38165
1.4566,37945
1.462,38061
1.4676,37989
1.4732,38025
1.4786,37860
1.4842,37806
1.4898,37762
1.4955,37529
1.5011,37548
1.5065,37352
1.5121,37693
1.5177,37290
1.5233,37109
1.5287,37046
1.5343,37221
1.5399,36846
1.5453,37172
1.5509,37172
1.5566,36874
1.5622,36785
1.5676,36906
1.5732,36429
1.5788,36457
1.5842,36415
1.5898,36544
1.5955,36399
1.6008,36295
1.6065,36276
1.6121,36146
1.6177,36095
1.6231,36078
1.6287,36165
1.6343,36000
1.64,35958
1.6453,35919
1.651,35834
1.6566,35812
1.6619,35819
1.6676,35677
1.6732,35689
1.6788,35709
1.6842,35379
1.6898,35599
1.6954,35290
1.7011,35696
1.7064,35614
1.712,35277
1.7176,35570
1.7232,35253
1.7289,35248
1.7342,35238
1.7398,35081
1.7454,35336
1.7511,34996
1.7564,35028
1.7621,35178
1.7676,35246
1.7733,34929
1.7786,35088
1.7843,34939
1.7899,34936
1.7954,35193
1.8011,34980
1.8064,34985
1.8121,34975
1.8177,34643
1.8233,34999
1.8286,35064
1.8342,34905
1.8399,34779
1.8455,34591
1.8511,34795
1.8564,34778
1.8621,34697
1.8677,34671
1.8733,34629
1.8787,34801
1.8843,34780
1.89,34709
1.8953,34666
1.901,34831
1.9066,34478
1.912,34421
1.9176,34628
1.9232,34648
1.9289,34569
1.9342,34351
1.9399,34512
1.9455,34437
1.9509,34267
1.9565,34532
1.9621,34391
1.9678,34167
1.9731,34431
1.9787,34338
1.9844,34172
1.99,34340
1.9953,34224
2.0066,34321
2.012,34391
2.0176,34259
2.0233,34241
2.0289,34295
2.0343,34130
2.0399,34139
2.0455,34138
2.0511,34198
2.0565,33969
2.0621,34184
2.0677,34187
2.0734,34017
2.0787,33983
2.0843,33993
2.09,34090
2.0956,33711
2.1009,33866
2.1066,33955
2.1122,33914
2.1175,33864
2.1232,34020
2.1288,33939
2.1344,33951
2.1398,33893
2.1454,33878
2.1511,33856
2.1567,33766
2.162,33780
2.1677,33780
2.1733,33730
2.1787,33769
2.1843,33715
2.1899,33709
2.1956,33756
2.2009,33787
2.2065,33852
2.2122,33889
2.2178,33736
2.2232,33733
2.2288,33586
2.2344,33873
2.2398,33626
2.2454,33591
2.251,33505
2.2567,33661
2.2621,33569
2.2677,33534
2.2733,33773
2.279,33649
2.2843,33693
2.29,33578
2.2956,33504
2.3009,33517
2.3065,33607
2.3122,33695
2.3178,33540
2.3231,33507
2.3288,33526
2.3344,33671
2.34,33580
2.3454,33635
2.351,33515
2.3566,33428
2.3623,33516
2.3676,33374
2.3732,33510
2.3789,33517
2.3842,33513
2.3899,33615
2.3955,33469
2.4011,33482
2.4065,33471
2.4121,33510
2.4177,33552
2.4234,33670
2.4287,33422
2.4344,33535
2.44,33499
2.4456,33497
2.451,33428
2.4566,33383
2.4622,33353
2.4676,33474
2.4732,33498
2.4788,33345
2.4845,33375
2.4898,33418
2.4954,33521
2.5011,33438
2.5067,33370
2.512,33538
2.5177,33342
2.5233,33375
2.5289,33337
2.5343,33400
2.5399,33426
2.5456,33404
2.5509,33300
2.5566,33409
2.5622,33361
2.5678,33318
2.5732,33357
2.5788,33444
2.5845,33535
2.5898,33325
2.5954,33386
2.601,33385
2.6067,33466
2.6123,33535
2.6176,33334
2.6233,33337
2.6289,33334
2.6345,33489
2.6399,33281
2.6455,33322
2.6511,33460
2.6567,33299
2.6621,33343
2.6677,33428
2.6733,33393
2.679,33437
2.6843,33398
2.6899,33465
2.6956,33479
2.7012,33513
2.7065,33387
2.7122,33462
2.7178,33399
2.7232,33437
2.7288,33443
2.7344,33455
2.74,33459
2.7454,33511
2.751,33515
2.7567,33306
2.7623,33446
2.7676,33553
2.7733,33333
2.7789,33402
2.7843,33387
2.7899,33482
2.7955,33480
2.8012,33446
2.8065,33388
2.8122,33535
2.8178,33463
2.8234,33345
2.8288,33560
2.8344,33387
2.84,33481
2.8454,33496
2.851,33386
2.8566,33324
2.8623,33273
2.8676,33389
2.8733,33485
2.8789,33354
2.8842,33367
2.8899,33365
2.8955,33351
2.9012,33471
2.9065,33347
2.9121,33364
2.9178,33367
2.9234,33461
2.9287,33443
2.9344,33260
2.94,33424
2.9454,33289
2.951,33454
2.9566,33458
2.9623,33492
2.9677,33352
2.9733,33465
2.9789,33477
2.9845,33407
2.9899,33323
2.9955,33333
3.0065,33604
3.0122,33281
3.0178,33363
3.0234,33311
3.0288,33326
3.0344,33461
3.04,33327
3.0456,33403
3.051,33522
3.0566,33279
3.0622,33394
3.0676,33318
3.0733,33333
3.0789,33405
3.0845,33322
3.0899,33382
3.0955,33568
3.1012,33362
3.1065,33353
3.1121,33353
3.1178,33373
3.1234,33380
3.1287,33411
3.1344,33381
3.14,33512
3.1456,33282
3.151,33440
3.1566,33435
3.1623,33326
3.1676,33386
3.1733,33347
3.1789,33430
3.1843,33490
3.1899,33373
3.1955,33544
3.2012,33448
3.2065,33388
3.2122,33552
3.2178,33444
3.2234,33357
3.2288,33271
3.2343,33365
3.2399,33402
3.2455,33481
3.2511,33385
3.2567,33537
3.2621,33625
3.2677,33510
3.2734,33424
3.2787,33449
3.2843,33423
3.2899,33491
3.2955,33624
3.3011,33564
3.3065,33598
3.3121,33522
3.3177,33622
3.3233,33624
3.3289,33571
3.3343,33506
3.3399,33496
3.3455,33495
3.3511,33559
3.3567,33611
3.3621,33551
3.3677,33535
3.3733,33626
3.3789,33475
3.3843,33527
3.3899,33444
3.3955,33602
3.4011,33621
3.4067,33629
3.4121,33624
3.4177,33594
3.4233,33578
3.4289,33774
3.4345,33565
3.4399,33673
3.4455,33625
3.4512,33663
3.4565,33718
3.4622,33712
3.4678,33658
3.4732,33775
3.4788,33646
3.4845,33639
3.4901,33603
3.4954,33636
3.5011,33656
3.5067,33664
3.5121,33710
3.5177,33674
3.5233,33578
3.529,33629
3.5343,33713
3.5399,33599
3.5456,33777
3.5512,33706
3.5565,33736
3.5622,33761
3.5678,33682
3.5732,33778
3.5788,33834
3.5844,33574
3.5901,33681
3.5954,33657
3.601,33610
3.6067,33828
3.6123,33806
3.6177,33732
3.6233,33702
3.6289,33700
3.6343,33846
3.6399,33709
3.6455,33619
3.6511,33642
3.6565,33676
3.6621,33910
3.6678,33780
3.6734,33664
3.6788,33857
3.6844,33624
3.69,33753
3.6954,33766
3.701,33694
3.7067,33745
3.712,33715
3.7176,33614
3.7233,33846
3.7289,33638
3.7345,33827
3.7399,33748
3.7455,33639
3.7511,33791
3.7565,33644
3.7621,33775
3.7678,33765
3.7731,33816
3.7788,33852
3.7844,33873
3.79,33777
3.7954,33935
3.801,33852
3.8066,33830
3.8122,33917
3.8179,33748
3.8232,33716
3.8288,33774
3.8345,33940
3.8398,33781
3.8454,33857
3.8511,33903
3.8567,33890
3.8623,33741
3.8677,33863
3.8733,33763
3.8789,33849
3.8843,33897
3.8899,33854
3.8956,33869
3.9012,33887
3.9065,33952
3.9122,33928
3.9178,33793
3.9234,33856
3.9288,33904
3.9344,33876
3.94,33790
3.9454,33867
3.951,33902
3.9567,33957
3.9623,33944
3.9677,33972
3.9733,33998
3.9789,33974
3.9843,33947
3.9899,33932
3.9956,33891
4.0009,33998
4.0066,33884
4.0123,33946
4.0176,34031
4.0232,33921
4.0289,33841
4.0345,33990
4.0399,33933
4.0455,34008
4.0511,34063
4.0565,33903
4.0621,33988
4.0677,33950
4.0734,33931
4.0787,34068
4.0844,33944
4.09,33955
4.0956,34032
4.101,34114
4.1066,34014
4.1123,34048
4.1176,34002
4.1232,34045
4.1289,33946
4.1345,33950
4.1398,33955
4.1455,34001
4.1511,34037
4.1565,33912
4.1621,33964
4.1677,33965
4.1734,34108
4.179,33924
4.1843,34211
4.19,34109
4.1956,33972
4.2009,33999
4.2066,34130
4.2122,34039
4.2178,34194
4.2232,34108
4.2288,34079
4.2345,34124
4.2398,34119
4.2454,34058
4.2511,34035
4.2567,34120
4.262,34021
4.2677,33985
4.2733,33930
4.2787,34145
4.2843,34008
4.2899,34089
4.2956,34172
4.3009,34136
4.3065,34098
4.3121,34081
4.3178,34158
4.3234,34138
4.3288,34148
4.3344,34325
4.34,34130
4.3454,34143
4.351,34193
4.3567,34237
4.362,34342
4.3676,34206
4.3733,34234
4.3789,34257
4.3843,34142
4.3899,34099
4.3955,34231
4.4012,34196
4.4065,34202
4.4121,34333
4.4178,34157
4.4234,34290
4.4287,34314
4.4344,34249
4.44,34182
4.4456,34241
4.4509,34272
4.4565,34157
4.4622,34233
4.4678,34209
4.4731,34191
4.4788,34189
4.4844,34162
4.49,34183
4.4954,34191
4.501,34257
4.5066,34154
4.5123,34202
4.5176,34181
4.5233,34373
4.5289,34130
4.5342,34383
4.5399,34249
4.5455,34271
4.5511,34400
4.5565,34442
4.5621,34430
4.5678,34276
4.5734,34361
4.5787,34410
4.5844,34359
4.59,34280
4.5954,34443
4.601,34470
4.6066,34443
4.6123,34336
4.6176,34370
4.6232,34362
4.6289,34388
4.6345,34268
4.6398,34391
4.6455,34565
4.6511,34549
4.6567,34524
4.6621,34381
4.6677,34433
4.6734,34499
4.6787,34571
4.6843,34446
4.69,34302
4.6956,34611
4.7009,34433
4.7066,34413
4.7122,34466
4.7178,34535
4.7232,34506
4.7288,34475
4.7344,34528
4.7401,34514
4.7454,34537
4.751,34496
4.7565,34444
4.7621,34537
4.7677,34392
4.7733,34422
4.7787,34520
4.7843,34563
4.7899,34646
4.7955,34578
4.8009,34630
4.8065,34486
4.8121,34558
4.8177,34541
4.8233,34484
4.8287,34631
4.8343,34560
4.8399,34510
4.8455,34487
4.8512,34478
4.8565,34478
4.8622,34646
4.8677,34637
4.8734,34713
4.8787,34670
4.8843,34614
4.89,34707
4.8955,34492
4.9011,34628
4.9065,34550
4.9121,34510
4.9178,34637
4.9233,34456
4.9287,34652
4.9343,34554
4.9399,34466
4.9456,34603
4.9509,34621
4.9565,34568
4.9622,34627
4.9676,34584
4.9732,34741
4.9788,34639
4.9844,34658
4.9898,34612
4.9954,34597
5.001,34730
5.0067,34701
5.012,34559
5.0177,34667
5.0233,34769
5.0289,34805
5.0343,34710
5.0399,34799
5.0455,34779
5.0511,34543
5.0565,34650
5.0621,34792
5.0678,34697
5.0731,34723
5.0787,34783
5.0844,34731
5.09,34698
5.0954,34814
5.101,34727
5.1066,34642
5.1122,34652
5.1176,34697
5.1232,34725
5.1288,34735
5.1344,34773
5.1398,34795
5.1454,34777
5.1511,34870
5.1567,34811
5.162,34854
5.1677,34843
5.1733,34790
5.1787,34779
5.1843,34804
5.1899,34882
5.1955,34761
5.2009,34824
5.2065,34868
5.2122,34890
5.2178,34741
5.2232,34891
5.2288,34740
5.2344,34859
5.2398,34879
5.2454,34824
5.251,34829
5.2566,34722
5.262,34881
5.2676,34912
5.2733,34954
5.2789,34943
5.2843,35059
5.2899,34922
5.2955,34937
5.3009,34905
5.3065,34958
5.3122,35014
5.3178,34970
5.3231,34930
5.3288,34968
5.3344,34925
5.34,35122
5.3454,34946
5.351,35009
5.3566,34895
5.362,34956
5.3676,34991
5.3733,35021
5.3789,35051
5.3842,34891
5.3899,35007
5.3955,34917
5.4011,34927
5.4065,34975
5.4121,34901
5.4175,34854
5.4231,34931
5.4288,35077
5.4344,35147
5.44,34956
5.4454,34946
5.451,35046
5.4567,35175
5.462,34845
5.4676,35024
5.4733,35089
5.4786,35001
5.4843,35006
5.4899,35008
5.4955,34970
5.5009,34989
5.5065,35075
5.5121,35015
5.5178,35082
5.5231,34984
5.5288,35131
5.5344,35092
5.5398,35048
5.5454,35005
5.551,35114
5.5567,35060
5.562,34993
5.5677,35051
5.5733,35068
5.5787,35036
5.5843,35155
5.5899,35110
5.5955,35045
5.6009,35005
5.6065,35086
5.6121,35074
5.6178,35047
5.6231,35007
5.6288,35097
5.6344,35115
5.64,35066
5.6454,35113
5.651,35043
5.6566,35219
5.6622,35181
5.6676,35122
5.6732,35164
5.6788,35155
5.6844,35152
5.6898,35219
5.6954,35181
5.701,35091
5.7064,35077
5.712,35136
5.7177,35098
5.7233,35151
5.7289,35181
5.7343,35143
5.7399,35140
5.7455,35120
5.7509,35186
5.7565,35102
5.7622,35144
5.7678,35165
5.7731,35118
5.7788,35175
5.7844,35177
5.7898,35101
5.7954,35188
5.8011,35206
5.8064,35226
5.812,35172
5.8177,35173
5.8233,35221
5.8287,35287
5.8343,35243
5.84,35164
5.8453,35151
5.851,35238
5.8566,35185
5.862,35294
5.8676,35091
5.8732,35176
5.8789,35264
5.8842,35246
5.8899,35145
5.8955,35255
5.9009,35079
5.9065,35244
5.9122,35138
5.9178,35119
5.9231,35370
5.9288,35223
5.9344,35302
5.9398,35235
5.9454,35230
5.951,35287
5.9567,35231
5.962,35347
5.9677,35208
5.9733,35281
5.9786,35291
5.9843,35244
5.9899,35165
5.9955,35391
6.0009,35249
6.0065,35334
6.0122,35359
6.0178,35237
6.0231,35248
6.0288,35352
6.0344,35314
6.04,35350
6.0453,35338
6.051,35274
6.0566,35407
6.062,35355
6.0676,35352
6.0732,35266
6.0788,35378
6.0842,35373
6.0898,35475
6.0955,35457
6.1011,35332
6.1064,35333
6.1121,35421
6.1177,35382
6.1231,35375
6.1287,35395
6.1343,35330
6.1397,35375
6.1453,35367
6.151,35244
6.1566,35442
6.162,35364
6.1676,35425
6.1732,35415
6.1789,35375
6.1842,35420
6.1899,35468
6.1955,35431
6.2009,35497
6.2065,35431
6.2122,35524
6.2175,35566
6.223,35462
6.2287,35499
6.2343,35555
6.2399,35558
6.2453,35435
6.2508,35476
6.2565,35410
6.2621,35449
6.2677,35575
6.2731,35498
6.2786,35503
6.2843,35581
6.2899,35400
6.2953,35522
6.3009,35509
6.3065,35557
6.3121,35498
6.3177,35580
6.3231,35585
6.3287,35524
6.3343,35617
6.3399,35544
6.3455,35563
6.3509,35478
6.3565,35504
6.3621,35442
6.3677,35615
6.3733,35590
6.3787,35406
6.3843,35551
6.3899,35566
6.3955,35640
6.4009,35677
6.4065,35609
6.4122,35641
6.4175,35656
6.4231,35642
6.4288,35607
6.4344,35650
6.4398,35637
6.4454,35579
6.451,35713
6.4567,35637
6.462,35692
6.4676,35672
6.4733,35756
6.4786,35636
6.4843,35715
6.4899,35712
6.4955,35698
6.5009,35770
6.5065,35710
6.5122,35707
6.5175,35660
6.5232,35740
6.5288,35797
6.5342,35773
6.5398,35748
6.5454,35796
6.5511,35726
6.5567,35771
6.562,35644
6.5676,35625
6.5733,35741
6.5789,35710
6.5842,35681
6.5899,35678
6.5955,35804
6.6011,35700
6.6065,35729
6.6121,35768
6.6177,35744
6.6231,35709
6.6287,35839
6.6343,35787
6.64,35798
6.6453,35746
6.6509,35791
6.6566,35811
6.6622,35816
6.6676,35833
6.6732,35858
6.6788,35907
6.6844,35780
6.6898,35766
6.6954,35869
6.701,35852
6.7066,35865
6.712,35880
6.7176,35743
6.7233,35814
6.7286,35887
6.7342,35811
6.7399,35733
6.7455,35798
6.7508,35977
6.7565,35906
6.7621,35999
6.7677,35905
6.7731,35934
6.7787,35835
6.7844,35804
6.79,35872
6.7953,35778
6.801,35826
6.8066,35794
6.812,35889
6.8176,35809
6.8232,35752
6.8288,35908
6.8342,35839
6.8398,35808
6.8455,35759
6.8511,35833
6.8565,35734
6.8621,35874
6.8677,36001
6.8731,35853
6.8787,36043
6.8843,35835
6.8899,35906
6.8953,35912
6.9009,35981
6.9065,35924
6.9122,36018
6.9178,35973
6.9232,35995
6.9288,35957
6.9344,35954
6.9398,36154
6.9454,35952
6.951,35844
6.9567,35987
6.962,36021
6.9676,35931
6.9733,36064
6.9786,35942
6.9842,35996
6.9899,35896
6.9955,35927
7.0011,36067
7.0065,36071
7.0122,36084
7.0175,36095
7.0232,36128
7.0288,36052
7.0344,36177
7.0398,36069
7.0454,36051
7.0511,36127
7.0567,36070
7.062,36021
7.0677,36028
7.0733,36111
7.0787,36102
7.0843,36150
7.0899,36179
7.0956,36223
7.1009,36153
7.1066,36232
7.1122,36062
7.1176,36089
7.1232,36050
7.1288,36154
7.1345,36302
7.1398,36158
7.1454,36120
7.1511,36253
7.1567,36099
7.162,36287
7.1677,36251
7.1733,36196
7.1789,36129
7.1843,36207
7.1899,36265
7.1955,36151
7.2011,36162
7.2065,36177
7.2121,36136
7.2178,36264
7.2231,36280
7.2288,36306
7.2344,36189
7.24,36294
7.2453,36320
7.251,36373
7.2566,36275
7.262,36279
7.2676,36306
7.2732,36250
7.2789,36296
7.2842,36331
7.2899,36299
7.2955,36201
7.3011,36308
7.3065,36230
7.3121,36293
7.3178,36339
7.3231,36308
7.3288,36354
7.3344,36307
7.3397,36332
7.3453,36308
7.351,36216
7.3566,36358
7.3622,36554
7.3676,36367
7.3732,36410
7.3788,36403
7.3845,36458
7.3898,36363
7.3955,36381
7.4011,36474
7.4065,36343
7.4121,36419
7.4177,36443
7.4233,36405
7.4287,36504
7.4343,36591
7.4399,36430
7.4455,36523
7.4509,36518
7.4565,36572
7.4622,36601
7.4678,36495
7.4731,36551
7.4788,36549
7.4844,36591
7.49,36637
7.4954,36637
7.501,36667
7.5066,36683
7.512,36561
7.5176,36671
7.5233,36757
7.5289,36779
7.5342,36679
7.5399,36731
7.5455,36827
7.5511,36735
7.5565,36807
7.5621,36818
7.5678,36736
7.5731,36828
7.5788,36692
7.5844,36868
7.59,36898
7.5954,36895
7.601,36916
7.6066,36846
7.6123,36886
7.6176,36942
7.6232,36880
7.6289,36959
7.6342,36936
7.6399,36765
7.6455,36934
7.6509,36915
7.6565,36866
7.6622,36835
7.6678,36927
7.6731,37033
7.6788,37007
7.6844,36865
7.69,36949
7.6954,36987
7.701,36997
7.7066,36920
7.712,36972
7.7176,36962
7.7233,36975
7.7289,37031
7.7343,37042
7.7399,36967
7.7455,36967
7.7509,37029
7.7565,37102
7.7621,37118
7.7678,37049
7.7731,37124
7.7787,37097
7.7844,36984
7.79,37050
7.7953,37097
7.8009,37179
7.8065,37190
7.8121,37028
7.8178,37189
7.8231,37209
7.8287,37135
7.8343,37082
7.8399,37193
7.8456,37120
7.8509,37102
7.8565,37175
7.8621,37248
7.8676,37206
7.8732,37149
7.8788,37110
7.8842,37246
7.8899,37202
7.8955,37197
7.9009,37208
7.9065,37271
7.9121,37267
7.9178,37141
7.9234,37261
7.9287,37311
7.9344,37294
7.9399,37301
7.9456,37381
7.9509,37198
7.9566,37347
7.9622,37229
7.9677,37236
7.9731,37310
7.9787,37284
7.9843,37428
7.99,37352
7.9953,37412
8.001,37262
8.0066,37426
8.012,37388
8.0176,37429
8.0233,37403
8.0289,37323
8.0343,37457
8.0399,37397
8.0455,37446
8.0511,37417
8.0565,37467
8.0621,37455
8.0677,37430
8.0731,37414
8.0787,37422
8.0844,37450
8.09,37526
8.0953,37416
8.101,37513
8.1066,37492
8.1122,37520
8.1176,37432
8.1232,37378
8.1288,37463
8.1344,37435
8.1398,37595
8.1454,37463
8.1511,37450
8.1564,37507
8.1621,37566
8.1677,37480
8.1733,37540
8.1787,37537
8.1843,37531
8.1899,37515
8.1956,37540
8.2009,37416
8.2066,37519
8.2122,37483
8.2175,37622
8.2232,37485
8.2288,37553
8.2344,37521
8.2398,37586
8.2454,37513
8.2511,37586
8.2564,37570
8.2621,37552
8.2677,37729
8.2733,37619
8.2787,37637
8.2843,37622
8.29,37629
8.2953,37572
8.301,37587
8.3066,37607
8.312,37634
8.3176,37708
8.3232,37654
8.3288,37610
8.3342,37622
8.3398,37676
8.3454,37586
8.3511,37670
8.3564,37607
8.3621,37764
8.3677,37679
8.3733,37755
8.3787,37759
8.3844,37734
8.39,37802
8.3954,37757
8.401,37650
8.4066,37659
8.4122,37710
8.4176,37716
8.4232,37741
8.4288,37775
8.4345,37685
8.4398,37785
8.4455,37690
8.4511,37772
8.4564,37757
8.4621,37724
8.4677,37765
8.4733,37833
8.4787,37792
8.4843,37821
8.4899,37811
8.4956,37764
8.5009,37826
8.5066,37768
8.5122,37855
8.5176,37767
8.5232,37890
8.5289,37744
8.5342,37904
8.5399,37869
8.5455,37864
8.5508,37829
8.5565,37879
8.5621,37767
8.5677,37859
8.5731,37805
8.5788,37851
8.5844,37928
8.59,37893
8.5954,37842
8.601,37888
8.6066,37793
8.612,37801
8.6176,37869
8.6233,37883
8.6289,37909
8.6342,37799
8.6399,37872
8.6455,37852
8.6511,37902
8.6565,37833
8.6621,37861
8.6677,37893
8.6733,37891
8.6787,37939
8.6843,37951
8.6899,37906
8.6956,37899
8.7009,37924
8.7066,37982
8.7122,37917
8.7175,37958
8.7232,37913
8.7288,37959
8.7344,37992
8.7401,37944
8.7454,37964
8.751,37943
8.7567,38023
8.762,37900
8.7677,37881
8.7733,37996
8.7786,37861
8.7843,37947
8.7899,38053
8.7955,37978
8.8009,37986
8.8066,38024
8.8122,37910
8.8175,38042
8.8232,38030
8.8288,38003
8.8344,37940
8.8398,38122
8.8454,38008
8.851,37918
8.8567,38100
8.862,38064
8.8677,37995
8.8733,38076
8.8786,38101
8.8843,38090
8.8899,38088
8.8955,38116
8.9009,38185
8.9065,38142
8.9121,38125
8.9178,38035
8.9231,38068
8.9288,38178
8.9344,38054
8.94,38174
8.9454,38085
8.951,38191
8.9566,38121
8.962,38204
8.9676,38262
8.9732,38127
8.9788,38206
8.9842,38170
8.9898,38154
8.9954,38178
9.0011,38219
9.0064,38192
9.0121,38097
9.0177,38142
9.0233,38035
9.0287,38172
9.0343,38211
9.0399,38265
9.0453,38124
9.0509,38099
9.0566,38227
9.0622,38148
9.0676,38228
9.0732,38176
9.0788,38186
9.0845,38202
9.0898,38267
9.0954,38303
9.1011,38234
9.1064,38222
9.1121,38248
9.1177,38283
9.1233,38270
9.1287,38137
9.1343,38329
9.14,38149
9.1456,38202
9.1509,38321
9.1566,38196
9.1622,38262
9.1675,38289
9.1732,38325
9.1788,38148
9.1842,38290
9.1898,38305
9.1954,38233
9.2011,38227
9.2064,38258
9.2121,38311
9.2177,38333
9.2231,38319
9.2287,38334
9.2343,38292
9.2399,38289
9.2453,38341
9.2509,38295
9.2565,38336
9.2621,38331
9.2678,38426
9.2731,38416
9.2787,38274
9.2844,38309
9.29,38396
9.2953,38309
9.301,38344
9.3066,38233
9.312,38373
9.3176,38354
9.3232,38420
9.3288,38369
9.3342,38380
9.3398,38367
9.3454,38295
9.3511,38353
9.3564,38383
9.3621,38336
9.3677,38347
9.3733,38460
9.3786,38409
9.3843,38414
9.3899,38470
9.3955,38449
9.4009,38430
9.4064,38375
9.412,38392
9.4177,38350
9.4233,38461
9.4287,38489
9.4342,38455
9.4399,38398
9.4455,38358
9.4509,38515
9.4565,38486
9.462,38411
9.4677,38492
9.4733,38510
9.4786,38407
9.4843,38480
9.4898,38437
9.4955,38519
9.5011,38611
9.5064,38470
9.5121,38436
9.5177,38525
9.5233,38519
9.5287,38434
9.5343,38531
9.5399,38558
9.5453,38644
9.5509,38401
9.5565,38494
9.5622,38545
9.5678,38562
9.5732,38557
9.5788,38535
9.5842,38666
9.5898,38546
9.5954,38602
9.601,38589
9.6064,38578
9.612,38535
9.6176,38532
9.6233,38529
9.6286,38560
9.6343,38557
9.6399,38641
9.6453,38476
9.6509,38594
9.6566,38504
9.6622,38601
9.6676,38574
9.6732,38700
9.6788,38563
9.6842,38568
9.6898,38588
9.6954,38630
9.7008,38603
9.7064,38616
9.7121,38590
9.7177,38665
9.7233,38643
9.7287,38684
9.7343,38670
9.74,38622
9.7453,38680
9.751,38673
9.7566,38624
9.7619,38654
9.7676,38629
9.7732,38757
9.7788,38561
9.7842,38761
9.7898,38680
9.7955,38670
9.8011,38671
9.8064,38711
9.8121,38811
9.8177,38695
9.823,38697
9.8287,38621
9.8343,38674
9.84,38666
9.8453,38778
9.851,38775
9.8566,38707
9.8622,38649
9.8676,38775
9.8732,38832
9.8788,38778
9.8844,38802
9.8898,38705
9.8954,38753
9.901,38733
9.9066,38711
9.912,38698
9.9176,38808
9.9232,38784
9.9286,38752
9.9342,38701
9.9399,38710
9.9455,38779
9.9508,38791
9.9565,38743
9.9621,38802
9.9677,38757
9.9731,38866
9.9787,38771
9.9844,38769
9.9897,38821
9.9953,38762
10.001,38798
10.0066,38822
10.012,38800
10.0176,38748
10.0233,38869
10.0286,38820
10.0343,38803
10.0399,38827
10.0455,38847
10.0509,38840
10.0565,38971
10.0622,38846
10.0675,38858
10.0731,38879
10.0788,38915
10.0841,38853
10.0898,38888
10.0954,38879
10.101,38860
10.1064,38934
10.112,38901
10.1177,38969
10.123,38955
10.1287,38906
10.1343,38926
10.1399,38961
10.1453,39020
10.1509,38832
10.1566,38917
10.1622,38940
10.1675,38891
10.1732,38858
10.1788,38811
10.1841,38912
10.1898,39050
10.1954,38856
10.201,39087
10.2064,38948
10.2121,39015
10.2177,38995
10.2233,38945
10.2287,39001
10.2343,38952
10.2399,38875
10.2453,38991
10.2509,39034
10.2565,39025
10.2622,38962
10.2675,39034
10.2732,38983
10.2788,38914
10.2844,39027
10.2898,39076
10.2954,38999
10.301,39022
10.3064,39078
10.312,39041
10.3176,39107
10.3233,39019
10.3286,39120
10.3343,38949
10.3399,39082
10.3455,39071
10.3509,39022
10.3565,39066
10.3622,39115
10.3675,39038
10.3731,39083
10.3787,39078
10.3844,39101
10.3897,39077
10.3954,39125
10.401,39048
10.4066,39124
10.412,39052
10.4176,39104
10.4232,39062
10.4289,39131
10.4342,39045
10.4398,39167
10.4455,39046
10.4508,39120
10.4565,39144
10.4621,39099
10.4677,39122
10.4731,39126
10.4787,39073
10.4844,39125
10.4897,39144
10.4954,39041
10.501,39144
10.5063,39115
10.512,39115
10.5176,39107
10.5233,39184
10.5286,39102
10.5342,39137
10.5399,39132
10.5455,39159
10.5509,39293
10.5565,39117
10.5621,39248
10.5675,39238
10.5731,39141
10.5787,39184
10.5844,39161
10.5897,39201
10.5954,39199
10.601,39205
10.6066,39257
10.612,39163
10.6176,39252
10.6232,39255
10.6286,39286
10.6342,39266
10.6398,39288
10.6455,39127
10.6508,39208
10.6564,39200
10.662,39312
10.6677,39215
10.673,39310
10.6787,39236
10.6843,39354
10.6899,39273
10.6955,39227
10.7009,39302
10.7065,39263
10.7121,39318
10.7175,39229
10.7231,39247
10.7287,39322
10.7343,39390
10.7397,39325
10.7453,39363
10.751,39396
10.7566,39413
10.7619,39371
10.7676,39365
10.7732,39344
10.7788,39392
10.7842,39270
10.7898,39364
10.7954,39427
10.8011,39361
10.8064,39381
10.812,39417
10.8177,39325
10.823,39306
10.8286,39367
10.8343,39375
10.8399,39340
10.8453,39394
10.8509,39391
10.8565,39374
10.8622,39345
10.8675,39403
10.8732,39356
10.8788,39449
10.8842,39294
10.8898,39370
10.8954,39373
10.9011,39386
10.9064,39348
10.912,39339
10.9177,39454
10.9233,39464
10.9286,39466
10.9343,39423
10.9399,39425
10.9453,39469
10.9509,39361
10.9565,39445
10.9621,39432
10.9675,39445
10.9731,39461
10.9787,39385
10.9844,39493
10.9897,39403
10.9954,39384
11.001,39474
11.0064,39425
11.0119,39460
11.0176,39413
11.0232,39453
11.0288,39429
11.0342,39483
11.0397,39392
11.0454,39488
11.051,39488
11.0566,39507
11.062,39524
11.0675,39480
11.0732,39509
11.0788,39442
11.0842,39550
11.0898,39467
11.0953,39514
11.101,39553
11.1066,39582
11.112,39575
11.1176,39542
11.1232,39547
11.1288,39559
11.1344,39522
11.1398,39574
11.1454,39591
11.151,39554
11.1566,39570
11.162,39559
11.1676,39595
11.1732,39502
11.1786,39661
11.1842,39584
11.1899,39438
11.1955,39569
11.2009,39658
11.2065,39493
11.2121,39692
11.2175,39610
11.2231,39645
11.2287,39672
11.2344,39549
11.2397,39618
11.2454,39659
11.251,39659
11.2566,39682
11.262,39606
11.2676,39694
11.2732,39605
11.2788,39756
11.2842,39639
11.2898,39674
11.2954,39603
11.3011,39619
11.3064,39701
11.3121,39601
11.3177,39704
11.323,39560
11.3287,39666
11.3343,39630
11.3399,39721
11.3453,39700
11.3509,39626
11.3566,39693
11.3622,39710
11.3675,39750
11.3732,39758
11.3788,39713
11.3842,39689
11.3898,39760
11.3954,39723
11.4011,39732
11.4064,39707
11.412,39658
11.4177,39695
11.4233,39675
11.4287,39728
11.4343,39793
11.4399,39823
11.4453,39800
11.4509,39703
11.4565,39759
11.4622,39793
11.4675,39754
11.4731,39718
11.4788,39746
11.4844,39627
11.4898,39725
11.4954,39724
11.5011,39699
11.5064,39750
11.512,39776
11.5177,39724
11.5233,39666
11.5287,39930
11.5343,39777
11.5399,39786
11.5456,39763
11.5509,39817
11.5565,39732
11.5622,39803
11.5678,39792
11.5731,39912
11.5788,39863
11.5844,39820
11.5897,39876
11.5954,39885
11.601,39881
11.6066,39786
11.612,39824
11.6176,39862
11.6232,39817
11.6289,39811
11.6342,39856
11.6399,39888
11.6455,39872
11.6511,39714
11.6565,39993
11.6621,39802
11.6677,39821
11.6731,39852
11.6787,39884
11.6843,39936
11.69,39981
11.6953,39876
11.701,39952
11.7066,39897
11.712,39969
11.7176,39843
11.7232,39981
11.7289,39951
11.7342,39935
11.7398,39981
11.7455,39839
11.7511,39983
11.7565,39921
11.7621,39958
11.7678,39968
11.7731,39873
11.7787,39915
11.7844,39899
11.7897,39900
11.7954,39916
11.801,39945
11.8067,39866
11.812,39949
11.8177,39835
11.8233,39912
11.8287,39905
11.8343,39978
11.8399,39999
11.8455,39959
11.8509,39940
11.8566,40036
11.8622,39940
11.8675,39987
11.8732,40049
11.8788,39954
11.8844,40048
11.8898,39914
11.8954,39995
11.901,40011
11.9067,39998
11.912,39952
11.9176,40050
11.9233,39964
11.9289,39972
11.9342,39933
11.9399,40002
11.9455,40034
11.9511,39937
11.9564,40009
11.9621,40030
11.9677,40055
11.9733,39920
11.9787,39990
11.9843,39953
11.9899,40017
11.9953,40000
12.0009,39957
12.0066,40045
12.0122,40132
12.0175,40056
12.0232,39938
12.0288,40021
12.0344,39914
12.0398,40040
12.0454,39995
12.0511,40116
12.0565,40033
12.0621,40020
12.0677,39991
12.0731,39967
12.0787,39943
12.0844,40042
12.0897,40059
12.0953,40071
12.101,40062
12.1066,40058
12.1123,39999
12.1176,40064
12.1232,39964
12.1289,40136
12.1343,40005
12.1399,40130
12.1455,40124
12.1509,40111
12.1565,40103
12.1621,40044
12.1678,40100
12.1731,40038
12.1787,40011
12.1844,39986
12.1897,40076
12.1954,40037
12.201,40134
12.2066,40079
12.212,40134
12.2176,40088
12.2232,40059
12.2289,40099
12.2342,40179
12.2399,40160
12.2455,40072
12.2511,40050
12.2565,40131
12.2621,40124
12.2678,40143
12.2731,40215
12.2788,40071
12.2844,40063
12.29,40188
12.2954,40192
12.301,40103
12.3066,40030
12.312,40168
12.3176,40195
12.3233,40105
12.3289,40136
12.3343,40123
12.3399,40070
12.3455,40152
12.3509,40087
12.3565,40093
12.3622,40153
12.3678,40214
12.3731,40129
12.3788,40128
12.3844,40173
12.3898,40124
12.3954,40124
12.4011,40203
12.4064,40156
12.412,40227
12.4177,40177
12.4233,40161
12.4286,40152
12.4343,40224
12.4399,40149
12.4455,40111
12.4509,40216
12.4565,40209
12.4621,40278
12.4677,40183
12.4734,40206
12.4787,40235
12.4843,40181
12.49,40222
12.4953,40174
12.5009,40278
12.5066,40250
12.5122,40133
12.5175,40285
12.5232,40201
12.5288,40123
12.5344,40237
12.5398,40237
12.5454,40120
12.5511,40234
12.5564,40215
12.5621,40172
12.5677,40170
12.5731,40208
12.5787,40272
12.5843,40272
12.59,40344
12.5953,40274
12.601,40251
12.6066,40246
12.6122,40377
12.6176,40297
12.6232,40309
12.6289,40229
12.6342,40188
12.6399,40321
12.6453,40287
12.651,40278
12.6566,40322
12.662,40263
12.6676,40288
12.6731,40265
12.6788,40439
12.6844,40320
12.6898,40360
12.6954,40300
12.701,40355
12.7066,40396
12.7122,40354
12.7176,40348
12.7232,40372
12.7288,40391
12.7344,40399
12.7398,40322
12.7454,40378
12.751,40303
12.7566,40358
12.7622,40388
12.7676,40398
12.7732,40348
12.7788,40460
12.7844,40335
12.7897,40416
12.7954,40464
12.801,40347
12.8066,40372
12.812,40412
12.8176,40430
12.8233,40333
12.8289,40349
12.8342,40442
12.8399,40402
12.8455,40373
12.8508,40429
12.8565,40421
12.8621,40439
12.8677,40459
12.8731,40415
12.8788,40427
12.8844,40449
12.89,40387
12.8954,40483
12.901,40465
12.9066,40507
12.912,40489
12.9176,40477
12.9232,40520
12.9289,40518
12.9342,40497
12.9399,40502
12.9455,40494
12.9509,40363
12.9565,40448
12.9621,40471
12.9677,40474
12.9731,40408
12.9787,40504
12.9844,40445
12.99,40553
12.9954,40483
13.001,40371
13.0064,40458
13.0121,40513
13.0177,40600
13.0233,40463
13.0287,40465
13.0343,40476
13.0399,40417
13.0455,40384
13.0509,40461
13.0565,40538
13.0621,40517
13.0678,40531
13.0731,40444
13.0787,40519
13.0844,40564
13.0897,40529
13.0953,40452
13.101,40462
13.1066,40496
13.1122,40473
13.1176,40482
13.1232,40508
13.1286,40499
13.1342,40556
13.1399,40530
13.1455,40572
13.1508,40534
13.1565,40502
13.1619,40498
13.1676,40443
13.1732,40541
13.1786,40575
13.1843,40497
13.1899,40565
13.1955,40486
13.2009,40555
13.2065,40546
13.212,40604
13.2176,40592
13.2232,40503
13.2286,40649
13.2343,40599
13.2399,40607
13.2455,40500
13.2509,40570
13.2565,40530
13.262,40601
13.2676,40513
13.2732,40605
13.2786,40488
13.2843,40616
13.2899,40524
13.2953,40640
13.3009,40618
13.3065,40667
13.312,40572
13.3176,40586
13.3233,40635
13.3287,40571
13.3343,40606
13.3399,40595
13.3453,40677
13.3509,40628
13.3565,40675
13.362,40575
13.3676,40611
13.3733,40661
13.3787,40648
13.3843,40625
13.3899,40680
13.3953,40681
13.401,40619
13.4066,40650
13.412,40695
13.4176,40793
13.4233,40554
13.4286,40625
13.4343,40521
13.4399,40644
13.4453,40684
13.451,40631
13.4566,40662
13.462,40651
13.4676,40696
13.4733,40717
13.4786,40696
13.4842,40671
13.4899,40703
13.4954,40665
13.501,40761
13.5066,40628
13.512,40697
13.5177,40711
13.5233,40663
13.5286,40682
13.5343,40661
13.5399,40661
13.5454,40677
13.551,40712
13.5566,40716
13.562,40774
13.5676,40706
13.5732,40691
13.5787,40731
13.5844,40725
13.59,40843
13.5953,40674
13.601,40670
13.6066,40740
13.612,40739
13.6176,40710
13.6232,40805
13.6287,40700
13.6344,40701
13.64,40852
13.6453,40778
13.651,40695
13.6566,40725
13.6621,40743
13.6677,40829
13.6731,40752
13.6787,40710
13.6843,40818
13.69,40845
13.6953,40815
13.7009,40779
13.7066,40811
13.7121,40887
13.7177,40711
13.7233,40742
13.7287,40846
13.7343,40824
13.7399,40779
13.7453,40810
13.7509,40752
13.7566,40785
13.7621,40851
13.7677,40839
13.7731,40832
13.7787,40769
13.7843,40772
13.79,40770
13.7953,40843
13.8009,40769
13.8066,40716
13.8121,40881
13.8177,40804
13.8231,40785
13.8287,40853
13.8343,40828
13.84,40753
13.8453,40870
13.851,40899
13.8566,40796
13.8619,40779
13.8676,40915
13.8732,40814
13.8788,40985
13.8844,40791
13.8898,40831
13.8954,40834
13.9011,40844
13.9064,40881
13.9121,40873
13.9177,40900
13.923,40893
13.9287,40917
13.9343,40792
13.9397,40817
13.9454,40893
13.951,40926
13.9566,40831
13.9619,40896
13.9676,40884
13.9732,40940
13.9788,40898
13.9844,40940
13.9898,40964
13.9954,40907
14.001,40879
14.0064,40875
14.012,40978
14.0177,40904
14.0233,40945
14.0288,40839
14.0342,40979
14.0398,40883
14.0454,40899
14.051,40960
14.0564,40956
14.062,40902
14.0677,40923
14.0733,40935
14.0787,40924
14.0843,40950
14.09,41017
14.0953,40929
14.1009,40920
14.1066,40938
14.1122,40807
14.1175,40968
14.1231,40960
14.1288,40917
14.1344,41000
14.1398,41008
14.1454,40976
14.151,40930
14.1564,40943
14.1621,40864
14.1677,40983
14.1733,40945
14.1787,40957
14.1843,40990
14.19,40932
14.1953,41051
14.201,41009
14.2066,40987
14.212,40997
14.2176,41027
14.2231,40988
14.2287,40931
14.2343,41066
14.2399,40999
14.2453,40974
14.2509,40997
14.2565,41042
14.2621,41071
14.2677,41068
14.2731,40920
14.2787,41116
14.2843,40973
14.2899,41015
14.2955,41036
14.3009,41084
14.3065,40969
14.3121,41054
14.3177,40955
14.3231,41096
14.3288,41027
14.3343,41068
14.3399,40992
14.3453,41079
14.3509,40987
14.3565,41047
14.3621,41064
14.3677,41076
14.3731,41123
14.3787,41083
14.3843,41097
14.3899,40979
14.3955,41078
14.4009,41095
14.4066,41106
14.4122,41026
14.4175,40988
14.4232,41088
14.4288,41046
14.4344,41091
14.4398,41082
14.4454,41082
14.4511,41064
14.4564,41110
14.4621,41173
14.4677,41164
14.4733,41117
14.4787,41152
14.4843,41085
14.4899,41020
14.4953,41161
14.5009,41039
14.5066,41131
14.5122,41045
14.5175,41181
14.5232,41131
14.5288,41112
14.5342,41121
14.5398,41070
14.5455,41121
14.5508,41202
14.5565,41158
14.5621,41177
14.5677,41165
14.573,41159
14.5787,41181
14.5843,41202
14.5899,41151
14.5953,41244
14.6009,41083
14.6065,41159
14.6122,41135
14.6175,41172
14.6232,41116
14.6288,41213
14.6341,41153
14.6398,41233
14.6454,41223
14.651,41191
14.6564,41184
14.662,41319
14.6676,41250
14.6733,41228
14.6786,41201
14.6842,41253
14.6899,41306
14.6955,41192
14.7009,41230
14.7065,41168
14.7121,41165
14.7175,41195
14.7231,41231
14.7287,41177
14.7344,41087
14.7397,41249
14.7453,41197
14.751,41196
14.7566,41261
14.762,41222
14.7676,41284
14.7732,41221
14.7786,41196
14.7842,41304
14.7899,41200
14.7955,41163
14.8009,41225
14.8065,41345
14.8121,41215
14.8178,41254
14.8231,41321
14.8288,41282
14.8341,41180
14.8398,41238
14.8454,41230
14.851,41367
14.8564,41203
14.862,41290
14.8677,41286
14.873,41335
14.8787,41323
14.8843,41231
14.8899,41325
14.8953,41291
14.9009,41287
14.9066,41355
14.9122,41331
14.9175,41337
14.9232,41335
14.9288,41262
14.9341,41372
14.9398,41282
14.9454,41354
14.951,41338
14.9564,41321
14.962,41294
14.9677,41346
14.9733,41332
14.9786,41307
14.9843,41312
14.9899,41302
14.9953,41282
15.0009,41311
15.0066,41322
15.0122,41288
15.0175,41365
15.0232,41355
15.0288,41347
15.0342,41382
15.0398,41395
15.0454,41358
15.0508,41340
15.0564,41418
15.0621,41289
15.0677,41337
15.073,41373
15.0787,41306
15.0843,41333
15.0897,41397
15.0953,41336
15.1009,41416
15.1066,41421
15.1119,41317
15.1176,41411
15.1232,41435
15.1288,41331
15.1342,41382
15.1398,41327
15.1454,41334
15.1508,41436
15.1564,41569
15.1621,41452
15.1677,41349
15.1731,41426
15.1787,41412
15.1843,41445
15.19,41449
15.1953,41410
15.201,41452
15.2066,41525
15.212,41413
15.2176,41490
15.2232,41423
15.2288,41375
15.2342,41412
15.2398,41476
15.2454,41457
15.251,41404
15.2564,41388
15.2621,41458
15.2677,41399
15.273,41445
15.2787,41541
15.2843,41478
15.2899,41488
15.2953,41543
15.3009,41452
15.3066,41370
15.3122,41365
15.3176,41446
15.3232,41516
15.3288,41464
15.3342,41509
15.3398,41536
15.3455,41511
15.3508,41495
15.3564,41493
15.3621,41486
15.3677,41489
15.3731,41482
15.3787,41517
15.3843,41530
15.3897,41524
15.3953,41489
15.401,41476
15.4066,41558
15.412,41469
15.4176,41533
15.4233,41563
15.4286,41497
15.4343,41475
15.4399,41518
15.4453,41513
15.4509,41549
15.4565,41518
15.4622,41580
15.4675,41515
15.4731,41555
15.4788,41523
15.4844,41562
15.4897,41502
15.4954,41508
15.501,41523
15.5064,41469
15.512,41521
15.5176,41518
15.5233,41581
15.5289,41510
15.5342,41553
15.5399,41522
15.5455,41633
15.5509,41571
15.5565,41491
15.5621,41498
15.5675,41536
15.5731,41609
15.5787,41588
15.5844,41606
15.5897,41590
15.5953,41529
15.601,41614
15.6066,41591
15.612,41647
15.6176,41574
15.6233,41513
15.6286,41666
15.6342,41621
15.6399,41523
15.6455,41576
15.6509,41555
15.6565,41513
15.6622,41506
15.6675,41568
15.6732,41605
15.6788,41640
15.6842,41552
15.6898,41516
15.6955,41582
15.7008,41549
15.7065,41718
15.7121,41617
15.7178,41613
15.7231,41582
15.7288,41577
15.7344,41542
15.7397,41606
15.7453,41642
15.7509,41565
15.7566,41657
15.7622,41521
15.7675,41654
15.7731,41543
15.7787,41652
15.7843,41618
15.7899,41586
15.7953,41654
15.8009,41629
15.8065,41665
15.8122,41695
15.8175,41621
15.8231,41644
15.8287,41654
15.8343,41667
15.8399,41653
15.8453,41683
15.8509,41701
15.8565,41625
15.8621,41600
15.8678,41657
15.8731,41637
15.8787,41689
15.8843,41612
15.8899,41657
15.8953,41597
15.9009,41626
15.9065,41758
15.9121,41656
15.9177,41598
15.9231,41733
15.9287,41670
15.9344,41667
15.9397,41640
15.9454,41629
15.951,41664
15.9566,41678
15.962,41691
15.9677,41653
15.9733,41741
15.9786,41565
15.9843,41632
15.9899,41675
15.9955,41738
16.0009,41690
16.0066,41751
16.0122,41697
16.0175,41809
16.0232,41796
16.0288,41738
16.0342,41768
16.0398,41720
16.0454,41844
16.0511,41757
16.0564,41705
16.0621,41665
16.0677,41712
16.0731,41722
16.0787,41768
16.0844,41796
16.09,41752
16.0953,41796
16.101,41768
16.1066,41722
16.1122,41758
16.1176,41722
16.1232,41812
16.1288,41568
16.1342,41664
16.1398,41810
16.1454,41767
16.1511,41792
16.1564,41797
16.162,41684
16.1677,41791
16.1733,41830
16.1786,41797
16.1843,41780
16.1899,41785
16.1955,41841
16.2009,41731
16.2065,41888
16.2121,41825
16.2175,41795
16.2231,41778
16.2288,41815
16.2344,41908
16.2398,41760
16.2454,41777
16.251,41853
16.2564,41808
16.262,41778
16.2677,41884
16.2733,41810
16.2787,41828
16.2843,41782
16.2899,41764
16.2956,41871
16.3009,41825
16.3066,41811
16.3122,41776
16.3176,41735
16.3232,41832
16.3289,41758
16.3342,41747
16.3398,41784
16.3455,41755
16.3508,41822
16.3565,41776
16.3621,41828
16.3677,41829
16.3731,41752
16.3787,41786
16.3844,41959
16.39,41865
16.3953,41784
16.401,41796
16.4066,41867
16.412,41893
16.4176,41915
16.4232,41913
16.4289,41931
16.4342,41901
16.4399,41839
16.4455,41954
16.4511,41928
16.4565,41881
16.4621,41888
16.4677,41958
16.4731,41997
16.4787,41907
16.4843,41937
16.49,41929
16.4953,41965
16.501,41838
16.5066,41821
16.5122,41873
16.5176,41917
16.5232,41829
16.5288,42027
16.5345,41914
16.5398,41944
16.5455,41901
16.5509,41866
16.5566,41950
16.562,41908
16.5677,42000
16.5731,41915
16.5787,41961
16.5843,41943
16.59,41952
16.5953,41995
16.601,41910
16.6066,41924
16.6122,41991
16.6176,41943
16.6232,41933
16.6288,42038
16.6343,41992
16.64,42020
16.6453,41949
16.651,42024
16.6566,41906
16.6619,41990
16.6676,41989
16.6732,41937
16.6789,42050
16.6842,41912
16.6899,41955
16.6955,41935
16.7009,41957
16.7065,41959
16.7121,41966
16.7178,41985
16.7231,41946
16.7287,41939
16.7344,41989
16.74,41952
16.7453,42074
16.751,42086
16.7566,41971
16.7622,42114
16.7676,41960
16.7732,41977
16.7788,42025
16.7842,42034
16.7899,41965
16.7955,41972
16.8011,41943
16.8064,41941
16.8121,42058
16.8177,41989
16.8233,42065
16.8287,41995
16.8343,42101
16.84,42042
16.8453,42018
16.851,41995
16.8566,42104
16.8622,41966
16.8676,41971
16.8732,42024
16.8789,42032
16.8842,41977
16.8898,42052
16.8955,41974
16.9008,41990
16.9065,42111
16.9121,42180
16.9178,42106
16.9231,42014
16.9288,42134
16.9344,42040
16.9397,42051
16.9454,42057
16.951,41980
16.9567,42109
16.962,42046
16.9677,42022
16.9733,42054
16.9786,42123
16.9843,42044
16.99,42084
16.9953,42048
17.001,42058
17.0066,42049
17.012,42015
17.0176,41937
17.0233,42119
17.0289,42106
17.0343,42083
17.0399,42083
17.0456,42100
17.0509,42121
17.0565,42009
17.0622,42114
17.0675,42039
17.0731,42120
17.0788,42075
17.0844,42011
17.0898,42028
17.0954,42098
17.101,42125
17.1066,42033
17.1122,42125
17.1176,42018
17.1232,42068
17.1289,42104
17.1342,42145
17.1399,42124
17.1455,42165
17.1511,42085
17.1565,42057
17.1621,42049
17.1677,42034
17.1731,42191
17.1787,42084
17.1843,42099
17.19,42084
17.1953,42163
17.201,42114
17.2066,42142
17.212,42101
17.2176,42056
17.2232,42028
17.2289,42082
17.2342,42124
17.2399,42161
17.2455,42049
17.2509,42116
17.2565,42092
17.2621,42189
17.2678,42107
17.2731,42077
17.2788,42187
17.2844,41997
17.2898,42048
17.2954,42024
17.301,42188
17.3064,42105
17.312,42113
17.3176,42169
17.3233,42146
17.3289,42201
17.3343,42193
17.3399,42173
17.3455,42181
17.3511,42168
17.3565,42230
17.3621,42231
17.3677,42173
17.3733,42127
17.3786,42114
17.3843,42178
17.3899,42130
17.3955,42141
17.4009,42187
17.4064,42300
17.4121,42147
17.4177,42211
17.4233,42135
17.4287,42179
17.4342,42188
17.4399,42240
17.4455,42184
17.4509,42207
17.4565,42191
17.462,42255
17.4677,42204
17.4731,42286
17.4787,42232
17.4843,42248
17.4899,42294
17.4955,42191
17.5008,42311
17.5065,42237
17.5121,42198
17.5177,42268
17.5233,42257
17.5287,42245
17.5343,42365
17.54,42196
17.5453,42264
17.551,42248
17.5566,42253
17.5622,42298
17.5676,42381
17.5732,42237
17.5789,42277
17.5842,42316
17.5899,42274
17.5955,42379
17.6011,42371
17.6064,42294
17.6121,42292
17.6177,42294
17.6233,42387
17.6287,42350
17.6343,42330
17.6399,42318
17.6455,42331
17.6509,42279
17.6565,42272
17.6622,42344
17.6675,42342
17.6731,42262
17.6788,42349
17.6844,42393
17.6898,42351
17.6954,42386
17.701,42259
17.7067,42353
17.712,42324
17.7177,42387
17.7233,42289
17.7286,42305
17.7343,42337
17.7399,42389
17.7455,42401
17.7509,42319
17.7566,42374
17.7622,42348
17.7675,42384
17.7732,42416
17.7788,42321
17.7844,42428
17.7898,42323
17.7954,42293
17.8011,42456
17.8064,42427
17.8121,42407
17.8177,42438
17.8233,42443
17.8287,42353
17.8343,42349
17.84,42360
17.8453,42475
17.851,42409
17.8566,42404
17.862,42452
17.8676,42385
17.8732,42441
17.8789,42450
17.8842,42378
17.8898,42440
17.8955,42439
17.9011,42418
17.9065,42439
17.9121,42494
17.9177,42391
17.9231,42461
17.9287,42396
17.9344,42401
17.94,42469
17.9453,42432
17.951,42490
17.9566,42444
17.9622,42485
17.9676,42503
17.9732,42423
17.9788,42489
17.9842,42448
17.9898,42456
17.9955,42536
18.0011,42465
18.0065,42498
18.0121,42516
18.0177,42484
18.0231,42408
18.0287,42508
18.0344,42431
18.0397,42606
18.0453,42492
18.051,42590
18.0566,42517
18.0623,42511
18.0676,42468
18.0732,42500
18.0789,42389
18.0842,42473
18.0899,42541
18.0955,42529
18.1009,42523
18.1066,42376
18.1122,42537
18.1176,42511
18.1232,42456
18.1288,42443
18.1345,42449
18.1398,42462
18.1455,42489
18.1511,42505
18.1564,42555
18.1621,42464
18.1677,42514
18.1731,42548
18.1787,42563
18.1844,42508
18.19,42510
18.1953,42511
18.201,42602
18.2066,42553
18.212,42480
18.2176,42601
18.2232,42558
18.2289,42511
18.2342,42529
18.2399,42616
18.2455,42497
18.2509,42603
18.2565,42525
18.2621,42464
18.2678,42613
18.2731,42565
18.2788,42562
18.2844,42593
18.2898,42613
18.2954,42504
18.301,42561
18.3064,42555
18.3121,42539
18.3177,42551
18.3233,42523
18.3287,42484
18.3343,42552
18.34,42501
18.3453,42547
18.351,42664
18.3566,42572
18.362,42524
18.3677,42558
18.3733,42569
18.3786,42494
18.3843,42580
18.3899,42606
18.3956,42644
18.4009,42649
18.4066,42547
18.4122,42604
18.4176,42617
18.4232,42611
18.4289,42558
18.4342,42593
18.4399,42537
18.4455,42563
18.4509,42598
18.4565,42527
18.4621,42521
18.4677,42564
18.4731,42550
18.4788,42563
18.4844,42552
18.4898,42579
18.4954,42554
18.5011,42605
18.5064,42476
18.5121,42566
18.5177,42525
18.5231,42569
18.5287,42486
18.5344,42593
18.5397,42574
18.5454,42624
18.551,42558
18.5564,42596
18.562,42528
18.5677,42619
18.5733,42650
18.5787,42563
18.5843,42552
18.59,42535
18.5953,42507
18.601,42489
18.6066,42599
18.612,42668
18.6176,42592
18.6233,42653
18.6286,42601
18.6342,42607
18.6399,42622
18.6455,42555
18.6509,42550
18.6565,42614
18.6621,42588
18.6675,42609
18.6731,42647
18.6788,42548
18.6844,42756
18.6898,42592
18.6954,42583
18.7011,42645
18.7064,42586
18.7121,42689
18.7177,42538
18.7233,42682
18.7287,42633
18.7343,42636
18.74,42598
18.7453,42649
18.751,42604
18.7566,42737
18.762,42596
18.7676,42605
18.7733,42712
18.7786,42710
18.7843,42604
18.7899,42635
18.7955,42628
18.8009,42654
18.8065,42615
18.8122,42689
18.8176,42628
18.8232,42659
18.8289,42676
18.8342,42581
18.8399,42702
18.8455,42646
18.8509,42654
18.8565,42691
18.8621,42620
18.8678,42676
18.8731,42671
18.8788,42732
18.8844,42553
18.8897,42623
18.8954,42679
18.901,42653
18.9066,42657
18.912,42622
18.9176,42609
18.9232,42595
18.9289,42702
18.9342,42549
18.9398,42614
18.9455,42588
18.9511,42682
18.9564,42692
18.962,42651
18.9677,42626
18.9733,42665
18.9786,42661
18.9842,42650
18.9899,42633
18.9955,42618
19.0011,42584
19.0065,42617
19.012,42562
19.0176,42646
19.0231,42656
19.0288,42671
19.0344,42635
19.0398,42673
19.0454,42627
19.051,42657
19.0564,42703
19.062,42675
19.0676,42575
19.0733,42749
19.0786,42598
19.0842,42627
19.0899,42699
19.0954,42673
19.1011,42627
19.1064,42685
19.1121,42697
19.1177,42644
19.1231,42697
19.1287,42588
19.1344,42662
19.1397,42670
19.1453,42661
19.151,42607
19.1566,42604
19.1619,42665
19.1676,42748
19.1732,42664
19.1788,42751
19.1842,42629
19.1898,42674
19.1954,42715
19.201,42664
19.2066,42614
19.212,42731
19.2176,42708
19.2233,42590
19.2286,42666
19.2343,42671
19.2399,42709
19.2455,42684
19.2508,42725
19.2565,42644
19.2621,42740
19.2677,42638
19.2731,42663
19.2787,42664
19.2844,42656
19.29,42714
19.2954,42665
19.301,42799
19.3066,42735
19.312,42684
19.3176,42704
19.3233,42751
19.3286,42764
19.3342,42701
19.3399,42728
19.3453,42680
19.3509,42679
19.3565,42779
19.3622,42740
19.3675,42737
19.3732,42726
19.3788,42714
19.3842,42768
19.3898,42800
19.3954,42714
19.4008,42755
19.4064,42723
19.4121,42739
19.4177,42632
19.4231,42832
19.4287,42697
19.4343,42748
19.4397,42654
19.4453,42862
19.451,42778
19.4566,42792
19.462,42760
19.4676,42754
19.4732,42760
19.4788,42712
19.4842,42751
19.4898,42770
19.4955,42749
19.5008,42831
19.5065,42819
19.5121,42826
19.5177,42788
19.5231,42816
19.5287,42827
19.5344,42735
19.5397,42794
19.5454,42784
19.551,42782
19.5566,42762
19.562,42843
19.5676,42797
19.5732,42867
19.5789,42721
19.5842,42843
19.5898,42802
19.5955,42779
19.6008,42892
19.6065,42799
19.6121,42909
19.6175,42921
19.6231,42859
19.6288,42896
19.6344,42823
19.6398,42864
19.6454,42825
19.651,42899
19.6564,42828
19.662,42832
19.6677,42878
19.673,42834
19.6787,42848
19.6843,42926
19.69,42890
19.6954,42877
19.701,42923
19.7066,42867
19.712,42879
19.7176,42932
19.7232,42887
19.7286,42928
19.7342,42880
19.7398,42931
19.7455,42963
19.7508,42934
19.7565,42934
19.7621,42857
19.7677,42799
19.773,42902
19.7787,42839
19.7843,42858
19.7899,42918
19.7953,42891
19.8009,42906
19.8066,42997
19.8119,42924
19.8176,42937
19.8232,42899
19.8288,42897
19.8342,42895
19.8398,42943
19.8454,42939
19.8508,42846
19.8564,42990
19.8621,43053
19.8677,42957
19.8731,42951
19.8787,42948
19.8844,43005
19.8897,43042
19.8954,42971
19.901,43016
19.9064,43011
19.912,43032
19.9177,43014
19.923,43004
19.9287,42985
19.9343,42988
19.9399,43068
19.9453,43041
19.9509,43051
19.9565,42925
19.9619,43020
19.9675,43036
19.9732,43009
19.9788,42859
19.9842,42912
19.9898,43092
19.9954,42968
20.0011,42970
20.0065,42999
20.0121,42981
20.0175,43052
20.0231,42915
20.0288,43040
20.0341,43012
20.0398,42999
20.0454,43066
20.0511,43026
20.0564,42972
20.0621,43013
20.0677,42991
20.0731,43043
20.0787,43031
20.0843,43012
20.0897,42992
20.0953,42954
20.101,42933
20.1066,43034
20.112,43102
20.1176,43025
20.1232,43040
20.1286,42984
20.1343,43049
20.1399,43097
20.1453,42980
20.1509,43076
20.1565,43115
20.1619,43059
20.1675,43013
20.1732,43049
20.1788,43100
20.1842,43033
20.1898,43124
20.1954,43093
20.2008,42999
20.2064,43008
20.2121,43051
20.2177,43029
20.2231,43091
20.2287,43031
20.2343,43049
20.2399,43092
20.2453,43108
20.2509,43004
20.2565,43073
20.2619,43044
20.2675,43059
20.2731,43121
20.2788,43011
20.2841,43034
20.2898,43078
20.2954,43060
20.301,43113
20.3064,43101
20.312,43083
20.3177,43040
20.323,43137
20.3287,43118
20.3343,43014
20.3397,43040
20.3454,43075
20.351,43091
20.3564,43175
20.362,43070
20.3677,43114
20.373,43086
20.3786,43075
20.3843,43124
20.3899,43117
20.3953,43143
20.4009,43198
20.4065,43096
20.4122,43213
20.4175,43112
20.4232,43010
20.4288,43149
20.4342,43052
20.4398,43110
20.4454,43125
20.4508,42983
20.4565,43153
20.4621,43110
20.4675,43133
20.4731,43120
20.4787,43110
20.4843,43119
20.4897,43247
20.4953,43130
20.501,43149
20.5066,43132
20.5119,43196
20.5176,43044
20.5232,43077
20.5288,43089
20.5341,43131
20.5398,43085
20.5454,43121
20.5508,43120
20.5564,43143
20.5619,43117
20.5676,43146
20.5732,43156
20.5786,43136
20.5842,43134
20.5897,43211
20.5954,43064
20.601,43152
20.6064,43195
20.612,43150
20.6175,43153
20.6232,43195
20.6288,43185
20.6342,43171
20.6398,43138
20.6454,43246
20.651,43178
20.6563,43230
20.662,43098
20.6676,43176
20.6732,43153
20.6785,43285
20.6842,43092
20.6898,43273
20.6954,43105
20.7008,43173
20.7064,43206
20.7121,43186
20.7174,43163
20.7231,43171
20.7287,43154
20.7343,43187
20.7397,43123
20.7453,43137
20.751,43124
20.7563,43157
20.762,43065
20.7676,43170
20.7732,43182
20.7786,43149
20.7842,43145
20.7899,43152
20.7952,43094
20.8009,43100
20.8065,43202
20.8121,43159
20.8174,43104
20.8231,43123
20.8287,43186
20.8343,43072
20.8397,43188
20.8453,43206
20.8509,43196
20.8565,43149
20.8619,43141
20.8675,43045
20.8732,43201
20.8788,43186
20.8841,43136
20.8898,43148
20.8954,43182
20.9008,43127
20.9064,43133
20.912,43203
20.9177,43227
20.923,43132
20.9286,43229
20.9343,43127
20.9397,43224
20.9453,43222
20.9509,43179
20.9563,43201
20.962,43247
20.9676,43203
20.973,43150
20.9786,43040
20.9842,43191
20.9899,43175
20.9953,43174
21.0009,43268
21.0066,43209
21.0119,43161
21.0176,43176
21.0232,43148
21.0286,43303
21.0342,43140
21.0398,43311
21.0452,43189
21.0508,43197
21.0565,43134
21.0621,43282
21.0675,43189
21.0731,43267
21.0788,43234
21.0841,43248
21.0898,43172
21.0954,43208
21.1008,43166
21.1064,43282
21.1121,43185
21.1174,43165
21.1231,43186
21.1287,43210
21.1341,43168
21.1397,43230
21.1453,43344
21.1509,43174
21.1563,43280
21.1619,43204
21.1676,43234
21.1732,43254
21.1786,43267
21.1842,43264
21.1898,43276
21.1952,43264
21.2008,43268
21.2065,43244
21.2119,43156
21.2175,43244
21.2232,43241
21.2286,43248
21.2342,43290
21.2399,43189
21.2452,43254
21.2509,43184
21.2565,43280
21.2619,43238
21.2676,43251
21.2732,43236
21.2786,43178
21.2842,43289
21.2898,43269
21.2952,43237
21.3009,43239
21.3065,43284
21.3121,43216
21.3175,43301
21.3231,43264
21.3285,43225
21.3341,43343
21.3398,43291
21.3454,43196
21.3508,43327
21.3564,43287
21.3621,43275
21.3674,43256
21.373,43348
21.3787,43193
21.3843,43281
21.3897,43291
21.3953,43262
21.4007,43183
21.4063,43252
21.412,43287
21.4176,43239
21.423,43301
21.4286,43321
21.4343,43272
21.4396,43268
21.4453,43362
21.4509,43306
21.4563,43267
21.4619,43280
21.4676,43340
21.473,43317
21.4786,43261
21.4843,43296
21.4896,43278
21.4953,43287
21.5009,43336
21.5065,43327
21.5119,43282
21.5175,43244
21.5232,43310
21.5286,43343
21.5342,43261
21.5398,43314
21.5452,43318
21.5508,43276
21.5565,43397
21.5618,43283
21.5675,43299
21.5731,43331
21.5788,43312
21.5841,43348
21.5898,43348
21.5954,43369
21.6008,43346
21.6064,43358
21.6121,43363
21.6174,43367
21.6231,43339
21.6287,43321
21.6341,43438
21.6397,43308
21.6454,43341
21.651,43478
21.6564,43429
21.662,43445
21.6674,43414
21.673,43373
21.6787,43411
21.6843,43382
21.6897,43349
21.6953,43312
21.7007,43344
21.7064,43491
21.712,43394
21.7174,43404
21.7231,43410
21.7287,43400
21.7341,43470
21.7397,43386
21.7454,43406
21.7507,43425
21.7564,43368
21.762,43373
21.7676,43521
21.773,43419
21.7787,43493
21.784,43423
21.7897,43326
21.7953,43470
21.8009,43440
21.8063,43416
21.8119,43417
23.1398,43745
23.1452,43813
23.1508,43762
23.1565,43769
23.162,43721
23.1674,43691
23.173,43738
23.1787,43607
23.1843,43674
23.1897,43772
23.1953,43684
23.2009,43832
23.2063,43799
23.2119,43751
23.2175,43688
23.2229,43702
23.2286,43713
23.2342,43640
23.2398,43800
23.3349,43787
23.3349,43789
23.3398,43777
23.3454,43881
23.4565,43810
23.4621,43146
23.4678,36303
23.4732,34880
23.4788,34847
23.4844,34541
23.4898,34556
23.4954,34676
23.501,34513
23.5067,34339
23.5121,34376
23.5184,34350
23.5453,34034
23.551,33983
23.5564,34104
23.5621,34060
23.5677,34015
23.5733,33918
23.5789,33754
23.5843,33931
23.5899,33967
23.5956,34011
23.6009,33904
23.6066,33927
23.6122,33925
23.6178,34035
23.6232,33989
23.6288,33990
23.6345,33892
23.6398,33957
23.6455,33976
23.6511,33941
23.6565,33934
23.6621,33968
23.6677,33986
23.6734,33979
23.6788,34017
23.6844,34062
23.6898,34162
23.6954,34057
23.7011,33980
23.7067,34026
23.712,34125
23.7176,34070
23.7233,34088
23.7287,34137
23.7343,33939
23.74,34067
23.7456,33923
23.751,34093
23.7566,34025
23.7622,34171
23.7676,33898
23.7732,33896
23.7789,33773
23.7842,33941
23.7899,34049
23.7955,33984
23.8011,33971
23.8065,33935
23.8122,34002
23.8178,33867
23.8231,34006
23.8288,34049
23.8344,33955
23.8398,33947
23.8454,34062
23.8511,34003
23.8564,33992
23.8621,34024
23.8677,33903
23.8733,34183
23.8788,34065
23.8845,34162
23.8898,34121
23.8955,34086
23.9011,34086
23.9064,34065
23.9121,34147
23.9177,34184
23.9234,34106
23.9287,34139
23.9344,33978
23.9397,33978
23.9454,34050
23.951,34133
23.9566,34144
23.962,34262
23.9677,34191
23.9733,34193
23.9789,34097
23.9842,34290
23.9899,34407
23.9955,34243
24.0009,34204
24.0065,34251
24.0121,34225
24.0178,34438
24.0231,34018
24.0288,34074
24.0344,34406
24.04,34245
24.0454,34256
24.0511,34348
24.0567,34241
24.0621,34437
24.0677,34284
24.0731,34444
24.0787,34351
24.0844,34452
24.09,34289
24.0954,34254
24.101,34535
24.1064,34450
24.112,34521
24.1177,34472
24.1233,34476
24.1287,34542
24.1343,34538
24.14,34495
24.1453,34576
24.151,34631
24.1566,34597
24.1622,34517
24.1676,34456
24.1732,34780
24.1789,34778
24.1842,34501
24.1899,34605
24.1955,34659
24.2009,34645
24.2066,34769
24.2122,34720
24.2176,34589
24.2232,34815
24.2289,34646
24.2342,34715
24.2399,34834
24.2455,34839
24.2509,34851
24.2565,34872
24.2622,34930
24.2675,34772
24.2732,34966
24.2788,34963
24.2844,34927
24.2898,35083
24.2954,34877
24.3011,35029
24.3064,35055
24.3121,35144
24.3177,34942
24.3231,35073
24.3287,35045
24.3343,35194
24.34,34936
24.3454,35261
24.351,35187
24.3566,35253
24.362,35213
24.3677,35343
24.3731,35264
24.3788,35379
24.3842,35366
24.3898,35434
24.3955,35253
24.4009,35576
24.4065,35359
24.4121,35429
24.4178,35391
24.4232,35549
24.4288,35514
24.4344,35471
24.4398,35342
24.4455,35650
24.4511,35681
24.4565,35576
24.4621,35660
24.4677,35660
24.4731,35498
24.4788,35716
24.4843,35625
24.4899,35744
24.4956,35951
24.5009,35839
24.5066,35891
24.5122,35818
24.5176,35922
24.5232,35926
24.5288,35863
24.5342,35896
24.5399,36037
24.5455,35956
24.5509,35830
24.5565,35937
24.5622,35882
24.5678,36117
24.5731,35773
24.5788,36140
24.5844,36015
24.59,35982
24.5954,36138
24.601,35942
24.6066,36240
24.612,36149
24.6176,36172
24.6233,36091
24.6289,36163
24.6343,36311
24.6399,36226
24.6455,36021
24.6509,36058
24.6565,36298
24.6622,36254
24.6678,36127
24.6732,36336
24.6788,36305
24.6842,36294
24.6898,36247
24.6955,36152
24.7011,36236
24.7065,36296
24.712,36377
24.7177,36247
24.7233,36310
24.7289,36408
24.7342,36388
24.7398,36343
24.7455,36331
24.7511,36356
24.7567,36380
24.762,36377
24.7677,36362
24.7733,36347
24.7789,36640
24.7843,36742
24.7899,36533
24.7955,36468
24.8011,36580
24.8067,36430
24.8121,36479
24.8177,36624
24.8233,36597
24.8289,36663
24.8342,36445
24.8399,36553
24.8455,36662
24.8511,36593
24.8567,36804
24.8621,36808
24.8677,36680
24.8733,36602
24.8787,36769
24.8844,36730
24.89,36730
24.8956,36713
24.9009,36635
24.9066,36757
24.9122,36776
24.9179,36867
24.9232,36892
24.9289,36932
24.9345,36841
24.9399,36940
24.9455,36959
24.9511,36887
24.9568,37004
24.9621,37021
24.9678,36852
24.9731,36992
24.9788,37083
24.9844,37031
24.9901,37063
24.9954,37317
25.0011,37179
25.0067,37253
25.0121,37171
25.0177,37254
25.0234,37236
25.0287,37291
25.0343,37219
25.04,37326
25.0456,37132
25.051,37296
25.0566,37325
25.0623,37478
25.0679,37362
25.0732,37370
25.0789,37263
25.0845,37490
25.0898,37433
25.0955,37468
25.1011,37572
25.1065,37484
25.1121,37600
25.1178,37638
25.1234,37720
25.1288,37607
25.1344,37522
25.1401,37606
25.1454,37625
25.1511,37559
25.1567,37619
25.1621,37777
25.1677,37715
25.1734,37709
25.1787,37867
25.1844,37690
25.19,37778
25.1954,37850
25.201,37767
25.2067,37766
25.2123,37734
25.2176,37849
25.2233,37932
25.2289,37904
25.2343,37879
25.24,38009
25.2456,37951
25.251,38089
25.2566,38068
25.2622,38073
25.2676,37975
25.2733,38025
25.2789,38029
25.2846,38006
25.2899,38032
25.2956,38013
25.3012,38080
25.3065,38225
25.3122,38135
25.3178,38231
25.3232,38206
25.3288,38157
25.3345,38199
25.3401,38165
25.3455,38257
25.3512,38170
25.3568,38296
25.3622,38265
25.3678,38349
25.3734,38242
25.3788,38313
25.3844,38366
25.3901,38215
25.3954,38447
25.4011,38341
25.4067,38482
25.4123,38518
25.4177,38447
25.4234,38545
25.429,38691
25.4344,38504
