Experiment: Feb_8_Batch_expt_zeroed vial 4, Mon Feb  8 17:45:11 2021
0.0049,28015
0.0103,28019
0.0159,28025
0.0213,28026
0.0269,28045
0.0326,28044
0.0382,28032
0.0436,28043
0.0492,28055
0.0546,28049
0.0602,28057
0.0659,28054
0.0715,28069
0.0769,28076
0.0826,28071
0.088,28077
0.0936,28072
0.0992,28069
0.1046,28078
0.1102,28071
0.1159,28081
0.1215,28093
0.1269,28090
0.1325,28089
0.1381,28077
0.1435,28091
0.1491,28098
0.1548,28092
0.1604,28096
0.1658,28099
0.1715,28096
0.1768,28104
0.1825,28106
0.1881,28112
0.1938,28112
0.2032,28103
0.2046,28114
0.2103,28101
0.216,28106
0.2213,28125
0.2269,28104
0.2359,28113
0.238,28120
0.2436,28118
0.2493,28114
0.2607,28112
0.2622,28127
0.2659,28117
0.2713,28117
0.282,28127
0.2827,28136
0.2881,28134
0.2937,28143
0.3039,28140
0.3046,28129
0.3103,28142
0.3159,28152
0.3254,28141
0.3271,28138
0.3324,28144
0.3381,28135
0.3437,28141
0.354,28140
0.3567,28144
0.3604,28149
0.3658,28156
0.3764,28152
0.3788,28165
0.3825,28156
0.3881,28154
0.398,28149
0.3991,28157
0.4047,28162
0.4104,28166
0.4158,28173
0.4214,28170
0.427,28173
0.4327,28186
0.438,28178
0.4437,28181
0.4493,28185
0.4547,28186
0.4603,28175
0.466,28173
0.4713,28181
0.477,28172
0.4826,28183
0.488,28176
0.4937,28177
0.4993,28178
0.5047,28178
0.5103,28173
0.5159,28182
0.5216,28187
0.5269,28196
0.5326,28200
0.5379,28189
0.5436,28198
0.5492,28188
0.5549,28191
0.5602,28204
0.5659,28198
0.5715,28189
0.5769,28206
0.5825,28201
0.5881,28200
0.5938,28200
0.5992,28212
0.6048,28217
0.6102,28213
0.6159,28196
0.6215,28210
0.6269,28216
0.6324,28207
0.6381,28208
0.6437,28213
0.6491,28205
0.6547,28206
0.6603,28211
0.666,28218
0.6713,28227
0.6769,28238
0.6826,28233
0.6882,28211
0.6935,28224
0.6992,28227
0.7048,28230
0.7102,28223
0.7158,28235
0.7214,28233
0.7271,28234
0.7324,28240
0.7381,28245
0.7437,28251
0.7493,28249
0.7547,28252
0.7603,28247
0.766,28256
0.7713,28263
0.777,28255
0.7826,28256
0.7882,28258
0.7936,28263
0.7992,28265
0.8049,28253
0.8102,28263
0.8159,28258
0.8215,28265
0.8271,28285
0.8325,28271
0.8381,28272
0.8438,28275
0.8491,28271
0.8548,28282
0.8604,28259
0.8658,28263
0.8714,28269
0.877,28263
0.8827,28275
0.888,28265
0.8936,28269
0.8993,28271
0.9049,28274
0.9102,28274
0.9159,28267
0.9215,28277
0.9269,28273
0.9325,28288
0.9381,28287
0.9438,28281
0.9491,28294
0.9548,28296
0.9604,28293
0.9658,28288
0.9714,28293
0.977,28286
0.9827,28300
0.988,28300
0.9937,28302
0.9993,28304
1.0047,28307
1.0103,28307
1.016,28308
1.0213,28306
1.027,28305
1.0326,28307
1.0382,28320
1.0436,28308
1.0492,28326
1.0548,28310
1.0602,28321
1.0659,28324
1.0715,28322
1.0769,28324
1.0825,28338
1.0882,28327
1.0936,28328
1.0992,28320
1.1048,28327
1.1105,28334
1.1158,28326
1.1215,28335
1.1271,28328
1.1325,28346
1.1381,28338
1.1437,28344
1.1494,28350
1.1547,28340
1.1603,28339
1.166,28338
1.1713,28343
1.177,28345
1.1826,28358
1.1883,28352
1.1936,28368
1.1993,28349
1.2049,28360
1.2103,28361
1.2159,28364
1.2215,28355
1.2269,28350
1.2325,28362
1.238,28360
1.2436,28361
1.2492,28360
1.2548,28364
1.2605,28368
1.2658,28358
1.2714,28371
1.2771,28372
1.2824,28371
1.2881,28379
1.2938,28388
1.2991,28375
1.3048,28381
1.3104,28367
1.3158,28381
1.3215,28377
1.3271,28377
1.3325,28372
1.3381,28385
1.3438,28387
1.3492,28375
1.3548,28380
1.3604,28365
1.3658,28381
1.3715,28372
1.3771,28385
1.3825,28378
1.3882,28383
1.3938,28368
1.3992,28379
1.4048,28359
1.4102,28368
1.4158,28369
1.4215,28380
1.4271,28367
1.4325,28371
1.4381,28380
1.4437,28382
1.4491,28365
1.4547,28376
1.4604,28369
1.466,28373
1.4714,28373
1.477,28391
1.4826,28371
1.4883,28350
1.4936,28366
1.4992,28353
1.5048,28360
1.5105,28342
1.5158,28355
1.5215,28358
1.527,28347
1.5324,28341
1.5381,28343
1.5438,28361
1.5491,28343
1.5548,28348
1.5604,28334
1.5658,28349
1.5714,28352
1.577,28329
1.5827,28328
1.588,28321
1.5937,28351
1.5993,28317
1.6047,28327
1.6103,28317
1.6159,28319
1.6215,28324
1.6271,28319
1.6325,28309
1.6381,28294
1.6437,28272
1.6493,28303
1.6547,28283
1.6603,28295
1.6659,28292
1.6715,28265
1.6769,28249
1.6825,28274
1.6882,28252
1.6938,28256
1.6992,28257
1.7048,28247
1.7105,28261
1.7158,28243
1.7215,28252
1.7271,28252
1.7327,28249
1.7381,28238
1.7438,28215
1.7491,28190
1.7548,28182
1.7604,28200
1.7658,28192
1.7714,28201
1.7771,28200
1.7827,28188
1.7881,28158
1.7937,28157
1.7993,28155
1.8047,28172
1.8103,28164
1.816,28133
1.8214,28163
1.827,28143
1.8326,28133
1.8383,28154
1.8436,28130
1.8492,28107
1.8549,28096
1.8603,28099
1.8659,28114
1.8715,28088
1.8772,28078
1.8825,28065
1.8881,28040
1.8937,28054
1.8994,28039
1.9047,28040
1.9103,28027
1.9159,28023
1.9216,28010
1.9269,27990
1.9326,27982
1.9381,27968
1.9437,27966
1.9491,27958
1.9548,27936
1.9604,27923
1.9658,27939
1.9714,27902
1.977,27915
1.9827,27913
1.9881,27892
1.9937,27876
1.9993,27858
2.0047,27856
2.0104,27854
2.0158,27830
2.0214,27823
2.027,27803
2.0327,27822
2.0381,27808
2.0437,27784
2.0493,27796
2.0547,27765
2.0604,27802
2.066,27787
2.0714,27737
2.077,27765
2.0827,27741
2.088,27695
2.0937,27706
2.0993,27735
2.1047,27693
2.1103,27689
2.1159,27713
2.1216,27680
2.1269,27660
2.1326,27648
2.1382,27627
2.1438,27641
2.1492,27603
2.1548,27615
2.1604,27570
2.1658,27608
2.1714,27599
2.177,27573
2.1827,27580
2.188,27564
2.1937,27535
2.1992,27528
2.2048,27499
2.2102,27522
2.2158,27508
2.2215,27487
2.227,27499
2.2327,27475
2.2381,27473
2.2437,27472
2.2493,27449
2.2547,27429
2.2603,27430
2.266,27419
2.2713,27407
2.277,27419
2.2826,27413
2.2883,27400
2.2937,27383
2.2993,27382
2.3047,27345
2.3103,27361
2.3159,27366
2.3216,27331
2.3269,27313
2.3326,27289
2.3382,27306
2.3436,27302
2.3493,27272
2.3549,27290
2.3603,27250
2.3659,27237
2.3716,27225
2.3769,27235
2.3826,27209
2.3882,27211
2.3936,27224
2.3992,27210
2.4049,27181
2.4102,27180
2.4159,27196
2.4215,27156
2.4269,27149
2.4325,27154
2.4382,27136
2.4438,27114
2.4492,27122
2.4548,27124
2.4605,27112
2.4659,27084
2.4715,27063
2.4772,27098
2.4826,27057
2.4882,27045
2.4936,27028
2.4992,27002
2.5049,27015
2.5102,27010
2.5159,27024
2.5216,26998
2.527,26951
2.5326,26938
2.538,26932
2.5437,26919
2.5493,26905
2.5547,26906
2.5603,26880
2.566,26848
2.5714,26841
2.577,26868
2.5827,26826
2.5881,26801
2.5938,26812
2.5991,26803
2.6048,26782
2.6105,26800
2.6158,26773
2.6215,26732
2.6272,26771
2.6326,26770
2.6382,26754
2.6436,26736
2.6493,26765
2.6547,26757
2.6603,26751
2.666,26738
2.6714,26729
2.677,26705
2.6825,26707
2.6882,26709
2.6939,26693
2.6993,26687
2.7049,26672
2.7103,26655
2.716,26656
2.7214,26647
2.727,26656
2.7327,26628
2.7381,26617
2.7437,26620
2.7494,26620
2.7548,26618
2.7604,26631
2.7658,26616
2.7715,26636
2.7771,26554
2.7825,26585
2.7881,26560
2.7938,26550
2.7992,26569
2.8049,26542
2.8103,26531
2.8159,26518
2.8216,26505
2.8269,26512
2.8326,26497
2.8382,26505
2.8436,26489
2.8492,26466
2.855,26453
2.8604,26421
2.866,26457
2.8714,26460
2.877,26445
2.8827,26423
2.8883,26418
2.8937,26405
2.8994,26410
2.9048,26396
2.9104,26384
2.9158,26381
2.9214,26355
2.9271,26349
2.9327,26366
2.9381,26363
2.9437,26361
2.9491,26333
2.9548,26342
2.9605,26357
2.9659,26307
2.9716,26324
2.977,26377
2.9827,26329
2.9883,26337
2.9937,26313
2.9994,26327
3.0048,26335
3.0105,26313
3.0159,26330
3.0216,26321
3.0269,26290
3.0326,26289
3.0383,26299
3.0436,26272
3.0493,26299
3.0547,26312
3.0604,26289
3.066,26278
3.0714,26257
3.0771,26260
3.0825,26286
3.0881,26276
3.0937,26283
3.0994,26275
3.1047,26284
3.1103,26223
3.116,26241
3.1214,26236
3.1271,26228
3.1327,26236
3.1381,26222
3.1438,26242
3.1492,26235
3.1548,26235
3.1605,26247
3.1659,26220
3.1715,26207
3.177,26198
3.1826,26216
3.1882,26201
3.1936,26220
3.1993,26203
3.2049,26193
3.2103,26166
3.216,26205
3.2216,26164
3.227,26164
3.2327,26175
3.238,26144
3.2437,26162
3.2494,26152
3.2547,26178
3.2604,26128
3.266,26160
3.2714,26134
3.2771,26166
3.2825,26128
3.2882,26114
3.2938,26141
3.2992,26094
3.3049,26092
3.3103,26091
3.3159,26092
3.3216,26115
3.327,26100
3.3326,26084
3.3381,26080
3.3438,26077
3.3491,26079
3.3548,26071
3.3605,26061
3.3659,26046
3.3715,26073
3.3771,26074
3.3825,26062
3.3882,26060
3.3936,26028
3.3992,26032
3.4049,26012
3.4105,26037
3.4159,26026
3.4215,25972
3.4272,25992
3.4326,26006
3.4382,26000
3.4436,26013
3.4493,25998
3.4547,25980
3.4603,25963
3.466,25967
3.4716,25976
3.477,25940
3.4826,25966
3.488,25943
3.4937,25946
3.4994,25947
3.5048,25953
3.5104,25964
3.516,25966
3.5214,25957
3.527,25926
3.5327,25930
3.5381,25941
3.5437,25910
3.5493,25948
3.5548,25911
3.5604,25925
3.5658,25913
3.5715,25909
3.5771,25861
3.5825,25917
3.5881,25880
3.5938,25870
3.5992,25859
3.6048,25873
3.6102,25848
3.6159,25872
3.6216,25879
3.627,25818
3.6326,25829
3.6383,25857
3.6437,25836
3.6493,25815
3.6547,25821
3.6604,25826
3.6658,25829
3.6715,25797
3.6771,25819
3.6827,25837
3.6881,25810
3.6938,25798
3.6992,25800
3.7048,25816
3.7105,25787
3.7159,25750
3.7216,25795
3.7272,25775
3.7325,25788
3.7382,25789
3.7438,25730
3.7492,25772
3.7549,25763
3.7605,25745
3.7659,25717
3.7715,25721
3.7772,25720
3.7825,25709
3.7882,25715
3.7938,25706
3.7992,25698
3.8048,25724
3.8105,25697
3.8159,25676
3.8216,25689
3.8272,25679
3.8326,25667
3.8382,25680
3.8436,25681
3.8492,25673
3.8549,25633
3.8603,25654
3.866,25642
3.8714,25630
3.877,25664
3.8827,25657
3.8881,25648
3.8937,25645
3.8994,25607
3.9047,25627
3.9104,25617
3.916,25634
3.9214,25618
3.9271,25606
3.9328,25568
3.9381,25586
3.9438,25632
3.9494,25579
3.9548,25594
3.9604,25568
3.9661,25580
3.9715,25537
3.9772,25545
3.9825,25584
3.9882,25610
3.9938,25565
3.9995,25555
4.0048,25535
4.0105,25566
4.0158,25537
4.0215,25517
4.0272,25528
4.0326,25516
4.0382,25507
4.0439,25551
4.0492,25552
4.0548,25516
4.0605,25553
4.0658,25523
4.0715,25495
4.0772,25493
4.0826,25480
4.0882,25474
4.0939,25511
4.0992,25485
4.1049,25512
4.1103,25503
4.1159,25499
4.1215,25493
4.1272,25437
4.1325,25480
4.1382,25461
4.1439,25486
4.1492,25451
4.1549,25442
4.1603,25454
4.166,25425
4.1716,25414
4.177,25406
4.1826,25443
4.1882,25417
4.1938,25414
4.1994,25423
4.2048,25428
4.2104,25396
4.216,25376
4.2214,25402
4.2271,25401
4.2327,25391
4.2381,25400
4.2438,25382
4.2494,25346
4.2548,25368
4.2604,25313
4.2658,25416
4.2715,25367
4.2771,25359
4.2825,25372
4.2881,25349
4.2938,25315
4.2992,25311
4.3049,25366
4.3105,25331
4.3159,25314
4.3215,25297
4.3272,25353
4.3325,25282
4.3382,25268
4.3439,25282
4.3492,25287
4.3549,25289
4.3605,25343
4.3658,25283
4.3715,25290
4.3771,25283
4.3828,25266
4.3881,25257
4.3938,25250
4.3992,25247
4.4049,25264
4.4105,25273
4.4159,25228
4.4215,25234
4.4272,25259
4.4325,25199
4.4382,25201
4.4438,25271
4.4492,25215
4.4549,25221
4.4605,25225
4.4659,25211
4.4715,25208
4.4772,25218
4.4826,25178
4.4882,25196
4.4938,25154
4.4992,25215
4.5049,25190
4.5105,25160
4.5159,25171
4.5214,25173
4.527,25166
4.5327,25169
4.5383,25158
4.5437,25138
4.5492,25136
4.5548,25136
4.5605,25130
4.5659,25138
4.5715,25159
4.577,25130
4.5826,25127
4.5883,25135
4.5937,25104
4.5993,25149
4.6048,25112
4.6105,25141
4.6159,25100
4.6215,25109
4.6272,25151
4.6326,25085
4.6382,25079
4.6438,25091
4.6492,25055
4.6549,25037
4.6604,25103
4.6661,25063
4.6715,25050
4.6772,25090
4.6825,25045
4.6882,25034
4.6938,25032
4.6992,25023
4.7048,25027
4.7105,25055
4.7158,25057
4.7215,25047
4.7269,24959
4.7325,24972
4.7382,24995
4.7438,25020
4.7492,24972
4.7548,24986
4.7604,24967
4.7661,24936
4.7715,24971
4.7771,24928
4.7825,24945
4.7882,24976
4.7938,24974
4.7992,24963
4.8048,24908
4.8105,24935
4.8158,24918
4.8214,24934
4.8271,24919
4.8327,24924
4.8381,24913
4.8438,24945
4.8494,24908
4.8548,24877
4.8604,24877
4.8661,24880
4.8714,24875
4.8771,24868
4.8827,24878
4.8881,24863
4.8938,24864
4.8992,24891
4.9048,24872
4.9105,24834
4.9161,24905
4.9215,24864
4.9271,24851
4.9325,24799
4.9382,24796
4.9439,24847
4.9492,24890
4.9549,24810
4.9605,24793
4.9659,24812
4.9715,24805
4.9772,24779
4.9825,24825
4.9881,24802
4.9938,24790
4.9992,24849
5.0049,24774
5.0105,24772
5.0159,24771
5.0215,24751
5.0271,24748
5.0325,24769
5.0382,24774
5.0438,24753
5.0494,24760
5.0549,24740
5.0605,24733
5.0659,24725
5.0716,24724
5.077,24714
5.0826,24714
5.0882,24707
5.0939,24739
5.0993,24713
5.1049,24744
5.1103,24709
5.116,24655
5.1216,24708
5.127,24675
5.1326,24683
5.1383,24664
5.1436,24657
5.1493,24683
5.1549,24688
5.1606,24679
5.166,24684
5.1717,24694
5.177,24647
5.1827,24655
5.188,24637
5.1937,24672
5.1994,24676
5.205,24599
5.2104,24652
5.216,24629
5.2214,24584
5.227,24634
5.2325,24617
5.2382,24600
5.2438,24597
5.2492,24614
5.2548,24558
5.2604,24579
5.2661,24605
5.2714,24591
5.2771,24556
5.2827,24532
5.2883,24572
5.2936,24599
5.2992,24542
5.3049,24600
5.3105,24556
5.3159,24535
5.3215,24549
5.3269,24547
5.3325,24552
5.3382,24490
5.3438,24522
5.3492,24492
5.3549,24561
5.3605,24512
5.3659,24530
5.3715,24506
5.3771,24496
5.3826,24463
5.3882,24515
5.3939,24533
5.3992,24500
5.4049,24495
5.4105,24477
5.4159,24493
5.4215,24504
5.4272,24505
5.4326,24489
5.4383,24477
5.4436,24509
5.4493,24511
5.455,24441
5.4604,24475
5.466,24443
5.4717,24413
5.477,24427
5.4827,24415
5.4881,24447
5.4937,24376
5.4994,24407
5.5048,24435
5.5104,24419
5.5161,24409
5.5215,24415
5.5271,24415
5.5328,24350
5.5382,24381
5.5438,24349
5.5495,24416
5.5548,24356
5.5605,24370
5.5661,24355
5.5715,24386
5.5771,24371
5.5828,24347
5.5881,24410
5.5938,24313
5.5994,24294
5.6048,24323
5.6104,24345
5.616,24294
5.6217,24383
5.627,24337
5.6327,24284
5.6383,24265
5.6438,24295
5.6494,24265
5.6548,24274
5.6604,24246
5.6661,24252
5.6714,24215
5.6771,24248
5.6827,24200
5.6881,24219
5.6938,24194
5.6992,24145
5.7049,24205
5.7105,24154
5.7159,24195
5.7215,24138
5.7271,24168
5.7328,24146
5.7381,24154
5.7437,24087
5.7494,24082
5.7548,24119
5.7604,24129
5.7659,24050
5.7715,24054
5.7772,24075
5.7826,24053
5.7882,24070
5.7937,24067
5.7994,24047
5.8048,24030
5.8104,24089
5.8161,23975
5.8214,24008
5.8271,24008
5.8327,23955
5.8381,23966
5.8438,23975
5.8494,23983
5.8548,23984
5.8605,23937
5.8661,23943
5.8714,23907
5.8771,23968
5.8827,23950
5.8881,23926
5.8937,23943
5.8993,23937
5.9049,23853
5.9103,23949
5.9159,23820
5.9216,23891
5.9271,23855
5.9327,23826
5.9384,23849
5.9437,23815
5.9494,23819
5.9548,23828
5.9604,23812
5.9658,23842
5.9715,23747
5.9771,23816
5.9828,23805
5.9881,23762
5.9937,23800
5.9994,23754
6.0048,23752
6.0104,23761
6.0159,23760
6.0214,23710
6.0271,23734
6.0327,23695
6.0384,23723
6.0437,23742
6.0494,23741
6.0548,23685
6.0604,23700
6.066,23738
6.0715,23686
6.0771,23661
6.0828,23651
6.0881,23716
6.0938,23682
6.0994,23657
6.105,23664
6.1104,23577
6.116,23623
6.1217,23629
6.1271,23653
6.1328,23574
6.1381,23586
6.1438,23688
6.1494,23632
6.1548,23612
6.1604,23614
6.166,23614
6.1717,23566
6.1771,23596
6.1827,23536
6.1881,23543
6.1938,23519
6.1994,23539
6.205,23544
6.2104,23579
6.216,23534
6.2217,23498
6.227,23512
6.2327,23471
6.2381,23515
6.2437,23525
6.2494,23495
6.255,23459
6.2604,23499
6.2661,23485
6.2717,23465
6.2771,23475
6.2825,23494
6.2882,23529
6.2938,23473
6.2994,23455
6.3048,23447
6.3105,23439
6.3161,23472
6.3215,23478
6.3271,23414
6.3328,23448
6.3382,23361
6.3438,23407
6.3492,23413
6.3549,23343
6.3605,23360
6.3659,23427
6.3715,23357
6.3772,23403
6.3828,23384
6.3881,23386
6.3938,23357
6.3992,23384
6.4049,23334
6.4105,23401
6.4162,23330
6.4215,23322
6.4272,23348
6.4328,23356
6.4382,23308
6.4439,23326
6.4492,23349
6.4549,23299
6.4605,23371
6.4659,23313
6.4716,23324
6.4772,23337
6.4826,23270
6.4882,23272
6.4938,23297
6.4992,23349
6.5049,23287
6.5105,23290
6.5162,23272
6.5215,23256
6.5271,23274
6.5328,23277
6.5382,23245
6.5438,23285
6.5494,23253
6.5549,23272
6.5605,23242
6.5661,23191
6.5715,23222
6.5771,23274
6.5828,23242
6.5882,23210
6.5938,23220
6.5992,23207
6.6048,23180
6.6105,23232
6.6162,23193
6.6215,23198
6.6272,23211
6.6326,23136
6.6382,23143
6.6439,23205
6.6492,23116
6.6549,23141
6.6606,23173
6.6659,23171
6.6716,23141
6.6772,23106
6.6826,23144
6.6882,23151
6.6938,23140
6.6995,23155
6.7049,23123
6.7106,23159
6.7159,23105
6.7216,23150
6.7272,23171
6.7326,23152
6.7382,23126
6.7438,23153
6.7495,23099
6.7548,23149
6.7605,23045
6.7659,23102
6.7716,23080
6.7772,23059
6.7826,23074
6.7882,23082
6.7938,23060
6.7992,23037
6.8049,23046
6.8105,23079
6.8159,23045
6.8216,23090
6.8272,23048
6.8326,23093
6.8382,23064
6.8438,23059
6.8495,23063
6.8549,23050
6.8605,23045
6.8662,23005
6.8716,23038
6.8772,23028
6.8828,23090
6.8882,23025
6.8938,23036
6.8992,23041
6.9049,22980
6.9105,23019
6.9161,22950
6.9215,22934
6.9272,22992
6.9328,23028
6.9381,23025
6.9438,22948
6.9494,22976
6.9548,23006
6.9605,22978
6.9661,22934
6.9715,22990
6.9771,22949
6.9826,22950
6.9882,22911
6.9939,22929
6.9993,22936
7.0049,22990
7.0106,22898
7.016,22907
7.0216,22916
7.0272,22898
7.0326,22879
7.0383,22934
7.0439,22982
7.0493,22926
7.0549,22852
7.0606,22887
7.0659,22882
7.0716,22908
7.0772,22905
7.0826,22813
7.0883,22851
7.0939,22932
7.0993,22896
7.1049,22794
7.1106,22869
7.1159,22857
7.1216,22898
7.1273,22829
7.1327,22863
7.1383,22860
7.1439,22869
7.1493,22827
7.1549,22867
7.1606,22850
7.1659,22817
7.1716,22819
7.1772,22781
7.1826,22794
7.1883,22783
7.1939,22799
7.1993,22786
7.2049,22778
7.2106,22748
7.2159,22808
7.2215,22819
7.2272,22766
7.2328,22734
7.2382,22761
7.2439,22703
7.2492,22756
7.2549,22739
7.2605,22695
7.2662,22756
7.2715,22743
7.2772,22738
7.2828,22708
7.2882,22743
7.2939,22738
7.2995,22690
7.3049,22768
7.3105,22780
7.3159,22682
7.3215,22774
7.3272,22725
7.3328,22639
7.3382,22748
7.3438,22749
7.3492,22708
7.3549,22689
7.3605,22726
7.3659,22656
7.3716,22636
7.3773,22654
7.3827,22684
7.3883,22666
7.3939,22665
7.3993,22633
7.405,22645
7.4105,22682
7.4161,22683
7.4215,22696
7.427,22602
7.4327,22607
7.4383,22570
7.4437,22670
7.4493,22582
7.4548,22675
7.4605,22612
7.4661,22611
7.4715,22575
7.4771,22560
7.4827,22592
7.4883,22549
7.4937,22641
7.4993,22635
7.505,22549
7.5104,22643
7.516,22550
7.5217,22607
7.5273,22547
7.5327,22586
7.5383,22577
7.5439,22507
7.5493,22524
7.5549,22547
7.5605,22513
7.566,22565
7.5716,22493
7.5773,22562
7.5826,22550
7.5882,22552
7.5939,22517
7.5993,22509
7.6049,22464
7.6106,22467
7.616,22481
7.6216,22516
7.6273,22571
7.6326,22431
7.6383,22521
7.6439,22450
7.6493,22454
7.6549,22492
7.6606,22412
7.6659,22464
7.6716,22474
7.6773,22447
7.6826,22475
7.6883,22421
7.6939,22462
7.6992,22454
7.7049,22460
7.7105,22375
7.7162,22395
7.7216,22465
7.7272,22444
7.7328,22461
7.7382,22457
7.7438,22362
7.7495,22446
7.7549,22363
7.7605,22372
7.7661,22391
7.7715,22388
7.7772,22369
7.7828,22379
7.7882,22401
7.7938,22331
7.7995,22395
7.8048,22370
7.8105,22381
7.8161,22358
7.8218,22375
7.8272,22375
7.8328,22312
7.8382,22403
7.8438,22370
7.8495,22394
7.8548,22362
7.8604,22345
7.8661,22303
7.8717,22311
7.8771,22331
7.8828,22411
7.8884,22365
7.8938,22352
7.8994,22293
7.905,22302
7.9104,22292
7.916,22281
7.9217,22275
7.927,22265
7.9327,22303
7.9384,22287
7.9437,22261
7.9494,22263
7.955,22249
7.9604,22302
7.966,22216
7.9716,22276
7.9773,22276
7.9826,22294
7.9882,22181
7.9939,22200
7.9993,22292
8.005,22245
8.0106,22282
8.016,22249
8.0216,22302
8.0272,22256
8.0326,22188
8.0383,22239
8.0439,22250
8.0493,22238
8.0549,22273
8.0606,22214
8.0659,22196
8.0716,22208
8.0773,22216
8.0826,22161
8.0882,22141
8.0939,22162
8.0993,22182
8.1049,22171
8.1106,22124
8.1159,22143
8.1216,22167
8.1272,22202
8.1329,22148
8.1382,22208
8.1439,22166
8.1493,22075
8.1549,22229
8.1605,22153
8.1662,22104
8.1715,22115
8.1772,22133
8.1828,22104
8.1882,22131
8.1938,22136
8.1995,22106
8.2049,22150
8.2105,22098
8.2161,22118
8.2218,22172
8.2271,22168
8.2328,22097
8.2381,22091
8.2438,22028
8.2494,22116
8.2551,22157
8.2605,22097
8.2661,22067
8.2717,22076
8.2771,22088
8.2827,22070
8.2884,22094
8.294,22029
8.2993,22068
8.305,22000
8.3106,22025
8.316,22100
8.3217,22052
8.3273,22034
8.3327,22028
8.3383,22028
8.3439,22001
8.3493,22083
8.3549,22004
8.3606,22020
8.3662,21991
8.3716,22090
8.3772,22011
8.3826,21984
8.3882,22078
8.3939,22058
8.3995,22045
8.4049,22082
8.4104,22003
8.4161,21956
8.4217,22098
8.4271,21960
8.4327,22019
8.4384,22016
8.4437,22023
8.4494,21922
8.455,21992
8.4604,21940
8.466,21932
8.4717,21950
8.4771,21932
8.4827,21933
8.4883,21998
8.4937,21979
8.4993,21911
8.505,21913
8.5106,21977
8.516,22012
8.5216,21979
8.5273,21976
8.5327,21977
8.5383,21970
8.5439,21947
8.5493,21889
8.5549,21968
8.5606,21857
8.5659,21987
8.5715,21906
8.5772,21848
8.5828,21943
8.5882,21965
8.5938,21891
8.5995,21922
8.6048,21811
8.6105,21972
8.6161,21944
8.6215,21941
8.6271,21924
8.6327,21851
8.6383,21885
8.6437,21926
8.6494,21906
8.655,21860
8.6606,21839
8.666,21849
8.6716,21911
8.6773,21861
8.6826,21891
8.6883,21906
8.6939,21915
8.6993,21843
8.7049,21881
8.7106,21799
8.7159,21820
8.7216,21845
8.7272,21802
8.7328,21798
8.7382,21864
8.7438,21856
8.7492,21793
8.7549,21818
8.7605,21845
8.7662,21857
8.7716,21825
8.7772,21819
8.7828,21749
8.7882,21789
8.7938,21776
8.7995,21810
8.8049,21785
8.8105,21774
8.8162,21779
8.8215,21830
8.8272,21829
8.8328,21793
8.8382,21754
8.8438,21730
8.8494,21791
8.8551,21738
8.8605,21760
8.8661,21752
8.8717,21745
8.8771,21681
8.8827,21743
8.8884,21731
8.8937,21728
8.8994,21711
8.905,21754
8.9104,21734
8.9161,21803
8.9215,21786
8.9271,21753
8.9328,21744
8.9384,21791
8.9438,21762
8.9493,21758
8.9549,21677
8.9606,21704
8.966,21641
8.9717,21701
8.9771,21711
8.9828,21676
8.9882,21686
8.9938,21643
8.9995,21733
9.0049,21692
9.0105,21739
9.0162,21613
9.0216,21628
9.0272,21686
9.0328,21654
9.0384,21684
9.0438,21655
9.0494,21604
9.0548,21666
9.0604,21688
9.0661,21679
9.0716,21713
9.077,21683
9.0826,21633
9.0883,21751
9.094,21664
9.0993,21612
9.105,21674
9.1106,21592
9.116,21689
9.1216,21653
9.1272,21633
9.1329,21689
9.1382,21576
9.1438,21624
9.1495,21656
9.1549,21554
9.1605,21613
9.1662,21581
9.1715,21595
9.1772,21566
9.1826,21517
9.1882,21635
9.1938,21565
9.1995,21534
9.2048,21552
9.2105,21567
9.2162,21623
9.2215,21560
9.2271,21545
9.2328,21542
9.2382,21676
9.2438,21546
9.2495,21550
9.2548,21554
9.2605,21558
9.2661,21509
9.2717,21511
9.2771,21573
9.2827,21522
9.2884,21514
9.2938,21548
9.2995,21543
9.3049,21502
9.3105,21622
9.3161,21555
9.3218,21561
9.3271,21468
9.3328,21522
9.3384,21478
9.3438,21525
9.3494,21545
9.3551,21519
9.3604,21363
9.3661,21500
9.3717,21454
9.3771,21533
9.3827,21472
9.3884,21513
9.3938,21552
9.3994,21493
9.4051,21409
9.4104,21552
9.4161,21438
9.4217,21551
9.4271,21443
9.4327,21559
9.4383,21465
9.444,21472
9.4494,21390
9.455,21605
9.4604,21411
9.466,21500
9.4716,21418
9.4773,21486
9.4827,21440
9.4883,21414
9.4939,21420
9.4995,21379
9.505,21418
9.5106,21412
9.5159,21424
9.5216,21426
9.5272,21444
9.5329,21371
9.5382,21396
9.5439,21443
9.5495,21429
9.5549,21343
9.5606,21395
9.5662,21403
9.5716,21397
9.5772,21419
9.5828,21366
9.5882,21372
9.5938,21403
9.5995,21505
9.6049,21398
9.6105,21397
9.6162,21399
9.6218,21362
9.6272,21366
9.6328,21438
9.6384,21342
9.6438,21436
9.6494,21376
9.6551,21344
9.6605,21332
9.6661,21348
9.6718,21377
9.6771,21331
9.6827,21353
9.6884,21382
9.694,21342
9.6993,21364
9.705,21357
9.7106,21346
9.716,21382
9.7217,21317
9.7273,21272
9.7327,21347
9.7383,21404
9.744,21268
9.7493,21310
9.755,21302
9.7606,21366
9.766,21304
9.7717,21343
9.7773,21361
9.7827,21400
9.7883,21299
9.794,21306
9.7993,21355
9.805,21356
9.8106,21177
9.816,21297
9.8216,21222
9.8273,21256
9.8327,21328
9.8383,21293
9.844,21246
9.8493,21279
9.855,21215
9.8606,21284
9.866,21275
9.8716,21252
9.8773,21181
9.8827,21198
9.8883,21276
9.8939,21223
9.8996,21251
9.905,21314
9.9106,21256
9.9162,21221
9.9216,21296
9.9273,21271
9.9329,21206
9.9382,21257
9.9439,21250
9.9495,21350
9.9549,21207
9.9605,21239
9.9662,21286
9.9716,21188
9.9772,21248
9.9828,21241
9.9885,21257
9.9938,21130
9.9994,21169
10.0051,21183
10.0105,21181
10.0161,21189
10.0217,21147
10.0271,21214
10.0328,21097
10.0384,21214
10.0438,21212
10.0494,21122
10.055,21300
10.0607,21162
10.066,21185
10.0717,21203
10.0771,21151
10.0827,21199
10.0883,21190
10.094,21163
10.0993,21167
10.105,21192
10.1106,21163
10.116,21157
10.1216,21185
10.1273,21115
10.1327,21091
10.1383,21071
10.144,21121
10.1493,21170
10.1549,21091
10.1606,21161
10.1659,21152
10.1716,21146
10.1772,21165
10.1829,21131
10.1883,21149
10.1939,21114
10.1996,21098
10.2049,21121
10.2106,21113
10.2162,21032
10.2216,21127
10.2272,21151
10.2327,21101
10.2384,21122
10.2438,21085
10.2495,21139
10.2551,21102
10.2605,21118
10.2661,21141
10.2717,21055
10.2771,21127
10.2828,21099
10.2884,20999
10.2938,21077
10.2995,21017
10.3051,21057
10.3105,21063
10.3161,21085
10.3216,21003
10.3272,20963
10.3326,20979
10.3383,21095
10.3439,21058
10.3493,21100
10.355,21026
10.3605,21066
10.3661,21017
10.3718,21008
10.3771,21114
10.3828,21072
10.3883,21034
10.3939,21023
10.3993,20964
10.405,21024
10.4106,21017
10.4161,21035
10.4217,20939
10.4274,21062
10.4327,21059
10.4383,20998
10.4439,20982
10.4496,20974
10.455,21047
10.4606,21017
10.4662,21020
10.4716,20934
10.4772,20991
10.4829,20958
10.4883,21003
10.4939,21007
10.4995,21015
10.5049,21007
10.5106,20954
10.5162,21020
10.5216,20946
10.5272,20992
10.5329,20953
10.5382,20941
10.5439,21034
10.5495,20982
10.5551,20967
10.5605,20951
10.5662,20953
10.5718,20963
10.5772,20937
10.5828,20943
10.5882,20983
10.5938,20950
10.5995,20959
10.6051,20860
10.6105,21042
10.6162,20991
10.6218,20883
10.6272,20879
10.6328,20944
10.6382,20970
10.6438,20897
10.6495,20939
10.6551,20898
10.6605,20900
10.6662,20855
10.6718,20995
10.6772,20978
10.6828,20826
10.6884,20840
10.6938,20915
10.6994,20813
10.705,20933
10.7104,20833
10.716,20947
10.7217,20857
10.7271,20896
10.7327,20839
10.7384,20871
10.744,20938
10.7494,20870
10.755,20820
10.7604,20884
10.7661,20852
10.7718,20868
10.7771,20871
10.7828,20867
10.7884,20823
10.794,20813
10.7994,20859
10.805,20905
10.8104,20951
10.816,20769
10.8217,20834
10.8271,20834
10.8327,20842
10.8384,20849
10.8441,20753
10.8494,20839
10.8551,20799
10.8607,20840
10.866,20855
10.8717,20831
10.8774,20861
10.8827,20759
10.8884,20759
10.8937,20843
10.8994,20761
10.905,20863
10.9107,20833
10.916,20867
10.9216,20831
10.9273,20813
10.9327,20806
10.9383,20817
10.9439,20826
10.9496,20784
10.9549,20787
10.9606,20838
10.9662,20751
10.9715,20814
10.9772,20812
10.9828,20779
10.9882,20810
10.9939,20678
10.9994,20817
11.005,20766
11.0107,20739
11.0161,20581
11.0217,20768
11.0273,20728
11.0327,20801
11.0383,20680
11.044,20728
11.0494,20646
11.055,20702
11.0607,20707
11.066,20641
11.0717,20761
11.0773,20767
11.0829,20667
11.0883,20738
11.094,20747
11.0994,20661
11.105,20747
11.1106,20750
11.116,20721
11.1216,20694
11.1273,20677
11.1329,20692
11.1383,20677
11.1439,20809
11.1493,20691
11.155,20665
11.1606,20626
11.166,20707
11.1716,20648
11.1773,20649
11.1829,20651
11.1883,20713
11.1939,20673
11.1996,20635
11.205,20652
11.2104,20650
11.2161,20672
11.2217,20668
11.2273,20699
11.2327,20672
11.2383,20644
11.244,20636
11.2494,20634
11.255,20648
11.2607,20630
11.266,20690
11.2717,20599
11.2773,20647
11.2827,20671
11.2883,20614
11.294,20615
11.2993,20595
11.305,20576
11.3106,20648
11.316,20606
11.3217,20567
11.3273,20569
11.3329,20683
11.3383,20587
11.3439,20570
11.3493,20572
11.3549,20564
11.3606,20646
11.3662,20530
11.3717,20544
11.3773,20531
11.3827,20484
11.3883,20528
11.3939,20569
11.3996,20614
11.4049,20677
11.4106,20560
11.4162,20552
11.4217,20587
11.4273,20623
11.4327,20593
11.4383,20663
11.4439,20628
11.4496,20601
11.455,20549
11.4606,20512
11.4663,20578
11.4717,20524
11.4773,20598
11.4827,20661
11.4883,20584
11.494,20610
11.4996,20546
11.505,20523
11.5106,20538
11.516,20473
11.5216,20580
11.5273,20559
11.5327,20538
11.5383,20509
11.544,20462
11.5493,20451
11.555,20496
11.5606,20546
11.566,20547
11.5716,20431
11.5773,20486
11.5827,20538
11.5883,20486
11.594,20512
11.5994,20535
11.605,20599
11.6106,20472
11.616,20472
11.6216,20508
11.6273,20493
11.6327,20532
11.6383,20509
11.6439,20436
11.6493,20439
11.6549,20437
11.6606,20577
11.6662,20339
11.6716,20531
11.6772,20405
11.6827,20454
11.6883,20460
11.6939,20425
11.6996,20439
11.705,20529
11.7106,20458
11.716,20438
11.7216,20511
11.7273,20441
11.7327,20443
11.7383,20387
11.7438,20442
11.7495,20480
11.7551,20491
11.7607,20445
11.7661,20449
11.7716,20533
11.7773,20485
11.7827,20498
11.7884,20476
11.794,20302
11.7994,20376
11.805,20438
11.8107,20441
11.816,20389
11.8217,20398
11.8273,20402
11.8329,20375
11.8383,20433
11.844,20366
11.8493,20385
11.855,20476
11.8606,20284
11.8663,20369
11.8716,20440
11.8773,20284
11.8828,20426
11.8885,20383
11.8939,20337
11.8995,20376
11.9051,20429
11.9105,20433
11.9161,20378
11.9218,20343
11.9271,20392
11.9328,20357
11.9384,20422
11.9441,20265
11.9495,20420
11.9551,20314
11.9604,20282
11.9661,20345
11.9717,20375
11.9773,20407
11.983,20360
11.9883,20351
11.994,20310
11.9994,20262
12.0051,20302
12.0105,20214
12.0161,20362
12.0217,20361
12.0274,20289
12.0328,20331
12.0384,20296
12.0438,20391
12.0494,20295
12.0551,20308
12.0605,20341
12.0661,20281
12.0718,20250
12.0774,20234
12.0828,20247
12.0884,20368
12.0941,20273
12.0994,20230
12.1051,20295
12.1105,20327
12.1161,20204
12.1217,20223
12.1274,20282
12.1327,20265
12.1384,20206
12.144,20259
12.1494,20221
12.155,20236
12.1607,20243
12.1661,20302
12.1717,20230
12.1774,20202
12.1828,20197
12.1884,20276
12.194,20239
12.1994,20092
12.205,20324
12.2107,20186
12.216,20188
12.2217,20239
12.2274,20276
12.2327,20198
12.2384,20290
12.244,20253
12.2496,20195
12.255,20222
12.2606,20163
12.2663,20256
12.2717,20243
12.2773,20196
12.283,20155
12.2883,20216
12.294,20225
12.2996,20187
12.305,20245
12.3106,20177
12.3163,20152
12.3217,20183
12.3273,20160
12.333,20157
12.3383,20198
12.344,20151
12.3496,20135
12.355,20379
12.3607,20178
12.366,20208
12.3717,20091
12.3771,20182
12.3828,20195
12.3884,20127
12.3941,20093
12.3994,20188
12.4051,20168
12.4105,20111
12.4161,20182
12.4218,20183
12.4272,20159
12.4328,20152
12.4385,20245
12.4438,20166
12.4495,20185
12.455,20156
12.4606,20189
12.4663,20142
12.4716,20139
12.4773,20102
12.4827,20139
12.4884,20218
12.494,20091
12.4996,20183
12.505,20182
12.5106,20122
12.516,20147
12.5217,20135
12.5273,20089
12.5327,20065
12.5384,20094
12.544,20049
12.5496,20073
12.555,20123
12.5606,20088
12.566,20071
12.5716,20152
12.5773,20070
12.5829,20156
12.5883,20171
12.594,20046
12.5994,20159
12.605,20165
12.6107,20158
12.616,20111
12.6217,20099
12.6273,20075
12.633,20087
12.6384,20191
12.644,20135
12.6494,20091
12.655,20075
12.6606,20107
12.6663,20108
12.6716,20067
12.6773,20145
12.6829,20128
12.6883,19948
12.694,19990
12.6994,20104
12.705,20060
12.7107,20061
12.7161,20077
12.7217,20039
12.7273,20052
12.733,20085
12.7383,20069
12.744,20076
12.7494,20084
12.755,19953
12.7607,20032
12.766,19959
12.7717,20042
12.7773,20060
12.783,20021
12.7883,20003
12.794,20011
12.7994,20007
12.805,19996
12.8105,20059
12.8161,20052
12.8218,20061
12.8272,20041
12.8328,20049
12.8383,19986
12.844,19970
12.8494,20024
12.8551,19919
12.8607,19968
12.8661,20027
12.8717,20064
12.8773,19912
12.883,19984
12.8883,20009
12.894,20026
12.8996,19940
12.905,19969
12.9106,19916
12.9163,20092
12.9217,19913
12.9273,19907
12.9329,19842
12.9383,20102
12.944,19930
12.9496,19952
12.955,20011
12.9607,19990
12.9663,20043
12.9717,19927
12.9773,19904
12.9827,19954
12.9883,19895
12.994,19914
12.9994,19942
13.0051,19903
13.0105,19965
13.0161,19984
13.0218,19954
13.0274,19894
13.0328,19964
13.0384,19953
13.0441,19906
13.0494,19886
13.0551,20058
13.0607,19962
13.0661,19950
13.0718,19885
13.0774,19834
13.0828,20023
13.0884,19882
13.094,19905
13.0994,19932
13.105,19893
13.1107,19928
13.1163,19863
13.1217,19891
13.1274,19952
13.1328,19936
13.1384,19903
13.1441,19899
13.1494,19971
13.1551,19914
13.1607,19857
13.1661,19854
13.1717,19900
13.1773,19843
13.1829,19920
13.1886,19933
13.1939,19889
13.1995,19935
13.2051,19963
13.2107,19946
13.2161,19896
13.2217,19809
13.2274,19853
13.2328,19874
13.2383,19850
13.2439,19835
13.2496,19878
13.2549,19958
13.2606,19930
13.2661,19856
13.2717,19949
13.2772,19933
13.2829,19843
13.2885,19850
13.2939,19840
13.2995,19869
13.3052,19828
13.3105,19905
13.3162,19796
13.3217,19846
13.3274,19796
13.3328,19954
13.3384,19892
13.3441,19796
13.3494,19852
13.3551,19816
13.3605,19812
13.3661,19802
13.3718,19923
13.3774,19831
13.383,19835
13.3884,19894
13.3941,19877
13.3995,19846
13.4051,19828
13.4105,19874
13.4161,19808
13.4216,19833
13.4272,19790
13.4329,19809
13.4385,19861
13.4439,19831
13.4494,19916
13.455,19815
13.4607,19833
13.466,19857
13.4717,19845
13.4772,19846
13.4829,19877
13.4885,19841
13.4939,19805
13.4996,19727
13.5049,19857
13.5106,19795
13.5162,19783
13.5218,19675
13.5272,19768
13.5329,19717
13.5382,19847
13.5439,19750
13.5496,19743
13.5549,19798
13.5606,19690
13.5662,19803
13.5719,19757
13.5772,19696
13.5829,19826
13.5885,19641
13.5939,19709
13.5995,19711
13.6052,19768
13.6105,19766
13.6162,19795
13.6218,19817
13.6272,19815
13.6328,19701
13.6385,19725
13.6438,19796
13.6495,19738
13.6551,19720
13.6605,19682
13.6662,19787
13.6718,19662
13.6772,19741
13.6828,19724
13.6885,19734
13.6939,19775
13.6995,19715
13.705,19744
13.7107,19682
13.7161,19662
13.7217,19731
13.7274,19732
13.7328,19717
13.7384,19698
13.7441,19749
13.7494,19768
13.755,19707
13.7607,19665
13.7661,19715
13.7717,19700
13.7773,19765
13.783,19651
13.7883,19715
13.794,19753
13.7996,19750
13.805,19680
13.8106,19629
13.8163,19659
13.8217,19701
13.8273,19695
13.8329,19627
13.8383,19755
13.8439,19686
13.8496,19673
13.855,19652
13.8606,19639
13.8662,19617
13.8719,19559
13.8773,19649
13.8829,19697
13.8886,19614
13.8939,19675
13.8996,19619
13.9049,19631
13.9106,19616
13.9162,19757
13.9218,19655
13.9272,19638
13.9329,19677
13.9383,19688
13.9439,19685
13.9495,19599
13.9552,19677
13.9605,19666
13.9662,19609
13.9718,19654
13.9772,19718
13.9828,19611
13.9884,19690
13.9941,19637
13.9994,19687
14.0051,19711
14.0108,19597
14.0161,19667
14.0218,19484
14.0274,19597
14.0328,19719
14.0384,19715
14.0441,19539
14.0495,19606
14.0551,19604
14.0608,19567
14.0661,19546
14.0718,19544
14.0774,19601
14.0828,19531
14.0885,19548
14.0941,19574
14.0995,19649
14.1051,19605
14.1108,19588
14.1161,19607
14.1218,19546
14.1274,19677
14.1328,19640
14.1385,19573
14.1439,19569
14.1496,19456
14.1552,19630
14.1606,19607
14.1662,19528
14.1716,19583
14.1772,19488
14.1829,19544
14.1883,19596
14.1939,19567
14.1996,19555
14.2052,19555
14.2106,19680
14.2162,19559
14.2219,19482
14.2272,19608
14.2329,19557
14.2383,19538
14.2439,19538
14.2496,19512
14.2552,19514
14.2605,19521
14.2662,19440
14.2718,19427
14.2775,19584
14.2828,19431
14.2885,19491
14.2939,19476
14.2995,19544
14.3052,19562
14.3106,19588
14.3162,19564
14.3218,19483
14.3275,19461
14.3328,19430
14.3385,19485
14.3439,19495
14.3496,19445
14.3552,19536
14.3605,19518
14.3662,19486
14.3718,19368
14.3772,19473
14.3829,19475
14.3885,19548
14.3939,19518
14.3995,19497
14.4052,19440
14.4106,19558
14.4162,19526
14.4218,19394
14.4272,19459
14.4328,19489
14.4384,19483
14.4441,19565
14.4495,19511
14.4551,19447
14.4608,19467
14.4662,19477
14.4718,19584
14.4772,19518
14.4828,19360
14.4884,19443
14.4941,19368
14.4995,19417
14.5052,19448
14.5106,19464
14.5162,19516
14.5219,19350
14.5272,19366
14.5329,19504
14.5385,19486
14.5439,19435
14.5495,19401
14.5552,19409
14.5606,19461
14.5662,19364
14.5719,19439
14.5772,19330
14.5829,19421
14.5886,19439
14.5939,19400
14.5996,19344
14.605,19472
14.6106,19405
14.6163,19448
14.6219,19462
14.6273,19436
14.6329,19374
14.6386,19415
14.6439,19451
14.6494,19454
14.655,19299
14.6607,19450
14.6661,19443
14.6717,19440
14.6772,19466
14.6829,19411
14.6885,19391
14.6939,19443
14.6995,19371
14.7051,19417
14.7107,19464
14.7161,19328
14.7218,19389
14.7274,19370
14.7327,19398
14.7384,19328
14.744,19289
14.7497,19419
14.755,19353
14.7607,19360
14.7661,19395
14.7718,19459
14.7774,19337
14.7828,19389
14.7884,19389
14.7941,19379
14.7994,19340
14.8051,19332
14.8107,19359
14.8161,19435
14.8218,19441
14.8274,19418
14.833,19465
14.8384,19483
14.844,19417
14.8497,19370
14.855,19332
14.8605,19395
14.8662,19379
14.8716,19273
14.8773,19516
14.8829,19370
14.8884,19431
14.894,19343
14.8996,19330
14.905,19344
14.9107,19362
14.9162,19339
14.9216,19391
14.9273,19312
14.9329,19362
14.9386,19407
14.9439,19389
14.9496,19320
14.9552,19267
14.9606,19304
14.9662,19383
14.9716,19335
14.9773,19301
14.9829,19334
14.9886,19339
14.9939,19290
14.9995,19310
15.0052,19252
15.0105,19226
15.0162,19386
15.0217,19419
15.0274,19278
15.0328,19338
15.0384,19334
15.044,19289
15.0495,19212
15.0552,19247
15.0608,19334
15.0662,19245
15.0718,19307
15.0772,19246
15.0829,19347
15.0885,19301
15.0941,19254
15.0995,19250
15.1051,19314
15.1105,19296
15.1162,19286
15.1218,19297
15.1272,19282
15.1329,19249
15.1385,19238
15.1442,19247
15.1495,19251
15.1551,19231
15.1608,19198
15.1662,19355
15.1718,19421
15.1774,19318
15.1828,19154
15.1885,19341
15.1941,19216
15.1995,19258
15.2051,19251
15.2108,19296
15.2161,19210
15.2218,19306
15.2274,19172
15.2328,19162
15.2385,19253
15.2439,19290
15.2495,19225
15.2552,19227
15.2608,19219
15.2662,19175
15.2718,19230
15.2774,19178
15.2828,19216
15.2885,19245
15.2939,19256
15.2995,19282
15.305,19208
15.3106,19259
15.3162,19244
15.3219,19150
15.3272,19168
15.3328,19189
15.3385,19209
15.3441,19212
15.3495,19194
15.3551,19208
15.3606,19137
15.3663,19143
15.3719,19204
15.3773,19325
15.383,19124
15.3884,19179
15.394,19242
15.3996,19068
15.405,19196
15.4106,19171
15.4162,19247
15.4219,19170
15.4272,19234
15.4329,19366
15.4385,19240
15.4439,19204
15.4496,19179
15.4552,19223
15.4606,19237
15.4662,19148
15.4719,19088
15.4772,19118
15.4829,19110
15.4885,19089
15.4939,19129
15.4996,19135
15.5052,19240
15.5106,19199
15.5162,19187
15.5219,19136
15.5272,19088
15.5329,19209
15.5385,19147
15.5439,19201
15.5496,19145
15.5552,19181
15.5608,19227
15.5662,19101
15.5718,19155
15.5774,19135
15.5828,19192
15.5884,19097
15.5941,19090
15.5995,19239
15.6051,19086
15.6108,19185
15.6161,18994
15.6218,19134
15.6274,19014
15.6331,19169
15.6384,19194
15.644,19202
15.6494,19104
15.6551,19113
15.6608,19118
15.6661,19178
15.6718,19176
15.6774,19119
15.6828,19065
15.6885,19166
15.6941,19080
15.6995,19043
15.7052,19152
15.7108,19102
15.7162,19090
15.7218,19132
15.7275,19145
15.7328,19084
15.7384,19284
15.7441,19215
15.7497,19127
15.7551,19049
15.7608,19116
15.7661,19224
15.7718,19146
15.7774,19103
15.7828,19072
15.7884,19089
15.7941,19162
15.7994,19002
15.8051,19079
15.8105,19113
15.8161,19059
15.8218,19090
15.8274,19161
15.8328,19071
15.8384,19110
15.8441,19099
15.8494,19117
15.8551,19024
15.8608,19031
15.8661,19050
15.8718,19030
15.8774,19008
15.8828,19209
15.8884,19024
15.8941,19084
15.8994,19015
15.9051,19002
15.9108,19044
15.9162,19027
15.9218,18970
15.9275,19025
15.9328,19010
15.9384,18956
15.9441,18982
15.9495,19034
15.9551,19083
15.9608,19070
15.9662,19037
15.9718,19055
15.9772,19090
15.9828,19022
15.9885,19098
15.9941,18959
15.9995,19019
16.005,19076
16.0107,19018
16.0163,18987
16.0217,18906
16.0274,19069
16.0328,18955
16.0384,18992
16.0441,19020
16.0497,18958
16.055,19031
16.0607,18981
16.0664,19014
16.0718,19090
16.0774,18998
16.0828,19030
16.0884,19051
16.0941,19004
16.0994,19049
16.1051,18975
16.1107,19012
16.1161,19047
16.1218,19054
16.1275,18966
16.1328,19104
16.1385,19053
16.1439,19080
16.1496,18974
16.1552,18916
16.1606,18994
16.1662,18985
16.1716,18994
16.1773,19025
16.1827,19077
16.1884,18991
16.194,18948
16.1996,18960
16.2051,18971
16.2107,19041
16.2163,19038
16.2217,19008
16.2274,19035
16.2328,19041
16.2385,19021
16.2441,19023
16.2495,19019
16.2552,18976
16.2608,18966
16.2662,18985
16.2718,18975
16.2773,18976
16.283,18911
16.2884,18974
16.294,19008
16.2997,18933
16.3051,18854
16.3107,18962
16.3163,18979
16.3217,18889
16.3274,18903
16.333,19079
16.3384,18879
16.3441,18915
16.3494,18973
16.3551,18974
16.3607,18878
16.3662,19004
16.3718,18842
16.3774,18924
16.3828,18930
16.3885,18936
16.3942,19031
16.3996,18907
16.4052,18872
16.4105,18994
16.4162,18975
16.4218,19013
16.4275,18922
16.4329,18908
16.4385,18914
16.4439,18893
16.4495,18874
16.4552,19003
16.4606,19024
16.4662,18877
16.4719,18947
16.4773,18932
16.4829,18908
16.4886,18882
16.494,18906
16.4997,18879
16.505,18897
16.5107,18843
16.5163,18911
16.5217,18890
16.5273,18867
16.533,18883
16.5384,18917
16.544,18950
16.5494,18818
16.5551,18887
16.5607,18911
16.5663,18891
16.5717,18885
16.5773,18879
16.5828,18843
16.5884,18704
16.5939,18908
16.5995,18848
16.605,18860
16.6107,18927
16.6163,18944
16.6217,18858
16.6273,18843
16.6328,18907
16.6384,19016
16.6439,18906
16.6496,18956
16.655,18808
16.6606,18962
16.6661,18840
16.6717,18839
16.6773,18868
16.6828,18830
16.6884,18887
16.6939,18872
16.6995,18842
16.705,18839
16.7106,18831
16.7162,18856
16.7217,18886
16.7273,18874
16.7328,18867
16.7384,18767
16.7439,18822
16.7495,18866
16.7551,18850
16.7606,18849
16.7662,18726
16.7717,18812
16.7773,18787
16.7828,18836
16.7884,18861
16.794,18927
16.7995,18899
16.8051,18825
16.8106,18883
16.8162,18822
16.8217,18812
16.8273,18822
16.8329,18879
16.8384,18814
16.844,18799
16.8495,18883
16.8551,18799
16.8607,18780
16.8662,18719
16.8718,18769
16.8773,18800
16.8829,18785
16.8884,18795
16.894,18954
16.8996,18846
16.9051,18807
16.9107,18803
16.9162,18721
16.9218,18732
16.9273,18830
16.9329,18827
16.9385,18798
16.944,18813
16.9496,18907
16.9551,18703
16.9607,18754
16.9663,18852
16.9718,18882
16.9774,18770
16.9829,18838
16.9885,18768
16.994,18789
16.9996,18791
17.0052,18799
17.0106,18686
17.0163,18792
17.0219,18775
17.0273,18821
17.0329,18779
17.0385,18699
17.0441,18749
17.0496,18751
17.0552,18798
17.0606,18746
17.0662,18767
17.0718,18740
17.0774,18799
17.0829,18781
17.0885,18760
