Experiment: Feb_8_Batch_expt_zeroed vial 6, Mon Feb  8 17:45:11 2021
0.0049,28167
0.0103,28202
0.0159,28213
0.0213,28218
0.0269,28209
0.0326,28227
0.0382,28250
0.0436,28233
0.0492,28238
0.0546,28218
0.0602,28238
0.0659,28243
0.0715,28262
0.0769,28254
0.0826,28249
0.088,28254
0.0936,28271
0.0992,28262
0.1046,28269
0.1102,28278
0.1159,28283
0.1215,28283
0.1269,28302
0.1325,28298
0.1381,28283
0.1435,28292
0.1491,28275
0.1548,28282
0.1604,28289
0.1658,28271
0.1715,28273
0.1768,28261
0.1825,28271
0.1881,28275
0.1938,28257
0.2032,28257
0.2046,28257
0.2103,28244
0.216,28239
0.2213,28246
0.2269,28252
0.2359,28242
0.238,28249
0.2436,28234
0.2493,28231
0.2607,28231
0.2622,28234
0.2659,28239
0.2713,28244
0.282,28236
0.2827,28235
0.2881,28240
0.2937,28233
0.3039,28234
0.3046,28227
0.3103,28230
0.3159,28239
0.3254,28245
0.3271,28236
0.3324,28248
0.3381,28239
0.3437,28231
0.354,28236
0.3567,28226
0.3604,28235
0.3658,28236
0.3764,28236
0.3788,28240
0.3825,28247
0.3881,28238
0.398,28251
0.3991,28245
0.4047,28240
0.4104,28242
0.4158,28236
0.4214,28227
0.427,28220
0.4327,28228
0.438,28230
0.4437,28234
0.4493,28227
0.4547,28232
0.4603,28237
0.466,28240
0.4713,28236
0.477,28243
0.4826,28234
0.488,28236
0.4937,28236
0.4993,28251
0.5047,28235
0.5103,28251
0.5159,28263
0.5216,28252
0.5269,28257
0.5326,28246
0.5379,28253
0.5436,28251
0.5492,28259
0.5549,28253
0.5602,28253
0.5659,28252
0.5715,28255
0.5769,28250
0.5825,28253
0.5881,28258
0.5938,28259
0.5992,28256
0.6048,28263
0.6102,28261
0.6159,28260
0.6215,28246
0.6269,28252
0.6324,28245
0.6381,28256
0.6437,28258
0.6491,28256
0.6547,28274
0.6603,28263
0.666,28253
0.6713,28265
0.6769,28266
0.6826,28266
0.6882,28266
0.6935,28265
0.6992,28273
0.7048,28282
0.7102,28274
0.7158,28284
0.7214,28270
0.7271,28276
0.7324,28281
0.7381,28279
0.7437,28282
0.7493,28286
0.7547,28282
0.7603,28297
0.766,28293
0.7713,28286
0.777,28304
0.7826,28297
0.7882,28287
0.7936,28286
0.7992,28289
0.8049,28303
0.8102,28311
0.8159,28300
0.8215,28301
0.8271,28308
0.8325,28295
0.8381,28320
0.8438,28315
0.8491,28309
0.8548,28330
0.8604,28329
0.8658,28319
0.8714,28329
0.877,28331
0.8827,28344
0.888,28342
0.8936,28338
0.8993,28331
0.9049,28337
0.9102,28351
0.9159,28348
0.9215,28357
0.9269,28348
0.9325,28354
0.9381,28353
0.9438,28349
0.9491,28346
0.9548,28343
0.9604,28352
0.9658,28355
0.9714,28355
0.977,28358
0.9827,28356
0.988,28364
0.9937,28365
0.9993,28364
1.0047,28365
1.0103,28360
1.016,28375
1.0213,28376
1.027,28375
1.0326,28370
1.0382,28376
1.0436,28376
1.0492,28383
1.0548,28369
1.0602,28379
1.0659,28377
1.0715,28370
1.0769,28388
1.0825,28365
1.0882,28378
1.0936,28375
1.0992,28382
1.1048,28372
1.1105,28368
1.1158,28364
1.1215,28379
1.1271,28384
1.1325,28391
1.1381,28376
1.1437,28394
1.1494,28405
1.1547,28411
1.1603,28405
1.166,28412
1.1713,28404
1.177,28405
1.1826,28395
1.1883,28401
1.1936,28390
1.1993,28389
1.2049,28407
1.2103,28396
1.2159,28376
1.2215,28397
1.2269,28407
1.2325,28399
1.238,28406
1.2436,28402
1.2492,28405
1.2548,28408
1.2605,28404
1.2658,28407
1.2714,28406
1.2771,28403
1.2824,28414
1.2881,28419
1.2938,28413
1.2991,28409
1.3048,28410
1.3104,28408
1.3158,28380
1.3215,28394
1.3271,28406
1.3325,28396
1.3381,28414
1.3438,28400
1.3492,28392
1.3548,28401
1.3604,28388
1.3658,28369
1.3715,28407
1.3771,28396
1.3825,28399
1.3882,28371
1.3938,28410
1.3992,28409
1.4048,28404
1.4102,28403
1.4158,28411
1.4215,28403
1.4271,28402
1.4325,28393
1.4381,28384
1.4437,28383
1.4491,28392
1.4547,28392
1.4604,28385
1.466,28385
1.4714,28401
1.477,28394
1.4826,28386
1.4883,28381
1.4936,28371
1.4992,28376
1.5048,28342
1.5105,28380
1.5158,28377
1.5215,28360
1.527,28368
1.5324,28346
1.5381,28364
1.5438,28360
1.5491,28364
1.5548,28375
1.5604,28357
1.5658,28345
1.5714,28348
1.577,28353
1.5827,28331
1.588,28326
1.5937,28319
1.5993,28306
1.6047,28325
1.6103,28313
1.6159,28306
1.6215,28305
1.6271,28291
1.6325,28288
1.6381,28282
1.6437,28274
1.6493,28294
1.6547,28281
1.6603,28259
1.6659,28278
1.6715,28254
1.6769,28255
1.6825,28273
1.6882,28265
1.6938,28239
1.6992,28261
1.7048,28233
1.7105,28262
1.7158,28233
1.7215,28228
1.7271,28237
1.7327,28205
1.7381,28193
1.7438,28192
1.7491,28199
1.7548,28193
1.7604,28198
1.7658,28176
1.7714,28165
1.7771,28179
1.7827,28170
1.7881,28178
1.7937,28151
1.7993,28138
1.8047,28142
1.8103,28147
1.816,28132
1.8214,28110
1.827,28114
1.8326,28102
1.8383,28072
1.8436,28081
1.8492,28085
1.8549,28078
1.8603,28027
1.8659,28099
1.8715,28046
1.8772,28036
1.8825,28026
1.8881,28008
1.8937,27998
1.8994,27999
1.9047,27989
1.9103,27974
1.9159,27984
1.9216,27952
1.9269,27952
1.9326,27938
1.9381,27920
1.9437,27914
1.9491,27912
1.9548,27900
1.9604,27876
1.9658,27876
1.9714,27880
1.977,27876
1.9827,27848
1.9881,27837
1.9937,27809
1.9993,27808
2.0047,27776
2.0104,27782
2.0158,27746
2.0214,27773
2.027,27772
2.0327,27759
2.0381,27756
2.0437,27735
2.0493,27745
2.0547,27722
2.0604,27696
2.066,27685
2.0714,27691
2.077,27683
2.0827,27671
2.088,27677
2.0937,27656
2.0993,27664
2.1047,27644
2.1103,27631
2.1159,27628
2.1216,27612
2.1269,27618
2.1326,27596
2.1382,27620
2.1438,27592
2.1492,27559
2.1548,27541
2.1604,27554
2.1658,27555
2.1714,27539
2.177,27507
2.1827,27498
2.188,27491
2.1937,27497
2.1992,27499
2.2048,27483
2.2102,27453
2.2158,27456
2.2215,27434
2.227,27421
2.2327,27420
2.2381,27386
2.2437,27390
2.2493,27371
2.2547,27370
2.2603,27378
2.266,27351
2.2713,27314
2.277,27338
2.2826,27314
2.2883,27334
2.2937,27314
2.2993,27293
2.3047,27287
2.3103,27260
2.3159,27232
2.3216,27270
2.3269,27250
2.3326,27239
2.3382,27215
2.3436,27212
2.3493,27190
2.3549,27182
2.3603,27181
2.3659,27188
2.3716,27178
2.3769,27168
2.3826,27170
2.3882,27170
2.3936,27154
2.3992,27142
2.4049,27149
2.4102,27104
2.4159,27120
2.4215,27121
2.4269,27100
2.4325,27110
2.4382,27069
2.4438,27069
2.4492,27041
2.4548,27059
2.4605,26996
2.4659,27022
2.4715,27013
2.4772,26990
2.4826,27017
2.4882,26985
2.4936,26969
2.4992,26939
2.5049,26954
2.5102,26949
2.5159,26907
2.5216,26927
2.527,26896
2.5326,26876
2.538,26857
2.5437,26839
2.5493,26809
2.5547,26820
2.5603,26788
2.566,26774
2.5714,26774
2.577,26759
2.5827,26750
2.5881,26744
2.5938,26718
2.5991,26685
2.6048,26699
2.6105,26706
2.6158,26699
2.6215,26674
2.6272,26669
2.6326,26667
2.6382,26650
2.6436,26624
2.6493,26654
2.6547,26625
2.6603,26606
2.666,26611
2.6714,26618
2.677,26627
2.6825,26578
2.6882,26593
2.6939,26590
2.6993,26551
2.7049,26550
2.7103,26557
2.716,26541
2.7214,26514
2.727,26528
2.7327,26538
2.7381,26533
2.7437,26502
2.7494,26510
2.7548,26489
2.7604,26464
2.7658,26492
2.7715,26467
2.7771,26483
2.7825,26474
2.7881,26475
2.7938,26451
2.7992,26434
2.8049,26436
2.8103,26413
2.8159,26420
2.8216,26396
2.8269,26386
2.8326,26370
2.8382,26369
2.8436,26388
2.8492,26353
2.855,26355
2.8604,26357
2.866,26347
2.8714,26327
2.877,26329
2.8827,26324
2.8883,26306
2.8937,26278
2.8994,26330
2.9048,26297
2.9104,26277
2.9158,26269
2.9214,26271
2.9271,26282
2.9327,26269
2.9381,26249
2.9437,26299
2.9491,26271
2.9548,26260
2.9605,26291
2.9659,26277
2.9716,26232
2.977,26270
2.9827,26266
2.9883,26250
2.9937,26243
2.9994,26260
3.0048,26255
3.0105,26242
3.0159,26245
3.0216,26247
3.0269,26245
3.0326,26206
3.0383,26224
3.0436,26237
3.0493,26222
3.0547,26187
3.0604,26176
3.066,26176
3.0714,26174
3.0771,26186
3.0825,26169
3.0881,26170
3.0937,26164
3.0994,26177
3.1047,26163
3.1103,26159
3.116,26152
3.1214,26141
3.1271,26150
3.1327,26144
3.1381,26158
3.1438,26148
3.1492,26131
3.1548,26157
3.1605,26146
3.1659,26124
3.1715,26127
3.177,26133
3.1826,26117
3.1882,26104
3.1936,26114
3.1993,26098
3.2049,26097
3.2103,26098
3.216,26080
3.2216,26091
3.227,26085
3.2327,26112
3.238,26083
3.2437,26076
3.2494,26073
3.2547,26070
3.2604,26070
3.266,26071
3.2714,26081
3.2771,26071
3.2825,26075
3.2882,26055
3.2938,26050
3.2992,26048
3.3049,26046
3.3103,26061
3.3159,26028
3.3216,26001
3.327,26021
3.3326,26038
3.3381,26014
3.3438,26031
3.3491,25991
3.3548,25996
3.3605,26001
3.3659,25997
3.3715,26003
3.3771,25957
3.3825,25968
3.3882,25988
3.3936,25992
3.3992,25973
3.4049,25985
3.4105,25975
3.4159,25957
3.4215,25965
3.4272,25981
3.4326,25956
3.4382,25974
3.4436,25969
3.4493,25979
3.4547,25987
3.4603,25990
3.466,25970
3.4716,25976
3.477,25970
3.4826,25960
3.488,25964
3.4937,25937
3.4994,25956
3.5048,25955
3.5104,25936
3.516,25954
3.5214,25936
3.527,25936
3.5327,25909
3.5381,25939
3.5437,25933
3.5493,25913
3.5548,25904
3.5604,25882
3.5658,25920
3.5715,25902
3.5771,25940
3.5825,25912
3.5881,25892
3.5938,25881
3.5992,25897
3.6048,25856
3.6102,25861
3.6159,25864
3.6216,25871
3.627,25838
3.6326,25875
3.6383,25865
3.6437,25853
3.6493,25819
3.6547,25846
3.6604,25831
3.6658,25844
3.6715,25813
3.6771,25840
3.6827,25828
3.6881,25824
3.6938,25814
3.6992,25812
3.7048,25817
3.7105,25790
3.7159,25809
3.7216,25776
3.7272,25786
3.7325,25778
3.7382,25806
3.7438,25802
3.7492,25766
3.7549,25769
3.7605,25746
3.7659,25731
3.7715,25748
3.7772,25747
3.7825,25723
3.7882,25738
3.7938,25741
3.7992,25729
3.8048,25750
3.8105,25718
3.8159,25727
3.8216,25712
3.8272,25729
3.8326,25693
3.8382,25687
3.8436,25681
3.8492,25696
3.8549,25711
3.8603,25664
3.866,25667
3.8714,25637
3.877,25641
3.8827,25681
3.8881,25670
3.8937,25627
3.8994,25642
3.9047,25666
3.9104,25643
3.916,25631
3.9214,25621
3.9271,25642
3.9328,25636
3.9381,25618
3.9438,25619
3.9494,25621
3.9548,25603
3.9604,25594
3.9661,25618
3.9715,25589
3.9772,25597
3.9825,25586
3.9882,25629
3.9938,25553
3.9995,25581
4.0048,25588
4.0105,25584
4.0158,25573
4.0215,25574
4.0272,25575
4.0326,25542
4.0382,25537
4.0439,25545
4.0492,25535
4.0548,25534
4.0605,25505
4.0658,25548
4.0715,25529
4.0772,25522
4.0826,25483
4.0882,25511
4.0939,25491
4.0992,25461
4.1049,25517
4.1103,25474
4.1159,25448
4.1215,25459
4.1272,25458
4.1325,25471
4.1382,25469
4.1439,25436
4.1492,25460
4.1549,25439
4.1603,25456
4.166,25465
4.1716,25395
4.177,25460
4.1826,25427
4.1882,25407
4.1938,25409
4.1994,25411
4.2048,25416
4.2104,25424
4.216,25398
4.2214,25422
4.2271,25403
4.2327,25371
4.2381,25401
4.2438,25383
4.2494,25391
4.2548,25382
4.2604,25403
4.2658,25356
4.2715,25348
4.2771,25369
4.2825,25329
4.2881,25365
4.2938,25344
4.2992,25370
4.3049,25318
4.3105,25350
4.3159,25340
4.3215,25309
4.3272,25306
4.3325,25332
4.3382,25312
4.3439,25279
4.3492,25286
4.3549,25285
4.3605,25303
4.3658,25263
4.3715,25303
4.3771,25251
4.3828,25283
4.3881,25283
4.3938,25269
4.3992,25249
4.4049,25270
4.4105,25238
4.4159,25250
4.4215,25242
4.4272,25270
4.4325,25275
4.4382,25249
4.4438,25239
4.4492,25232
4.4549,25205
4.4605,25224
4.4659,25218
4.4715,25202
4.4772,25176
4.4826,25183
4.4882,25191
4.4938,25161
4.4992,25185
4.5049,25183
4.5105,25132
4.5159,25172
4.5214,25168
4.527,25136
4.5327,25183
4.5383,25128
4.5437,25146
4.5492,25161
4.5548,25154
4.5605,25151
4.5659,25152
4.5715,25142
4.577,25122
4.5826,25128
4.5883,25144
4.5937,25096
4.5993,25101
4.6048,25080
4.6105,25105
4.6159,25111
4.6215,25093
4.6272,25098
4.6326,25100
4.6382,25095
4.6438,25105
4.6492,25101
4.6549,25034
4.6604,25088
4.6661,25044
4.6715,25035
4.6772,25062
4.6825,25056
4.6882,25056
4.6938,25032
4.6992,25052
4.7048,25065
4.7105,24994
4.7158,25014
4.7215,25031
4.7269,25019
4.7325,25005
4.7382,25003
4.7438,24961
4.7492,24963
4.7548,24970
4.7604,24933
4.7661,24949
4.7715,24935
4.7771,24927
4.7825,24972
4.7882,24958
4.7938,24938
4.7992,24908
4.8048,24968
4.8105,24955
4.8158,24934
4.8214,24953
4.8271,24930
4.8327,24899
4.8381,24879
4.8438,24956
4.8494,24882
4.8548,24875
4.8604,24888
4.8661,24872
4.8714,24884
4.8771,24883
4.8827,24855
4.8881,24871
4.8938,24870
4.8992,24911
4.9048,24857
4.9105,24858
4.9161,24857
4.9215,24854
4.9271,24838
4.9325,24844
4.9382,24811
4.9439,24804
4.9492,24846
4.9549,24794
4.9605,24846
4.9659,24827
4.9715,24758
4.9772,24836
4.9825,24818
4.9881,24801
4.9938,24770
4.9992,24751
5.0049,24775
5.0105,24744
5.0159,24757
5.0215,24801
5.0271,24757
5.0325,24749
5.0382,24754
5.0438,24772
5.0494,24746
5.0549,24741
5.0605,24759
5.0659,24772
5.0716,24726
5.077,24717
5.0826,24699
5.0882,24738
5.0939,24698
5.0993,24672
5.1049,24690
5.1103,24679
5.116,24694
5.1216,24671
5.127,24656
5.1326,24661
5.1383,24689
5.1436,24669
5.1493,24631
5.1549,24669
5.1606,24707
5.166,24641
5.1717,24656
5.177,24598
5.1827,24612
5.188,24614
5.1937,24634
5.1994,24663
5.205,24618
5.2104,24588
5.216,24596
5.2214,24580
5.227,24600
5.2325,24569
5.2382,24574
5.2438,24557
5.2492,24587
5.2548,24572
5.2604,24606
5.2661,24577
5.2714,24598
5.2771,24445
5.2827,24576
5.2883,24566
5.2936,24553
5.2992,24520
5.3049,24575
5.3105,24572
5.3159,24568
5.3215,24526
5.3269,24491
5.3325,24520
5.3382,24486
5.3438,24519
5.3492,24533
5.3549,24513
5.3605,24504
5.3659,24529
5.3715,24464
5.3771,24470
5.3826,24484
5.3882,24512
5.3939,24490
5.3992,24478
5.4049,24508
5.4105,24478
5.4159,24457
5.4215,24471
5.4272,24439
5.4326,24424
5.4383,24446
5.4436,24399
5.4493,24434
5.455,24428
5.4604,24432
5.466,24441
5.4717,24436
5.477,24399
5.4827,24379
5.4881,24440
5.4937,24371
5.4994,24438
5.5048,24368
5.5104,24361
5.5161,24383
5.5215,24391
5.5271,24387
5.5328,24363
5.5382,24382
5.5438,24297
5.5495,24349
5.5548,24327
5.5605,24355
5.5661,24327
5.5715,24343
5.5771,24289
5.5828,24366
5.5881,24272
5.5938,24315
5.5994,24315
5.6048,24236
5.6104,24299
5.616,24273
5.6217,24304
5.627,24281
5.6327,24267
5.6383,24257
5.6438,24218
5.6494,24258
5.6548,24279
5.6604,24281
5.6661,24229
5.6714,24258
5.6771,24272
5.6827,24257
5.6881,24228
5.6938,24247
5.6992,24244
5.7049,24203
5.7105,24256
5.7159,24258
5.7215,24209
5.7271,24238
5.7328,24253
5.7381,24198
5.7437,24179
5.7494,24193
5.7548,24161
5.7604,24164
5.7659,24203
5.7715,24204
5.7772,24156
5.7826,24176
5.7882,24156
5.7937,24179
5.7994,24100
5.8048,24134
5.8104,24107
5.8161,24108
5.8214,24091
5.8271,24097
5.8327,24099
5.8381,24055
5.8438,24121
5.8494,24042
5.8548,24084
5.8605,24057
5.8661,24025
5.8714,23983
5.8771,23995
5.8827,23959
5.8881,24003
5.8937,23984
5.8993,23974
5.9049,23936
5.9103,23969
5.9159,23942
5.9216,23944
5.9271,23953
5.9327,23987
5.9384,23999
5.9437,23964
5.9494,23926
5.9548,23890
5.9604,23924
5.9658,23859
5.9715,23889
5.9771,23871
5.9828,23851
5.9881,23844
5.9937,23840
5.9994,23831
6.0048,23818
6.0104,23842
6.0159,23804
6.0214,23789
6.0271,23800
6.0327,23812
6.0384,23747
6.0437,23755
6.0494,23792
6.0548,23785
6.0604,23791
6.066,23755
6.0715,23743
6.0771,23778
6.0828,23715
6.0881,23753
6.0938,23710
6.0994,23681
6.105,23665
6.1104,23663
6.116,23698
6.1217,23673
6.1271,23638
6.1328,23684
6.1381,23626
6.1438,23637
6.1494,23628
6.1548,23645
6.1604,23639
6.166,23593
6.1717,23589
6.1771,23573
6.1827,23591
6.1881,23583
6.1938,23587
6.1994,23588
6.205,23557
6.2104,23583
6.216,23597
6.2217,23538
6.227,23496
6.2327,23574
6.2381,23491
6.2437,23543
6.2494,23482
6.255,23518
6.2604,23502
6.2661,23534
6.2717,23477
6.2771,23487
6.2825,23469
6.2882,23462
6.2938,23474
6.2994,23456
6.3048,23487
6.3105,23464
6.3161,23465
6.3215,23457
6.3271,23411
6.3328,23393
6.3382,23414
6.3438,23430
6.3492,23400
6.3549,23431
6.3605,23414
6.3659,23405
6.3715,23423
6.3772,23435
6.3828,23380
6.3881,23348
6.3938,23380
6.3992,23357
6.4049,23418
6.4105,23355
6.4162,23383
6.4215,23332
6.4272,23321
6.4328,23330
6.4382,23351
6.4439,23301
6.4492,23302
6.4549,23322
6.4605,23300
6.4659,23304
6.4716,23302
6.4772,23332
6.4826,23250
6.4882,23237
6.4938,23282
6.4992,23300
6.5049,23291
6.5105,23279
6.5162,23242
6.5215,23224
6.5271,23272
6.5328,23235
6.5382,23257
6.5438,23218
6.5494,23227
6.5549,23241
6.5605,23207
6.5661,23210
6.5715,23190
6.5771,23173
6.5828,23203
6.5882,23190
6.5938,23179
6.5992,23236
6.6048,23172
6.6105,23209
6.6162,23157
6.6215,23177
6.6272,23165
6.6326,23183
6.6382,23199
6.6439,23156
6.6492,23183
6.6549,23137
6.6606,23148
6.6659,23139
6.6716,23115
6.6772,23093
6.6826,23138
6.6882,23092
6.6938,23117
6.6995,23117
6.7049,23091
6.7106,23137
6.7159,23109
6.7216,23076
6.7272,23084
6.7326,23098
6.7382,23085
6.7438,23073
6.7495,23089
6.7548,23039
6.7605,23010
6.7659,23039
6.7716,23058
6.7772,23005
6.7826,22984
6.7882,23032
6.7938,23033
6.7992,22954
6.8049,23007
6.8105,22982
6.8159,22997
6.8216,23047
6.8272,22976
6.8326,23045
6.8382,22971
6.8438,22978
6.8495,22999
6.8549,22982
6.8605,23009
6.8662,23004
6.8716,22978
6.8772,22947
6.8828,22961
6.8882,22958
6.8938,22992
6.8992,22970
6.9049,22959
6.9105,22972
6.9161,22949
6.9215,22993
6.9272,22935
6.9328,22878
6.9381,22954
6.9438,22952
6.9494,22951
6.9548,22930
6.9605,22934
6.9661,22933
6.9715,22866
6.9771,22894
6.9826,22912
6.9882,22845
6.9939,22932
6.9993,22902
7.0049,22867
7.0106,22868
7.016,22911
7.0216,22867
7.0272,22901
7.0326,22937
7.0383,22864
7.0439,22854
7.0493,22872
7.0549,22894
7.0606,22849
7.0659,22833
7.0716,22826
7.0772,22848
7.0826,22833
7.0883,22820
7.0939,22828
7.0993,22820
7.1049,22849
7.1106,22815
7.1159,22807
7.1216,22837
7.1273,22798
7.1327,22776
7.1383,22839
7.1439,22772
7.1493,22826
7.1549,22746
7.1606,22795
7.1659,22792
7.1716,22800
7.1772,22785
7.1826,22784
7.1883,22776
7.1939,22815
7.1993,22793
7.2049,22753
7.2106,22758
7.2159,22782
7.2215,22767
7.2272,22724
7.2328,22722
7.2382,22740
7.2439,22784
7.2492,22734
7.2549,22699
7.2605,22732
7.2662,22732
7.2715,22748
7.2772,22682
7.2828,22710
7.2882,22723
7.2939,22699
7.2995,22679
7.3049,22709
7.3105,22753
7.3159,22662
7.3215,22730
7.3272,22721
7.3328,22676
7.3382,22738
7.3438,22656
7.3492,22682
7.3549,22619
7.3605,22648
7.3659,22659
7.3716,22646
7.3773,22712
7.3827,22680
7.3883,22621
7.3939,22660
7.3993,22663
7.405,22659
7.4105,22665
7.4161,22555
7.4215,22643
7.427,22669
7.4327,22641
7.4383,22679
7.4437,22635
7.4493,22672
7.4548,22641
7.4605,22560
7.4661,22600
7.4715,22645
7.4771,22561
7.4827,22657
7.4883,22572
7.4937,22622
7.4993,22551
7.505,22613
7.5104,22640
7.516,22562
7.5217,22547
7.5273,22614
7.5327,22538
7.5383,22605
7.5439,22553
7.5493,22556
7.5549,22520
7.5605,22585
7.566,22538
7.5716,22591
7.5773,22496
7.5826,22572
7.5882,22493
7.5939,22531
7.5993,22545
7.6049,22498
7.6106,22514
7.616,22535
7.6216,22463
7.6273,22575
7.6326,22476
7.6383,22494
7.6439,22515
7.6493,22489
7.6549,22513
7.6606,22564
7.6659,22530
7.6716,22502
7.6773,22484
7.6826,22491
7.6883,22485
7.6939,22423
7.6992,22471
7.7049,22501
7.7105,22455
7.7162,22455
7.7216,22433
7.7272,22402
7.7328,22494
7.7382,22442
7.7438,22446
7.7495,22492
7.7549,22503
7.7605,22426
7.7661,22420
7.7715,22442
7.7772,22427
7.7828,22381
7.7882,22373
7.7938,22424
7.7995,22385
7.8048,22411
7.8105,22356
7.8161,22485
7.8218,22357
7.8272,22384
7.8328,22419
7.8382,22404
7.8438,22322
7.8495,22391
7.8548,22382
7.8604,22356
7.8661,22327
7.8717,22339
7.8771,22351
7.8828,22338
7.8884,22343
7.8938,22326
7.8994,22301
7.905,22320
7.9104,22319
7.916,22294
7.9217,22267
7.927,22316
7.9327,22281
7.9384,22305
7.9437,22295
7.9494,22283
7.955,22337
7.9604,22262
7.966,22305
7.9716,22241
7.9773,22326
7.9826,22299
7.9882,22259
7.9939,22303
7.9993,22283
8.005,22215
8.0106,22266
8.016,22304
8.0216,22220
8.0272,22228
8.0326,22205
8.0383,22231
8.0439,22181
8.0493,22286
8.0549,22249
8.0606,22263
8.0659,22213
8.0716,22251
8.0773,22218
8.0826,22244
8.0882,22195
8.0939,22234
8.0993,22199
8.1049,22216
8.1106,22196
8.1159,22204
8.1216,22145
8.1272,22231
8.1329,22224
8.1382,22177
8.1439,22197
8.1493,22180
8.1549,22169
8.1605,22191
8.1662,22199
8.1715,22179
8.1772,22170
8.1828,22199
8.1882,22211
8.1938,22172
8.1995,22175
8.2049,22135
8.2105,22167
8.2161,22175
8.2218,22199
8.2271,22157
8.2328,22137
8.2381,22139
8.2438,22124
8.2494,22126
8.2551,22187
8.2605,22098
8.2661,22086
8.2717,22105
8.2771,22111
8.2827,22141
8.2884,22135
8.294,22091
8.2993,22109
8.305,22122
8.3106,22103
8.316,22125
8.3217,22151
8.3273,22049
8.3327,22141
8.3383,22129
8.3439,22093
8.3493,22059
8.3549,22052
8.3606,22021
8.3662,22059
8.3716,22024
8.3772,22087
8.3826,22046
8.3882,22067
8.3939,22048
8.3995,22088
8.4049,22018
8.4104,22017
8.4161,22024
8.4217,21980
8.4271,21966
8.4327,22025
8.4384,22056
8.4437,22012
8.4494,22048
8.455,21989
8.4604,22039
8.466,22052
8.4717,22039
8.4771,21981
8.4827,21976
8.4883,22050
8.4937,22017
8.4993,21990
8.505,22017
8.5106,21988
8.516,21968
8.5216,22024
8.5273,22004
8.5327,21978
8.5383,21917
8.5439,21892
8.5493,21944
8.5549,21937
8.5606,21964
8.5659,21969
8.5715,21985
8.5772,21960
8.5828,21918
8.5882,21986
8.5938,21876
8.5995,21938
8.6048,21946
8.6105,21915
8.6161,21935
8.6215,21934
8.6271,21938
8.6327,21925
8.6383,21862
8.6437,21926
8.6494,21934
8.655,21904
8.6606,21897
8.666,21889
8.6716,21893
8.6773,21880
8.6826,21880
8.6883,21874
8.6939,21896
8.6993,21880
8.7049,21869
8.7106,21848
8.7159,21841
8.7216,21911
8.7272,21871
8.7328,21846
8.7382,21877
8.7438,21789
8.7492,21847
8.7549,21882
8.7605,21853
8.7662,21846
8.7716,21881
8.7772,21799
8.7828,21796
8.7882,21884
8.7938,21805
8.7995,21822
8.8049,21842
8.8105,21833
8.8162,21850
8.8215,21764
8.8272,21804
8.8328,21828
8.8382,21809
8.8438,21849
8.8494,21884
8.8551,21764
8.8605,21770
8.8661,21813
8.8717,21787
8.8771,21753
8.8827,21787
8.8884,21801
8.8937,21793
8.8994,21751
8.905,21831
8.9104,21732
8.9161,21709
8.9215,21764
8.9271,21726
8.9328,21729
8.9384,21746
8.9438,21786
8.9493,21783
8.9549,21765
8.9606,21694
8.966,21768
8.9717,21749
8.9771,21689
8.9828,21727
8.9882,21728
8.9938,21689
8.9995,21813
9.0049,21764
9.0105,21741
9.0162,21653
9.0216,21774
9.0272,21714
9.0328,21707
9.0384,21684
9.0438,21690
9.0494,21675
9.0548,21703
9.0604,21747
9.0661,21762
9.0716,21710
9.077,21707
9.0826,21660
9.0883,21649
9.094,21664
9.0993,21715
9.105,21666
9.1106,21690
9.116,21704
9.1216,21655
9.1272,21680
9.1329,21671
9.1382,21632
9.1438,21695
9.1495,21666
9.1549,21622
9.1605,21660
9.1662,21588
9.1715,21677
9.1772,21726
9.1826,21655
9.1882,21657
9.1938,21627
9.1995,21588
9.2048,21545
9.2105,21629
9.2162,21637
9.2215,21618
9.2271,21641
9.2328,21627
9.2382,21597
9.2438,21565
9.2495,21548
9.2548,21562
9.2605,21635
9.2661,21622
9.2717,21597
9.2771,21609
9.2827,21598
9.2884,21626
9.2938,21572
9.2995,21504
9.3049,21593
9.3105,21530
9.3161,21497
9.3218,21596
9.3271,21624
9.3328,21509
9.3384,21489
9.3438,21594
9.3494,21548
9.3551,21563
9.3604,21531
9.3661,21523
9.3717,21552
9.3771,21537
9.3827,21548
9.3884,21548
9.3938,21512
9.3994,21541
9.4051,21527
9.4104,21564
9.4161,21501
9.4217,21553
9.4271,21500
9.4327,21580
9.4383,21472
9.444,21489
9.4494,21502
9.455,21432
9.4604,21474
9.466,21504
9.4716,21456
9.4773,21467
9.4827,21463
9.4883,21474
9.4939,21417
9.4995,21425
9.505,21455
9.5106,21482
9.5159,21458
9.5216,21472
9.5272,21425
9.5329,21422
9.5382,21416
9.5439,21425
9.5495,21460
9.5549,21420
9.5606,21428
9.5662,21450
9.5716,21430
9.5772,21419
9.5828,21410
9.5882,21420
9.5938,21395
9.5995,21411
9.6049,21373
9.6105,21438
9.6162,21471
9.6218,21353
9.6272,21433
9.6328,21453
9.6384,21445
9.6438,21433
9.6494,21400
9.6551,21403
9.6605,21381
9.6661,21366
9.6718,21450
9.6771,21377
9.6827,21354
9.6884,21382
9.694,21461
9.6993,21333
9.705,21385
9.7106,21378
9.716,21338
9.7217,21357
9.7273,21359
9.7327,21371
9.7383,21352
9.744,21328
9.7493,21429
9.755,21358
9.7606,21325
9.766,21311
9.7717,21359
9.7773,21302
9.7827,21378
9.7883,21325
9.794,21255
9.7993,21267
9.805,21385
9.8106,21279
9.816,21373
9.8216,21277
9.8273,21337
9.8327,21360
9.8383,21326
9.844,21309
9.8493,21288
9.855,21278
9.8606,21219
9.866,21284
9.8716,21313
9.8773,21261
9.8827,21297
9.8883,21231
9.8939,21322
9.8996,21258
9.905,21282
9.9106,21348
9.9162,21261
9.9216,21307
9.9273,21296
9.9329,21250
9.9382,21227
9.9439,21244
9.9495,21264
9.9549,21237
9.9605,21231
9.9662,21247
9.9716,21232
9.9772,21260
9.9828,21254
9.9885,21262
9.9938,21260
9.9994,21274
10.0051,21246
10.0105,21228
10.0161,21184
10.0217,21222
10.0271,21220
10.0328,21209
10.0384,21197
10.0438,21200
10.0494,21222
10.055,21301
10.0607,21210
10.066,21177
10.0717,21202
10.0771,21192
10.0827,21209
10.0883,21242
10.094,21214
10.0993,21130
10.105,21155
10.1106,21174
10.116,21186
10.1216,21113
10.1273,21131
10.1327,21141
10.1383,21131
10.144,21087
10.1493,21203
10.1549,21199
10.1606,21196
10.1659,21145
10.1716,21158
10.1772,21141
10.1829,21075
10.1883,21072
10.1939,21110
10.1996,21126
10.2049,21150
10.2106,21109
10.2162,21085
10.2216,21113
10.2272,21163
10.2327,21122
10.2384,21105
10.2438,21140
10.2495,21067
10.2551,21092
10.2605,21088
10.2661,21065
10.2717,21170
10.2771,21115
10.2828,21066
10.2884,21024
10.2938,21116
10.2995,21062
10.3051,21040
10.3105,21050
10.3161,21077
10.3216,21063
10.3272,21030
10.3326,21094
10.3383,21079
10.3439,21013
10.3493,21099
10.355,21027
10.3605,21018
10.3661,21061
10.3718,21069
10.3771,21058
10.3828,21025
10.3883,21004
10.3939,21028
10.3993,21073
10.405,21020
10.4106,21028
10.4161,21062
10.4217,21034
10.4274,20999
10.4327,21027
10.4383,21111
10.4439,21149
10.4496,21041
10.455,21023
10.4606,21027
10.4662,21052
10.4716,20990
10.4772,20999
10.4829,20999
10.4883,20959
10.4939,21029
10.4995,20999
10.5049,21002
10.5106,20990
10.5162,20990
10.5216,20975
10.5272,20962
10.5329,20960
10.5382,20977
10.5439,20891
10.5495,20990
10.5551,20965
10.5605,20965
10.5662,20970
10.5718,20987
10.5772,20987
10.5828,20937
10.5882,21034
10.5938,20887
10.5995,20985
10.6051,20986
10.6105,20964
10.6162,20965
10.6218,20930
10.6272,20975
10.6328,20935
10.6382,20961
10.6438,20992
10.6495,20953
10.6551,20965
10.6605,20897
10.6662,20985
10.6718,20930
10.6772,20978
10.6828,20903
10.6884,20930
10.6938,20931
10.6994,20889
10.705,20875
10.7104,20951
10.716,20923
10.7217,20900
10.7271,20937
10.7327,20953
10.7384,20976
10.744,20930
10.7494,20917
10.755,20936
10.7604,20923
10.7661,20910
10.7718,20942
10.7771,20864
10.7828,20848
10.7884,20970
10.794,20928
10.7994,20902
10.805,20853
10.8104,20869
10.816,20856
10.8217,20828
10.8271,20931
10.8327,20830
10.8384,20876
10.8441,20886
10.8494,20829
10.8551,20872
10.8607,20901
10.866,20838
10.8717,20888
10.8774,20819
10.8827,20862
10.8884,20838
10.8937,20852
10.8994,20827
10.905,20873
10.9107,20832
10.916,20855
10.9216,20915
10.9273,20821
10.9327,20812
10.9383,20811
10.9439,20782
10.9496,20766
10.9549,20810
10.9606,20788
10.9662,20816
10.9715,20776
10.9772,20780
10.9828,20794
10.9882,20772
10.9939,20810
10.9994,20828
11.005,20797
11.0107,20826
11.0161,20785
11.0217,20795
11.0273,20782
11.0327,20692
11.0383,20770
11.044,20758
11.0494,20834
11.055,20772
11.0607,20836
11.066,20790
11.0717,20679
11.0773,20833
11.0829,20729
11.0883,20788
11.094,20727
11.0994,20780
11.105,20809
11.1106,20764
11.116,20736
11.1216,20737
11.1273,20776
11.1329,20773
11.1383,20779
11.1439,20723
11.1493,20795
11.155,20689
11.1606,20733
11.166,20742
11.1716,20669
11.1773,20665
11.1829,20744
11.1883,20696
11.1939,20649
11.1996,20685
11.205,20777
11.2104,20749
11.2161,20691
11.2217,20737
11.2273,20680
11.2327,20726
11.2383,20711
11.244,20677
11.2494,20658
11.255,20728
11.2607,20679
11.266,20647
11.2717,20647
11.2773,20657
11.2827,20725
11.2883,20690
11.294,20682
11.2993,20636
11.305,20637
11.3106,20680
11.316,20618
11.3217,20702
11.3273,20680
11.3329,20685
11.3383,20583
11.3439,20681
11.3493,20714
11.3549,20694
11.3606,20683
11.3662,20626
11.3717,20700
11.3773,20668
11.3827,20672
11.3883,20569
11.3939,20623
11.3996,20607
11.4049,20652
11.4106,20550
11.4162,20591
11.4217,20573
11.4273,20563
11.4327,20624
11.4383,20596
11.4439,20562
11.4496,20508
11.455,20596
11.4606,20588
11.4663,20632
11.4717,20602
11.4773,20528
11.4827,20609
11.4883,20593
11.494,20538
11.4996,20543
11.505,20568
11.5106,20526
11.516,20547
11.5216,20568
11.5273,20528
11.5327,20514
11.5383,20592
11.544,20481
11.5493,20504
11.555,20509
11.5606,20536
11.566,20592
11.5716,20554
11.5773,20493
11.5827,20584
11.5883,20502
11.594,20488
11.5994,20459
11.605,20512
11.6106,20489
11.616,20491
11.6216,20504
11.6273,20478
11.6327,20482
11.6383,20541
11.6439,20483
11.6493,20502
11.6549,20444
11.6606,20508
11.6662,20415
11.6716,20479
11.6772,20504
11.6827,20472
11.6883,20439
11.6939,20472
11.6996,20464
11.705,20507
11.7106,20475
11.716,20481
11.7216,20398
11.7273,20437
11.7327,20459
11.7383,20452
11.7438,20361
11.7495,20480
11.7551,20450
11.7607,20445
11.7661,20487
11.7716,20454
11.7773,20470
11.7827,20451
11.7884,20460
11.794,20428
11.7994,20420
11.805,20433
11.8107,20409
11.816,20375
11.8217,20511
11.8273,20428
11.8329,20476
11.8383,20394
11.844,20383
11.8493,20362
11.855,20522
11.8606,20400
11.8663,20453
11.8716,20426
11.8773,20374
11.8828,20461
11.8885,20353
11.8939,20351
11.8995,20360
11.9051,20330
11.9105,20310
11.9161,20368
11.9218,20304
11.9271,20361
11.9328,20333
11.9384,20365
11.9441,20352
11.9495,20361
11.9551,20331
11.9604,20395
11.9661,20341
11.9717,20330
11.9773,20341
11.983,20336
11.9883,20305
11.994,20362
11.9994,20385
12.0051,20297
12.0105,20355
12.0161,20317
12.0217,20274
12.0274,20317
12.0328,20330
12.0384,20342
12.0438,20368
12.0494,20346
12.0551,20381
12.0605,20249
12.0661,20308
12.0718,20325
12.0774,20333
12.0828,20284
12.0884,20314
12.0941,20255
12.0994,20268
12.1051,20343
12.1105,20233
12.1161,20228
12.1217,20306
12.1274,20209
12.1327,20193
12.1384,20328
12.144,20260
12.1494,20220
12.155,20239
12.1607,20271
12.1661,20273
12.1717,20269
12.1774,20278
12.1828,20286
12.1884,20260
12.194,20269
12.1994,20209
12.205,20228
12.2107,20216
12.216,20207
12.2217,20264
12.2274,20309
12.2327,20155
12.2384,20247
12.244,20234
12.2496,20231
12.255,20278
12.2606,20263
12.2663,20219
12.2717,20208
12.2773,20322
12.283,20248
12.2883,20235
12.294,20174
12.2996,20184
12.305,20239
12.3106,20281
12.3163,20181
12.3217,20215
12.3273,20225
12.333,20208
12.3383,20329
12.344,20195
12.3496,20243
12.355,20168
12.3607,20164
12.366,20195
12.3717,20139
12.3771,20181
12.3828,20250
12.3884,20173
12.3941,20154
12.3994,20149
12.4051,20236
12.4105,20172
12.4161,20253
12.4218,20142
12.4272,20157
12.4328,20124
12.4385,20181
12.4438,20134
12.4495,20112
12.455,20123
12.4606,20126
12.4663,20064
12.4716,20183
12.4773,20094
12.4827,20143
12.4884,20206
12.494,20102
12.4996,20220
12.505,20183
12.5106,20097
12.516,20119
12.5217,20140
12.5273,20088
12.5327,20140
12.5384,20110
12.544,20065
12.5496,20095
12.555,20142
12.5606,20035
12.566,20048
12.5716,20104
12.5773,20148
12.5829,20117
12.5883,20116
12.594,20123
12.5994,20139
12.605,20006
12.6107,19987
12.616,20074
12.6217,20175
12.6273,20107
12.633,20047
12.6384,20011
12.644,20031
12.6494,20079
12.655,20081
12.6606,20016
12.6663,20048
12.6716,20088
12.6773,20075
12.6829,20045
12.6883,20012
12.694,20004
12.6994,20083
12.705,20092
12.7107,20029
12.7161,19974
12.7217,20037
12.7273,20107
12.733,20082
12.7383,19955
12.744,19984
12.7494,19955
12.755,20004
12.7607,20044
12.766,20067
12.7717,20086
12.7773,19967
12.783,20037
12.7883,20032
12.794,20062
12.7994,19982
12.805,19952
12.8105,19980
12.8161,20014
12.8218,20006
12.8272,20019
12.8328,20010
12.8383,19975
12.844,19957
12.8494,19940
12.8551,19995
12.8607,20002
12.8661,20070
12.8717,19957
12.8773,19999
12.883,19956
12.8883,20002
12.894,19989
12.8996,19979
12.905,19948
12.9106,19916
12.9163,19979
12.9217,19906
12.9273,20041
12.9329,19853
12.9383,19968
12.944,19860
12.9496,19971
12.955,19988
12.9607,19942
12.9663,19891
12.9717,19923
12.9773,19962
12.9827,19952
12.9883,19964
12.994,19914
12.9994,19979
13.0051,19903
13.0105,19932
13.0161,19943
13.0218,19823
13.0274,19937
13.0328,19934
13.0384,19965
13.0441,19961
13.0494,19861
13.0551,19865
13.0607,19840
13.0661,19840
13.0718,19811
13.0774,19854
13.0828,19821
13.0884,19870
13.094,19797
13.0994,19762
13.105,19859
13.1107,19814
13.1163,19822
13.1217,19780
13.1274,19836
13.1328,19723
13.1384,19759
13.1441,19839
13.1494,19825
13.1551,19817
13.1607,19720
13.1661,19829
13.1717,19770
13.1773,19738
13.1829,19672
13.1886,19706
13.1939,19719
13.1995,19769
13.2051,19765
13.2107,19731
13.2161,19716
13.2217,19714
13.2274,19708
13.2328,19724
13.2383,19734
13.2439,19791
13.2496,19753
13.2549,19734
13.2606,19683
13.2661,19748
13.2717,19764
13.2772,19717
13.2829,19626
13.2885,19716
13.2939,19648
13.2995,19685
13.3052,19697
13.3105,19635
13.3162,19688
13.3217,19729
13.3274,19641
13.3328,19595
13.3384,19721
13.3441,19654
13.3494,19733
13.3551,19545
13.3605,19633
13.3661,19608
13.3718,19528
13.3774,19584
13.383,19607
13.3884,19705
13.3941,19603
13.3995,19641
13.4051,19674
13.4105,19570
13.4161,19625
13.4216,19737
13.4272,19618
13.4329,19684
13.4385,19587
13.4439,19574
13.4494,19692
13.455,19632
13.4607,19683
13.466,19679
13.4717,19695
13.4772,19657
13.4829,19593
13.4885,19708
13.4939,19638
13.4996,19650
13.5049,19667
13.5106,19628
13.5162,19598
13.5218,19609
13.5272,19597
13.5329,19568
13.5382,19506
13.5439,19551
13.5496,19456
13.5549,19476
13.5606,19589
13.5662,19576
13.5719,19511
13.5772,19473
13.5829,19570
13.5885,19592
13.5939,19534
13.5995,19534
13.6052,19552
13.6105,19503
13.6162,19483
13.6218,19499
13.6272,19469
13.6328,19386
13.6385,19656
13.6438,19545
13.6495,19499
13.6551,19481
13.6605,19518
13.6662,19634
13.6718,19540
13.6772,19503
13.6828,19579
13.6885,19552
13.6939,19522
13.6995,19618
13.705,19532
13.7107,19511
13.7161,19565
13.7217,19524
13.7274,19462
13.7328,19457
13.7384,19514
13.7441,19516
13.7494,19509
13.755,19469
13.7607,19488
13.7661,19417
13.7717,19456
13.7773,19459
13.783,19643
13.7883,19469
13.794,19620
13.7996,19472
13.805,19489
13.8106,19481
13.8163,19496
13.8217,19440
13.8273,19555
13.8329,19540
13.8383,19514
13.8439,19651
13.8496,19492
13.855,19583
13.8606,19410
13.8662,19507
13.8719,19503
13.8773,19461
13.8829,19509
13.8886,19437
13.8939,19455
13.8996,19453
13.9049,19371
13.9106,19391
13.9162,19413
13.9218,19446
13.9272,19420
13.9329,19350
13.9383,19420
13.9439,19411
13.9495,19408
13.9552,19429
13.9605,19444
13.9662,19421
13.9718,19378
13.9772,19424
13.9828,19433
13.9884,19408
13.9941,19495
13.9994,19290
14.0051,19398
14.0108,19373
14.0161,19390
14.0218,19472
14.0274,19346
14.0328,19391
14.0384,19438
14.0441,19456
14.0495,19403
14.0551,19364
14.0608,19390
14.0661,19382
14.0718,19419
14.0774,19363
14.0828,19327
14.0885,19409
14.0941,19357
14.0995,19324
14.1051,19442
14.1108,19445
14.1161,19327
14.1218,19400
14.1274,19362
14.1328,19283
14.1385,19384
14.1439,19403
14.1496,19297
14.1552,19392
14.1606,19397
14.1662,19376
14.1716,19429
14.1772,19358
14.1829,19411
14.1883,19337
14.1939,19279
14.1996,19257
14.2052,19265
14.2106,19374
14.2162,19288
14.2219,19242
14.2272,19270
14.2329,19262
14.2383,19136
14.2439,19293
14.2496,19221
14.2552,19296
14.2605,19306
14.2662,19263
14.2718,19350
14.2775,19346
14.2828,19294
14.2885,19305
14.2939,19243
14.2995,19306
14.3052,19276
14.3106,19230
14.3162,19275
14.3218,19376
14.3275,19275
14.3328,19278
14.3385,19274
14.3439,19277
14.3496,19290
14.3552,19282
14.3605,19264
14.3662,19218
14.3718,19215
14.3772,19252
14.3829,19334
14.3885,19220
14.3939,19254
14.3995,19174
14.4052,19211
14.4106,19203
14.4162,19196
14.4218,19290
14.4272,19296
14.4328,19298
14.4384,19286
14.4441,19258
14.4495,19222
14.4551,19258
14.4608,19255
14.4662,19291
14.4718,19341
14.4772,19266
14.4828,19265
14.4884,19330
14.4941,19261
14.4995,19239
14.5052,19204
14.5106,19177
14.5162,19229
14.5219,19279
14.5272,19214
14.5329,19209
14.5385,19207
14.5439,19266
14.5495,19240
14.5552,19109
14.5606,19206
14.5662,19303
14.5719,19232
14.5772,19105
14.5829,19225
14.5886,19273
14.5939,19239
14.5996,19269
14.605,19260
14.6106,19147
14.6163,19225
14.6219,19154
14.6273,19190
14.6329,19224
14.6386,19119
14.6439,19182
14.6494,19375
14.655,19186
14.6607,19144
14.6661,19222
14.6717,19253
14.6772,19245
14.6829,19213
14.6885,19298
14.6939,19251
14.6995,19290
14.7051,19253
14.7107,19190
14.7161,19205
14.7218,19243
14.7274,19255
14.7327,19230
14.7384,19140
14.744,19185
14.7497,19163
14.755,19121
14.7607,19153
14.7661,19161
14.7718,19032
14.7774,19149
14.7828,19215
14.7884,19156
14.7941,19018
14.7994,19210
14.8051,19062
14.8107,19116
14.8161,19143
14.8218,19165
14.8274,19211
14.833,19022
14.8384,19084
14.844,19125
14.8497,19125
14.855,19076
14.8605,19052
14.8662,19094
14.8716,19054
14.8773,18992
14.8829,19103
14.8884,19136
14.894,19149
14.8996,19129
14.905,19118
14.9107,19123
14.9162,19057
14.9216,19001
14.9273,19079
14.9329,19026
14.9386,19140
14.9439,19050
14.9496,18960
14.9552,19088
14.9606,19066
14.9662,19105
14.9716,19095
14.9773,19066
14.9829,19000
14.9886,19041
14.9939,18990
14.9995,18954
15.0052,19084
15.0105,19073
15.0162,19044
15.0217,19109
15.0274,18999
15.0328,19030
15.0384,19040
15.044,19109
15.0495,19018
15.0552,19013
15.0608,19081
15.0662,19099
15.0718,19006
15.0772,19094
15.0829,18996
15.0885,18969
15.0941,19049
15.0995,19053
15.1051,19039
15.1105,19083
15.1162,19005
15.1218,19079
15.1272,19000
15.1329,18925
15.1385,18964
15.1442,18987
15.1495,18953
15.1551,19000
15.1608,18922
15.1662,19035
15.1718,19014
15.1774,18960
15.1828,19017
15.1885,19065
15.1941,18958
15.1995,19009
15.2051,19010
15.2108,19033
15.2161,19027
15.2218,19007
15.2274,19006
15.2328,18939
15.2385,18913
15.2439,18933
15.2495,19009
15.2552,18891
15.2608,19027
15.2662,18902
15.2718,18941
15.2774,18940
15.2828,18979
15.2885,18973
15.2939,18895
15.2995,18958
15.305,18937
15.3106,18949
15.3162,18863
15.3219,18922
15.3272,18873
15.3328,18900
15.3385,18983
15.3441,18868
15.3495,18937
15.3551,18975
15.3606,18980
15.3663,18994
15.3719,19026
15.3773,18904
15.383,18872
15.3884,18946
15.394,18907
15.3996,18906
15.405,18819
15.4106,18941
15.4162,18886
15.4219,18875
15.4272,18938
15.4329,18896
15.4385,18895
15.4439,18883
15.4496,18865
15.4552,18890
15.4606,18865
15.4662,18882
15.4719,18785
15.4772,18883
15.4829,18769
15.4885,18818
15.4939,18855
15.4996,18870
15.5052,18935
15.5106,18872
15.5162,18748
15.5219,18876
15.5272,18733
15.5329,18821
15.5385,18800
15.5439,18888
15.5496,18861
15.5552,18878
15.5608,18866
15.5662,18792
15.5718,18781
15.5774,18902
15.5828,18925
15.5884,18944
15.5941,18843
15.5995,18839
15.6051,18869
15.6108,18830
15.6161,18801
15.6218,18782
15.6274,18793
15.6331,18831
15.6384,18844
15.644,18851
15.6494,18862
15.6551,18864
15.6608,18889
15.6661,18915
15.6718,18907
15.6774,18932
15.6828,18782
15.6885,18792
15.6941,18818
15.6995,18888
15.7052,18818
15.7108,18724
15.7162,18671
15.7218,18777
15.7275,18689
15.7328,18831
15.7384,18851
15.7441,18786
15.7497,18709
15.7551,18716
15.7608,18776
15.7661,18834
15.7718,18829
15.7774,18822
15.7828,18718
15.7884,18702
15.7941,18842
15.7994,18826
15.8051,18797
15.8105,18790
15.8161,18759
15.8218,18859
15.8274,18791
15.8328,18814
15.8384,18793
15.8441,18877
15.8494,18762
15.8551,18840
15.8608,18848
15.8661,18846
15.8718,18831
15.8774,18825
15.8828,18707
15.8884,18777
15.8941,18777
15.8994,18822
15.9051,18769
15.9108,18817
15.9162,18702
15.9218,18805
15.9275,18761
15.9328,18780
15.9384,18755
15.9441,18725
15.9495,18858
15.9551,18717
15.9608,18707
15.9662,18707
15.9718,18714
15.9772,18732
15.9828,18657
15.9885,18716
15.9941,18649
15.9995,18780
16.005,18759
16.0107,18736
16.0163,18658
16.0217,18793
16.0274,18734
16.0328,18700
16.0384,18753
16.0441,18754
16.0497,18693
16.055,18679
16.0607,18684
16.0664,18739
16.0718,18626
16.0774,18673
16.0828,18685
16.0884,18536
16.0941,18700
16.0994,18664
16.1051,18639
16.1107,18586
16.1161,18652
16.1218,18624
16.1275,18623
16.1328,18592
16.1385,18664
16.1439,18612
16.1496,18598
16.1552,18703
16.1606,18657
16.1662,18691
16.1716,18723
16.1773,18662
16.1827,18616
16.1884,18658
16.194,18575
16.1996,18686
16.2051,18705
16.2107,18682
16.2163,18625
16.2217,18690
16.2274,18682
16.2328,18710
16.2385,18672
16.2441,18630
16.2495,18498
16.2552,18634
16.2608,18627
16.2662,18635
16.2718,18643
16.2773,18620
16.283,18562
16.2884,18593
16.294,18540
16.2997,18613
16.3051,18622
16.3107,18554
16.3163,18659
16.3217,18644
16.3274,18575
16.333,18542
16.3384,18645
16.3441,18667
16.3494,18602
16.3551,18653
16.3607,18571
16.3662,18550
16.3718,18564
16.3774,18606
16.3828,18581
16.3885,18600
16.3942,18575
16.3996,18535
16.4052,18628
16.4105,18659
16.4162,18555
16.4218,18522
16.4275,18491
16.4329,18607
16.4385,18538
16.4439,18503
16.4495,18467
16.4552,18447
16.4606,18510
16.4662,18547
16.4719,18565
16.4773,18511
16.4829,18441
16.4886,18573
16.494,18651
16.4997,18519
16.505,18464
16.5107,18523
16.5163,18457
16.5217,18565
16.5273,18497
16.533,18519
16.5384,18562
16.544,18541
16.5494,18409
16.5551,18491
16.5607,18495
16.5663,18504
16.5717,18515
16.5773,18551
16.5828,18428
16.5884,18464
16.5939,18479
16.5995,18432
16.605,18411
16.6107,18482
16.6163,18495
16.6217,18462
16.6273,18495
16.6328,18417
16.6384,18440
16.6439,18368
16.6496,18364
16.655,18400
16.6606,18420
16.6661,18492
16.6717,18530
16.6773,18469
16.6828,18455
16.6884,18438
16.6939,18492
16.6995,18484
16.705,18454
16.7106,18300
16.7162,18404
16.7217,18374
16.7273,18437
16.7328,18408
16.7384,18426
16.7439,18466
16.7495,18404
16.7551,18432
16.7606,18524
16.7662,18420
16.7717,18340
16.7773,18383
16.7828,18397
16.7884,18438
16.794,18509
16.7995,18413
16.8051,18429
16.8106,18418
16.8162,18332
16.8217,18422
16.8273,18464
16.8329,18345
16.8384,18348
16.844,18411
16.8495,18391
16.8551,18442
16.8607,18331
16.8662,18393
16.8718,18378
16.8773,18393
16.8829,18350
16.8884,18406
16.894,18371
16.8996,18375
16.9051,18399
16.9107,18330
16.9162,18325
16.9218,18427
16.9273,18325
16.9329,18337
16.9385,18342
16.944,18418
16.9496,18324
16.9551,18343
16.9607,18383
16.9663,18338
16.9718,18323
16.9774,18427
16.9829,18322
16.9885,18338
16.994,18267
16.9996,18254
17.0052,18361
17.0106,18359
17.0163,18300
17.0219,18311
17.0273,18279
17.0329,18394
17.0385,18384
17.0441,18401
17.0496,18396
17.0552,18205
17.0606,18365
17.0662,18271
17.0718,18349
17.0774,18353
17.0829,18278
17.0885,18254
