Experiment: Feb_8_Batch_expt_zeroed vial 5, Mon Feb  8 17:45:11 2021
0.0049,27926
0.0103,27945
0.0159,27959
0.0213,27965
0.0269,27976
0.0326,27985
0.0382,27997
0.0436,27986
0.0492,28008
0.0546,27995
0.0602,27998
0.0659,28008
0.0715,28003
0.0769,28019
0.0826,28008
0.088,28005
0.0936,28014
0.0992,28002
0.1046,28013
0.1102,28026
0.1159,28017
0.1215,28033
0.1269,28025
0.1325,28029
0.1381,28032
0.1435,28042
0.1491,28034
0.1548,28034
0.1604,28036
0.1658,28037
0.1715,28034
0.1768,28036
0.1825,28026
0.1881,28034
0.1938,28038
0.2032,28033
0.2046,28036
0.2103,28035
0.216,28031
0.2213,28029
0.2269,28028
0.2359,28026
0.238,28032
0.2436,28023
0.2493,28018
0.2607,28016
0.2622,28015
0.2659,28019
0.2713,28025
0.282,28017
0.2827,28017
0.2881,28014
0.2937,28012
0.3039,28015
0.3046,28017
0.3103,28017
0.3159,28027
0.3254,28020
0.3271,28016
0.3324,28022
0.3381,28018
0.3437,28014
0.354,28022
0.3567,28017
0.3604,28020
0.3658,28029
0.3764,28015
0.3788,28023
0.3825,28019
0.3881,28021
0.398,28018
0.3991,28028
0.4047,28023
0.4104,28029
0.4158,28023
0.4214,28024
0.427,28037
0.4327,28037
0.438,28033
0.4437,28036
0.4493,28039
0.4547,28034
0.4603,28035
0.466,28035
0.4713,28038
0.477,28037
0.4826,28042
0.488,28042
0.4937,28037
0.4993,28045
0.5047,28044
0.5103,28032
0.5159,28046
0.5216,28042
0.5269,28056
0.5326,28047
0.5379,28047
0.5436,28053
0.5492,28052
0.5549,28062
0.5602,28065
0.5659,28066
0.5715,28060
0.5769,28062
0.5825,28072
0.5881,28062
0.5938,28065
0.5992,28067
0.6048,28070
0.6102,28078
0.6159,28069
0.6215,28062
0.6269,28067
0.6324,28059
0.6381,28068
0.6437,28082
0.6491,28071
0.6547,28081
0.6603,28079
0.666,28078
0.6713,28095
0.6769,28099
0.6826,28081
0.6882,28083
0.6935,28092
0.6992,28093
0.7048,28095
0.7102,28106
0.7158,28095
0.7214,28103
0.7271,28105
0.7324,28106
0.7381,28115
0.7437,28114
0.7493,28110
0.7547,28111
0.7603,28117
0.766,28122
0.7713,28119
0.777,28124
0.7826,28125
0.7882,28118
0.7936,28121
0.7992,28120
0.8049,28128
0.8102,28135
0.8159,28136
0.8215,28139
0.8271,28130
0.8325,28132
0.8381,28129
0.8438,28131
0.8491,28140
0.8548,28140
0.8604,28139
0.8658,28131
0.8714,28145
0.877,28147
0.8827,28145
0.888,28141
0.8936,28130
0.8993,28145
0.9049,28162
0.9102,28151
0.9159,28156
0.9215,28159
0.9269,28152
0.9325,28160
0.9381,28166
0.9438,28156
0.9491,28174
0.9548,28165
0.9604,28175
0.9658,28162
0.9714,28165
0.977,28169
0.9827,28172
0.988,28178
0.9937,28170
0.9993,28181
1.0047,28191
1.0103,28182
1.016,28192
1.0213,28195
1.027,28186
1.0326,28194
1.0382,28198
1.0436,28199
1.0492,28210
1.0548,28192
1.0602,28209
1.0659,28209
1.0715,28191
1.0769,28198
1.0825,28199
1.0882,28209
1.0936,28205
1.0992,28210
1.1048,28207
1.1105,28209
1.1158,28224
1.1215,28219
1.1271,28222
1.1325,28229
1.1381,28222
1.1437,28228
1.1494,28227
1.1547,28232
1.1603,28232
1.166,28223
1.1713,28222
1.177,28239
1.1826,28228
1.1883,28239
1.1936,28242
1.1993,28224
1.2049,28225
1.2103,28235
1.2159,28225
1.2215,28228
1.2269,28234
1.2325,28229
1.238,28226
1.2436,28236
1.2492,28237
1.2548,28240
1.2605,28239
1.2658,28239
1.2714,28240
1.2771,28253
1.2824,28251
1.2881,28239
1.2938,28254
1.2991,28247
1.3048,28259
1.3104,28258
1.3158,28256
1.3215,28261
1.3271,28274
1.3325,28247
1.3381,28265
1.3438,28265
1.3492,28268
1.3548,28260
1.3604,28249
1.3658,28266
1.3715,28264
1.3771,28277
1.3825,28267
1.3882,28263
1.3938,28249
1.3992,28269
1.4048,28248
1.4102,28267
1.4158,28260
1.4215,28257
1.4271,28258
1.4325,28243
1.4381,28250
1.4437,28242
1.4491,28236
1.4547,28254
1.4604,28246
1.466,28239
1.4714,28244
1.477,28242
1.4826,28241
1.4883,28243
1.4936,28226
1.4992,28226
1.5048,28230
1.5105,28231
1.5158,28224
1.5215,28223
1.527,28238
1.5324,28219
1.5381,28228
1.5438,28228
1.5491,28215
1.5548,28220
1.5604,28222
1.5658,28214
1.5714,28200
1.577,28205
1.5827,28198
1.588,28199
1.5937,28189
1.5993,28195
1.6047,28195
1.6103,28207
1.6159,28195
1.6215,28187
1.6271,28157
1.6325,28170
1.6381,28159
1.6437,28130
1.6493,28146
1.6547,28122
1.6603,28139
1.6659,28141
1.6715,28134
1.6769,28121
1.6825,28136
1.6882,28115
1.6938,28111
1.6992,28136
1.7048,28101
1.7105,28101
1.7158,28127
1.7215,28102
1.7271,28093
1.7327,28080
1.7381,28096
1.7438,28074
1.7491,28086
1.7548,28076
1.7604,28078
1.7658,28045
1.7714,28054
1.7771,28036
1.7827,28036
1.7881,28028
1.7937,28020
1.7993,28010
1.8047,27971
1.8103,28018
1.816,27997
1.8214,27970
1.827,27969
1.8326,27965
1.8383,27984
1.8436,27965
1.8492,27963
1.8549,27966
1.8603,27918
1.8659,27904
1.8715,27885
1.8772,27913
1.8825,27901
1.8881,27878
1.8937,27883
1.8994,27872
1.9047,27835
1.9103,27832
1.9159,27828
1.9216,27793
1.9269,27802
1.9326,27812
1.9381,27786
1.9437,27762
1.9491,27746
1.9548,27762
1.9604,27740
1.9658,27738
1.9714,27719
1.977,27691
1.9827,27683
1.9881,27692
1.9937,27677
1.9993,27696
2.0047,27640
2.0104,27636
2.0158,27636
2.0214,27633
2.027,27629
2.0327,27608
2.0381,27626
2.0437,27605
2.0493,27596
2.0547,27569
2.0604,27598
2.066,27556
2.0714,27545
2.077,27547
2.0827,27533
2.088,27534
2.0937,27484
2.0993,27484
2.1047,27497
2.1103,27485
2.1159,27487
2.1216,27444
2.1269,27442
2.1326,27483
2.1382,27445
2.1438,27415
2.1492,27405
2.1548,27382
2.1604,27388
2.1658,27368
2.1714,27371
2.177,27364
2.1827,27332
2.188,27334
2.1937,27345
2.1992,27305
2.2048,27299
2.2102,27304
2.2158,27320
2.2215,27269
2.227,27251
2.2327,27278
2.2381,27247
2.2437,27221
2.2493,27246
2.2547,27225
2.2603,27202
2.266,27200
2.2713,27189
2.277,27177
2.2826,27176
2.2883,27175
2.2937,27143
2.2993,27137
2.3047,27124
2.3103,27143
2.3159,27105
2.3216,27103
2.3269,27113
2.3326,27064
2.3382,27080
2.3436,27072
2.3493,27061
2.3549,27072
2.3603,27024
2.3659,27025
2.3716,27003
2.3769,27000
2.3826,26994
2.3882,26997
2.3936,26975
2.3992,26985
2.4049,26995
2.4102,26970
2.4159,26979
2.4215,26960
2.4269,26933
2.4325,26924
2.4382,26923
2.4438,26929
2.4492,26887
2.4548,26896
2.4605,26868
2.4659,26885
2.4715,26859
2.4772,26862
2.4826,26829
2.4882,26829
2.4936,26804
2.4992,26777
2.5049,26778
2.5102,26775
2.5159,26734
2.5216,26743
2.527,26721
2.5326,26730
2.538,26702
2.5437,26688
2.5493,26665
2.5547,26641
2.5603,26622
2.566,26629
2.5714,26596
2.577,26603
2.5827,26599
2.5881,26573
2.5938,26550
2.5991,26530
2.6048,26537
2.6105,26552
2.6158,26533
2.6215,26538
2.6272,26505
2.6326,26504
2.6382,26497
2.6436,26485
2.6493,26499
2.6547,26496
2.6603,26475
2.666,26464
2.6714,26466
2.677,26452
2.6825,26430
2.6882,26442
2.6939,26432
2.6993,26403
2.7049,26405
2.7103,26373
2.716,26397
2.7214,26353
2.727,26369
2.7327,26388
2.7381,26330
2.7437,26363
2.7494,26334
2.7548,26359
2.7604,26342
2.7658,26314
2.7715,26318
2.7771,26326
2.7825,26294
2.7881,26321
2.7938,26304
2.7992,26307
2.8049,26279
2.8103,26272
2.8159,26273
2.8216,26216
2.8269,26233
2.8326,26235
2.8382,26217
2.8436,26216
2.8492,26197
2.855,26195
2.8604,26203
2.866,26179
2.8714,26205
2.877,26172
2.8827,26144
2.8883,26154
2.8937,26145
2.8994,26189
2.9048,26151
2.9104,26133
2.9158,26159
2.9214,26124
2.9271,26127
2.9327,26129
2.9381,26157
2.9437,26159
2.9491,26127
2.9548,26111
2.9605,26117
2.9659,26130
2.9716,26096
2.977,26103
2.9827,26075
2.9883,26096
2.9937,26112
2.9994,26080
3.0048,26089
3.0105,26074
3.0159,26078
3.0216,26081
3.0269,26063
3.0326,26058
3.0383,26063
3.0436,26069
3.0493,26067
3.0547,26038
3.0604,26016
3.066,26070
3.0714,26051
3.0771,26080
3.0825,26021
3.0881,26057
3.0937,26030
3.0994,26003
3.1047,26011
3.1103,26025
3.116,26040
3.1214,26019
3.1271,26009
3.1327,26000
3.1381,25991
3.1438,26018
3.1492,25978
3.1548,26005
3.1605,26008
3.1659,25985
3.1715,26000
3.177,25951
3.1826,25993
3.1882,25962
3.1936,25983
3.1993,25960
3.2049,25946
3.2103,25962
3.216,25943
3.2216,25947
3.227,25943
3.2327,25930
3.238,25930
3.2437,25939
3.2494,25904
3.2547,25911
3.2604,25924
3.266,25921
3.2714,25913
3.2771,25899
3.2825,25935
3.2882,25897
3.2938,25882
3.2992,25896
3.3049,25872
3.3103,25886
3.3159,25836
3.3216,25890
3.327,25877
3.3326,25897
3.3381,25864
3.3438,25882
3.3491,25848
3.3548,25821
3.3605,25831
3.3659,25857
3.3715,25807
3.3771,25816
3.3825,25809
3.3882,25824
3.3936,25824
3.3992,25795
3.4049,25804
3.4105,25810
3.4159,25806
3.4215,25804
3.4272,25770
3.4326,25761
3.4382,25794
3.4436,25781
3.4493,25789
3.4547,25776
3.4603,25784
3.466,25738
3.4716,25789
3.477,25760
3.4826,25777
3.488,25802
3.4937,25755
3.4994,25731
3.5048,25749
3.5104,25714
3.516,25682
3.5214,25721
3.527,25758
3.5327,25668
3.5381,25693
3.5437,25694
3.5493,25729
3.5548,25725
3.5604,25711
3.5658,25654
3.5715,25664
3.5771,25653
3.5825,25708
3.5881,25687
3.5938,25669
3.5992,25664
3.6048,25658
3.6102,25667
3.6159,25673
3.6216,25664
3.627,25661
3.6326,25646
3.6383,25621
3.6437,25600
3.6493,25587
3.6547,25639
3.6604,25591
3.6658,25617
3.6715,25558
3.6771,25598
3.6827,25595
3.6881,25580
3.6938,25587
3.6992,25618
3.7048,25596
3.7105,25568
3.7159,25582
3.7216,25528
3.7272,25566
3.7325,25538
3.7382,25514
3.7438,25547
3.7492,25521
3.7549,25571
3.7605,25486
3.7659,25508
3.7715,25506
3.7772,25558
3.7825,25551
3.7882,25482
3.7938,25505
3.7992,25508
3.8048,25514
3.8105,25526
3.8159,25455
3.8216,25475
3.8272,25510
3.8326,25497
3.8382,25464
3.8436,25446
3.8492,25464
3.8549,25479
3.8603,25440
3.866,25423
3.8714,25461
3.877,25363
3.8827,25420
3.8881,25402
3.8937,25431
3.8994,25403
3.9047,25423
3.9104,25417
3.916,25400
3.9214,25397
3.9271,25392
3.9328,25368
3.9381,25379
3.9438,25407
3.9494,25381
3.9548,25374
3.9604,25385
3.9661,25359
3.9715,25317
3.9772,25360
3.9825,25382
3.9882,25394
3.9938,25292
3.9995,25328
4.0048,25359
4.0105,25365
4.0158,25307
4.0215,25315
4.0272,25295
4.0326,25268
4.0382,25299
4.0439,25294
4.0492,25307
4.0548,25280
4.0605,25315
4.0658,25278
4.0715,25246
4.0772,25282
4.0826,25252
4.0882,25247
4.0939,25288
4.0992,25207
4.1049,25260
4.1103,25261
4.1159,25230
4.1215,25260
4.1272,25277
4.1325,25230
4.1382,25207
4.1439,25227
4.1492,25215
4.1549,25220
4.1603,25181
4.166,25205
4.1716,25231
4.177,25167
4.1826,25168
4.1882,25181
4.1938,25138
4.1994,25147
4.2048,25164
4.2104,25162
4.216,25169
4.2214,25192
4.2271,25184
4.2327,25137
4.2381,25158
4.2438,25164
4.2494,25137
4.2548,25144
4.2604,25128
4.2658,25133
4.2715,25087
4.2771,25105
4.2825,25121
4.2881,25080
4.2938,25084
4.2992,25079
4.3049,25156
4.3105,25091
4.3159,25107
4.3215,25113
4.3272,25032
4.3325,25074
4.3382,25042
4.3439,25105
4.3492,25055
4.3549,25082
4.3605,25027
4.3658,25080
4.3715,25031
4.3771,25060
4.3828,25021
4.3881,25016
4.3938,25018
4.3992,24975
4.4049,25050
4.4105,25029
4.4159,25053
4.4215,24991
4.4272,25035
4.4325,25015
4.4382,24980
4.4438,24988
4.4492,24951
4.4549,24982
4.4605,24985
4.4659,24980
4.4715,24993
4.4772,24961
4.4826,24923
4.4882,24893
4.4938,24923
4.4992,24930
4.5049,24958
4.5105,24965
4.5159,24937
4.5214,24912
4.527,24907
4.5327,24906
4.5383,24917
4.5437,24935
4.5492,24923
4.5548,24940
4.5605,24874
4.5659,24894
4.5715,24910
4.577,24912
4.5826,24906
4.5883,24930
4.5937,24865
4.5993,24914
4.6048,24865
4.6105,24865
4.6159,24853
4.6215,24823
4.6272,24869
4.6326,24848
4.6382,24814
4.6438,24830
4.6492,24828
4.6549,24830
4.6604,24850
4.6661,24870
4.6715,24844
4.6772,24766
4.6825,24827
4.6882,24845
4.6938,24788
4.6992,24829
4.7048,24840
4.7105,24770
4.7158,24766
4.7215,24778
4.7269,24793
4.7325,24816
4.7382,24785
4.7438,24762
4.7492,24756
4.7548,24766
4.7604,24683
4.7661,24730
4.7715,24759
4.7771,24697
4.7825,24749
4.7882,24742
4.7938,24704
4.7992,24713
4.8048,24728
4.8105,24674
4.8158,24649
4.8214,24666
4.8271,24737
4.8327,24701
4.8381,24662
4.8438,24675
4.8494,24658
4.8548,24644
4.8604,24673
4.8661,24614
4.8714,24648
4.8771,24679
4.8827,24651
4.8881,24615
4.8938,24662
4.8992,24662
4.9048,24633
4.9105,24579
4.9161,24613
4.9215,24536
4.9271,24633
4.9325,24533
4.9382,24545
4.9439,24553
4.9492,24563
4.9549,24564
4.9605,24569
4.9659,24614
4.9715,24546
4.9772,24585
4.9825,24550
4.9881,24544
4.9938,24532
4.9992,24516
5.0049,24501
5.0105,24476
5.0159,24619
5.0215,24477
5.0271,24501
5.0325,24455
5.0382,24493
5.0438,24484
5.0494,24498
5.0549,24475
5.0605,24498
5.0659,24473
5.0716,24477
5.077,24433
5.0826,24431
5.0882,24411
5.0939,24434
5.0993,24429
5.1049,24446
5.1103,24417
5.116,24425
5.1216,24479
5.127,24440
5.1326,24420
5.1383,24413
5.1436,24382
5.1493,24417
5.1549,24381
5.1606,24430
5.166,24421
5.1717,24380
5.177,24415
5.1827,24408
5.188,24424
5.1937,24372
5.1994,24408
5.205,24381
5.2104,24436
5.216,24325
5.2214,24377
5.227,24304
5.2325,24313
5.2382,24360
5.2438,24340
5.2492,24313
5.2548,24318
5.2604,24352
5.2661,24300
5.2714,24348
5.2771,24324
5.2827,24317
5.2883,24265
5.2936,24310
5.2992,24356
5.3049,24327
5.3105,24247
5.3159,24283
5.3215,24281
5.3269,24291
5.3325,24311
5.3382,24279
5.3438,24315
5.3492,24234
5.3549,24272
5.3605,24277
5.3659,24249
5.3715,24233
5.3771,24264
5.3826,24231
5.3882,24238
5.3939,24191
5.3992,24239
5.4049,24204
5.4105,24259
5.4159,24192
5.4215,24244
5.4272,24229
5.4326,24224
5.4383,24178
5.4436,24191
5.4493,24207
5.455,24209
5.4604,24209
5.466,24217
5.4717,24130
5.477,24165
5.4827,24185
5.4881,24179
5.4937,24182
5.4994,24222
5.5048,24145
5.5104,24065
5.5161,24168
5.5215,24158
5.5271,24170
5.5328,24163
5.5382,24172
5.5438,24165
5.5495,24156
5.5548,24171
5.5605,24138
5.5661,24118
5.5715,24137
5.5771,24142
5.5828,24155
5.5881,24134
5.5938,24130
5.5994,24139
5.6048,24072
5.6104,24067
5.616,24195
5.6217,24108
5.627,24103
5.6327,24074
5.6383,24018
5.6438,24052
5.6494,24120
5.6548,24076
5.6604,24021
5.6661,24011
5.6714,24076
5.6771,24075
5.6827,23999
5.6881,23954
5.6938,24044
5.6992,24040
5.7049,24050
5.7105,23976
5.7159,24072
5.7215,23978
5.7271,23943
5.7328,24034
5.7381,23982
5.7437,23985
5.7494,24009
5.7548,23951
5.7604,23958
5.7659,23955
5.7715,23954
5.7772,23981
5.7826,23936
5.7882,23933
5.7937,24009
5.7994,23977
5.8048,23975
5.8104,23981
5.8161,23940
5.8214,23928
5.8271,23972
5.8327,23996
5.8381,23871
5.8438,23927
5.8494,24028
5.8548,23923
5.8605,23912
5.8661,23925
5.8714,23943
5.8771,23930
5.8827,23877
5.8881,23945
5.8937,23876
5.8993,23912
5.9049,23938
5.9103,23920
5.9159,23871
5.9216,23917
5.9271,23844
5.9327,23858
5.9384,23847
5.9437,23805
5.9494,23895
5.9548,23905
5.9604,23892
5.9658,23901
5.9715,23900
5.9771,23816
5.9828,23907
5.9881,23904
5.9937,23769
5.9994,23844
6.0048,23790
6.0104,23773
6.0159,23850
6.0214,23774
6.0271,23823
6.0327,23803
6.0384,23819
6.0437,23742
6.0494,23792
6.0548,23824
6.0604,23803
6.066,23777
6.0715,23719
6.0771,23765
6.0828,23735
6.0881,23736
6.0938,23765
6.0994,23702
6.105,23735
6.1104,23715
6.116,23650
6.1217,23617
6.1271,23695
6.1328,23698
6.1381,23621
6.1438,23651
6.1494,23602
6.1548,23631
6.1604,23574
6.166,23591
6.1717,23634
6.1771,23561
6.1827,23594
6.1881,23558
6.1938,23492
6.1994,23560
6.205,23523
6.2104,23527
6.216,23479
6.2217,23434
6.227,23453
6.2327,23491
6.2381,23434
6.2437,23433
6.2494,23549
6.255,23453
6.2604,23452
6.2661,23487
6.2717,23425
6.2771,23426
6.2825,23398
6.2882,23454
6.2938,23371
6.2994,23400
6.3048,23372
6.3105,23389
6.3161,23335
6.3215,23333
6.3271,23319
6.3328,23350
6.3382,23348
6.3438,23274
6.3492,23288
6.3549,23312
6.3605,23326
6.3659,23295
6.3715,23286
6.3772,23309
6.3828,23286
6.3881,23231
6.3938,23330
6.3992,23246
6.4049,23271
6.4105,23247
6.4162,23275
6.4215,23237
6.4272,23191
6.4328,23256
6.4382,23251
6.4439,23223
6.4492,23210
6.4549,23170
6.4605,23139
6.4659,23164
6.4716,23120
6.4772,23197
6.4826,23074
6.4882,23127
6.4938,23135
6.4992,23160
6.5049,23170
6.5105,23123
6.5162,23132
6.5215,23095
6.5271,23096
6.5328,23037
6.5382,23133
6.5438,23101
6.5494,23020
6.5549,23074
6.5605,22977
6.5661,23095
6.5715,23111
6.5771,23070
6.5828,23032
6.5882,23090
6.5938,23003
6.5992,22912
6.6048,23010
6.6105,23016
6.6162,22974
6.6215,22974
6.6272,23024
6.6326,23001
6.6382,22999
6.6439,22997
6.6492,22968
6.6549,22920
6.6606,22971
6.6659,22985
6.6716,22997
6.6772,22946
6.6826,22935
6.6882,22969
6.6938,22932
6.6995,22905
6.7049,22909
6.7106,22880
6.7159,22887
6.7216,22871
6.7272,22881
6.7326,22857
6.7382,22870
6.7438,22929
6.7495,22839
6.7548,22792
6.7605,22889
6.7659,22843
6.7716,22823
6.7772,22887
6.7826,22811
6.7882,22837
6.7938,22827
6.7992,22820
6.8049,22781
6.8105,22792
6.8159,22751
6.8216,22828
6.8272,22702
6.8326,22779
6.8382,22760
6.8438,22747
6.8495,22775
6.8549,22879
6.8605,22780
6.8662,22736
6.8716,22735
6.8772,22767
6.8828,22801
6.8882,22800
6.8938,22711
6.8992,22750
6.9049,22731
6.9105,22719
6.9161,22758
6.9215,22656
6.9272,22692
6.9328,22814
6.9381,22680
6.9438,22606
6.9494,22748
6.9548,22642
6.9605,22672
6.9661,22648
6.9715,22708
6.9771,22674
6.9826,22646
6.9882,22644
6.9939,22549
6.9993,22670
7.0049,22669
7.0106,22691
7.016,22544
7.0216,22688
7.0272,22558
7.0326,22613
7.0383,22658
7.0439,22629
7.0493,22554
7.0549,22623
7.0606,22579
7.0659,22553
7.0716,22623
7.0772,22617
7.0826,22638
7.0883,22484
7.0939,22641
7.0993,22626
7.1049,22601
7.1106,22567
7.1159,22601
7.1216,22574
7.1273,22525
7.1327,22546
7.1383,22510
7.1439,22575
7.1493,22570
7.1549,22496
7.1606,22600
7.1659,22573
7.1716,22447
7.1772,22466
7.1826,22525
7.1883,22485
7.1939,22510
7.1993,22447
7.2049,22477
7.2106,22433
7.2159,22523
7.2215,22393
7.2272,22465
7.2328,22461
7.2382,22473
7.2439,22551
7.2492,22536
7.2549,22457
7.2605,22434
7.2662,22405
7.2715,22425
7.2772,22386
7.2828,22324
7.2882,22410
7.2939,22443
7.2995,22440
7.3049,22326
7.3105,22398
7.3159,22376
7.3215,22454
7.3272,22430
7.3328,22340
7.3382,22312
7.3438,22417
7.3492,22343
7.3549,22372
7.3605,22333
7.3659,22413
7.3716,22258
7.3773,22308
7.3827,22305
7.3883,22381
7.3939,22389
7.3993,22371
7.405,22394
7.4105,22399
7.4161,22362
7.4215,22350
7.427,22364
7.4327,22305
7.4383,22314
7.4437,22291
7.4493,22323
7.4548,22328
7.4605,22222
7.4661,22336
7.4715,22264
7.4771,22241
7.4827,22159
7.4883,22232
7.4937,22160
7.4993,22279
7.505,22211
7.5104,22291
7.516,22203
7.5217,22208
7.5273,22362
7.5327,22250
7.5383,22300
7.5439,22279
7.5493,22240
7.5549,22226
7.5605,22161
7.566,22159
7.5716,22235
7.5773,22217
7.5826,22210
7.5882,22209
7.5939,22247
7.5993,22236
7.6049,22161
7.6106,22245
7.616,22211
7.6216,22158
7.6273,22244
7.6326,22204
7.6383,22152
7.6439,22165
7.6493,22178
7.6549,22192
7.6606,22245
7.6659,22193
7.6716,22169
7.6773,22196
7.6826,22121
7.6883,22154
7.6939,22220
7.6992,22278
7.7049,22219
7.7105,22176
7.7162,22212
7.7216,22143
7.7272,22153
7.7328,22175
7.7382,22146
7.7438,22144
7.7495,22117
7.7549,22107
7.7605,22128
7.7661,22049
7.7715,22127
7.7772,22152
7.7828,22128
7.7882,22166
7.7938,22174
7.7995,22127
7.8048,22106
7.8105,22075
7.8161,22023
7.8218,22069
7.8272,22044
7.8328,22142
7.8382,22087
7.8438,22129
7.8495,22040
7.8548,22041
7.8604,22038
7.8661,22078
7.8717,22024
7.8771,22057
7.8828,22044
7.8884,22026
7.8938,21964
7.8994,22063
7.905,22051
7.9104,22003
7.916,22072
7.9217,21993
7.927,22164
7.9327,22026
7.9384,21994
7.9437,21983
7.9494,22034
7.955,21988
7.9604,22044
7.966,22031
7.9716,21982
7.9773,22018
7.9826,21961
7.9882,22050
7.9939,21960
7.9993,21945
8.005,22006
8.0106,22046
8.016,21978
8.0216,21967
8.0272,22037
8.0326,21945
8.0383,21980
8.0439,22000
8.0493,21936
8.0549,21892
8.0606,21905
8.0659,21947
8.0716,21892
8.0773,21928
8.0826,21927
8.0882,21953
8.0939,21876
8.0993,21932
8.1049,21871
8.1106,21939
8.1159,21869
8.1216,21936
8.1272,21825
8.1329,21900
8.1382,21891
8.1439,21966
8.1493,21904
8.1549,21877
8.1605,21860
8.1662,21849
8.1715,21915
8.1772,21937
8.1828,21886
8.1882,21920
8.1938,21904
8.1995,21912
8.2049,21949
8.2105,21866
8.2161,21778
8.2218,21902
8.2271,21867
8.2328,21904
8.2381,21910
8.2438,21864
8.2494,21789
8.2551,21766
8.2605,21803
8.2661,21849
8.2717,21845
8.2771,21810
8.2827,21782
8.2884,21837
8.294,21812
8.2993,21860
8.305,21850
8.3106,21877
8.316,21802
8.3217,21832
8.3273,21772
8.3327,21795
8.3383,21829
8.3439,21752
8.3493,21805
8.3549,21768
8.3606,21814
8.3662,21736
8.3716,21789
8.3772,21666
8.3826,21704
8.3882,21684
8.3939,21743
8.3995,21797
8.4049,21786
8.4104,21733
8.4161,21720
8.4217,21766
8.4271,21695
8.4327,21733
8.4384,21682
8.4437,21758
8.4494,21751
8.455,21706
8.4604,21745
8.466,21688
8.4717,21764
8.4771,21755
8.4827,21724
8.4883,21704
8.4937,21730
8.4993,21620
8.505,21653
8.5106,21730
8.516,21692
8.5216,21715
8.5273,21668
8.5327,21719
8.5383,21753
8.5439,21681
8.5493,21645
8.5549,21558
8.5606,21664
8.5659,21657
8.5715,21663
8.5772,21647
8.5828,21716
8.5882,21702
8.5938,21672
8.5995,21639
8.6048,21635
8.6105,21691
8.6161,21666
8.6215,21702
8.6271,21699
8.6327,21666
8.6383,21636
8.6437,21616
8.6494,21628
8.655,21552
8.6606,21614
8.666,21680
8.6716,21604
8.6773,21629
8.6826,21637
8.6883,21595
8.6939,21506
8.6993,21508
8.7049,21678
8.7106,21575
8.7159,21616
8.7216,21491
8.7272,21611
8.7328,21543
8.7382,21574
8.7438,21446
8.7492,21535
8.7549,21540
8.7605,21465
8.7662,21511
8.7716,21610
8.7772,21609
8.7828,21619
8.7882,21565
8.7938,21503
8.7995,21488
8.8049,21467
8.8105,21469
8.8162,21562
8.8215,21459
8.8272,21512
8.8328,21538
8.8382,21481
8.8438,21487
8.8494,21510
8.8551,21480
8.8605,21517
8.8661,21465
8.8717,21596
8.8771,21452
8.8827,21474
8.8884,21490
8.8937,21457
8.8994,21528
8.905,21455
8.9104,21463
8.9161,21450
8.9215,21382
8.9271,21452
8.9328,21488
8.9384,21404
8.9438,21418
8.9493,21385
8.9549,21508
8.9606,21467
8.966,21479
8.9717,21383
8.9771,21419
8.9828,21475
8.9882,21473
8.9938,21447
8.9995,21376
9.0049,21472
9.0105,21381
9.0162,21374
9.0216,21449
9.0272,21394
9.0328,21393
9.0384,21443
9.0438,21428
9.0494,21416
9.0548,21394
9.0604,21345
9.0661,21376
9.0716,21353
9.077,21370
9.0826,21442
9.0883,21404
9.094,21315
9.0993,21423
9.105,21409
9.1106,21389
9.116,21328
9.1216,21348
9.1272,21290
9.1329,21288
9.1382,21342
9.1438,21375
9.1495,21315
9.1549,21300
9.1605,21325
9.1662,21245
9.1715,21258
9.1772,21376
9.1826,21235
9.1882,21290
9.1938,21213
9.1995,21289
9.2048,21313
9.2105,21303
9.2162,21360
9.2215,21327
9.2271,21234
9.2328,21257
9.2382,21323
9.2438,21194
9.2495,21243
9.2548,21301
9.2605,21304
9.2661,21289
9.2717,21169
9.2771,21170
9.2827,21241
9.2884,21244
9.2938,21246
9.2995,21159
9.3049,21243
9.3105,21191
9.3161,21242
9.3218,21252
9.3271,21251
9.3328,21202
9.3384,21242
9.3438,21248
9.3494,21209
9.3551,21196
9.3604,21243
9.3661,21297
9.3717,21175
9.3771,21162
9.3827,21257
9.3884,21220
9.3938,21234
9.3994,21258
9.4051,21165
9.4104,21149
9.4161,21305
9.4217,21175
9.4271,21188
9.4327,21242
9.4383,21233
9.444,21189
9.4494,21079
9.455,21228
9.4604,21184
9.466,21169
9.4716,21124
9.4773,21110
9.4827,21089
9.4883,21143
9.4939,21056
9.4995,20984
9.505,21031
9.5106,21094
9.5159,21201
9.5216,21106
9.5272,21105
9.5329,21142
9.5382,21131
9.5439,21098
9.5495,21225
9.5549,21160
9.5606,21122
9.5662,21056
9.5716,21097
9.5772,21048
9.5828,21091
9.5882,21035
9.5938,21114
9.5995,21058
9.6049,21128
9.6105,21074
9.6162,21122
9.6218,21044
9.6272,21029
9.6328,21061
9.6384,21114
9.6438,20988
9.6494,21024
9.6551,21007
9.6605,21033
9.6661,21093
9.6718,21058
9.6771,20954
9.6827,21006
9.6884,21168
9.694,21059
9.6993,21030
9.705,21041
9.7106,20962
9.716,20977
9.7217,20944
9.7273,20920
9.7327,20983
9.7383,21005
9.744,20957
9.7493,20976
9.755,21014
9.7606,21109
9.766,20945
9.7717,20945
9.7773,20943
9.7827,21000
9.7883,20961
9.794,21049
9.7993,20992
9.805,20999
9.8106,20958
9.816,20929
9.8216,21091
9.8273,20991
9.8327,21010
9.8383,20942
9.844,20977
9.8493,20904
9.855,20941
9.8606,21007
9.866,20933
9.8716,20874
9.8773,20833
9.8827,20910
9.8883,20865
9.8939,20874
9.8996,20881
9.905,20965
9.9106,20902
9.9162,20907
9.9216,20849
9.9273,20818
9.9329,20906
9.9382,20799
9.9439,20950
9.9495,20908
9.9549,20866
9.9605,20940
9.9662,20859
9.9716,20905
9.9772,20938
9.9828,20939
9.9885,20868
9.9938,20824
9.9994,20851
10.0051,20799
10.0105,20838
10.0161,20853
10.0217,20914
10.0271,20806
10.0328,20929
10.0384,20829
10.0438,20875
10.0494,20833
10.055,20880
10.0607,20843
10.066,20727
10.0717,20703
10.0771,20834
10.0827,20812
10.0883,20860
10.094,20867
10.0993,20793
10.105,20772
10.1106,20824
10.116,20873
10.1216,20729
10.1273,20746
10.1327,20869
10.1383,20802
10.144,20703
10.1493,20780
10.1549,20781
10.1606,20754
10.1659,20788
10.1716,20879
10.1772,20719
10.1829,20772
10.1883,20732
10.1939,20658
10.1996,20644
10.2049,20792
10.2106,20691
10.2162,20829
10.2216,20768
10.2272,20664
10.2327,20735
10.2384,20764
10.2438,20767
10.2495,20661
10.2551,20707
10.2605,20701
10.2661,20807
10.2717,20767
10.2771,20624
10.2828,20678
10.2884,20726
10.2938,20670
10.2995,20685
10.3051,20764
10.3105,20689
10.3161,20670
10.3216,20643
10.3272,20711
10.3326,20794
10.3383,20630
10.3439,20654
10.3493,20568
10.355,20703
10.3605,20695
10.3661,20760
10.3718,20659
10.3771,20654
10.3828,20524
10.3883,20710
10.3939,20597
10.3993,20760
10.405,20604
10.4106,20692
10.4161,20596
10.4217,20661
10.4274,20717
10.4327,20545
10.4383,20736
10.4439,20719
10.4496,20594
10.455,20643
10.4606,20566
10.4662,20656
10.4716,20639
10.4772,20662
10.4829,20575
10.4883,20685
10.4939,20631
10.4995,20637
10.5049,20600
10.5106,20522
10.5162,20612
10.5216,20503
10.5272,20549
10.5329,20620
10.5382,20673
10.5439,20475
10.5495,20538
10.5551,20546
10.5605,20594
10.5662,20630
10.5718,20570
10.5772,20487
10.5828,20637
10.5882,20557
10.5938,20530
10.5995,20543
10.6051,20566
10.6105,20492
10.6162,20616
10.6218,20589
10.6272,20421
10.6328,20485
10.6382,20611
10.6438,20518
10.6495,20573
10.6551,20601
10.6605,20612
10.6662,20537
10.6718,20671
10.6772,20456
10.6828,20576
10.6884,20539
10.6938,20544
10.6994,20457
10.705,20577
10.7104,20522
10.716,20604
10.7217,20528
10.7271,20456
10.7327,20485
10.7384,20473
10.744,20497
10.7494,20420
10.755,20380
10.7604,20466
10.7661,20468
10.7718,20437
10.7771,20473
10.7828,20506
10.7884,20395
10.794,20433
10.7994,20525
10.805,20482
10.8104,20483
10.816,20349
10.8217,20418
10.8271,20495
10.8327,20483
10.8384,20397
10.8441,20469
10.8494,20386
10.8551,20469
10.8607,20454
10.866,20423
10.8717,20395
10.8774,20479
10.8827,20462
10.8884,20374
10.8937,20437
10.8994,20413
10.905,20430
10.9107,20387
10.916,20342
10.9216,20306
10.9273,20403
10.9327,20382
10.9383,20418
10.9439,20364
10.9496,20393
10.9549,20342
10.9606,20345
10.9662,20357
10.9715,20293
10.9772,20329
10.9828,20411
10.9882,20350
10.9939,20382
10.9994,20349
11.005,20364
11.0107,20369
11.0161,20306
11.0217,20323
11.0273,20289
11.0327,20308
11.0383,20210
11.044,20366
11.0494,20343
11.055,20338
11.0607,20245
11.066,20308
11.0717,20356
11.0773,20383
11.0829,20286
11.0883,20351
11.094,20364
11.0994,20230
11.105,20254
11.1106,20236
11.116,20273
11.1216,20276
11.1273,20271
11.1329,20311
11.1383,20242
11.1439,20257
11.1493,20240
11.155,20298
11.1606,20237
11.166,20308
11.1716,20320
11.1773,20232
11.1829,20291
11.1883,20325
11.1939,20278
11.1996,20197
11.205,20292
11.2104,20343
11.2161,20194
11.2217,20295
11.2273,20250
11.2327,20232
11.2383,20270
11.244,20228
11.2494,20239
11.255,20239
11.2607,20337
11.266,20060
11.2717,20174
11.2773,20240
11.2827,20258
11.2883,20249
11.294,20212
11.2993,20234
11.305,20248
11.3106,20269
11.316,20158
11.3217,20179
11.3273,20227
11.3329,20213
11.3383,20224
11.3439,20217
11.3493,20184
11.3549,20157
11.3606,20187
11.3662,20218
11.3717,20114
11.3773,20214
11.3827,20261
11.3883,20144
11.3939,20120
11.3996,20142
11.4049,20265
11.4106,20232
11.4162,20267
11.4217,20104
11.4273,20247
11.4327,20116
11.4383,20189
11.4439,20181
11.4496,20162
11.455,20216
11.4606,20170
11.4663,20233
11.4717,20212
11.4773,20151
11.4827,20108
11.4883,20110
11.494,20182
11.4996,20080
11.505,20086
11.5106,20099
11.516,20227
11.5216,20159
11.5273,20144
11.5327,20133
11.5383,20064
11.544,20088
11.5493,20169
11.555,20106
11.5606,20005
11.566,19931
11.5716,20132
11.5773,20092
11.5827,20080
11.5883,20040
11.594,20125
11.5994,20119
11.605,20132
11.6106,20127
11.616,20052
11.6216,20077
11.6273,20037
11.6327,20064
11.6383,20046
11.6439,20003
11.6493,20011
11.6549,20079
11.6606,20068
11.6662,20037
11.6716,20092
11.6772,20088
11.6827,20115
11.6883,20049
11.6939,20027
11.6996,20006
11.705,20056
11.7106,20053
11.716,20012
11.7216,20089
11.7273,20088
11.7327,19987
11.7383,20044
11.7438,20065
11.7495,19928
11.7551,19958
11.7607,20022
11.7661,20081
11.7716,20030
11.7773,19959
11.7827,19890
11.7884,19951
11.794,20013
11.7994,20001
11.805,20062
11.8107,20001
11.816,19914
11.8217,19933
11.8273,19986
11.8329,19881
11.8383,20006
11.844,20011
11.8493,19871
11.855,19932
11.8606,19968
11.8663,19952
11.8716,20002
11.8773,19916
11.8828,20075
11.8885,19926
11.8939,19784
11.8995,19859
11.9051,19924
11.9105,19925
11.9161,20006
11.9218,19939
11.9271,19912
11.9328,19992
11.9384,19883
11.9441,19917
11.9495,19901
11.9551,19907
11.9604,19963
11.9661,19894
11.9717,19860
11.9773,19906
11.983,19926
11.9883,19879
11.994,19972
11.9994,19961
12.0051,20005
12.0105,19942
12.0161,19828
12.0217,19986
12.0274,19952
12.0328,19971
12.0384,19978
12.0438,19837
12.0494,19825
12.0551,19825
12.0605,19764
12.0661,19947
12.0718,19788
12.0774,19868
12.0828,19992
12.0884,19913
12.0941,19819
12.0994,19910
12.1051,19830
12.1105,19786
12.1161,19915
12.1217,19870
12.1274,19876
12.1327,19929
12.1384,19904
12.144,19810
12.1494,19851
12.155,19943
12.1607,19856
12.1661,19908
12.1717,19765
12.1774,19837
12.1828,19811
12.1884,19784
12.194,19804
12.1994,19925
12.205,19771
12.2107,19850
12.216,19863
12.2217,19854
12.2274,19835
12.2327,19766
12.2384,19728
12.244,19773
12.2496,19800
12.255,19850
12.2606,19822
12.2663,19788
12.2717,19756
12.2773,19749
12.283,19926
12.2883,19775
12.294,19782
12.2996,19775
12.305,19714
12.3106,19897
12.3163,19747
12.3217,19809
12.3273,19801
12.333,19813
12.3383,19807
12.344,19744
12.3496,19774
12.355,19639
12.3607,19797
12.366,19808
12.3717,19805
12.3771,19730
12.3828,19755
12.3884,19827
12.3941,19712
12.3994,19668
12.4051,19651
12.4105,19665
12.4161,19733
12.4218,19730
12.4272,19745
12.4328,19770
12.4385,19724
12.4438,19785
12.4495,19651
12.455,19738
12.4606,19768
12.4663,19638
12.4716,19739
12.4773,19608
12.4827,19716
12.4884,19692
12.494,19619
12.4996,19750
12.505,19530
12.5106,19615
12.516,19693
12.5217,19788
12.5273,19658
12.5327,19714
12.5384,19607
12.544,19604
12.5496,19709
12.555,19666
12.5606,19651
12.566,19646
12.5716,19675
12.5773,19642
12.5829,19627
12.5883,19650
12.594,19677
12.5994,19655
12.605,19607
12.6107,19631
12.616,19561
12.6217,19642
12.6273,19744
12.633,19767
12.6384,19569
12.644,19643
12.6494,19608
12.655,19687
12.6606,19653
12.6663,19618
12.6716,19674
12.6773,19585
12.6829,19696
12.6883,19676
12.694,19625
12.6994,19645
12.705,19549
12.7107,19521
12.7161,19583
12.7217,19675
12.7273,19557
12.733,19546
12.7383,19544
12.744,19537
12.7494,19565
12.755,19596
12.7607,19519
12.766,19567
12.7717,19630
12.7773,19620
12.783,19567
12.7883,19497
12.794,19444
12.7994,19516
12.805,19530
12.8105,19561
12.8161,19534
12.8218,19597
12.8272,19650
12.8328,19584
12.8383,19579
12.844,19517
12.8494,19536
12.8551,19579
12.8607,19488
12.8661,19578
12.8717,19442
12.8773,19425
12.883,19604
12.8883,19501
12.894,19500
12.8996,19464
12.905,19488
12.9106,19513
12.9163,19647
12.9217,19538
12.9273,19403
12.9329,19396
12.9383,19531
12.944,19515
12.9496,19567
12.955,19538
12.9607,19441
12.9663,19431
12.9717,19484
12.9773,19626
12.9827,19422
12.9883,19577
12.994,19499
12.9994,19394
13.0051,19409
13.0105,19434
13.0161,19430
13.0218,19410
13.0274,19369
13.0328,19498
13.0384,19489
13.0441,19442
13.0494,19374
13.0551,19381
13.0607,19458
13.0661,19445
13.0718,19512
13.0774,19501
13.0828,19527
13.0884,19461
13.094,19434
13.0994,19482
13.105,19404
13.1107,19445
13.1163,19375
13.1217,19233
13.1274,19398
13.1328,19464
13.1384,19361
13.1441,19426
13.1494,19395
13.1551,19328
13.1607,19515
13.1661,19386
13.1717,19354
13.1773,19382
13.1829,19404
13.1886,19285
13.1939,19418
13.1995,19392
13.2051,19349
13.2107,19294
13.2161,19372
13.2217,19473
13.2274,19355
13.2328,19330
13.2383,19307
13.2439,19261
13.2496,19301
13.2549,19415
13.2606,19382
13.2661,19267
13.2717,19323
13.2772,19257
13.2829,19316
13.2885,19400
13.2939,19308
13.2995,19384
13.3052,19275
13.3105,19385
13.3162,19350
13.3217,19337
13.3274,19315
13.3328,19305
13.3384,19297
13.3441,19300
13.3494,19268
13.3551,19332
13.3605,19329
13.3661,19212
13.3718,19171
13.3774,19284
13.383,19325
13.3884,19294
13.3941,19409
13.3995,19318
13.4051,19346
13.4105,19323
13.4161,19283
13.4216,19262
13.4272,19337
13.4329,19258
13.4385,19190
13.4439,19257
13.4494,19262
13.455,19275
13.4607,19277
13.466,19236
13.4717,19197
13.4772,19158
13.4829,19069
13.4885,19239
13.4939,19262
13.4996,19179
13.5049,19201
13.5106,19214
13.5162,19237
13.5218,19274
13.5272,19257
13.5329,19252
13.5382,19151
13.5439,19223
13.5496,19278
13.5549,19247
13.5606,19240
13.5662,19259
13.5719,19088
13.5772,19201
13.5829,19219
13.5885,19293
13.5939,19160
13.5995,19234
13.6052,19247
13.6105,19086
13.6162,19129
13.6218,19230
13.6272,19218
13.6328,19231
13.6385,19105
13.6438,19047
13.6495,19222
13.6551,19261
13.6605,19179
13.6662,19213
13.6718,19221
13.6772,19179
13.6828,19165
13.6885,19143
13.6939,19139
13.6995,19143
13.705,19068
13.7107,19137
13.7161,19158
13.7217,19240
13.7274,19122
13.7328,19138
13.7384,19156
13.7441,19114
13.7494,19192
13.755,19167
13.7607,19087
13.7661,19050
13.7717,19116
13.7773,19241
13.783,19184
13.7883,19118
13.794,19174
13.7996,19183
13.805,19178
13.8106,19141
13.8163,19141
13.8217,19090
13.8273,19150
13.8329,18993
13.8383,19081
13.8439,19116
13.8496,19141
13.855,19083
13.8606,19066
13.8662,19057
13.8719,19116
13.8773,19144
13.8829,19133
13.8886,18977
13.8939,19096
13.8996,19031
13.9049,19056
13.9106,19175
13.9162,19110
13.9218,18927
13.9272,19091
13.9329,19035
13.9383,19072
13.9439,19031
13.9495,19040
13.9552,19082
13.9605,19043
13.9662,19140
13.9718,19036
13.9772,18972
13.9828,18926
13.9884,19094
13.9941,19011
13.9994,18989
14.0051,19003
14.0108,19041
14.0161,18982
14.0218,19030
14.0274,18933
14.0328,18968
14.0384,18987
14.0441,19151
14.0495,19065
14.0551,19003
14.0608,19091
14.0661,18948
14.0718,18946
14.0774,19074
14.0828,18981
14.0885,18945
14.0941,18943
14.0995,18994
14.1051,18981
14.1108,19022
14.1161,18993
14.1218,19013
14.1274,19003
14.1328,18893
14.1385,19011
14.1439,19076
14.1496,18956
14.1552,18928
14.1606,18914
14.1662,18883
14.1716,18795
14.1772,18923
14.1829,18975
14.1883,19032
14.1939,18780
14.1996,18805
14.2052,18854
14.2106,18871
14.2162,18999
14.2219,19013
14.2272,18848
14.2329,18856
14.2383,18828
14.2439,18848
14.2496,18752
14.2552,18990
14.2605,18907
14.2662,18907
14.2718,18924
14.2775,18825
14.2828,18811
14.2885,18840
14.2939,18953
14.2995,18916
14.3052,18863
14.3106,18908
14.3162,18887
14.3218,18902
14.3275,18982
14.3328,18981
14.3385,18936
14.3439,18897
14.3496,18852
14.3552,18773
14.3605,18996
14.3662,18805
14.3718,18864
14.3772,18918
14.3829,18911
14.3885,18766
14.3939,18800
14.3995,18840
14.4052,18907
14.4106,18856
14.4162,18916
14.4218,18970
14.4272,18789
14.4328,18721
14.4384,18951
14.4441,18854
14.4495,18823
14.4551,18775
14.4608,18832
14.4662,18915
14.4718,18887
14.4772,18776
14.4828,18884
14.4884,18841
14.4941,18890
14.4995,18794
14.5052,18833
14.5106,18920
14.5162,18765
14.5219,18840
14.5272,18859
14.5329,18877
14.5385,18856
14.5439,18856
14.5495,18948
14.5552,18851
14.5606,18789
14.5662,18819
14.5719,18812
14.5772,18800
14.5829,18912
14.5886,18753
14.5939,18832
14.5996,18795
14.605,18936
14.6106,18755
14.6163,18732
14.6219,18798
14.6273,18812
14.6329,18828
14.6386,18742
14.6439,18876
14.6494,18847
14.655,18829
14.6607,18858
14.6661,18870
14.6717,18725
14.6772,18869
14.6829,18809
14.6885,18782
14.6939,18825
14.6995,18852
14.7051,18701
14.7107,18893
14.7161,18722
14.7218,18786
14.7274,18737
14.7327,18747
14.7384,18769
14.744,18676
14.7497,18795
14.755,18832
14.7607,18836
14.7661,18738
14.7718,18809
14.7774,18736
14.7828,18769
14.7884,18738
14.7941,18834
14.7994,18763
14.8051,18773
14.8107,18857
14.8161,18771
14.8218,18862
14.8274,18656
14.833,18777
14.8384,18860
14.844,18750
14.8497,18729
14.855,18740
14.8605,18644
14.8662,18673
14.8716,18686
14.8773,18712
14.8829,18719
14.8884,18636
14.894,18742
14.8996,18598
14.905,18706
14.9107,18760
14.9162,18812
14.9216,18686
14.9273,18680
14.9329,18600
14.9386,18801
14.9439,18792
14.9496,18614
14.9552,18605
14.9606,18714
14.9662,18762
14.9716,18670
14.9773,18745
14.9829,18586
14.9886,18692
14.9939,18687
14.9995,18577
15.0052,18621
15.0105,18669
15.0162,18608
15.0217,18719
15.0274,18602
15.0328,18646
15.0384,18717
15.044,18700
15.0495,18777
15.0552,18603
15.0608,18674
15.0662,18579
15.0718,18643
15.0772,18512
15.0829,18560
15.0885,18493
15.0941,18488
15.0995,18540
15.1051,18612
15.1105,18647
15.1162,18593
15.1218,18609
15.1272,18574
15.1329,18563
15.1385,18579
15.1442,18619
15.1495,18674
15.1551,18655
15.1608,18592
15.1662,18598
15.1718,18618
15.1774,18563
15.1828,18675
15.1885,18684
15.1941,18531
15.1995,18555
15.2051,18615
15.2108,18628
15.2161,18551
15.2218,18683
15.2274,18678
15.2328,18655
15.2385,18612
15.2439,18619
15.2495,18503
15.2552,18481
15.2608,18544
15.2662,18482
15.2718,18638
15.2774,18570
15.2828,18411
15.2885,18562
15.2939,18464
15.2995,18466
15.305,18511
15.3106,18469
15.3162,18577
15.3219,18439
15.3272,18530
15.3328,18524
15.3385,18616
15.3441,18493
15.3495,18487
15.3551,18515
15.3606,18454
15.3663,18579
15.3719,18594
15.3773,18446
15.383,18520
15.3884,18421
15.394,18547
15.3996,18456
15.405,18550
15.4106,18395
15.4162,18501
15.4219,18506
15.4272,18394
15.4329,18530
15.4385,18569
15.4439,18514
15.4496,18592
15.4552,18469
15.4606,18458
15.4662,18548
15.4719,18480
15.4772,18557
15.4829,18452
15.4885,18384
15.4939,18367
15.4996,18452
15.5052,18551
15.5106,18394
15.5162,18521
15.5219,18506
15.5272,18512
15.5329,18452
15.5385,18423
15.5439,18348
15.5496,18531
15.5552,18567
15.5608,18428
15.5662,18556
15.5718,18261
15.5774,18355
15.5828,18425
15.5884,18541
15.5941,18382
15.5995,18642
15.6051,18498
15.6108,18442
15.6161,18482
15.6218,18296
15.6274,18482
15.6331,18408
15.6384,18467
15.644,18428
15.6494,18444
15.6551,18419
15.6608,18538
15.6661,18368
15.6718,18435
15.6774,18457
15.6828,18477
15.6885,18446
15.6941,18380
15.6995,18500
15.7052,18295
15.7108,18457
15.7162,18438
15.7218,18378
15.7275,18470
15.7328,18523
15.7384,18309
15.7441,18273
15.7497,18420
15.7551,18398
15.7608,18420
15.7661,18426
15.7718,18460
15.7774,18401
15.7828,18390
15.7884,18308
15.7941,18459
15.7994,18395
15.8051,18297
15.8105,18279
15.8161,18431
15.8218,18486
15.8274,18291
15.8328,18349
15.8384,18398
15.8441,18397
15.8494,18445
15.8551,18375
15.8608,18448
15.8661,18518
15.8718,18412
15.8774,18446
15.8828,18407
15.8884,18316
15.8941,18360
15.8994,18377
15.9051,18311
15.9108,18429
15.9162,18354
15.9218,18269
15.9275,18388
15.9328,18363
15.9384,18345
15.9441,18395
15.9495,18338
15.9551,18397
15.9608,18340
15.9662,18364
15.9718,18383
15.9772,18211
15.9828,18259
15.9885,18317
15.9941,18340
15.9995,18293
16.005,18397
16.0107,18342
16.0163,18261
16.0217,18363
16.0274,18369
16.0328,18261
16.0384,18269
16.0441,18348
16.0497,18392
16.055,18311
16.0607,18316
16.0664,18409
16.0718,18270
16.0774,18245
16.0828,18243
16.0884,18258
16.0941,18172
16.0994,18093
16.1051,18315
16.1107,18314
16.1161,18228
16.1218,18312
16.1275,18254
16.1328,18236
16.1385,18253
16.1439,18310
16.1496,18175
16.1552,18249
16.1606,18099
16.1662,18258
16.1716,18144
16.1773,18176
16.1827,18121
16.1884,18192
16.194,18227
16.1996,18176
16.2051,18238
16.2107,18217
16.2163,18289
16.2217,18131
16.2274,18237
16.2328,18203
16.2385,18209
16.2441,18172
16.2495,18160
16.2552,18295
16.2608,18195
16.2662,18108
16.2718,18092
16.2773,18180
16.283,18138
16.2884,18141
16.294,18170
16.2997,18308
16.3051,18241
16.3107,18100
16.3163,18194
16.3217,18279
16.3274,18166
16.333,18174
16.3384,18174
16.3441,18060
16.3494,18264
16.3551,18235
16.3607,18114
16.3662,18252
16.3718,18022
16.3774,18360
16.3828,18175
16.3885,18161
16.3942,18122
16.3996,18129
16.4052,18007
16.4105,18209
16.4162,18144
16.4218,18182
16.4275,18183
16.4329,18080
16.4385,18180
16.4439,18038
16.4495,18118
16.4552,18243
16.4606,18196
16.4662,18086
16.4719,18110
16.4773,18138
16.4829,18085
16.4886,18150
16.494,18211
16.4997,18107
16.505,18146
16.5107,18101
16.5163,18094
16.5217,17985
16.5273,18096
16.533,18113
16.5384,17946
16.544,17987
16.5494,18048
16.5551,18127
16.5607,18005
16.5663,18056
16.5717,18089
16.5773,18039
16.5828,18098
16.5884,17851
16.5939,18043
16.5995,18068
16.605,18194
16.6107,18114
16.6163,18136
16.6217,17914
16.6273,17981
16.6328,18104
16.6384,18081
16.6439,17862
16.6496,18081
16.655,18103
16.6606,18011
16.6661,18092
16.6717,17996
16.6773,18049
16.6828,18108
16.6884,17928
16.6939,17916
16.6995,17952
16.705,18117
16.7106,18077
16.7162,18115
16.7217,17973
16.7273,18001
16.7328,18160
16.7384,17820
16.7439,18075
16.7495,18075
16.7551,18085
16.7606,18001
16.7662,18041
16.7717,18070
16.7773,18072
16.7828,17979
16.7884,17996
16.794,17987
16.7995,17950
16.8051,18029
16.8106,17960
16.8162,17955
16.8217,18033
16.8273,18054
16.8329,17900
16.8384,17927
16.844,18021
16.8495,18028
16.8551,17896
16.8607,17986
16.8662,17902
16.8718,17978
16.8773,18015
16.8829,17922
16.8884,17908
16.894,17999
16.8996,18049
16.9051,17985
16.9107,17979
16.9162,18080
16.9218,18016
16.9273,18037
16.9329,17935
16.9385,17934
16.944,17991
16.9496,18005
16.9551,17895
16.9607,17980
16.9663,18038
16.9718,17872
16.9774,17868
16.9829,17917
16.9885,17874
16.994,17990
16.9996,17923
17.0052,17916
17.0106,17969
17.0163,17965
17.0219,17955
17.0273,17995
17.0329,17923
17.0385,17977
17.0441,17955
17.0496,17847
17.0552,17799
17.0606,17785
17.0662,18023
17.0718,17787
17.0774,18010
17.0829,17901
17.0885,17936
