Experiment: Feb_8_Batch_expt_zeroed vial 10, Mon Feb  8 17:45:11 2021
0.0049,28725
0.0103,28716
0.0159,28732
0.0213,28735
0.0269,28730
0.0326,28738
0.0382,28743
0.0436,28738
0.0492,28728
0.0546,28730
0.0602,28732
0.0659,28739
0.0715,28737
0.0769,28733
0.0826,28737
0.088,28746
0.0936,28750
0.0992,28745
0.1046,28744
0.1102,28752
0.1159,28755
0.1215,28760
0.1269,28763
0.1325,28762
0.1381,28756
0.1435,28756
0.1491,28756
0.1548,28760
0.1604,28766
0.1658,28762
0.1715,28761
0.1768,28766
0.1825,28763
0.1881,28765
0.1938,28761
0.2032,28745
0.2046,28749
0.2103,28743
0.216,28738
0.2213,28745
0.2269,28750
0.2359,28741
0.238,28750
0.2436,28737
0.2493,28741
0.2607,28737
0.2622,28730
0.2659,28741
0.2713,28737
0.282,28739
0.2827,28743
0.2881,28732
0.2937,28735
0.3039,28745
0.3046,28736
0.3103,28744
0.3159,28741
0.3254,28747
0.3271,28749
0.3324,28740
0.3381,28737
0.3437,28739
0.354,28744
0.3567,28746
0.3604,28740
0.3658,28742
0.3764,28748
0.3788,28739
0.3825,28746
0.3881,28743
0.398,28739
0.3991,28737
0.4047,28738
0.4104,28740
0.4158,28730
0.4214,28738
0.427,28738
0.4327,28746
0.438,28750
0.4437,28743
0.4493,28750
0.4547,28746
0.4603,28746
0.466,28748
0.4713,28744
0.477,28758
0.4826,28754
0.488,28751
0.4937,28743
0.4993,28749
0.5047,28742
0.5103,28754
0.5159,28759
0.5216,28771
0.5269,28762
0.5326,28751
0.5379,28752
0.5436,28756
0.5492,28757
0.5549,28767
0.5602,28761
0.5659,28766
0.5715,28763
0.5769,28763
0.5825,28763
0.5881,28764
0.5938,28764
0.5992,28769
0.6048,28778
0.6102,28780
0.6159,28763
0.6215,28760
0.6269,28769
0.6324,28760
0.6381,28767
0.6437,28771
0.6491,28765
0.6547,28765
0.6603,28760
0.666,28762
0.6713,28791
0.6769,28796
0.6826,28784
0.6882,28785
0.6935,28775
0.6992,28780
0.7048,28791
0.7102,28804
0.7158,28787
0.7214,28795
0.7271,28807
0.7324,28799
0.7381,28813
0.7437,28812
0.7493,28807
0.7547,28803
0.7603,28814
0.766,28813
0.7713,28805
0.777,28805
0.7826,28807
0.7882,28798
0.7936,28801
0.7992,28804
0.8049,28800
0.8102,28808
0.8159,28812
0.8215,28805
0.8271,28805
0.8325,28807
0.8381,28809
0.8438,28800
0.8491,28799
0.8548,28799
0.8604,28806
0.8658,28817
0.8714,28827
0.877,28824
0.8827,28817
0.888,28818
0.8936,28817
0.8993,28817
0.9049,28823
0.9102,28820
0.9159,28832
0.9215,28826
0.9269,28827
0.9325,28828
0.9381,28820
0.9438,28818
0.9491,28824
0.9548,28810
0.9604,28815
0.9658,28806
0.9714,28822
0.977,28816
0.9827,28821
0.988,28821
0.9937,28818
0.9993,28844
1.0047,28846
1.0103,28841
1.016,28838
1.0213,28842
1.027,28848
1.0326,28852
1.0382,28834
1.0436,28838
1.0492,28842
1.0548,28831
1.0602,28833
1.0659,28844
1.0715,28830
1.0769,28831
1.0825,28835
1.0882,28830
1.0936,28841
1.0992,28827
1.1048,28823
1.1105,28826
1.1158,28826
1.1215,28827
1.1271,28829
1.1325,28829
1.1381,28830
1.1437,28828
1.1494,28829
1.1547,28830
1.1603,28832
1.166,28829
1.1713,28823
1.177,28834
1.1826,28826
1.1883,28828
1.1936,28828
1.1993,28824
1.2049,28823
1.2103,28834
1.2159,28836
1.2215,28836
1.2269,28833
1.2325,28825
1.238,28831
1.2436,28844
1.2492,28824
1.2548,28830
1.2605,28835
1.2658,28835
1.2714,28831
1.2771,28841
1.2824,28826
1.2881,28832
1.2938,28837
1.2991,28835
1.3048,28839
1.3104,28836
1.3158,28821
1.3215,28842
1.3271,28848
1.3325,28822
1.3381,28839
1.3438,28837
1.3492,28833
1.3548,28830
1.3604,28840
1.3658,28845
1.3715,28831
1.3771,28835
1.3825,28833
1.3882,28840
1.3938,28822
1.3992,28832
1.4048,28832
1.4102,28832
1.4158,28832
1.4215,28829
1.4271,28838
1.4325,28825
1.4381,28837
1.4437,28815
1.4491,28816
1.4547,28815
1.4604,28818
1.466,28810
1.4714,28812
1.477,28812
1.4826,28796
1.4883,28811
1.4936,28800
1.4992,28806
1.5048,28785
1.5105,28796
1.5158,28789
1.5215,28792
1.527,28787
1.5324,28795
1.5381,28773
1.5438,28790
1.5491,28774
1.5548,28781
1.5604,28770
1.5658,28774
1.5714,28757
1.577,28759
1.5827,28748
1.588,28765
1.5937,28758
1.5993,28755
1.6047,28746
1.6103,28748
1.6159,28719
1.6215,28733
1.6271,28732
1.6325,28744
1.6381,28714
1.6437,28719
1.6493,28704
1.6547,28730
1.6603,28714
1.6659,28697
1.6715,28711
1.6769,28704
1.6825,28713
1.6882,28705
1.6938,28700
1.6992,28691
1.7048,28702
1.7105,28684
1.7158,28686
1.7215,28662
1.7271,28654
1.7327,28677
1.7381,28658
1.7438,28651
1.7491,28638
1.7548,28639
1.7604,28641
1.7658,28639
1.7714,28601
1.7771,28644
1.7827,28610
1.7881,28593
1.7937,28593
1.7993,28602
1.8047,28583
1.8103,28581
1.816,28578
1.8214,28547
1.827,28559
1.8326,28561
1.8383,28520
1.8436,28552
1.8492,28542
1.8549,28521
1.8603,28524
1.8659,28526
1.8715,28515
1.8772,28499
1.8825,28511
1.8881,28488
1.8937,28504
1.8994,28487
1.9047,28486
1.9103,28473
1.9159,28455
1.9216,28448
1.9269,28455
1.9326,28453
1.9381,28456
1.9437,28437
1.9491,28453
1.9548,28436
1.9604,28419
1.9658,28410
1.9714,28411
1.977,28394
1.9827,28393
1.9881,28373
1.9937,28374
1.9993,28366
2.0047,28343
2.0104,28350
2.0158,28337
2.0214,28317
2.027,28314
2.0327,28296
2.0381,28278
2.0437,28294
2.0493,28278
2.0547,28278
2.0604,28251
2.066,28244
2.0714,28242
2.077,28237
2.0827,28214
2.088,28228
2.0937,28172
2.0993,28187
2.1047,28177
2.1103,28155
2.1159,28144
2.1216,28144
2.1269,28137
2.1326,28139
2.1382,28103
2.1438,28074
2.1492,28092
2.1548,28095
2.1604,28069
2.1658,28073
2.1714,28098
2.177,28056
2.1827,28061
2.188,28035
2.1937,28039
2.1992,28009
2.2048,28025
2.2102,27998
2.2158,27983
2.2215,27995
2.227,27997
2.2327,27979
2.2381,27972
2.2437,27976
2.2493,27941
2.2547,27911
2.2603,27908
2.266,27905
2.2713,27913
2.277,27894
2.2826,27882
2.2883,27865
2.2937,27863
2.2993,27872
2.3047,27868
2.3103,27816
2.3159,27827
2.3216,27808
2.3269,27799
2.3326,27818
2.3382,27774
2.3436,27785
2.3493,27771
2.3549,27767
2.3603,27754
2.3659,27732
2.3716,27741
2.3769,27736
2.3826,27704
2.3882,27683
2.3936,27698
2.3992,27704
2.4049,27644
2.4102,27652
2.4159,27624
2.4215,27631
2.4269,27621
2.4325,27618
2.4382,27597
2.4438,27616
2.4492,27585
2.4548,27608
2.4605,27615
2.4659,27556
2.4715,27581
2.4772,27557
2.4826,27552
2.4882,27558
2.4936,27521
2.4992,27526
2.5049,27537
2.5102,27496
2.5159,27490
2.5216,27514
2.527,27450
2.5326,27449
2.538,27438
2.5437,27472
2.5493,27441
2.5547,27422
2.5603,27407
2.566,27400
2.5714,27415
2.577,27368
2.5827,27383
2.5881,27358
2.5938,27361
2.5991,27348
2.6048,27361
2.6105,27326
2.6158,27307
2.6215,27294
2.6272,27286
2.6326,27269
2.6382,27245
2.6436,27229
2.6493,27255
2.6547,27199
2.6603,27192
2.666,27177
2.6714,27158
2.677,27170
2.6825,27143
2.6882,27127
2.6939,27132
2.6993,27126
2.7049,27119
2.7103,27122
2.716,27103
2.7214,27114
2.727,27116
2.7327,27102
2.7381,27118
2.7437,27101
2.7494,27075
2.7548,27095
2.7604,27044
2.7658,27085
2.7715,27067
2.7771,27051
2.7825,27043
2.7881,27059
2.7938,27019
2.7992,27031
2.8049,27029
2.8103,27021
2.8159,26992
2.8216,26983
2.8269,26987
2.8326,26968
2.8382,26967
2.8436,26960
2.8492,26975
2.855,26949
2.8604,26955
2.866,26949
2.8714,26927
2.877,26983
2.8827,26926
2.8883,26934
2.8937,26880
2.8994,26890
2.9048,26874
2.9104,26874
2.9158,26905
2.9214,26876
2.9271,26859
2.9327,26801
2.9381,26803
2.9437,26816
2.9491,26809
2.9548,26801
2.9605,26796
2.9659,26831
2.9716,26772
2.977,26785
2.9827,26755
2.9883,26763
2.9937,26737
2.9994,26730
3.0048,26724
3.0105,26734
3.0159,26708
3.0216,26716
3.0269,26709
3.0326,26692
3.0383,26722
3.0436,26725
3.0493,26699
3.0547,26691
3.0604,26686
3.066,26681
3.0714,26706
3.0771,26689
3.0825,26680
3.0881,26715
3.0937,26703
3.0994,26658
3.1047,26672
3.1103,26668
3.116,26629
3.1214,26635
3.1271,26658
3.1327,26642
3.1381,26631
3.1438,26657
3.1492,26649
3.1548,26694
3.1605,26664
3.1659,26638
3.1715,26642
3.177,26604
3.1826,26633
3.1882,26583
3.1936,26643
3.1993,26597
3.2049,26597
3.2103,26579
3.216,26591
3.2216,26557
3.227,26594
3.2327,26591
3.238,26562
3.2437,26562
3.2494,26579
3.2547,26571
3.2604,26537
3.266,26551
3.2714,26594
3.2771,26577
3.2825,26561
3.2882,26546
3.2938,26574
3.2992,26536
3.3049,26527
3.3103,26551
3.3159,26524
3.3216,26551
3.327,26563
3.3326,26548
3.3381,26517
3.3438,26509
3.3491,26535
3.3548,26495
3.3605,26511
3.3659,26504
3.3715,26495
3.3771,26468
3.3825,26480
3.3882,26483
3.3936,26467
3.3992,26481
3.4049,26485
3.4105,26472
3.4159,26506
3.4215,26441
3.4272,26467
3.4326,26444
3.4382,26465
3.4436,26461
3.4493,26453
3.4547,26422
3.4603,26447
3.466,26447
3.4716,26446
3.477,26456
3.4826,26459
3.488,26471
3.4937,26459
3.4994,26452
3.5048,26445
3.5104,26425
3.516,26433
3.5214,26433
3.527,26431
3.5327,26424
3.5381,26436
3.5437,26435
3.5493,26426
3.5548,26399
3.5604,26456
3.5658,26439
3.5715,26436
3.5771,26460
3.5825,26417
3.5881,26400
3.5938,26387
3.5992,26394
3.6048,26401
3.6102,26394
3.6159,26376
3.6216,26368
3.627,26376
3.6326,26376
3.6383,26341
3.6437,26378
3.6493,26365
3.6547,26358
3.6604,26356
3.6658,26341
3.6715,26350
3.6771,26343
3.6827,26341
3.6881,26340
3.6938,26327
3.6992,26322
3.7048,26328
3.7105,26298
3.7159,26313
3.7216,26305
3.7272,26292
3.7325,26295
3.7382,26275
3.7438,26299
3.7492,26298
3.7549,26300
3.7605,26253
3.7659,26307
3.7715,26282
3.7772,26264
3.7825,26241
3.7882,26253
3.7938,26267
3.7992,26249
3.8048,26260
3.8105,26245
3.8159,26225
3.8216,26205
3.8272,26262
3.8326,26215
3.8382,26228
3.8436,26236
3.8492,26245
3.8549,26204
3.8603,26207
3.866,26214
3.8714,26203
3.877,26222
3.8827,26172
3.8881,26188
3.8937,26197
3.8994,26210
3.9047,26173
3.9104,26186
3.916,26170
3.9214,26186
3.9271,26174
3.9328,26172
3.9381,26203
3.9438,26191
3.9494,26166
3.9548,26164
3.9604,26186
3.9661,26154
3.9715,26138
3.9772,26156
3.9825,26139
3.9882,26154
3.9938,26114
3.9995,26112
4.0048,26106
4.0105,26132
4.0158,26108
4.0215,26110
4.0272,26097
4.0326,26078
4.0382,26090
4.0439,26088
4.0492,26091
4.0548,26094
4.0605,26094
4.0658,26073
4.0715,26082
4.0772,26082
4.0826,26059
4.0882,26069
4.0939,26056
4.0992,26055
4.1049,26072
4.1103,26034
4.1159,26044
4.1215,26076
4.1272,26073
4.1325,26051
4.1382,26062
4.1439,26051
4.1492,26010
4.1549,26019
4.1603,26014
4.166,26023
4.1716,26006
4.177,26008
4.1826,26003
4.1882,25992
4.1938,26000
4.1994,26045
4.2048,26056
4.2104,26004
4.216,26009
4.2214,25983
4.2271,25963
4.2327,25973
4.2381,25981
4.2438,25986
4.2494,25963
4.2548,25957
4.2604,25951
4.2658,25962
4.2715,25954
4.2771,25951
4.2825,25936
4.2881,25951
4.2938,25905
4.2992,25942
4.3049,25910
4.3105,25913
4.3159,25921
4.3215,25901
4.3272,25909
4.3325,25905
4.3382,25883
4.3439,25924
4.3492,25894
4.3549,25906
4.3605,25890
4.3658,25883
4.3715,25860
4.3771,25858
4.3828,25849
4.3881,25884
4.3938,25869
4.3992,25858
4.4049,25893
4.4105,25856
4.4159,25850
4.4215,25846
4.4272,25883
4.4325,25834
4.4382,25848
4.4438,25820
4.4492,25841
4.4549,25843
4.4605,25775
4.4659,25845
4.4715,25820
4.4772,25806
4.4826,25774
4.4882,25811
4.4938,25771
4.4992,25812
4.5049,25779
4.5105,25766
4.5159,25783
4.5214,25769
4.527,25748
4.5327,25772
4.5383,25778
4.5437,25788
4.5492,25762
4.5548,25712
4.5605,25766
4.5659,25808
4.5715,25730
4.577,25752
4.5826,25735
4.5883,25745
4.5937,25746
4.5993,25762
4.6048,25745
4.6105,25730
4.6159,25704
4.6215,25756
4.6272,25700
4.6326,25659
4.6382,25691
4.6438,25697
4.6492,25717
4.6549,25712
4.6604,25709
4.6661,25703
4.6715,25688
4.6772,25647
4.6825,25707
4.6882,25670
4.6938,25640
4.6992,25688
4.7048,25637
4.7105,25636
4.7158,25640
4.7215,25650
4.7269,25620
4.7325,25622
4.7382,25639
4.7438,25638
4.7492,25626
4.7548,25678
4.7604,25660
4.7661,25630
4.7715,25627
4.7771,25609
4.7825,25612
4.7882,25593
4.7938,25634
4.7992,25602
4.8048,25604
4.8105,25593
4.8158,25613
4.8214,25604
4.8271,25597
4.8327,25574
4.8381,25554
4.8438,25617
4.8494,25640
4.8548,25597
4.8604,25596
4.8661,25570
4.8714,25568
4.8771,25539
4.8827,25508
4.8881,25525
4.8938,25519
4.8992,25555
4.9048,25556
4.9105,25499
4.9161,25526
4.9215,25484
4.9271,25482
4.9325,25481
4.9382,25475
4.9439,25495
4.9492,25477
4.9549,25475
4.9605,25527
4.9659,25497
4.9715,25517
4.9772,25497
4.9825,25494
4.9881,25479
4.9938,25499
4.9992,25492
5.0049,25487
5.0105,25421
5.0159,25491
5.0215,25437
5.0271,25468
5.0325,25412
5.0382,25482
5.0438,25460
5.0494,25421
5.0549,25463
5.0605,25410
5.0659,25404
5.0716,25413
5.077,25412
5.0826,25473
5.0882,25419
5.0939,25429
5.0993,25351
5.1049,25389
5.1103,25379
5.116,25406
5.1216,25383
5.127,25385
5.1326,25405
5.1383,25412
5.1436,25389
5.1493,25457
5.1549,25409
5.1606,25377
5.166,25346
5.1717,25355
5.177,25400
5.1827,25384
5.188,25351
5.1937,25397
5.1994,25355
5.205,25376
5.2104,25325
5.216,25337
5.2214,25329
5.227,25331
5.2325,25326
5.2382,25315
5.2438,25310
5.2492,25324
5.2548,25299
5.2604,25340
5.2661,25319
5.2714,25264
5.2771,25313
5.2827,25277
5.2883,25313
5.2936,25260
5.2992,25372
5.3049,25290
5.3105,25266
5.3159,25290
5.3215,25290
5.3269,25312
5.3325,25293
5.3382,25298
5.3438,25212
5.3492,25295
5.3549,25277
5.3605,25282
5.3659,25267
5.3715,25268
5.3771,25267
5.3826,25269
5.3882,25239
5.3939,25237
5.3992,25243
5.4049,25269
5.4105,25228
5.4159,25245
5.4215,25254
5.4272,25195
5.4326,25255
5.4383,25227
5.4436,25212
5.4493,25243
5.455,25248
5.4604,25224
5.466,25192
5.4717,25228
5.477,25237
5.4827,25198
5.4881,25202
5.4937,25220
5.4994,25195
5.5048,25174
5.5104,25165
5.5161,25196
5.5215,25166
5.5271,25206
5.5328,25182
5.5382,25199
5.5438,25148
5.5495,25166
5.5548,25138
5.5605,25160
5.5661,25161
5.5715,25130
5.5771,25135
5.5828,25174
5.5881,25138
5.5938,25129
5.5994,25167
5.6048,25169
5.6104,25177
5.616,25144
5.6217,25165
5.627,25146
5.6327,25103
5.6383,25130
5.6438,25112
5.6494,25098
5.6548,25146
5.6604,25096
5.6661,25131
5.6714,25088
5.6771,25114
5.6827,25104
5.6881,25114
5.6938,25087
5.6992,25084
5.7049,25104
5.7105,25073
5.7159,25117
5.7215,25062
5.7271,25128
5.7328,25075
5.7381,25027
5.7437,25081
5.7494,25084
5.7548,25080
5.7604,25054
5.7659,25040
5.7715,25039
5.7772,25044
5.7826,25040
5.7882,25036
5.7937,25032
5.7994,25050
5.8048,25034
5.8104,25025
5.8161,25023
5.8214,25008
5.8271,25017
5.8327,25012
5.8381,25003
5.8438,25007
5.8494,25006
5.8548,25035
5.8605,24962
5.8661,25034
5.8714,24968
5.8771,24980
5.8827,24977
5.8881,24972
5.8937,25002
5.8993,24941
5.9049,24963
5.9103,24947
5.9159,24983
5.9216,24940
5.9271,24960
5.9327,24952
5.9384,24966
5.9437,24965
5.9494,24980
5.9548,24919
5.9604,24935
5.9658,24985
5.9715,24918
5.9771,24918
5.9828,24955
5.9881,24902
5.9937,24920
5.9994,24907
6.0048,24906
6.0104,24915
6.0159,24889
6.0214,24878
6.0271,24882
6.0327,24845
6.0384,24860
6.0437,24857
6.0494,24829
6.0548,24817
6.0604,24841
6.066,24845
6.0715,24799
6.0771,24786
6.0828,24806
6.0881,24770
6.0938,24780
6.0994,24839
6.105,24772
6.1104,24724
6.116,24757
6.1217,24795
6.1271,24745
6.1328,24785
6.1381,24740
6.1438,24812
6.1494,24736
6.1548,24702
6.1604,24730
6.166,24753
6.1717,24720
6.1771,24666
6.1827,24710
6.1881,24720
6.1938,24701
6.1994,24727
6.205,24675
6.2104,24656
6.216,24635
6.2217,24615
6.227,24654
6.2327,24680
6.2381,24639
6.2437,24629
6.2494,24644
6.255,24653
6.2604,24614
6.2661,24556
6.2717,24595
6.2771,24564
6.2825,24557
6.2882,24575
6.2938,24565
6.2994,24538
6.3048,24517
6.3105,24577
6.3161,24559
6.3215,24528
6.3271,24562
6.3328,24564
6.3382,24516
6.3438,24546
6.3492,24546
6.3549,24501
6.3605,24542
6.3659,24492
6.3715,24459
6.3772,24465
6.3828,24450
6.3881,24482
6.3938,24473
6.3992,24513
6.4049,24477
6.4105,24490
6.4162,24469
6.4215,24455
6.4272,24399
6.4328,24442
6.4382,24390
6.4439,24483
6.4492,24435
6.4549,24414
6.4605,24393
6.4659,24409
6.4716,24390
6.4772,24401
6.4826,24380
6.4882,24384
6.4938,24390
6.4992,24372
6.5049,24416
6.5105,24349
6.5162,24326
6.5215,24368
6.5271,24300
6.5328,24365
6.5382,24320
6.5438,24321
6.5494,24374
6.5549,24329
6.5605,24291
6.5661,24319
6.5715,24346
6.5771,24306
6.5828,24290
6.5882,24284
6.5938,24314
6.5992,24249
6.6048,24318
6.6105,24239
6.6162,24288
6.6215,24287
6.6272,24298
6.6326,24259
6.6382,24208
6.6439,24261
6.6492,24209
6.6549,24237
6.6606,24228
6.6659,24237
6.6716,24160
6.6772,24239
6.6826,24209
6.6882,24212
6.6938,24261
6.6995,24229
6.7049,24182
6.7106,24215
6.7159,24142
6.7216,24176
6.7272,24159
6.7326,24217
6.7382,24155
6.7438,24132
6.7495,24158
6.7548,24197
6.7605,24180
6.7659,24150
6.7716,24174
6.7772,24131
6.7826,24139
6.7882,24194
6.7938,24084
6.7992,24076
6.8049,24102
6.8105,24159
6.8159,24139
6.8216,24103
6.8272,24125
6.8326,24135
6.8382,24110
6.8438,24075
6.8495,24106
6.8549,24132
6.8605,24111
6.8662,24120
6.8716,24048
6.8772,24049
6.8828,24070
6.8882,24135
6.8938,24064
6.8992,24080
6.9049,24051
6.9105,24036
6.9161,24002
6.9215,24066
6.9272,24025
6.9328,23986
6.9381,24018
6.9438,24006
6.9494,24012
6.9548,24006
6.9605,23999
6.9661,23994
6.9715,24014
6.9771,24032
6.9826,24043
6.9882,24036
6.9939,24024
6.9993,23973
7.0049,24004
7.0106,24049
7.016,23969
7.0216,23993
7.0272,23982
7.0326,23969
7.0383,23920
7.0439,23981
7.0493,23957
7.0549,23924
7.0606,23896
7.0659,23980
7.0716,23936
7.0772,23977
7.0826,23974
7.0883,23922
7.0939,23969
7.0993,23928
7.1049,23939
7.1106,23898
7.1159,23953
7.1216,23898
7.1273,23950
7.1327,23912
7.1383,23907
7.1439,23927
7.1493,23969
7.1549,23895
7.1606,23895
7.1659,23880
7.1716,23883
7.1772,23842
7.1826,23873
7.1883,23840
7.1939,23822
7.1993,23888
7.2049,23843
7.2106,23842
7.2159,23880
7.2215,23876
7.2272,23855
7.2328,23884
7.2382,23868
7.2439,23888
7.2492,23883
7.2549,23909
7.2605,23830
7.2662,23856
7.2715,23836
7.2772,23873
7.2828,23838
7.2882,23886
7.2939,23817
7.2995,23809
7.3049,23881
7.3105,23824
7.3159,23807
7.3215,23781
7.3272,23808
7.3328,23771
7.3382,23736
7.3438,23850
7.3492,23798
7.3549,23758
7.3605,23774
7.3659,23800
7.3716,23842
7.3773,23764
7.3827,23760
7.3883,23740
7.3939,23761
7.3993,23752
7.405,23739
7.4105,23708
7.4161,23720
7.4215,23694
7.427,23735
7.4327,23745
7.4383,23782
7.4437,23748
7.4493,23731
7.4548,23744
7.4605,23775
7.4661,23671
7.4715,23763
7.4771,23714
7.4827,23770
7.4883,23705
7.4937,23716
7.4993,23712
7.505,23740
7.5104,23692
7.516,23697
7.5217,23727
7.5273,23675
7.5327,23709
7.5383,23645
7.5439,23679
7.5493,23629
7.5549,23648
7.5605,23647
7.566,23700
7.5716,23622
7.5773,23671
7.5826,23614
7.5882,23630
7.5939,23609
7.5993,23627
7.6049,23634
7.6106,23646
7.616,23636
7.6216,23599
7.6273,23624
7.6326,23622
7.6383,23627
7.6439,23552
7.6493,23634
7.6549,23597
7.6606,23570
7.6659,23614
7.6716,23561
7.6773,23598
7.6826,23598
7.6883,23591
7.6939,23630
7.6992,23573
7.7049,23590
7.7105,23581
7.7162,23574
7.7216,23570
7.7272,23577
7.7328,23556
7.7382,23517
7.7438,23557
7.7495,23574
7.7549,23580
7.7605,23544
7.7661,23580
7.7715,23586
7.7772,23530
7.7828,23551
7.7882,23591
7.7938,23497
7.7995,23557
7.8048,23546
7.8105,23502
7.8161,23536
7.8218,23526
7.8272,23465
7.8328,23472
7.8382,23515
7.8438,23484
7.8495,23528
7.8548,23520
7.8604,23463
7.8661,23477
7.8717,23575
7.8771,23518
7.8828,23509
7.8884,23523
7.8938,23501
7.8994,23461
7.905,23472
7.9104,23489
7.916,23518
7.9217,23512
7.927,23471
7.9327,23489
7.9384,23543
7.9437,23522
7.9494,23527
7.955,23482
7.9604,23432
7.966,23489
7.9716,23475
7.9773,23472
7.9826,23426
7.9882,23426
7.9939,23372
7.9993,23436
8.005,23461
8.0106,23462
8.016,23316
8.0216,23390
8.0272,23378
8.0326,23375
8.0383,23427
8.0439,23304
8.0493,23364
8.0549,23357
8.0606,23348
8.0659,23317
8.0716,23325
8.0773,23388
8.0826,23372
8.0882,23386
8.0939,23445
8.0993,23360
8.1049,23387
8.1106,23391
8.1159,23391
8.1216,23361
8.1272,23402
8.1329,23413
8.1382,23303
8.1439,23337
8.1493,23353
8.1549,23371
8.1605,23342
8.1662,23363
8.1715,23418
8.1772,23326
8.1828,23350
8.1882,23365
8.1938,23398
8.1995,23294
8.2049,23408
8.2105,23349
8.2161,23290
8.2218,23376
8.2271,23379
8.2328,23337
8.2381,23395
8.2438,23357
8.2494,23382
8.2551,23354
8.2605,23361
8.2661,23301
8.2717,23305
8.2771,23284
8.2827,23248
8.2884,23315
8.294,23339
8.2993,23258
8.305,23297
8.3106,23255
8.316,23276
8.3217,23242
8.3273,23282
8.3327,23313
8.3383,23221
8.3439,23307
8.3493,23259
8.3549,23283
8.3606,23315
8.3662,23266
8.3716,23335
8.3772,23319
8.3826,23281
8.3882,23179
8.3939,23248
8.3995,23247
8.4049,23248
8.4104,23238
8.4161,23308
8.4217,23177
8.4271,23263
8.4327,23200
8.4384,23232
8.4437,23215
8.4494,23174
8.455,23228
8.4604,23224
8.466,23247
8.4717,23226
8.4771,23210
8.4827,23155
8.4883,23197
8.4937,23187
8.4993,23230
8.505,23230
8.5106,23240
8.516,23256
8.5216,23208
8.5273,23223
8.5327,23147
8.5383,23157
8.5439,23127
8.5493,23149
8.5549,23211
8.5606,23173
8.5659,23205
8.5715,23155
8.5772,23206
8.5828,23153
8.5882,23195
8.5938,23191
8.5995,23265
8.6048,23148
8.6105,23194
8.6161,23142
8.6215,23173
8.6271,23197
8.6327,23131
8.6383,23186
8.6437,23140
8.6494,23128
8.655,23133
8.6606,23128
8.666,23087
8.6716,23154
8.6773,23140
8.6826,23140
8.6883,23082
8.6939,23067
8.6993,23149
8.7049,23115
8.7106,23088
8.7159,23095
8.7216,23105
8.7272,23111
8.7328,23126
8.7382,23079
8.7438,23126
8.7492,23056
8.7549,23035
8.7605,23119
8.7662,23156
8.7716,23062
8.7772,23062
8.7828,23112
8.7882,23128
8.7938,23043
8.7995,23081
8.8049,23066
8.8105,23049
8.8162,23107
8.8215,23015
8.8272,23121
8.8328,23039
8.8382,23013
8.8438,22995
8.8494,23019
8.8551,23050
8.8605,23093
8.8661,22995
8.8717,22998
8.8771,23002
8.8827,23019
8.8884,22987
8.8937,23118
8.8994,22962
8.905,23020
8.9104,23045
8.9161,23051
8.9215,23002
8.9271,22972
8.9328,23066
8.9384,23012
8.9438,23053
8.9493,22920
8.9549,22989
8.9606,22955
8.966,22970
8.9717,23004
8.9771,22939
8.9828,23008
8.9882,22950
8.9938,22991
8.9995,22929
9.0049,23016
9.0105,22950
9.0162,22974
9.0216,22934
9.0272,22934
9.0328,22922
9.0384,22974
9.0438,23002
9.0494,22976
9.0548,22941
9.0604,22887
9.0661,23028
9.0716,22914
9.077,22988
9.0826,22956
9.0883,22940
9.094,22897
9.0993,22900
9.105,22922
9.1106,22934
9.116,22940
9.1216,22833
9.1272,22880
9.1329,22950
9.1382,22917
9.1438,22904
9.1495,22882
9.1549,22959
9.1605,22881
9.1662,22880
9.1715,22933
9.1772,22881
9.1826,22873
9.1882,22829
9.1938,22841
9.1995,22824
9.2048,22850
9.2105,22893
9.2162,22900
9.2215,22858
9.2271,22917
9.2328,22829
9.2382,22867
9.2438,22843
9.2495,22896
9.2548,22822
9.2605,22817
9.2661,22802
9.2717,22839
9.2771,22861
9.2827,22833
9.2884,22867
9.2938,22862
9.2995,22813
9.3049,22796
9.3105,22899
9.3161,22779
9.3218,22756
9.3271,22806
9.3328,22844
9.3384,22844
9.3438,22782
9.3494,22798
9.3551,22789
9.3604,22753
9.3661,22709
9.3717,22770
9.3771,22767
9.3827,22859
9.3884,22733
9.3938,22718
9.3994,22760
9.4051,22758
9.4104,22710
9.4161,22816
9.4217,22802
9.4271,22762
9.4327,22795
9.4383,22755
9.444,22744
9.4494,22789
9.455,22805
9.4604,22786
9.466,22784
9.4716,22751
9.4773,22772
9.4827,22738
9.4883,22837
9.4939,22777
9.4995,22718
9.505,22668
9.5106,22683
9.5159,22766
9.5216,22768
9.5272,22715
9.5329,22743
9.5382,22722
9.5439,22769
9.5495,22699
9.5549,22740
9.5606,22744
9.5662,22726
9.5716,22701
9.5772,22687
9.5828,22740
9.5882,22692
9.5938,22747
9.5995,22674
9.6049,22682
9.6105,22755
9.6162,22730
9.6218,22714
9.6272,22728
9.6328,22681
9.6384,22736
9.6438,22700
9.6494,22683
9.6551,22645
9.6605,22590
9.6661,22670
9.6718,22659
9.6771,22629
9.6827,22674
9.6884,22673
9.694,22612
9.6993,22645
9.705,22636
9.7106,22678
9.716,22621
9.7217,22601
9.7273,22665
9.7327,22614
9.7383,22655
9.744,22620
9.7493,22622
9.755,22586
9.7606,22651
9.766,22675
9.7717,22697
9.7773,22630
9.7827,22662
9.7883,22662
9.794,22629
9.7993,22567
9.805,22647
9.8106,22665
9.816,22621
9.8216,22666
9.8273,22606
9.8327,22551
9.8383,22630
9.844,22539
9.8493,22640
9.855,22646
9.8606,22516
9.866,22586
9.8716,22581
9.8773,22528
9.8827,22597
9.8883,22578
9.8939,22586
9.8996,22581
9.905,22597
9.9106,22559
9.9162,22576
9.9216,22605
9.9273,22582
9.9329,22532
9.9382,22526
9.9439,22593
9.9495,22526
9.9549,22514
9.9605,22519
9.9662,22515
9.9716,22470
9.9772,22522
9.9828,22513
9.9885,22519
9.9938,22539
9.9994,22600
10.0051,22545
10.0105,22534
10.0161,22575
10.0217,22558
10.0271,22491
10.0328,22537
10.0384,22509
10.0438,22478
10.0494,22476
10.055,22559
10.0607,22515
10.066,22552
10.0717,22576
10.0771,22482
10.0827,22566
10.0883,22476
10.094,22544
10.0993,22515
10.105,22518
10.1106,22478
10.116,22481
10.1216,22489
10.1273,22426
10.1327,22439
10.1383,22498
10.144,22496
10.1493,22485
10.1549,22480
10.1606,22525
10.1659,22425
10.1716,22461
10.1772,22457
10.1829,22439
10.1883,22452
10.1939,22506
10.1996,22468
10.2049,22476
10.2106,22480
10.2162,22387
10.2216,22440
10.2272,22506
10.2327,22467
10.2384,22436
10.2438,22395
10.2495,22372
10.2551,22424
10.2605,22469
10.2661,22386
10.2717,22459
10.2771,22418
10.2828,22398
10.2884,22510
10.2938,22407
10.2995,22314
10.3051,22483
10.3105,22409
10.3161,22374
10.3216,22400
10.3272,22316
10.3326,22450
10.3383,22475
10.3439,22305
10.3493,22421
10.355,22431
10.3605,22459
10.3661,22375
10.3718,22388
10.3771,22382
10.3828,22417
10.3883,22347
10.3939,22371
10.3993,22350
10.405,22440
10.4106,22334
10.4161,22347
10.4217,22482
10.4274,22302
10.4327,22388
10.4383,22309
10.4439,22350
10.4496,22344
10.455,22367
10.4606,22375
10.4662,22296
10.4716,22333
10.4772,22328
10.4829,22374
10.4883,22362
10.4939,22341
10.4995,22299
10.5049,22328
10.5106,22292
10.5162,22309
10.5216,22356
10.5272,22265
10.5329,22345
10.5382,22321
10.5439,22253
10.5495,22379
10.5551,22392
10.5605,22336
10.5662,22291
10.5718,22274
10.5772,22390
10.5828,22384
10.5882,22325
10.5938,22306
10.5995,22322
10.6051,22298
10.6105,22337
10.6162,22355
10.6218,22279
10.6272,22278
10.6328,22253
10.6382,22229
10.6438,22278
10.6495,22344
10.6551,22271
10.6605,22246
10.6662,22342
10.6718,22300
10.6772,22280
10.6828,22285
10.6884,22226
10.6938,22201
10.6994,22204
10.705,22203
10.7104,22255
10.716,22185
10.7217,22331
10.7271,22148
10.7327,22187
10.7384,22309
10.744,22296
10.7494,22254
10.755,22271
10.7604,22203
10.7661,22249
10.7718,22193
10.7771,22200
10.7828,22207
10.7884,22318
10.794,22257
10.7994,22156
10.805,22242
10.8104,22207
10.816,22249
10.8217,22219
10.8271,22221
10.8327,22348
10.8384,22268
10.8441,22212
10.8494,22253
10.8551,22212
10.8607,22192
10.866,22191
10.8717,22218
10.8774,22261
10.8827,22155
10.8884,22194
10.8937,22222
10.8994,22276
10.905,22186
10.9107,22171
10.916,22228
10.9216,22202
10.9273,22173
10.9327,22178
10.9383,22143
10.9439,22212
10.9496,22114
10.9549,22175
10.9606,22131
10.9662,22256
10.9715,22199
10.9772,22057
10.9828,22122
10.9882,22141
10.9939,22096
10.9994,22212
11.005,22182
11.0107,22159
11.0161,22140
11.0217,22150
11.0273,22102
11.0327,22229
11.0383,22163
11.044,22159
11.0494,22093
11.055,22161
11.0607,22150
11.066,22147
11.0717,22092
11.0773,22143
11.0829,22139
11.0883,22149
11.094,22149
11.0994,22043
11.105,22136
11.1106,22111
11.116,22047
11.1216,22063
11.1273,22063
11.1329,22072
11.1383,22073
11.1439,22163
11.1493,22056
11.155,22065
11.1606,22252
11.166,22167
11.1716,22085
11.1773,22130
11.1829,22117
11.1883,22092
11.1939,22080
11.1996,22083
11.205,22105
11.2104,22035
11.2161,22149
11.2217,22064
11.2273,22150
11.2327,22112
11.2383,22151
11.244,22121
11.2494,22063
11.255,21994
11.2607,22124
11.266,22093
11.2717,22022
11.2773,22075
11.2827,22050
11.2883,22026
11.294,22080
11.2993,21999
11.305,22006
11.3106,22108
11.316,22050
11.3217,22068
11.3273,22060
11.3329,22080
11.3383,22022
11.3439,22064
11.3493,22001
11.3549,22004
11.3606,22020
11.3662,22065
11.3717,22017
11.3773,22072
11.3827,22080
11.3883,22015
11.3939,22078
11.3996,22079
11.4049,22102
11.4106,22007
11.4162,22035
11.4217,22017
11.4273,22003
11.4327,22000
11.4383,21982
11.4439,21999
11.4496,22026
11.455,21968
11.4606,21950
11.4663,21954
11.4717,22008
11.4773,21998
11.4827,21929
11.4883,22037
11.494,22027
11.4996,21939
11.505,21960
11.5106,21967
11.516,21992
11.5216,21940
11.5273,21985
11.5327,21937
11.5383,21962
11.544,21941
11.5493,21897
11.555,22050
11.5606,21989
11.566,21905
11.5716,21969
11.5773,21977
11.5827,21984
11.5883,22006
11.594,21917
11.5994,22012
11.605,21952
11.6106,21953
11.616,21940
11.6216,21916
11.6273,21935
11.6327,21935
11.6383,21942
11.6439,21950
11.6493,21918
11.6549,21922
11.6606,21960
11.6662,21898
11.6716,21970
11.6772,21950
11.6827,21922
11.6883,22050
11.6939,21904
11.6996,21854
11.705,21957
11.7106,21931
11.716,21826
11.7216,21948
11.7273,21863
11.7327,21840
11.7383,21892
11.7438,21888
11.7495,21826
11.7551,21930
11.7607,21901
11.7661,21919
11.7716,21940
11.7773,21892
11.7827,21869
11.7884,21897
11.794,21857
11.7994,21839
11.805,21822
11.8107,21904
11.816,21935
11.8217,21912
11.8273,21786
11.8329,21879
11.8383,21864
11.844,21861
11.8493,21852
11.855,21914
11.8606,21911
11.8663,21859
11.8716,21787
11.8773,21872
11.8828,21856
11.8885,21768
11.8939,21689
11.8995,21941
11.9051,21835
11.9105,21868
11.9161,21796
11.9218,21873
11.9271,21871
11.9328,21788
11.9384,21851
11.9441,21791
11.9495,21766
11.9551,21693
11.9604,21874
11.9661,21810
11.9717,21820
11.9773,21835
11.983,21754
11.9883,21937
11.994,21800
11.9994,21727
12.0051,21839
12.0105,21785
12.0161,21853
12.0217,21756
12.0274,21829
12.0328,21839
12.0384,21738
12.0438,21729
12.0494,21811
12.0551,21771
12.0605,21798
12.0661,21756
12.0718,21766
12.0774,21772
12.0828,21762
12.0884,21809
12.0941,21740
12.0994,21732
12.1051,21731
12.1105,21793
12.1161,21675
12.1217,21709
12.1274,21756
12.1327,21828
12.1384,21764
12.144,21709
12.1494,21855
12.155,21708
12.1607,21771
12.1661,21805
12.1717,21715
12.1774,21713
12.1828,21862
12.1884,21696
12.194,21679
12.1994,21716
12.205,21758
12.2107,21706
12.216,21666
12.2217,21708
12.2274,21622
12.2327,21678
12.2384,21695
12.244,21688
12.2496,21706
12.255,21704
12.2606,21667
12.2663,21718
12.2717,21757
12.2773,21728
12.283,21750
12.2883,21707
12.294,21707
12.2996,21677
12.305,21705
12.3106,21705
12.3163,21670
12.3217,21636
12.3273,21642
12.333,21734
12.3383,21633
12.344,21753
12.3496,21627
12.355,21627
12.3607,21632
12.366,21705
12.3717,21675
12.3771,21680
12.3828,21668
12.3884,21687
12.3941,21558
12.3994,21689
12.4051,21715
12.4105,21598
12.4161,21645
12.4218,21694
12.4272,21681
12.4328,21783
12.4385,21750
12.4438,21656
12.4495,21671
12.455,21713
12.4606,21561
12.4663,21706
12.4716,21577
12.4773,21672
12.4827,21586
12.4884,21706
12.494,21600
12.4996,21556
12.505,21555
12.5106,21569
12.516,21656
12.5217,21604
12.5273,21530
12.5327,21579
12.5384,21588
12.544,21671
12.5496,21565
12.555,21526
12.5606,21638
12.566,21689
12.5716,21551
12.5773,21576
12.5829,21622
12.5883,21607
12.594,21614
12.5994,21590
12.605,21690
12.6107,21649
12.616,21667
12.6217,21587
12.6273,21552
12.633,21492
12.6384,21592
12.644,21587
12.6494,21587
12.655,21549
12.6606,21484
12.6663,21692
12.6716,21536
12.6773,21551
12.6829,21592
12.6883,21560
12.694,21554
12.6994,21590
12.705,21525
12.7107,21552
12.7161,21690
12.7217,21568
12.7273,21518
12.733,21614
12.7383,21551
12.744,21560
12.7494,21523
12.755,21598
12.7607,21544
12.766,21655
12.7717,21607
12.7773,21605
12.783,21611
12.7883,21514
12.794,21461
12.7994,21625
12.805,21507
12.8105,21541
12.8161,21626
12.8218,21494
12.8272,21468
12.8328,21565
12.8383,21509
12.844,21555
12.8494,21518
12.8551,21571
12.8607,21495
12.8661,21489
12.8717,21526
12.8773,21560
12.883,21548
12.8883,21471
12.894,21442
12.8996,21578
12.905,21424
12.9106,21526
12.9163,21394
12.9217,21581
12.9273,21526
12.9329,21553
12.9383,21435
12.944,21418
12.9496,21551
12.955,21469
12.9607,21402
12.9663,21487
12.9717,21526
12.9773,21498
12.9827,21447
12.9883,21516
12.994,21473
12.9994,21433
13.0051,21552
13.0105,21457
13.0161,21398
13.0218,21405
13.0274,21502
13.0328,21468
13.0384,21374
13.0441,21485
13.0494,21453
13.0551,21392
13.0607,21433
13.0661,21449
13.0718,21344
13.0774,21460
13.0828,21381
13.0884,21400
13.094,21320
13.0994,21421
13.105,21314
13.1107,21359
13.1163,21409
13.1217,21429
13.1274,21454
13.1328,21350
13.1384,21335
13.1441,21424
13.1494,21396
13.1551,21314
13.1607,21440
13.1661,21328
13.1717,21384
13.1773,21376
13.1829,21426
13.1886,21367
13.1939,21353
13.1995,21309
13.2051,21305
13.2107,21317
13.2161,21384
13.2217,21365
13.2274,21384
13.2328,21281
13.2383,21307
13.2439,21321
13.2496,21302
13.2549,21345
13.2606,21318
13.2661,21421
13.2717,21270
13.2772,21379
13.2829,21288
13.2885,21371
13.2939,21298
13.2995,21292
13.3052,21242
13.3105,21335
13.3162,21456
13.3217,21334
13.3274,21278
13.3328,21307
13.3384,21362
13.3441,21279
13.3494,21341
13.3551,21320
13.3605,21319
13.3661,21275
13.3718,21385
13.3774,21302
13.383,21291
13.3884,21282
13.3941,21297
13.3995,21224
13.4051,21283
13.4105,21337
13.4161,21305
13.4216,21288
13.4272,21240
13.4329,21326
13.4385,21227
13.4439,21249
13.4494,21261
13.455,21261
13.4607,21255
13.466,21238
13.4717,21305
13.4772,21233
13.4829,21249
13.4885,21271
13.4939,21221
13.4996,21264
13.5049,21310
13.5106,21237
13.5162,21213
13.5218,21238
13.5272,21228
13.5329,21203
13.5382,21275
13.5439,21191
13.5496,21246
13.5549,21151
13.5606,21206
13.5662,21175
13.5719,21168
13.5772,21145
13.5829,21147
13.5885,21277
13.5939,21222
13.5995,21249
13.6052,21193
13.6105,21172
13.6162,21182
13.6218,21344
13.6272,21181
13.6328,21217
13.6385,21227
13.6438,21227
13.6495,21193
13.6551,21244
13.6605,21220
13.6662,21221
13.6718,21199
13.6772,21196
13.6828,21166
13.6885,21203
13.6939,21238
13.6995,21184
13.705,21291
13.7107,21208
13.7161,21245
13.7217,21175
13.7274,21124
13.7328,21213
13.7384,21195
13.7441,21157
13.7494,21184
13.755,21097
13.7607,21144
13.7661,21147
13.7717,21193
13.7773,21138
13.783,21121
13.7883,21120
13.794,21236
13.7996,21160
13.805,21094
13.8106,21094
13.8163,21111
13.8217,21245
13.8273,21270
13.8329,21148
13.8383,21134
13.8439,21205
13.8496,21182
13.855,21180
13.8606,21103
13.8662,21117
13.8719,21193
13.8773,21102
13.8829,21190
13.8886,21132
13.8939,21206
13.8996,21139
13.9049,21074
13.9106,21131
13.9162,21064
13.9218,21080
13.9272,21071
13.9329,21121
13.9383,21002
13.9439,21057
13.9495,21059
13.9552,21043
13.9605,21040
13.9662,21106
13.9718,21074
13.9772,21102
13.9828,21144
13.9884,21090
13.9941,21140
13.9994,21035
14.0051,21083
14.0108,21161
14.0161,21027
14.0218,21075
14.0274,20946
14.0328,21122
14.0384,21124
14.0441,21153
14.0495,21119
14.0551,21062
14.0608,21154
14.0661,21005
14.0718,21042
14.0774,21048
14.0828,20983
14.0885,21099
14.0941,21118
14.0995,20994
14.1051,21091
14.1108,21001
14.1161,20975
14.1218,20961
14.1274,20912
14.1328,21037
14.1385,21022
14.1439,21096
14.1496,21061
14.1552,20978
14.1606,20993
14.1662,21090
14.1716,21138
14.1772,21026
14.1829,21018
14.1883,21031
14.1939,20980
14.1996,21024
14.2052,21010
14.2106,21002
14.2162,21007
14.2219,20956
14.2272,20857
14.2329,20973
14.2383,21015
14.2439,20952
14.2496,21003
14.2552,21041
14.2605,21028
14.2662,21054
14.2718,21028
14.2775,20944
14.2828,20915
14.2885,21031
14.2939,20981
14.2995,20981
14.3052,21007
14.3106,20916
14.3162,20987
14.3218,20939
14.3275,20907
14.3328,20936
14.3385,21015
14.3439,20967
14.3496,20965
14.3552,20871
14.3605,20922
14.3662,20954
14.3718,20961
14.3772,21071
14.3829,20966
14.3885,21086
14.3939,20870
14.3995,20981
14.4052,20972
14.4106,21003
14.4162,20991
14.4218,20986
14.4272,20996
14.4328,20972
14.4384,20970
14.4441,21009
14.4495,20996
14.4551,20945
14.4608,20901
14.4662,20897
14.4718,20933
14.4772,20901
14.4828,20951
14.4884,21109
14.4941,21062
14.4995,21020
14.5052,20986
14.5106,21076
14.5162,20898
14.5219,20975
14.5272,20933
14.5329,20779
14.5385,20842
14.5439,20963
14.5495,20931
14.5552,20849
14.5606,20983
14.5662,20968
14.5719,21019
14.5772,20919
14.5829,20897
14.5886,20895
14.5939,20926
14.5996,20865
14.605,20936
14.6106,20885
14.6163,20902
14.6219,20880
14.6273,20983
14.6329,20935
14.6386,20954
14.6439,20891
14.6494,21030
14.655,20939
14.6607,20935
14.6661,20939
14.6717,20946
14.6772,20904
14.6829,20934
14.6885,20830
14.6939,20849
14.6995,20828
14.7051,20825
14.7107,20939
14.7161,20859
14.7218,20924
14.7274,20873
14.7327,20798
14.7384,20902
14.744,20900
14.7497,20822
14.755,20902
14.7607,20850
14.7661,20905
14.7718,20903
14.7774,20845
14.7828,20865
14.7884,20830
14.7941,20849
14.7994,20826
14.8051,20917
14.8107,20898
14.8161,20840
14.8218,20851
14.8274,20874
14.833,20884
14.8384,20972
14.844,20828
14.8497,20885
14.855,20814
14.8605,20764
14.8662,20757
14.8716,20862
14.8773,20888
14.8829,20892
14.8884,20857
14.894,20932
14.8996,20881
14.905,20840
14.9107,20898
14.9162,20916
14.9216,20860
14.9273,20908
14.9329,20838
14.9386,20757
14.9439,20964
14.9496,20937
14.9552,20832
14.9606,20823
14.9662,20843
14.9716,20759
14.9773,20817
14.9829,20773
14.9886,20809
14.9939,20838
14.9995,20669
15.0052,20727
15.0105,20754
15.0162,20819
15.0217,20835
15.0274,20761
15.0328,20936
15.0384,20723
15.044,20839
15.0495,20777
15.0552,20818
15.0608,20905
15.0662,20781
15.0718,20869
15.0772,20834
15.0829,20731
15.0885,20760
15.0941,20855
15.0995,20749
15.1051,20764
15.1105,20787
15.1162,20814
15.1218,20788
15.1272,20859
15.1329,20730
15.1385,20824
15.1442,20761
15.1495,20835
15.1551,20737
15.1608,20706
15.1662,20718
15.1718,20697
15.1774,20616
15.1828,20758
15.1885,20745
15.1941,20722
15.1995,20695
15.2051,20732
15.2108,20756
15.2161,20785
15.2218,20808
15.2274,20707
15.2328,20727
15.2385,20814
15.2439,20780
15.2495,20707
15.2552,20696
15.2608,20703
15.2662,20664
15.2718,20593
15.2774,20713
15.2828,20735
15.2885,20691
15.2939,20713
15.2995,20737
15.305,20672
15.3106,20636
15.3162,20771
15.3219,20657
15.3272,20819
15.3328,20731
15.3385,20619
15.3441,20668
15.3495,20666
15.3551,20659
15.3606,20640
15.3663,20660
15.3719,20769
15.3773,20682
15.383,20590
15.3884,20670
15.394,20627
15.3996,20642
15.405,20684
15.4106,20827
15.4162,20651
15.4219,20702
15.4272,20716
15.4329,20741
15.4385,20677
15.4439,20731
15.4496,20816
15.4552,20705
15.4606,20728
15.4662,20695
15.4719,20564
15.4772,20599
15.4829,20746
15.4885,20568
15.4939,20611
15.4996,20621
15.5052,20625
15.5106,20701
15.5162,20666
15.5219,20649
15.5272,20674
15.5329,20635
15.5385,20668
15.5439,20623
15.5496,20703
15.5552,20708
15.5608,20623
15.5662,20706
15.5718,20624
15.5774,20672
15.5828,20673
15.5884,20573
15.5941,20645
15.5995,20730
15.6051,20570
15.6108,20513
15.6161,20596
15.6218,20650
15.6274,20756
15.6331,20625
15.6384,20734
15.644,20714
15.6494,20670
15.6551,20652
15.6608,20663
15.6661,20740
15.6718,20571
15.6774,20657
15.6828,20641
15.6885,20708
15.6941,20587
15.6995,20619
15.7052,20645
15.7108,20678
15.7162,20557
15.7218,20481
15.7275,20754
15.7328,20580
15.7384,20678
15.7441,20644
15.7497,20656
15.7551,20568
15.7608,20682
15.7661,20640
15.7718,20558
15.7774,20698
15.7828,20583
15.7884,20544
15.7941,20610
15.7994,20677
15.8051,20692
15.8105,20523
15.8161,20589
15.8218,20619
15.8274,20471
15.8328,20658
15.8384,20635
15.8441,20588
15.8494,20476
15.8551,20661
15.8608,20534
15.8661,20686
15.8718,20719
15.8774,20592
15.8828,20714
15.8884,20621
15.8941,20740
15.8994,20650
15.9051,20532
15.9108,20621
15.9162,20626
15.9218,20593
15.9275,20453
15.9328,20747
15.9384,20750
15.9441,20644
15.9495,20745
15.9551,20642
15.9608,20611
15.9662,20646
15.9718,20670
15.9772,20645
15.9828,20674
15.9885,20611
15.9941,20656
15.9995,20624
16.005,20689
16.0107,20552
16.0163,20612
16.0217,20479
16.0274,20554
16.0328,20520
16.0384,20535
16.0441,20732
16.0497,20660
16.055,20554
16.0607,20492
16.0664,20544
16.0718,20490
16.0774,20575
16.0828,20527
16.0884,20599
16.0941,20584
16.0994,20529
16.1051,20484
16.1107,20427
16.1161,20490
16.1218,20582
16.1275,20554
16.1328,20478
16.1385,20599
16.1439,20379
16.1496,20413
16.1552,20506
16.1606,20503
16.1662,20512
16.1716,20522
16.1773,20491
16.1827,20522
16.1884,20511
16.194,20472
16.1996,20446
16.2051,20507
16.2107,20563
16.2163,20481
16.2217,20394
16.2274,20622
16.2328,20416
16.2385,20446
16.2441,20443
16.2495,20432
16.2552,20469
16.2608,20428
16.2662,20391
16.2718,20353
16.2773,20376
16.283,20410
16.2884,20456
16.294,20448
16.2997,20459
16.3051,20355
16.3107,20359
16.3163,20341
16.3217,20529
16.3274,20425
16.333,20456
16.3384,20578
16.3441,20474
16.3494,20390
16.3551,20510
16.3607,20438
16.3662,20478
16.3718,20286
16.3774,20418
16.3828,20375
16.3885,20610
16.3942,20400
16.3996,20436
16.4052,20431
16.4105,20427
16.4162,20393
16.4218,20422
16.4275,20402
16.4329,20392
16.4385,20384
16.4439,20368
16.4495,20317
16.4552,20404
16.4606,20283
16.4662,20362
16.4719,20349
16.4773,20425
16.4829,20456
16.4886,20327
16.494,20437
16.4997,20361
16.505,20357
16.5107,20322
16.5163,20471
16.5217,20313
16.5273,20240
16.533,20373
16.5384,20348
16.544,20423
16.5494,20300
16.5551,20305
16.5607,20269
16.5663,20265
16.5717,20315
16.5773,20297
16.5828,20282
16.5884,20298
16.5939,20252
16.5995,20381
16.605,20391
16.6107,20179
16.6163,20392
16.6217,20319
16.6273,20410
16.6328,20337
16.6384,20372
16.6439,20259
16.6496,20309
16.655,20316
16.6606,20349
16.6661,20426
16.6717,20382
16.6773,20474
16.6828,20321
16.6884,20438
16.6939,20399
16.6995,20295
16.705,20420
16.7106,20304
16.7162,20323
16.7217,20296
16.7273,20376
16.7328,20322
16.7384,20278
16.7439,20339
16.7495,20347
16.7551,20278
16.7606,20241
16.7662,20326
16.7717,20316
16.7773,20439
16.7828,20484
16.7884,20298
16.794,20423
16.7995,20259
16.8051,20310
16.8106,20426
16.8162,20364
16.8217,20475
16.8273,20376
16.8329,20510
16.8384,20380
16.844,20421
16.8495,20309
16.8551,20410
16.8607,20311
16.8662,20357
16.8718,20273
16.8773,20360
16.8829,20279
16.8884,20288
16.894,20422
16.8996,20321
16.9051,20310
16.9107,20240
16.9162,20194
16.9218,20191
16.9273,20195
16.9329,20256
16.9385,20200
16.944,20324
16.9496,20228
16.9551,20247
16.9607,20243
16.9663,20233
16.9718,20120
16.9774,20377
16.9829,20360
16.9885,20229
16.994,20285
16.9996,20323
17.0052,20266
17.0106,20378
17.0163,20218
17.0219,20307
17.0273,20219
17.0329,20278
17.0385,20314
17.0441,20312
17.0496,20201
17.0552,20209
17.0606,20291
17.0662,20290
17.0718,20152
17.0774,20267
17.0829,20232
17.0885,20189
