Experiment: Mar_16_osmo_expt vial 9, Tue Mar 16 20:56:43 2021
0.0015,27977
0.0064,27993
0.0118,27986
0.0175,27992
0.0229,28002
0.0286,28001
0.034,28008
0.0397,28005
0.0451,27999
0.0508,28002
0.0562,28017
0.0619,28019
0.0673,28024
0.073,28002
0.0784,27999
0.0841,28009
0.0897,28000
0.0951,27998
0.1008,28014
0.1062,28003
0.1119,28007
0.1173,28001
0.123,28001
0.1284,28010
0.1341,27993
0.1395,28000
0.1452,28002
0.1505,27997
0.1562,27993
0.1619,27986
0.1673,28001
0.173,28004
0.1784,28002
0.1841,27979
0.1895,27998
0.1952,27995
0.2006,27992
0.2063,27995
0.2117,27997
0.2173,27996
0.2231,27991
0.2285,27990
0.2342,27985
0.2395,27979
0.2452,27988
0.2506,27986
0.2563,27986
0.2617,27991
0.2673,27990
0.273,27991
0.2784,27995
0.284,27976
0.2897,27972
0.2951,27989
0.3008,28001
0.3062,27990
0.3119,27996
0.3173,27995
0.3229,27995
0.3286,27987
0.334,27979
0.3397,28001
0.3451,27993
0.3507,27984
0.3561,27981
0.3618,27982
0.3673,27988
0.3729,28002
0.3785,28000
0.3839,27993
0.3897,27986
0.3951,28001
0.4007,27915
0.4061,27983
0.4118,27993
0.4172,27994
0.4229,27996
0.4283,27992
0.434,27980
0.4397,28004
0.4451,28000
0.4508,27994
0.4562,27997
0.462,27996
0.4674,28007
0.473,27999
0.4785,27987
0.4841,27998
0.4895,28002
0.4952,28000
0.5007,27999
0.5063,28000
0.5117,28002
0.5174,28005
0.5228,28006
0.5285,28001
0.5342,27997
0.5396,27995
0.5453,27999
0.5507,27997
0.5564,27981
0.5618,27990
0.5675,27990
0.5729,27993
0.5786,27991
0.584,28000
0.5897,27994
0.5951,27991
0.6008,28004
0.6062,28001
0.6119,28005
0.6173,27996
0.623,28002
0.6285,27995
0.6341,28003
0.6395,28004
0.6452,28026
0.6506,28003
0.6563,28004
0.6617,28005
0.6674,28007
0.6728,28015
0.6785,28002
0.684,28005
0.6897,28010
0.6951,28011
0.7007,28000
0.7062,28006
0.7119,28010
0.7173,28000
0.723,28009
0.7286,28023
0.7341,28022
0.7398,28022
0.7451,28013
0.7508,28012
0.7562,28027
0.7619,28032
0.7673,28010
0.773,28014
0.7784,28021
0.7841,28019
0.7895,28028
0.7952,28021
0.8006,28018
0.8063,28010
0.812,27995
0.8174,28019
0.8231,28008
0.8285,28012
0.8341,28023
0.8396,28012
0.8453,28008
0.8507,28015
0.8561,28018
0.8618,28017
0.8675,28011
0.8729,28016
0.8786,28031
0.884,28031
0.8897,28011
0.8951,27996
0.9008,28029
0.9062,28018
0.9119,28019
0.9173,28028
0.923,28023
0.9284,28045
0.9341,28034
0.9395,28017
0.9452,28043
0.9507,28039
0.9564,28038
0.9618,28042
0.9675,28037
0.9729,28035
0.9786,28029
0.984,28033
0.9897,28032
0.9951,28038
1.0008,28035
1.0062,28029
1.0119,28029
1.0173,28029
1.023,28032
1.0284,28036
1.0341,28031
1.0395,28031
1.0452,28022
1.0506,28032
1.0563,28022
1.0618,28022
1.0675,28020
1.0729,28044
1.0786,28032
1.084,28034
1.0897,28024
1.0951,28036
1.1007,28037
1.1062,28030
1.1119,28032
1.1173,28036
1.1229,28047
1.1284,28053
1.134,28046
1.1394,28058
1.1451,28042
1.1508,28057
1.1563,28049
1.1619,28045
1.1673,28055
1.173,28073
1.1784,28064
1.1841,28044
1.1895,28064
1.1952,28047
1.2006,28057
1.2063,28053
1.212,28045
1.2174,28037
1.2231,28062
1.2285,28042
1.2342,28048
1.2396,28042
1.2453,28050
1.2507,28037
1.2564,28025
1.2618,28039
1.2674,28029
1.2728,28023
1.2785,28032
1.284,28034
1.2897,28035
1.2951,28040
1.3007,28049
1.3064,28033
1.3118,28036
1.3175,28026
1.3229,28035
1.3286,28036
1.334,28036
1.3397,28038
1.3451,28029
1.3508,28040
1.3562,28041
1.3619,28040
1.3673,28038
1.373,28044
1.3784,28047
1.3841,28041
1.3895,28045
1.3952,28051
1.4006,28055
1.4063,28065
1.4117,28050
1.4174,28058
1.4228,28045
1.4285,28065
1.4339,28051
1.4396,28059
1.445,28049
1.4507,28051
1.4561,28043
1.4618,28038
1.4672,28042
1.4729,28039
1.4786,28045
1.484,28039
1.4897,28035
1.4951,28037
1.5008,28025
1.5062,28036
1.5119,28022
1.5173,28031
1.523,28044
1.5284,28042
1.5341,28039
1.5395,28047
1.5452,28025
1.5507,28053
1.5564,28058
1.5617,28049
1.5674,28058
1.5729,28057
1.5785,28055
1.584,28058
1.5897,28068
1.5951,28073
1.6008,28067
1.6062,28060
1.6119,28068
1.6173,28064
1.6229,28061
1.6286,28058
1.634,28038
1.6397,28052
1.6451,28048
1.6508,28039
1.6562,28037
1.6619,28042
1.6673,28053
1.673,28051
1.6784,28059
1.6841,28070
1.6895,28062
1.6952,28056
1.7006,28043
1.7061,28056
1.7118,28057
1.7175,28056
1.7229,28054
1.7286,28051
1.7339,28051
1.7396,28036
1.7453,28034
1.7507,28034
1.7564,28043
1.7617,28038
1.7674,28042
1.7731,28034
1.7785,28037
1.7842,28039
1.7895,28037
1.7952,28042
1.8006,28028
1.8063,28037
1.8117,28054
1.8174,28045
1.823,28040
1.8284,28048
1.8341,28041
1.8396,28044
1.8452,28051
1.8506,28045
1.8563,28050
1.8617,28057
1.8674,28060
1.873,28062
1.8784,28061
1.8841,28062
1.8897,28069
1.8951,28057
1.9008,28068
1.9062,28064
1.9119,28067
1.9173,28060
1.923,28053
1.9284,28051
1.9341,28058
1.9397,28047
1.9452,28043
1.9508,28051
1.9563,28035
1.9619,28040
1.9674,28047
1.973,28051
1.9784,28057
1.9841,28044
1.9895,28046
1.9952,28053
2.0007,28047
2.0064,28051
2.0118,28048
2.0173,28054
2.023,28062
2.0286,28062
2.0341,28067
2.0398,28065
2.0452,28070
2.0508,28055
2.0562,28071
2.0619,28066
2.0673,28066
2.073,28065
2.0784,28056
2.0841,28082
2.0895,28068
2.0952,28067
2.1009,28073
2.1063,28077
2.112,28088
2.1174,28070
2.1228,28063
2.1285,28077
2.134,28089
2.1396,28076
2.1453,28074
2.1507,28078
2.1564,28075
2.1618,28070
2.1675,28066
2.1729,28066
2.1786,28067
2.184,28057
2.1897,28053
2.1951,28057
2.2008,28057
2.2062,28049
2.2119,28053
2.2175,28055
2.223,28042
2.2286,28040
2.234,28044
2.2397,28046
2.2451,28056
2.2508,28059
2.2563,28047
2.2619,28057
2.2673,28057
2.273,28055
2.2784,28063
2.2841,28079
2.2898,28066
2.2952,28053
2.3009,28075
2.3063,28083
2.312,28069
2.3174,28087
2.3231,28077
2.3285,28073
2.3342,28087
2.3396,28081
2.3452,28081
2.3506,28079
2.3563,28079
2.3617,28078
2.3674,28089
2.3731,28084
2.3785,28088
2.3842,28069
2.3896,28075
2.3953,28070
2.4007,28074
2.4064,28080
2.4118,28065
2.4175,28069
2.4229,28063
2.4286,28082
2.434,28068
2.4397,28060
2.4451,28057
2.4508,28051
2.4562,28058
2.4619,28048
2.4673,28050
2.473,28047
2.4784,28053
2.4841,28044
2.4895,28046
2.4952,28036
2.5009,28048
2.5063,28043
2.512,28035
2.5174,28046
2.5231,28049
2.5285,28053
2.5342,28050
2.5396,28063
2.5453,28063
2.5507,28046
2.5564,28050
2.5618,28045
2.5675,28059
2.5729,28058
2.5786,28057
2.584,28059
2.5896,28055
2.5953,28057
2.6007,28069
2.6064,28065
2.6118,28055
2.6175,28065
2.6229,28059
2.6286,28069
2.6341,28057
2.6398,28068
2.6452,28066
2.6509,28060
2.6563,28050
2.6619,28059
2.6674,28068
2.6731,28070
2.6785,28054
2.6841,28065
2.6898,28055
2.6952,28057
2.7009,28055
2.7063,28063
2.712,28056
2.7174,28063
2.7231,28063
2.7285,28057
2.7342,28060
2.7396,28045
2.7453,28061
2.7507,28057
2.7564,28058
2.762,28065
2.7674,28041
2.7731,28056
2.7785,28065
2.7842,28079
2.7896,28071
2.7953,28067
2.8007,28068
2.8064,28070
2.812,28070
2.8175,28071
2.8231,28073
2.8285,28089
2.8342,28093
2.8396,28092
2.8453,28096
2.8507,28097
2.8564,28100
2.8618,28093
2.8675,28099
2.8729,28097
2.8786,28091
2.884,28110
2.8897,28093
2.8954,28096
2.9008,28101
2.9065,28102
2.9119,28118
2.9175,28111
2.923,28108
2.9286,28108
2.934,28101
2.9397,28107
2.9451,28119
2.9508,28113
2.9565,28115
2.9619,28125
2.9676,28108
2.973,28123
2.9787,28107
2.9841,28109
2.9898,28101
2.9952,28101
3.0009,28111
3.0063,28107
3.012,28074
3.0174,28096
3.0229,28097
3.0286,28101
3.0343,28095
3.0397,28103
3.0454,28107
3.0508,28103
3.0565,28102
3.0619,28100
3.0676,28108
3.073,28104
3.0787,28108
3.0841,28110
3.0898,28110
3.0952,28114
3.1008,28112
3.1063,28114
3.1119,28120
3.1174,28114
3.1231,28120
3.1284,28110
3.1341,28116
3.1398,28114
3.1452,28109
3.1509,28117
3.1563,28119
3.162,28115
3.1674,28117
3.1731,28111
3.1785,28107
3.1842,28109
3.1896,28125
3.1953,28112
3.2007,28109
3.2064,28111
3.2118,28111
3.2175,28115
3.2231,28108
3.2285,28117
3.2342,28116
3.2396,28114
3.2453,28118
3.2507,28118
3.2564,28116
3.2618,28122
3.2675,28124
3.2729,28112
3.2786,28111
3.284,28118
3.2897,28119
3.2951,28105
3.3008,28096
3.3065,28109
3.3118,28106
3.3175,28098
3.3229,28103
3.3286,28101
3.334,28098
3.3397,28099
3.3453,28104
3.3507,28095
3.3564,28093
3.3618,28095
3.3675,28102
3.3731,28101
3.3786,28088
3.3842,28102
3.3897,28108
3.3953,28101
3.401,28104
3.4064,28105
3.4118,28107
3.4175,28113
3.4231,28118
3.4285,28120
3.4342,28125
3.4396,28116
3.4453,28127
3.4507,28125
3.4564,28134
3.4621,28127
3.4675,28126
3.4729,28124
3.4786,28128
3.4843,28115
3.4897,28115
3.4954,28132
3.5008,28134
3.5065,28142
3.5119,28143
3.5176,28137
3.523,28137
3.5287,28130
3.5341,28127
3.5398,28125
3.5452,28119
3.5509,28129
3.5565,28120
3.5619,28130
3.5676,28125
3.573,28124
3.5787,28131
3.5841,28138
3.5898,28132
3.5952,28128
3.6009,28134
3.6063,28133
3.6121,28137
3.6175,28131
3.6232,28138
3.6286,28133
3.6343,28130
3.6397,28130
3.6454,28138
3.6508,28131
3.6564,28127
3.6618,28128
3.6675,28135
3.6729,28135
3.6786,28130
3.684,28127
3.6897,28131
3.6951,28125
3.7008,28124
3.7065,28121
3.7119,28119
3.7176,28124
3.723,28107
3.7287,28129
3.7341,28119
3.7398,28118
3.7453,28118
3.7509,28114
3.7563,28123
3.762,28126
3.7674,28130
3.7731,28124
3.7785,28123
3.7842,28120
3.7896,28123
3.7953,28116
3.8007,28120
3.8064,28119
3.8118,28127
3.8175,28125
3.8232,28119
3.8286,28124
3.8343,28127
3.8397,28116
3.8454,28121
3.8508,28123
3.8565,28126
3.8619,28134
3.8676,28131
3.873,28128
3.8787,28128
3.8841,28110
3.8897,28132
3.8954,28134
3.9008,28127
3.9065,28132
3.9119,28132
3.9176,28131
3.923,28137
3.9287,28139
3.9341,28136
3.9398,28130
3.9453,28130
3.951,28126
3.9563,28131
3.962,28125
3.9674,28123
3.9731,28119
3.9785,28125
3.9842,28116
3.9896,28116
3.9953,28121
4.001,28127
4.0065,28120
4.0119,28118
4.0175,28126
4.0229,28130
4.0287,28132
4.034,28129
4.0397,28124
4.0454,28122
4.0508,28139
4.0565,28131
4.062,28126
4.0674,28123
4.0731,28131
4.0788,28128
4.0842,28137
4.0899,28145
4.0953,28130
4.1009,28125
4.1064,28129
4.1121,28130
4.1175,28120
4.1232,28130
4.1286,28128
4.1343,28140
4.1397,28129
4.1454,28134
4.1509,28135
4.1565,28145
4.162,28078
4.1674,28140
4.1731,28140
4.1788,28132
4.1842,28131
4.1898,28131
4.1952,28114
4.2009,28115
4.2063,28118
4.212,28131
4.2174,28139
4.2231,28143
4.2285,28137
4.2342,28134
4.2396,28129
4.2453,28134
4.2508,28142
4.2565,28135
4.2619,28130
4.2676,28132
4.273,28150
4.2787,28145
4.2841,28139
4.2898,28144
4.2952,28147
4.3009,28149
4.3063,28158
4.312,28151
4.3174,28147
4.3231,28154
4.3288,28160
4.3342,28156
4.3399,28150
4.3453,28146
4.3509,28154
4.3564,28158
4.362,28156
4.3675,28138
4.3732,28146
4.3786,28143
4.3843,28139
4.3897,28141
4.3954,28138
4.4008,28128
4.4065,28128
4.4119,28132
4.4176,28147
4.423,28135
4.4287,28136
4.4341,28135
4.4398,28130
4.4452,28146
4.4509,28140
4.4563,28136
4.462,28125
4.4674,28121
4.4731,28125
4.4785,28132
4.4842,28121
4.4896,28122
4.4953,28125
4.5007,28128
4.5064,28118
4.5118,28132
4.5175,28146
4.5229,28124
4.5286,28120
4.5343,28130
4.5397,28130
4.5454,28134
4.5508,28132
4.5565,28121
4.562,28140
4.5677,28133
4.5731,28137
4.5788,28138
4.5842,28138
4.5899,28129
4.5953,28130
4.601,28137
4.6064,28139
4.6121,28136
4.6175,28141
4.6232,28143
4.6286,28136
4.6343,28143
4.6397,28152
4.6454,28132
4.6508,28146
4.6565,28154
4.6619,28152
4.6676,28133
4.673,28137
4.6787,28144
4.6841,28145
4.6898,28142
4.6952,28138
4.7009,28131
4.7063,28132
4.712,28133
4.7174,28140
4.7231,28131
4.7285,28133
4.7342,28124
4.7399,28126
4.7453,28128
4.751,28138
4.7564,28134
4.7621,28135
4.7713,28130
4.7785,28136
4.7786,28143
4.7841,28135
4.7898,28139
4.7952,28135
4.8009,28143
4.8063,28137
4.812,28119
4.8182,28121
4.826,28126
4.8315,28119
4.8343,28113
4.8398,28104
4.8502,28102
4.8587,28106
4.8587,28100
4.8619,28099
4.8715,28102
4.8816,28103
4.8843,28096
4.8843,28103
4.8897,28110
4.8953,28106
4.9007,28105
4.9064,28108
4.9121,28107
4.9175,28112
4.9232,28121
4.9286,28109
4.9343,28106
4.9397,28113
4.9453,28102
4.951,28113
4.9564,28113
4.9621,28106
4.9675,28110
4.9731,28115
4.9786,28108
4.9843,28115
4.9897,28114
4.9953,28118
5.0008,28115
5.0065,28096
5.0119,28122
5.0176,28120
5.023,28114
5.0287,28112
5.0341,28121
5.0398,28120
5.0454,28114
5.0509,28110
5.0565,28115
5.062,28112
5.0677,28122
5.0731,28123
5.0788,28119
5.0842,28129
5.0899,28124
5.0953,28118
5.101,28104
5.1064,28111
5.1121,28112
5.1175,28116
5.1232,28116
5.1286,28116
5.1343,28119
5.1397,28124
5.1454,28123
5.151,28124
5.1565,28122
5.1621,28123
5.1676,28121
5.1732,28129
5.1786,28134
5.1843,28130
5.1898,28129
5.1954,28136
5.2009,28133
5.2066,28119
5.212,28135
5.2177,28145
5.2231,28146
5.2288,28147
5.2342,28145
5.2399,28143
5.2453,28143
5.251,28148
5.2564,28147
5.2621,28147
5.2675,28130
5.2732,28141
5.2786,28152
5.2843,28141
5.2897,28142
5.2954,28146
5.3008,28141
5.3065,28137
5.3119,28146
5.3176,28139
5.323,28133
5.3287,28135
5.3341,28142
5.3398,28140
5.3455,28139
5.3509,28137
5.3565,28139
5.362,28136
5.3677,28133
5.373,28136
5.3787,28141
5.3842,28139
5.3899,28142
5.3953,28153
5.401,28146
5.4064,28142
5.4121,28141
5.4175,28145
5.4232,28134
5.4286,28135
5.4343,28130
5.4397,28142
5.4454,28133
5.4511,28140
5.4565,28129
5.4622,28129
5.4676,28126
5.4733,28122
5.4787,28130
5.4844,28138
5.4898,28124
5.4952,28131
5.5009,28137
5.5066,28126
5.512,28137
5.5177,28138
5.5231,28147
5.5288,28144
5.5342,28143
5.5399,28148
5.5453,28146
5.551,28148
5.5564,28142
5.5621,28154
5.5675,28149
5.5732,28149
5.5786,28151
5.5843,28140
5.5897,28145
5.5954,28149
5.6008,28143
5.6065,28140
5.6119,28142
5.6176,28152
5.623,28145
5.6287,28148
5.6341,28151
5.6398,28156
5.6455,28164
5.6509,28146
5.6565,28145
5.662,28142
5.6677,28150
5.6731,28151
5.6788,28160
5.6842,28153
5.6899,28156
5.6953,28160
5.701,28161
5.7064,28151
5.7121,28156
5.7175,28166
5.7232,28154
5.7286,28145
5.7343,28153
5.7399,28144
5.7453,28143
5.751,28145
5.7565,28134
5.7622,28132
5.7676,28144
5.7732,28129
5.7786,28136
5.7843,28136
5.7897,28136
5.7954,28141
5.8008,28145
5.8065,28139
5.8119,28132
5.8176,28155
5.823,28137
5.8287,28133
5.8341,28142
5.8398,28140
5.8455,28140
5.8509,28138
5.8566,28149
5.862,28141
5.8677,28145
5.8731,28149
5.8788,28149
5.8842,28142
5.8899,28154
5.8953,28149
5.901,28149
5.9064,28144
5.9121,28148
5.9175,28147
5.9232,28161
5.9286,28154
5.9343,28145
5.9397,28154
5.9454,28147
5.9508,28141
5.9565,28163
5.9619,28158
5.9676,28150
5.973,28143
5.9787,28147
5.9841,28151
5.9898,28153
5.9955,28149
6.0009,28143
6.0063,28140
6.012,28152
6.0174,28151
6.023,28148
6.0287,28152
6.0341,28149
6.0398,28157
6.0455,28158
6.0509,28148
6.0566,28150
6.062,28152
6.0677,28149
6.0731,28153
6.0788,28153
6.0842,28154
6.0898,28151
6.0952,28154
6.1009,28157
6.1063,28161
6.112,28155
6.1174,28162
6.1231,28170
6.1288,28164
6.1342,28160
6.1396,28160
6.1453,28155
6.151,28161
6.1564,28150
6.1621,28145
6.1675,28158
6.1732,28158
6.1786,28168
6.1843,28158
6.1897,28153
6.1954,28152
6.2009,28143
6.2065,28143
6.2119,28145
6.2176,28146
6.223,28143
6.2287,28135
6.2341,28147
6.2398,28145
6.2452,28142
6.2509,28145
6.2566,28135
6.262,28142
6.2677,28134
6.2731,28155
6.2788,28147
6.2842,28136
6.2899,28138
6.2953,28141
6.301,28143
6.3064,28130
6.3121,28135
6.3175,28131
6.3232,28130
6.3286,28130
6.3343,28131
6.34,28131
6.3453,28132
6.3511,28136
6.3564,28141
6.3621,28133
6.3675,28137
6.3732,28139
6.3785,28137
6.3842,28134
6.3899,28140
6.3953,28147
6.401,28150
6.4064,28147
6.412,28144
6.4177,28148
6.4231,28138
6.4288,28148
6.4342,28151
6.4398,28143
6.4455,28138
6.4509,28136
6.4566,28144
6.462,28146
6.4676,28146
6.473,28137
6.4787,28144
6.4844,28147
6.4898,28140
6.4954,28137
6.5008,28137
6.5065,28139
6.5119,28136
6.5176,28133
6.5231,28138
6.5287,28132
6.5341,28132
6.5398,28141
6.5452,28140
6.5509,28138
6.5566,28136
6.562,28139
6.5677,28136
6.5731,28138
6.5788,28149
6.5842,28142
6.5899,28146
6.5953,28138
6.601,28138
6.6064,28137
6.6121,28131
6.6175,28142
6.6232,28134
6.6286,28149
6.6343,28139
6.64,28138
6.6454,28152
6.651,28158
6.6565,28151
6.6621,28150
6.6676,28154
6.6732,28153
6.6787,28146
6.6843,28149
6.6897,28160
6.6954,28156
6.7009,28152
6.7065,28164
6.7119,28162
6.7176,28162
6.723,28157
6.7287,28156
6.7344,28157
6.7398,28158
6.7455,28153
6.7509,28150
6.7566,28149
6.762,28163
6.7677,28151
6.7731,28163
6.7788,28170
6.7842,28156
6.7899,28157
6.7953,28163
6.801,28160
6.8064,28152
6.8121,28160
6.8175,28158
6.8231,28165
6.8288,28163
6.8343,28162
6.8397,28153
6.8454,28162
6.8508,28162
6.8565,28154
6.8622,28152
6.8676,28138
6.8733,28166
6.8787,28149
6.8844,28156
6.8898,28160
6.8955,28152
6.9009,28151
6.9066,28152
6.912,28154
6.9177,28154
6.9231,28164
6.9287,28146
6.9341,28147
6.9398,28158
6.9452,28150
6.9509,28147
6.9563,28145
6.962,28159
6.9677,28152
6.9731,28145
6.9788,28154
6.9842,28149
6.9899,28149
6.9953,28150
7.001,28159
7.0064,28155
7.0121,28151
7.0175,28149
7.0232,28149
7.0286,28150
7.0343,28152
7.0397,28145
7.0453,28148
7.051,28150
7.0564,28151
7.0621,28154
7.0675,28150
7.0732,28147
7.0786,28149
7.0843,28146
7.0899,28151
7.0953,28159
7.101,28153
7.1064,28155
7.1121,28163
7.1175,28158
7.1232,28165
7.1286,28154
7.1343,28160
7.1397,28162
7.1454,28167
7.1508,28161
7.1565,28161
7.1622,28167
7.1676,28170
7.1732,28160
7.1786,28145
7.1843,28179
7.1897,28165
7.1954,28185
7.2008,28178
7.2065,28174
7.2122,28172
7.2176,28171
7.2232,28176
7.2286,28170
7.2343,28167
7.2397,28167
7.2454,28158
7.2508,28164
7.2565,28164
7.2622,28153
7.2676,28154
7.2732,28158
7.2786,28148
7.2843,28148
7.2897,28154
7.2954,28148
7.3008,28154
7.3065,28155
7.3119,28163
7.3176,28154
7.3232,28147
7.3287,28152
7.3344,28142
7.3398,28148
7.3454,28144
7.3509,28148
7.3565,28147
7.362,28136
7.3676,28141
7.373,28133
7.3787,28136
7.3844,28140
7.3898,28131
7.3955,28133
7.4009,28131
7.4065,28122
7.4119,28128
7.4176,28134
7.423,28132
7.4287,28127
7.4344,28130
7.4398,28126
7.4455,28106
7.4509,28128
7.4565,28132
7.462,28138
7.4676,28137
7.473,28137
7.4787,28147
7.4841,28152
7.4898,28154
7.4952,28168
7.5009,28153
7.5063,28139
7.512,28151
7.5177,28155
7.5231,28149
7.5288,28148
7.5342,28144
7.5399,28152
7.5453,28153
7.5509,28154
7.5566,28141
7.562,28158
7.5677,28147
7.5731,28152
7.5788,28151
7.5842,28151
7.5899,28157
7.5953,28153
7.601,28153
7.6064,28164
7.612,28161
7.6177,28171
7.6231,28175
7.6288,28175
7.6342,28177
7.6399,28161
7.6453,28161
7.651,28159
7.6564,28166
7.6621,28157
7.6675,28158
7.6732,28154
7.6788,28155
7.6842,28154
7.6899,28156
7.6953,28154
7.701,28165
7.7064,28161
7.7121,28144
7.7175,28163
7.7232,28157
7.7288,28154
7.7342,28161
7.7399,28166
7.7453,28168
7.751,28162
7.7564,28155
7.7621,28158
7.7675,28172
7.7732,28159
7.7786,28167
7.7843,28156
7.79,28160
7.7952,28158
7.8009,28155
7.8063,28153
7.812,28156
7.8177,28156
7.8231,28151
7.8288,28157
7.8342,28155
7.8399,28160
7.8453,28158
7.8509,28163
7.8566,28164
7.8619,28163
7.8676,28164
7.873,28164
7.8787,28154
7.8844,28156
7.8898,28167
7.8954,28158
7.9008,28150
7.9065,28153
7.9122,28162
7.9176,28165
7.9233,28156
7.9287,28153
7.9343,28148
7.9397,28165
7.9454,28146
7.951,28150
7.9564,28155
7.9621,28145
7.9675,28154
7.9732,28151
7.9786,28139
7.9843,28149
7.9899,28135
7.9953,28154
8.001,28142
8.0065,28142
8.0122,28150
8.0176,28147
8.0233,28149
8.0287,28147
8.0343,28145
8.0397,28145
8.0454,28136
8.0508,28149
8.0565,28154
8.0619,28155
8.0676,28155
8.073,28149
8.0787,28138
8.0844,28150
8.0898,28141
8.0955,28148
8.1009,28149
8.1066,28147
8.112,28152
8.1176,28150
8.1231,28162
8.1287,28148
8.1341,28148
8.1398,28152
8.1452,28139
8.1509,28146
8.1563,28165
8.162,28145
8.1677,28138
8.1731,28141
8.1788,28145
8.1842,28151
8.1899,28152
8.1953,28149
8.201,28160
8.2064,28151
8.2121,28149
8.2175,28150
8.2232,28153
8.2286,28156
8.2343,28153
8.2397,28158
8.2454,28161
8.2508,28146
8.2565,28153
8.2619,28154
8.2676,28145
8.273,28154
8.2787,28150
8.2844,28145
8.2898,28156
8.2955,28154
8.3009,28144
8.3066,28153
8.312,28159
8.3177,28164
8.3231,28156
8.3288,28151
8.3342,28156
8.3399,28163
8.3453,28154
8.351,28147
8.3564,28145
8.3621,28144
8.3676,28150
8.3732,28143
8.3787,28140
8.3844,28142
8.3898,28145
8.3955,28140
8.4009,28152
8.4066,28148
8.412,28152
8.4177,28151
8.4231,28152
8.4288,28144
8.4342,28139
8.4399,28138
8.4453,28137
8.451,28139
8.4564,28147
8.4621,28138
8.4675,28146
8.4732,28148
8.4786,28139
8.4843,28142
8.4897,28151
8.4954,28156
8.5011,28143
8.5065,28139
8.5119,28147
8.5176,28151
8.5231,28135
8.5287,28140
8.5344,28137
8.5398,28140
8.5455,28153
8.5509,28150
8.5566,28152
8.562,28140
8.5677,28142
8.5731,28145
8.5788,28145
8.5842,28145
8.5898,28145
8.5955,28141
8.6009,28157
8.6066,28168
8.612,28159
8.6177,28158
8.6231,28173
8.6288,28169
8.6342,28164
8.6399,28156
8.6453,28157
8.651,28165
8.6564,28161
8.6621,28159
8.6675,28152
8.6732,28158
8.6786,28152
8.6843,28155
8.6897,28152
8.6954,28148
8.7008,28160
8.7065,28170
8.7122,28171
8.7176,28169
8.7233,28172
8.7287,28172
8.7344,28184
8.7398,28171
8.7455,28166
8.7509,28170
8.7566,28170
8.762,28171
8.7677,28164
8.7731,28167
8.7788,28166
8.7842,28168
8.7899,28167
8.7953,28142
8.801,28164
8.8064,28162
8.8121,28167
8.8176,28170
8.8233,28154
8.8287,28165
8.8343,28168
8.8398,28160
8.8454,28176
8.8509,28173
8.8566,28163
8.862,28173
8.8677,28171
8.8731,28160
8.8788,28163
8.8842,28168
8.8899,28170
8.8956,28170
8.901,28168
8.9066,28175
8.9121,28158
8.9177,28157
8.9232,28166
8.9288,28163
8.9343,28164
8.9399,28160
8.9454,28165
8.9511,28170
8.9565,28163
8.9622,28164
8.9676,28159
8.9733,28151
8.9787,28168
8.9844,28173
8.9898,28167
8.9955,28171
9.0009,28169
9.0064,28174
9.012,28163
9.0175,28160
9.0231,28157
9.0288,28162
9.0342,28156
9.0399,28160
9.0453,28164
9.051,28159
9.0564,28159
9.0621,28150
9.0675,28162
9.0732,28162
9.0786,28157
9.0843,28167
9.0897,28163
9.0954,28164
9.1008,28160
9.1065,28156
9.1122,28160
9.1176,28157
9.1233,28151
9.1287,28152
9.1344,28154
9.1398,28165
9.1455,28158
9.1509,28165
9.1566,28161
9.162,28159
9.1677,28168
9.1731,28168
9.1788,28156
9.1842,28172
9.1899,28166
9.1953,28173
9.201,28169
9.2064,28169
9.2121,28172
9.2175,28177
9.2232,28179
9.2286,28173
9.2342,28154
9.2399,28179
9.2455,28180
9.2509,28175
9.2566,28170
9.262,28173
9.2676,28185
9.273,28172
9.2787,28176
9.2841,28171
9.2898,28167
9.2955,28175
9.3009,28182
9.3066,28180
9.312,28170
9.3176,28171
9.3233,28165
9.3287,28154
9.3344,28157
9.3398,28165
9.3454,28158
9.3511,28160
9.3565,28154
9.3622,28156
9.3676,28155
9.3732,28158
9.3786,28154
9.3843,28154
9.3897,28161
9.3954,28147
9.401,28155
9.4064,28160
9.4121,28162
9.4175,28169
9.4232,28174
9.4286,28167
9.4343,28165
9.4397,28166
9.4454,28167
9.4508,28167
9.4565,28169
9.4622,28153
9.4676,28157
9.4733,28159
9.4787,28160
9.4844,28157
9.4898,28152
9.4955,28156
9.5009,28156
9.5066,28158
9.512,28167
9.5177,28162
9.5231,28148
9.5288,28162
9.5342,28149
9.5399,28155
9.5453,28147
9.551,28147
9.5564,28149
9.5621,28152
9.5677,28155
9.5731,28150
9.5788,28141
9.5842,28155
9.5899,28140
9.5953,28148
9.601,28155
9.6065,28149
9.6121,28145
9.6176,28153
9.6233,28155
9.6287,28162
9.6343,28151
9.6398,28146
9.6455,28162
9.6509,28157
9.6565,28163
9.662,28159
9.6676,28148
9.673,28155
9.6787,28152
9.6841,28149
9.6898,28150
9.6955,28141
9.7009,28146
9.7066,28147
9.712,28147
9.7177,28151
9.7231,28161
9.7288,28155
9.7342,28159
9.7399,28149
9.7453,28160
9.751,28161
9.7564,28161
9.7621,28154
9.7675,28166
9.7732,28154
9.7788,28158
9.7842,28171
9.7899,28171
9.7953,28170
9.801,28172
9.8064,28168
9.8121,28170
9.8175,28167
9.8232,28162
9.8286,28157
9.8343,28160
9.84,28148
9.8454,28158
9.8511,28170
9.8565,28158
9.8621,28167
9.8675,28157
9.8732,28154
9.8786,28160
9.8843,28162
9.8897,28163
9.8954,28159
9.9008,28161
9.9065,28158
9.9119,28158
9.9176,28157
9.9233,28149
9.9287,28149
9.9344,28153
9.9398,28170
9.9455,28161
9.9509,28169
9.9565,28171
9.9619,28167
9.9676,28167
9.9731,28146
9.9787,28170
9.9842,28158
9.9899,28163
9.9953,28177
10.001,28170
10.0064,28180
10.0121,28176
10.0175,28163
10.0232,28167
10.0289,28171
10.0343,28166
10.04,28165
10.0454,28166
10.051,28167
10.0565,28158
10.0621,28165
10.0676,28159
10.0732,28157
10.0786,28156
10.0843,28153
10.0897,28151
10.0954,28149
10.1008,28149
10.1065,28154
10.1122,28148
10.1176,28146
10.1233,28147
10.1287,28136
10.1344,28133
10.1398,28137
10.1455,28133
10.1509,28134
10.1566,28135
10.162,28132
10.1677,28115
10.1731,28121
10.1788,28132
10.1844,28126
10.1899,28121
10.1955,28122
10.201,28125
10.2066,28118
10.212,28120
10.2177,28118
10.2231,28113
10.2288,28116
10.2342,28116
10.2399,28099
10.2453,28110
10.251,28120
10.2564,28127
10.2621,28124
10.2675,28124
10.2732,28116
10.2786,28109
10.2843,28111
10.2897,28108
10.2954,28124
10.3011,28126
10.3065,28123
10.3122,28132
10.3176,28126
10.3233,28126
10.3287,28125
10.3343,28123
10.3398,28131
10.3454,28122
10.3508,28120
10.3565,28120
10.3622,28117
10.3676,28123
10.3733,28126
10.3787,28140
10.3844,28107
10.3898,28131
10.3955,28138
10.4009,28140
10.4066,28127
10.412,28142
10.4177,28141
10.4231,28135
10.4288,28150
10.4342,28151
10.4398,28145
10.4455,28143
10.4509,28150
10.4566,28153
10.4621,28138
10.4677,28145
10.4731,28140
10.4788,28126
10.4842,28128
10.4899,28137
10.4953,28133
10.5011,28135
10.5065,28132
10.5122,28134
10.5176,28122
10.5232,28132
10.5286,28129
10.5343,28124
10.5397,28109
10.5454,28126
10.5508,28122
10.5565,28118
10.562,28118
10.5676,28128
10.573,28132
10.5787,28131
10.5842,28124
10.5898,28130
10.5955,28124
10.6009,28117
10.6066,28138
10.612,28127
10.6177,28118
10.6231,28121
10.6288,28127
10.6342,28138
10.6399,28148
10.6453,28126
10.651,28130
10.6567,28130
10.6621,28136
10.6678,28134
10.6732,28131
10.6789,28123
10.6843,28123
10.69,28115
10.6954,28129
10.7011,28130
10.7065,28132
10.7121,28122
10.7175,28125
10.7232,28124
10.7286,28128
10.7343,28126
10.7397,28124
10.7454,28127
10.7511,28111
10.7564,28130
10.7621,28115
10.7675,28116
10.7732,28119
10.7786,28120
10.7842,28122
10.7899,28125
10.7953,28123
10.801,28123
10.8064,28111
10.812,28119
10.8177,28123
10.8231,28114
10.8288,28116
10.8342,28114
10.8398,28125
10.8455,28131
10.8509,28122
10.8566,28127
10.862,28127
10.8676,28124
10.8733,28133
10.8787,28128
10.8844,28132
10.8898,28133
10.8954,28138
10.9008,28137
10.9065,28138
10.9119,28139
10.9176,28127
10.9231,28129
10.9287,28126
10.9344,28141
10.9398,28135
10.9455,28133
10.951,28144
10.9567,28128
10.9621,28124
10.9678,28115
10.9732,28126
10.9788,28126
10.9842,28120
10.9899,28119
10.9953,28127
11.001,28132
11.0065,28133
11.0121,28133
11.0178,28132
11.0232,28133
11.0287,28130
11.0344,28141
11.0398,28137
11.0455,28133
11.0509,28130
11.0566,28123
11.062,28135
11.0677,28122
11.0731,28114
11.0788,28127
11.0842,28130
11.0899,28123
11.0953,28115
11.101,28128
11.1064,28132
11.1121,28126
11.1178,28119
11.1232,28128
11.1289,28122
11.1343,28121
11.14,28121
11.1454,28112
11.1511,28125
11.1565,28128
11.1622,28127
11.1676,28133
11.1732,28135
11.1786,28133
11.1843,28139
11.1898,28148
11.1954,28139
11.2008,28137
11.2065,28110
11.2119,28142
11.2176,28143
11.2233,28141
11.2287,28129
11.2344,28120
11.2398,28132
11.2455,28121
11.2509,28134
11.2566,28137
11.262,28137
11.2677,28137
11.2731,28140
11.2788,28134
11.2842,28124
11.2899,28109
11.2956,28132
11.301,28144
11.3067,28137
11.3121,28135
11.3178,28135
11.3232,28130
11.3289,28149
11.3343,28150
11.34,28155
11.3454,28147
11.3511,28142
11.3565,28138
11.3622,28138
11.3676,28144
11.3733,28145
11.3787,28146
11.3844,28146
11.3898,28154
11.3955,28146
11.4009,28146
11.4066,28139
11.412,28136
11.4177,28149
11.4231,28150
11.4288,28140
11.4342,28145
11.4399,28137
11.4453,28134
11.451,28143
11.4567,28136
11.4621,28131
11.4678,28147
11.4732,28145
11.4789,28139
11.4843,28137
11.49,28137
11.4954,28133
11.5011,28135
11.5065,28159
11.5122,28155
11.5176,28137
11.5233,28147
11.5287,28133
11.5344,28133
11.5398,28129
11.5455,28138
11.5509,28147
11.5566,28142
11.562,28142
11.5677,28142
11.5733,28145
11.5787,28136
11.5844,28131
11.5898,28129
11.5955,28134
11.6009,28135
11.6066,28127
11.612,28135
11.6177,28128
11.6231,28139
11.6288,28143
11.6342,28138
11.6399,28137
11.6453,28132
11.651,28146
11.6567,28144
11.6621,28140
11.6678,28147
11.6731,28143
11.6788,28144
11.6842,28154
11.6899,28141
11.6953,28146
11.701,28140
11.7064,28137
11.7121,28141
11.7178,28147
11.7232,28141
11.7289,28139
11.7343,28138
11.74,28144
11.7454,28158
11.7511,28162
11.7565,28146
11.7622,28160
11.7676,28148
11.7733,28153
11.7787,28148
11.7844,28136
11.7898,28142
11.7955,28143
11.8009,28142
11.8066,28139
11.812,28142
11.8177,28138
11.8231,28140
11.8288,28136
11.8345,28110
11.8399,28137
11.8456,28152
11.851,28143
11.8567,28137
11.8621,28144
11.8678,28140
11.8732,28137
11.8789,28143
11.8843,28134
11.89,28137
11.8954,28133
11.9011,28134
11.9065,28136
11.9122,28151
11.9176,28135
11.9233,28148
11.9287,28144
11.9344,28132
11.9398,28140
11.9455,28149
11.9512,28148
11.9566,28162
11.9622,28156
11.9677,28162
11.9733,28159
11.9787,28147
11.9844,28156
11.9899,28138
11.9955,28137
12.001,28136
12.0067,28096
12.0121,28146
12.0178,28149
12.0232,28149
12.0289,28148
12.0343,28148
12.04,28141
12.0454,28154
12.0511,28159
12.0565,28146
12.0622,28142
12.0676,28149
12.0733,28142
12.0787,28138
12.0844,28149
12.0901,28153
12.0955,28152
12.1009,28145
12.1066,28139
12.1123,28145
12.1177,28154
12.1234,28163
12.1288,28159
12.1345,28150
12.1399,28159
12.1456,28159
12.151,28148
12.1567,28142
12.1621,28151
12.1677,28158
12.1734,28154
12.1788,28147
12.1845,28150
12.1899,28148
12.1956,28145
12.201,28139
12.2067,28177
12.2121,28163
12.2178,28165
12.2232,28164
12.2289,28151
12.2343,28165
12.24,28172
12.2454,28168
12.2511,28179
12.2567,28168
12.2621,28169
12.2678,28169
12.2732,28172
12.2789,28166
12.2843,28186
12.29,28192
12.2954,28186
12.3011,28192
12.3066,28195
12.3122,28196
12.3177,28192
12.3234,28200
12.3288,28203
12.3345,28202
12.3399,28201
12.3456,28194
12.351,28195
12.3567,28195
12.3621,28192
12.3678,28196
12.3732,28198
12.3789,28204
12.3843,28209
12.3898,28202
12.3955,28191
12.4012,28171
12.4066,28171
12.4123,28159
12.4176,28174
12.4233,28175
12.4287,28172
12.4344,28178
12.4398,28179
12.4454,28183
12.4511,28188
12.4565,28184
12.4622,28191
12.4677,28198
12.4733,28202
12.479,28216
12.4844,28204
12.4901,28194
12.4955,28199
12.5011,28195
12.5067,28198
12.5122,28204
12.5178,28205
12.5233,28207
12.5289,28198
12.5346,28208
12.54,28206
12.5457,28209
12.5511,28196
12.5567,28201
12.5621,28203
12.5678,28197
12.5732,28194
12.5789,28194
12.5843,28198
12.59,28204
12.5954,28191
12.6011,28193
12.6068,28198
12.6122,28196
12.6179,28192
12.6233,28186
12.629,28197
12.6344,28203
12.6401,28198
12.6455,28201
12.6512,28214
12.6566,28191
12.6623,28200
12.6677,28209
12.6734,28196
12.6788,28204
12.6845,28206
12.6899,28209
12.6955,28218
12.701,28210
12.7067,28213
12.7123,28214
12.7177,28217
12.7234,28201
12.7288,28205
12.7345,28210
12.7399,28209
12.7456,28216
12.751,28205
12.7567,28207
12.7621,28199
12.7678,28198
12.7732,28209
12.7789,28214
12.7843,28220
12.79,28218
12.7954,28210
12.8011,28212
12.8065,28209
12.8122,28205
12.8176,28198
12.8233,28209
12.8287,28212
12.8344,28202
12.8399,28216
12.8455,28209
12.8509,28214
12.8566,28217
12.8623,28212
12.8677,28216
12.8734,28218
12.8788,28212
12.8845,28218
12.8899,28221
12.8956,28221
12.901,28198
12.9067,28204
12.9121,28211
12.9178,28213
12.9232,28214
12.9289,28222
12.9345,28225
12.9399,28219
12.9454,28209
12.9511,28211
12.9565,28214
12.9622,28216
12.9677,28216
12.9734,28211
12.9788,28219
12.9845,28232
12.9901,28226
12.9955,28222
13.001,28215
13.0067,28221
13.0121,28232
13.0178,28229
13.0232,28224
13.0289,28221
13.0343,28219
13.04,28221
13.0454,28222
13.0511,28220
13.0568,28216
13.0622,28228
13.0679,28227
13.0733,28218
13.0788,28230
13.0843,28220
13.09,28225
13.0954,28233
13.1011,28229
13.1068,28222
13.1122,28219
13.1179,28223
13.1233,28214
13.129,28215
13.1344,28213
13.1399,28212
13.1456,28214
13.151,28210
13.1567,28207
13.1621,28217
13.1678,28216
13.1732,28220
13.1788,28219
13.1845,28210
13.1899,28214
13.1956,28210
13.201,28213
13.2067,28206
13.2121,28209
13.2178,28212
13.2232,28213
13.2289,28214
13.2343,28223
13.24,28223
13.2454,28225
13.2511,28223
13.2565,28228
13.2622,28232
13.2679,28230
13.2733,28235
13.279,28239
13.2844,28224
13.2901,28234
13.2955,28238
13.3012,28243
13.3066,28236
13.3123,28229
13.3177,28234
13.3234,28231
13.3288,28228
13.3345,28217
13.3399,28224
13.3456,28225
13.351,28219
13.3567,28226
13.3621,28235
13.3678,28238
13.3732,28232
13.3789,28232
13.3843,28241
13.39,28241
13.3954,28242
13.4011,28246
13.4065,28247
13.4122,28249
13.4176,28246
13.4233,28253
13.4287,28250
13.4344,28249
13.4401,28263
13.4455,28241
13.4512,28249
13.4566,28247
13.4623,28218
13.4677,28239
13.4734,28248
13.4788,28245
13.4845,28249
13.4899,28247
13.4956,28250
13.501,28258
13.5067,28257
13.5121,28248
13.5178,28252
13.5232,28253
13.5289,28249
13.5343,28260
13.54,28257
13.5454,28242
13.5511,28242
13.5565,28247
13.5622,28252
13.5676,28246
13.5733,28239
13.579,28247
13.5844,28249
13.5901,28246
13.5955,28240
13.6012,28251
13.6066,28246
13.6123,28237
13.6177,28233
13.6234,28238
13.6288,28229
13.6345,28230
13.6399,28233
13.6456,28219
13.651,28217
13.6567,28225
13.6621,28209
13.6678,28217
13.6732,28216
13.6789,28231
13.6846,28227
13.69,28217
13.6957,28226
13.7011,28226
13.7068,28221
13.7122,28216
13.7179,28219
13.7233,28215
13.7288,28216
13.7344,28208
13.7399,28215
13.7455,28197
13.7512,28203
13.7566,28211
13.7623,28209
13.7677,28218
13.7734,28219
13.7787,28227
13.7844,28233
13.7901,28223
13.7955,28225
13.8012,28232
13.8066,28230
13.8122,28227
13.8179,28240
13.8233,28238
13.829,28235
13.8344,28245
13.84,28232
13.8454,28232
13.8511,28242
13.8565,28215
13.8622,28239
13.8679,28241
13.8733,28243
13.879,28244
13.8844,28244
13.8901,28239
13.8955,28230
13.9012,28241
13.9066,28242
13.9122,28241
13.9177,28245
13.9234,28250
13.929,28234
13.9344,28217
13.9401,28229
13.9455,28229
13.9512,28228
13.9566,28219
13.9623,28222
13.9677,28230
13.9734,28237
13.9788,28237
13.9845,28250
13.9899,28245
13.9955,28246
14.0012,28240
14.0067,28243
14.0124,28246
14.0178,28254
14.0232,28261
14.0289,28251
14.0343,28245
14.04,28246
14.0455,28244
14.0511,28251
14.0568,28248
14.0622,28241
14.0679,28239
14.0733,28252
14.0789,28251
14.0843,28254
14.09,28242
14.0957,28244
14.1011,28246
14.1068,28266
14.1122,28257
14.1178,28249
14.1233,28251
14.129,28265
14.1344,28261
14.1401,28254
14.1455,28260
14.1512,28254
14.1566,28260
14.1623,28267
14.1677,28257
14.1734,28261
14.1788,28263
14.1845,28261
14.1899,28267
14.1956,28259
14.201,28270
14.2067,28271
14.2121,28261
14.2178,28268
14.2232,28253
14.2289,28263
14.2346,28272
14.24,28267
14.2457,28267
14.2511,28263
14.2568,28257
14.2622,28264
14.2679,28265
14.2733,28279
14.279,28268
14.2844,28268
14.2901,28283
14.2955,28259
14.3012,28263
14.3066,28272
14.3123,28271
14.3177,28265
14.3234,28266
14.3288,28265
14.3345,28250
14.3399,28254
14.3456,28255
14.351,28253
14.3567,28257
14.3621,28252
14.3678,28250
14.3732,28250
14.3789,28256
14.3846,28266
14.39,28259
14.3957,28261
14.4011,28246
14.4068,28254
14.4122,28254
14.4179,28244
14.4233,28263
14.429,28252
14.4344,28243
14.4401,28256
14.4455,28269
14.4512,28245
14.4566,28259
14.4623,28272
14.4677,28257
14.4734,28259
14.4791,28264
14.4845,28268
14.4902,28259
14.4956,28268
14.5012,28259
14.5067,28250
14.5124,28255
14.5178,28261
14.5234,28270
14.5289,28270
14.5345,28268
14.54,28265
14.5456,28262
14.551,28255
14.5567,28256
14.5621,28255
14.5678,28257
14.5735,28259
14.5789,28264
14.5846,28256
14.59,28273
14.5957,28280
14.6011,28279
14.6068,28271
14.6122,28272
14.6179,28273
14.6233,28260
14.629,28250
14.6344,28257
14.6401,28262
14.6455,28257
14.6512,28256
14.6566,28265
14.6623,28237
14.6677,28248
14.6734,28251
14.6788,28259
14.6845,28261
14.6902,28248
14.6956,28249
14.7012,28252
14.7066,28255
14.7123,28255
14.7177,28260
14.7234,28247
14.7288,28248
14.7345,28258
14.7399,28254
14.7456,28251
14.751,28246
14.7567,28256
14.7621,28264
14.7678,28259
14.7735,28256
14.779,28271
14.7844,28264
14.7901,28266
14.7955,28259
14.8012,28263
14.8067,28261
14.8121,28253
14.8178,28248
14.8235,28259
14.8289,28257
14.8343,28261
14.84,28251
14.8457,28261
14.8511,28277
14.8568,28262
14.8621,28265
14.8678,28267
14.8735,28262
14.8789,28259
14.8846,28252
14.89,28252
14.8956,28255
14.901,28251
14.9067,28258
14.9121,28261
14.9178,28265
14.9235,28261
14.9289,28262
14.9346,28260
14.94,28254
14.9456,28257
14.9513,28263
14.9567,28259
14.9624,28259
14.9678,28259
14.9734,28265
14.9788,28262
14.9845,28264
14.9899,28255
14.9956,28263
15.001,28265
15.0067,28267
15.0121,28262
15.0178,28249
15.0233,28256
15.029,28259
15.0344,28256
15.0401,28266
15.0455,28267
15.0511,28260
15.0568,28261
15.0622,28254
15.0679,28261
15.0733,28231
15.079,28256
15.0844,28254
15.0901,28252
15.0957,28257
15.1012,28253
15.1066,28257
15.1123,28256
15.1177,28258
15.1234,28260
15.1288,28258
15.1345,28271
15.1399,28275
15.1456,28268
15.1513,28267
15.1567,28271
15.1621,28270
15.1678,28271
15.1735,28268
15.1789,28271
15.1846,28284
15.19,28270
15.1956,28277
15.201,28263
15.2067,28270
15.2121,28275
15.2178,28279
15.2235,28280
15.2289,28273
15.2346,28281
15.24,28281
15.2457,28263
15.2511,28277
15.2568,28282
15.2622,28277
15.2679,28278
15.2733,28282
15.2789,28272
15.2846,28275
15.29,28268
15.2957,28280
15.3011,28292
15.3068,28274
15.3122,28280
15.3179,28278
15.3233,28274
15.329,28269
15.3344,28284
15.3401,28277
15.3455,28274
15.3512,28282
15.3566,28281
15.3623,28291
15.3677,28284
15.3734,28282
15.3788,28286
15.3845,28285
15.3899,28290
15.3956,28291
15.4013,28290
15.4067,28282
15.4123,28279
15.4178,28287
15.4234,28275
15.4288,28277
15.4345,28281
15.44,28289
15.4456,28290
15.4511,28286
15.4568,28285
15.4621,28282
15.4678,28288
15.4735,28292
15.4789,28287
15.4846,28288
15.4899,28289
15.4956,28303
15.501,28292
15.5067,28290
15.5121,28295
15.5177,28293
15.5234,28287
15.5288,28292
15.5345,28294
15.5402,28302
15.5455,28295
15.5512,28297
15.5567,28296
15.5623,28292
15.5677,28287
15.5733,28280
15.579,28287
15.5844,28296
15.5901,28279
15.5955,28279
15.6012,28278
15.6069,28283
15.6123,28281
15.6179,28278
15.6233,28269
15.629,28280
15.6344,28275
15.6401,28285
15.6455,28271
15.6512,28279
15.6566,28271
15.6623,28285
15.6677,28267
15.6734,28275
15.6788,28281
15.6845,28281
15.6902,28291
15.6956,28285
15.7013,28287
15.7067,28288
15.7124,28289
15.7178,28286
15.7234,28288
15.7288,28279
15.7345,28285
15.7399,28278
15.7456,28275
15.751,28265
15.7567,28276
15.7624,28264
15.7678,28271
15.7735,28278
15.7789,28287
15.7846,28272
15.79,28278
15.7957,28280
15.8011,28281
15.8067,28282
15.8121,28294
15.8178,28279
15.8232,28293
15.8289,28276
15.8346,28289
15.84,28279
15.8457,28286
15.8511,28281
15.8568,28281
15.8622,28273
15.8679,28289
15.8733,28283
15.879,28277
15.8844,28279
15.8901,28275
15.8955,28270
15.9012,28269
15.9066,28284
15.9122,28270
15.9179,28273
15.9233,28279
15.929,28268
15.9344,28266
15.9401,28264
15.9455,28289
15.9512,28283
15.9566,28261
15.9623,28269
15.9677,28269
15.9734,28279
15.9791,28272
15.9845,28268
15.9902,28265
15.9955,28267
16.0012,28261
16.0066,28257
16.0123,28269
16.0177,28263
16.0233,28279
16.029,28279
16.0344,28291
16.0401,28288
16.0455,28287
16.0511,28273
16.0568,28272
16.0622,28267
16.0679,28258
16.0733,28276
16.079,28259
16.0844,28280
16.09,28276
16.0957,28284
16.1011,28288
16.1068,28279
16.1122,28282
16.1178,28292
16.1233,28292
16.1289,28292
16.1343,28290
16.14,28280
16.1457,28277
16.1511,28296
16.1568,28286
16.1622,28294
16.1679,28297
16.1733,28300
16.179,28296
16.1844,28304
16.1901,28313
16.1955,28309
16.2011,28312
16.2068,28306
16.2122,28298
16.2179,28301
16.2233,28295
16.229,28300
16.2344,28305
16.2401,28304
16.2457,28299
16.2511,28300
16.2568,28297
16.2622,28294
16.2679,28299
16.2735,28298
16.2789,28306
16.2846,28300
16.29,28297
16.2957,28293
16.3011,28283
16.3067,28287
16.3122,28295
16.3178,28294
16.3235,28285
16.3289,28287
16.3346,28282
16.34,28283
16.3457,28285
16.3511,28281
16.3568,28279
16.3622,28281
16.3679,28275
16.3733,28281
16.379,28284
16.3846,28277
16.3901,28292
16.3955,28281
16.4012,28295
16.4069,28277
16.4123,28278
16.418,28285
16.4234,28287
16.429,28290
16.4344,28284
16.4401,28280
16.4455,28269
16.4512,28270
16.4569,28277
16.4623,28261
16.4679,28273
16.4734,28269
16.479,28277
16.4844,28275
16.4901,28281
16.4955,28278
16.5012,28271
16.5066,28285
16.5123,28269
16.5177,28283
16.5234,28283
16.5291,28295
16.5345,28297
16.5401,28282
16.5456,28289
16.5512,28295
16.5566,28296
16.5623,28298
16.5677,28281
16.5734,28306
16.5788,28285
16.5845,28290
16.5899,28295
16.5956,28303
16.6013,28291
16.6067,28290
16.6124,28295
16.6178,28292
16.6235,28289
16.6289,28287
16.6346,28293
16.64,28303
16.6457,28292
16.6511,28283
16.6567,28278
16.6624,28283
16.6678,28278
16.6735,28276
16.6789,28262
16.6846,28254
16.69,28256
16.6957,28268
16.701,28252
16.7067,28251
16.7121,28274
16.7178,28262
16.7232,28264
16.7289,28270
16.7346,28269
16.74,28266
16.7457,28260
16.7511,28268
16.7568,28269
16.7622,28275
16.7679,28265
16.7733,28257
16.779,28259
16.7844,28273
16.79,28271
16.7955,28270
16.8011,28276
16.8068,28274
16.8122,28275
16.8179,28286
16.8233,28284
16.829,28282
16.8344,28291
16.8401,28300
16.8455,28305
16.8512,28295
16.8566,28291
16.8623,28295
16.8677,28300
16.8734,28305
16.8791,28298
16.8845,28292
16.8901,28291
16.8956,28306
16.9012,28294
16.9066,28294
16.9123,28305
16.9177,28308
16.9234,28308
16.929,28313
16.9344,28323
16.9401,28324
16.9455,28314
16.9512,28320
16.9569,28315
16.9622,28312
16.9679,28310
16.9733,28316
16.979,28304
16.9844,28310
16.9901,28310
16.9958,28315
17.0012,28305
17.0066,28315
17.0123,28314
17.0177,28314
17.0234,28298
17.0289,28305
17.0346,28301
17.0399,28300
17.0456,28302
17.0511,28300
17.0568,28295
17.0622,28307
17.0678,28300
17.0732,28307
17.0789,28313
17.0843,28300
17.0901,28308
17.0956,28299
17.101,28305
17.1067,28311
17.1121,28299
17.1178,28315
17.1232,28319
17.1289,28307
17.1346,28302
17.14,28302
17.1456,28305
17.151,28299
17.1567,28293
17.1624,28299
17.1678,28303
17.1735,28300
17.1789,28300
17.1845,28306
17.1902,28302
17.1956,28293
17.2013,28301
17.2067,28300
17.2123,28302
17.2177,28298
17.2234,28298
17.2288,28292
17.2345,28305
17.2401,28309
17.2455,28297
17.2512,28288
17.2567,28288
17.2624,28306
17.2678,28299
17.2735,28300
17.2789,28307
17.2846,28303
17.29,28289
17.2957,28302
17.3011,28303
17.3068,28309
17.3122,28295
17.3179,28307
17.3233,28302
17.329,28301
17.3344,28312
17.3401,28315
17.3455,28308
17.3512,28316
17.3567,28311
17.3624,28303
17.3678,28309
17.3735,28315
17.3788,28297
17.3845,28293
17.3899,28294
17.3956,28289
17.4011,28301
17.4068,28319
17.4122,28315
17.4179,28323
17.4233,28307
17.429,28303
17.4344,28317
17.4401,28312
17.4455,28325
17.4512,28327
17.4566,28335
17.4623,28331
17.4677,28324
17.4734,28317
17.4791,28337
17.4845,28338
17.4902,28335
17.4956,28342
17.5013,28341
17.5067,28329
17.5122,28320
17.5179,28318
17.5233,28341
17.529,28331
17.5345,28328
17.5402,28338
17.5456,28331
17.5513,28322
17.5567,28321
17.5624,28304
17.5678,28305
17.5735,28304
17.5789,28310
17.5846,28296
17.59,28315
17.5957,28321
17.6011,28314
17.6068,28294
17.6122,28313
17.6179,28304
17.6236,28308
17.629,28304
17.6347,28304
17.6401,28304
17.6458,28300
17.6512,28292
17.6569,28297
17.6623,28288
17.668,28299
17.6734,28294
17.6791,28299
17.6845,28300
17.6902,28309
17.6956,28298
17.7013,28298
17.7067,28296
17.7124,28301
17.7178,28307
17.7235,28303
17.7289,28311
17.7345,28301
17.74,28296
17.7457,28293
17.7511,28298
17.7568,28294
17.7622,28307
17.7679,28297
17.7733,28306
17.779,28296
17.7844,28292
17.7901,28317
17.7955,28302
17.8012,28302
17.8066,28291
17.8123,28301
17.8177,28306
17.8234,28301
17.8288,28310
17.8345,28305
17.8399,28324
17.8456,28315
17.8513,28321
17.8567,28324
17.8624,28328
17.8678,28336
17.8735,28329
17.8789,28325
17.8846,28330
17.89,28324
17.8957,28317
17.9011,28317
17.9068,28314
17.9122,28319
17.9179,28309
17.9233,28312
17.929,28313
17.9344,28321
17.9401,28315
17.9455,28305
17.9512,28312
17.9567,28314
17.9624,28321
17.9678,28324
17.9735,28322
17.9789,28320
17.9846,28309
17.99,28315
17.9957,28336
18.0011,28320
18.0068,28320
18.0122,28324
18.018,28323
18.0234,28310
18.0291,28310
18.0345,28327
18.0402,28317
18.0456,28312
18.0513,28327
18.0567,28307
18.0624,28311
18.0679,28327
18.0733,28325
18.0791,28322
18.0845,28329
18.0902,28317
18.0956,28333
18.1013,28324
18.1067,28326
18.1124,28336
18.1178,28341
18.1235,28328
18.1289,28334
18.1346,28333
18.14,28325
18.1457,28337
18.1511,28331
18.1568,28341
18.1622,28333
18.1679,28333
18.1734,28339
18.1791,28331
18.1845,28331
18.1899,28330
18.1956,28328
18.201,28322
18.2067,28327
18.2124,28327
18.2178,28333
18.2233,28323
18.229,28330
18.2345,28330
18.2402,28347
18.2456,28337
18.2511,28338
18.2568,28348
18.2622,28340
18.2679,28344
18.2732,28340
18.279,28323
18.2847,28335
18.2901,28323
18.2958,28334
18.3012,28331
18.3069,28341
18.3123,28351
18.3178,28340
18.3235,28328
18.3289,28321
18.3346,28328
18.34,28332
18.3457,28316
18.3511,28334
18.3568,28335
18.3623,28336
18.368,28325
18.3734,28320
18.3791,28321
18.3845,28331
18.3902,28328
18.3956,28343
18.4011,28329
18.4068,28333
18.4122,28329
18.4179,28323
18.4233,28331
18.429,28317
18.4345,28321
18.4402,28323
18.4456,28333
18.4513,28325
18.4567,28327
18.4622,28320
18.4679,28324
18.4736,28317
18.479,28317
18.4844,28325
18.4901,28329
18.4955,28324
18.5012,28339
18.5066,28333
18.5123,28329
18.5178,28335
18.5235,28328
18.5289,28321
18.5346,28339
18.54,28324
18.5457,28325
18.5511,28328
18.5568,28330
18.5622,28341
18.5679,28326
18.5733,28331
18.579,28336
18.5844,28333
18.59,28332
18.5957,28326
18.6011,28327
18.6068,28329
18.6122,28337
18.6178,28347
18.6235,28346
18.6289,28343
18.6346,28333
18.64,28329
18.6456,28333
18.6513,28342
18.6567,28335
18.6624,28338
18.6678,28332
18.6734,28341
18.6791,28339
18.6845,28322
18.6902,28347
18.6956,28339
18.7012,28347
18.7066,28336
18.7123,28346
18.7177,28326
18.7234,28342
18.729,28344
18.7345,28360
18.7402,28325
18.7456,28340
18.7513,28338
18.7567,28344
18.7623,28338
18.7678,28358
18.7734,28350
18.7788,28352
18.7845,28351
18.7902,28343
18.7956,28348
18.8013,28356
18.8067,28342
18.8124,28358
18.8178,28350
18.8235,28353
18.8289,28359
18.8346,28352
18.84,28349
18.8457,28368
18.8511,28351
18.8568,28352
18.8622,28351
18.8679,28360
18.8733,28360
18.879,28357
18.8844,28357
18.8901,28368
18.8955,28356
18.9012,28369
18.9066,28371
18.9123,28364
18.9177,28356
18.9234,28348
18.9289,28346
18.9346,28341
18.94,28346
18.9457,28352
18.9511,28335
18.9567,28349
18.9624,28352
18.9678,28345
18.9735,28350
18.9789,28349
18.9846,28357
18.99,28355
18.9957,28350
19.0011,28369
19.0069,28357
19.0123,28360
19.018,28359
19.0234,28353
19.0291,28344
19.0345,28342
19.0402,28351
19.0456,28355
19.0513,28352
19.0567,28349
19.0624,28350
19.0678,28354
19.0734,28372
19.0791,28370
19.0845,28357
19.0902,28348
19.0956,28359
19.1013,28350
19.1067,28343
19.1124,28353
19.1178,28346
19.1235,28347
19.1289,28358
19.1346,28364
19.14,28357
19.1457,28363
19.1511,28356
19.1568,28356
19.1623,28350
19.1679,28368
19.1734,28361
19.1791,28371
19.1845,28370
19.1902,28369
19.1956,28368
19.2013,28371
19.2067,28366
19.2124,28370
19.2178,28358
19.2235,28345
19.2289,28363
19.2346,28374
19.24,28362
19.2457,28357
19.2511,28366
19.2568,28367
19.2622,28367
19.2679,28368
19.2734,28370
19.2791,28363
19.2845,28371
19.2902,28381
19.2955,28369
19.3012,28358
19.3069,28372
19.3123,28366
19.318,28373
19.3233,28381
19.329,28373
19.3344,28379
19.3401,28377
19.3455,28385
19.3512,28390
19.3569,28390
19.3623,28390
19.3677,28389
19.3734,28401
19.3791,28395
19.3845,28388
19.3901,28386
19.3955,28396
19.4012,28385
19.4066,28397
19.4123,28378
19.4177,28391
19.4234,28396
19.4291,28398
19.4344,28394
19.4401,28391
19.4455,28355
19.4512,28396
19.4566,28377
19.4623,28393
19.4677,28394
19.4734,28399
19.4791,28400
19.4845,28406
19.4902,28403
19.4956,28396
19.5013,28407
19.5067,28396
19.5124,28406
19.5178,28400
19.5235,28404
19.5289,28408
19.5346,28415
19.54,28400
19.5457,28401
19.5511,28395
19.5568,28399
19.5622,28385
19.5678,28380
19.5735,28388
19.5789,28393
19.5846,28392
19.59,28398
19.5957,28397
19.6011,28399
19.6068,28400
19.6122,28405
19.6179,28407
19.6233,28403
19.629,28404
19.6344,28413
19.6401,28409
19.6458,28410
19.6512,28415
19.6569,28396
19.6623,28397
19.6679,28412
19.6733,28404
19.679,28403
19.6844,28394
19.6901,28400
19.6955,28414
19.7012,28401
19.7066,28406
19.7123,28412
19.7177,28411
19.7234,28411
19.7289,28412
19.7345,28416
19.74,28415
19.7456,28430
19.7511,28429
19.7568,28427
19.7624,28428
19.7678,28434
19.7735,28425
19.7789,28425
19.7846,28410
19.79,28415
19.7957,28423
19.8011,28414
19.8067,28420
19.8124,28419
19.8178,28427
19.8235,28421
19.8289,28438
19.8346,28432
19.84,28424
19.8457,28419
19.8511,28426
19.8568,28420
19.8622,28432
19.8678,28422
19.8735,28430
19.879,28420
19.8844,28427
19.8901,28420
19.8955,28414
19.9012,28417
19.9066,28415
19.9123,28424
19.918,28418
19.9234,28407
19.9291,28409
19.9345,28421
19.9401,28424
19.9455,28411
19.9512,28400
19.9566,28392
19.9623,28393
19.968,28399
19.9734,28382
19.9788,28394
19.9845,28400
19.9902,28396
19.9956,28401
20.0013,28398
20.0067,28385
20.0124,28381
20.0178,28391
20.0234,28388
20.0288,28407
20.0345,28386
20.0399,28373
20.0456,28379
20.0513,28380
20.0567,28382
20.0624,28387
20.0678,28377
20.0734,28366
20.0789,28380
20.0846,28359
20.09,28365
20.0957,28364
20.1011,28366
20.1068,28373
20.1122,28373
20.1179,28391
20.1233,28389
20.129,28391
20.1344,28388
20.14,28395
20.1457,28397
20.1511,28418
20.1568,28391
20.1622,28392
20.1678,28382
20.1735,28377
20.1789,28386
20.1844,28395
20.1901,28398
20.1955,28392
20.2012,28391
20.2066,28395
20.2122,28399
20.2177,28391
20.2233,28387
20.229,28386
20.2344,28380
20.2401,28380
20.2455,28384
20.2511,28399
20.2566,28389
20.2622,28380
20.2678,28375
20.2733,28381
20.2789,28386
20.2844,28389
20.29,28393
20.2956,28387
20.3011,28385
20.3067,28378
20.3122,28370
20.3178,28385
20.3233,28375
20.3289,28383
20.3345,28380
20.34,28384
20.3456,28387
20.3511,28373
20.3567,28385
20.3622,28374
20.3678,28375
20.3734,28378
20.3789,28386
20.3845,28387
20.39,28371
20.3956,28388
20.4012,28390
20.4067,28374
20.4123,28366
20.4178,28378
20.4234,28364
20.4289,28364
20.4345,28374
20.4401,28376
20.4456,28369
20.4512,28365
20.4567,28361
20.4623,28376
20.4678,28380
20.4734,28376
20.479,28385
20.4845,28383
20.4901,28370
20.4956,28382
20.5012,28387
20.5067,28385
20.5123,28393
20.5179,28388
20.5234,28383
20.529,28388
20.5345,28392
20.5401,28392
20.5457,28384
20.5512,28382
20.5568,28390
20.5623,28373
20.5677,28391
20.5734,28381
20.579,28375
20.5846,28384
20.59,28379
20.5957,28388
20.6012,28378
20.6068,28367
20.6124,28388
20.6178,28389
20.6234,28388
20.6289,28399
20.6346,28385
20.64,28387
20.6457,28389
20.6511,28387
20.6568,28387
20.6624,28387
20.6678,28398
20.6735,28382
20.6789,28401
20.6846,28391
20.69,28377
20.6957,28384
20.7011,28369
20.7068,28375
20.7122,28384
20.7179,28371
20.7233,28374
20.729,28386
20.7346,28389
20.7401,28368
20.7458,28394
20.7512,28388
20.7568,28397
20.7623,28401
20.7679,28380
20.7734,28398
20.7791,28379
20.7845,28385
20.7902,28374
20.7956,28380
20.8013,28373
20.8067,28361
20.8124,28351
20.8178,28355
20.8235,28362
20.8289,28363
20.8346,28366
20.84,28365
20.8457,28359
20.8512,28352
20.8568,28350
20.8623,28362
20.8679,28361
20.8734,28364
20.8791,28359
20.8845,28357
20.8902,28366
20.8956,28378
20.9013,28365
20.9067,28367
20.9124,28364
20.918,28373
20.9234,28371
20.9291,28369
20.9345,28377
20.9402,28371
20.9457,28368
20.9514,28368
20.9568,28388
20.9625,28380
20.9679,28388
20.9736,28392
20.979,28399
20.9847,28400
20.9901,28394
20.9958,28392
21.0012,28396
21.0069,28395
21.0123,28389
21.018,28385
21.0234,28393
21.0291,28379
21.0345,28385
21.0402,28388
21.0457,28384
21.0513,28375
21.0568,28393
21.0625,28369
21.0679,28357
21.0736,28371
21.079,28375
21.0847,28378
21.0901,28375
21.0958,28383
21.1012,28366
21.1069,28388
21.1123,28387
21.118,28384
21.1234,28371
21.1291,28370
21.1345,28384
21.1402,28369
21.1456,28355
21.1513,28365
21.1569,28356
21.1623,28371
21.168,28370
21.1735,28362
21.1791,28379
21.1845,28364
21.1903,28365
21.1957,28366
21.2014,28361
21.2068,28358
21.2125,28380
21.2178,28374
21.2235,28390
21.2292,28375
21.2346,28371
21.2403,28381
21.2457,28375
21.2514,28381
21.2568,28379
21.2625,28388
21.2679,28351
21.2736,28348
21.279,28368
21.2847,28366
21.2901,28353
21.2958,28355
21.3013,28359
21.307,28360
21.3124,28363
21.3181,28381
21.3235,28368
21.3292,28358
21.3346,28352
21.3403,28351
21.3457,28356
21.3514,28373
21.3568,28346
21.3625,28342
21.3679,28368
21.3736,28360
21.379,28348
21.3847,28361
21.3901,28347
21.3958,28346
21.4012,28344
21.4069,28354
21.4123,28350
21.418,28351
21.4234,28343
21.4291,28346
21.4345,28345
21.4402,28349
21.4458,28352
21.4512,28347
21.4569,28367
21.4623,28355
21.468,28369
21.4735,28346
21.4792,28346
21.4846,28360
21.4903,28342
21.4957,28354
21.5014,28362
21.5068,28347
21.5125,28348
21.5179,28335
21.5236,28342
21.529,28335
21.5347,28348
21.5401,28340
21.5458,28355
21.5512,28345
21.5569,28351
21.5623,28343
21.568,28327
21.5734,28349
21.5791,28341
21.5848,28354
21.5902,28353
21.5959,28348
21.6013,28330
21.607,28340
21.6123,28340
21.618,28341
21.6235,28350
21.6291,28339
21.6345,28347
21.6402,28348
21.6456,28347
21.6513,28342
21.6567,28337
21.6624,28334
21.6681,28338
21.6735,28339
21.6792,28329
21.6846,28342
21.6901,28348
21.6958,28337
21.7012,28341
21.7069,28331
21.7122,28335
21.7179,28333
21.7236,28320
21.729,28332
21.7347,28335
21.7401,28337
21.7457,28339
21.7514,28344
21.7568,28349
21.7625,28337
21.7679,28328
21.7735,28332
21.7792,28334
21.7846,28324
21.7903,28331
21.7957,28339
21.8013,28316
21.8068,28329
21.8125,28307
21.8179,28291
21.8236,28301
21.829,28309
21.8347,28310
21.8403,28312
21.8457,28318
21.8514,28295
21.8568,28278
21.8625,28318
21.8679,28303
21.8736,28293
21.879,28301
21.8848,28286
21.8902,28289
21.8959,28288
21.9013,28278
21.9067,28281
21.9124,28294
21.9181,28283
21.9235,28294
21.9292,28287
21.9346,28296
21.9403,28304
21.9457,28288
21.9514,28302
21.9568,28291
21.9625,28283
21.9679,28289
21.9736,28301
21.979,28280
21.9847,28293
21.9901,28300
21.9958,28289
22.0012,28297
22.0069,28288
22.0123,28283
22.018,28278
22.0234,28278
22.0291,28284
22.0345,28267
22.0402,28280
22.0459,28291
22.0513,28290
22.057,28295
22.0624,28284
22.0681,28292
22.0735,28289
22.0792,28284
22.0846,28282
22.0903,28281
22.0957,28266
22.1014,28289
22.1068,28298
22.1125,28281
22.1179,28280
22.1236,28280
22.129,28271
22.1347,28277
22.1401,28272
22.1458,28284
22.1512,28277
22.1569,28290
22.1623,28279
22.168,28278
22.1734,28277
22.1791,28278
22.1848,28267
22.1902,28284
22.1959,28285
22.2013,28277
22.207,28283
22.2124,28284
22.218,28286
22.2234,28277
22.2291,28286
22.2345,28285
22.2402,28284
22.2456,28274
22.2513,28278
22.2567,28282
22.2624,28271
22.2679,28268
22.2736,28274
22.2792,28263
22.2847,28265
22.2904,28282
22.2958,28280
22.3015,28278
22.3069,28266
22.3126,28278
22.318,28247
22.3237,28250
22.3291,28250
22.3348,28259
22.3401,28240
22.3458,28255
22.3515,28235
22.3569,28248
22.3625,28253
22.368,28241
22.3736,28241
22.379,28250
22.3847,28240
22.3901,28236
22.3958,28234
22.4012,28233
22.4069,28239
22.4123,28233
22.418,28227
22.4237,28232
22.4291,28237
22.4348,28233
22.4402,28233
22.4459,28244
22.4513,28237
22.457,28218
22.4624,28224
22.4681,28233
22.4735,28213
22.4792,28241
22.4845,28214
22.4902,28228
22.4956,28212
22.5013,28204
22.507,28224
22.5124,28207
22.5181,28200
22.5235,28201
22.5292,28230
22.5346,28207
22.5403,28178
22.5457,28199
22.5515,28189
22.5569,28206
22.5625,28186
22.5679,28201
22.5736,28208
22.579,28196
22.5847,28196
22.5902,28185
22.5959,28190
22.6013,28177
22.607,28170
22.6124,28192
22.6181,28165
22.6235,28190
22.6292,28201
22.6346,28206
22.6403,28191
22.6457,28184
22.6514,28195
22.6568,28169
22.6625,28158
22.6679,28174
22.6736,28156
22.6792,28157
22.6846,28170
22.6903,28147
22.6957,28152
22.7014,28166
22.7069,28173
22.7125,28142
22.718,28168
22.7237,28169
22.7291,28159
22.7348,28152
22.7402,28136
22.7459,28148
22.7513,28147
22.757,28146
22.7624,28136
22.7681,28132
22.7735,28143
22.7792,28155
22.7846,28147
22.7903,28151
22.796,28142
22.8014,28127
22.8068,28111
22.8125,28147
22.8179,28119
22.8236,28138
22.829,28136
22.8347,28118
22.8401,28109
22.8458,28128
22.8512,28125
22.8569,28120
22.8623,28104
22.868,28129
22.8734,28122
22.8791,28103
22.8845,28098
22.8902,28107
22.8959,28116
22.9013,28092
22.907,28098
22.9124,28101
22.9181,28109
22.9235,28085
22.9292,28101
22.9346,28105
22.9403,28103
22.9457,28094
22.9514,28074
22.9568,28102
22.9625,28098
22.9679,28094
22.9736,28091
22.979,28086
22.9847,28075
22.9901,28074
22.9958,28081
23.0015,28080
23.0069,28055
23.0126,28081
23.018,28070
23.0237,28060
23.0291,28053
23.0348,28073
23.0402,28072
23.0459,28042
23.0513,28055
23.057,28064
23.0624,28071
23.0681,28052
23.0736,28074
23.0793,28050
23.0847,28043
23.0904,28039
23.0958,28047
23.1015,28043
23.1069,28027
23.1126,28049
23.118,28037
23.1234,28053
23.1291,28000
23.1348,28045
23.1402,28032
23.1459,28060
23.1513,28045
23.157,28041
23.1624,28029
23.1681,28022
23.1735,28031
23.1792,28028
23.1846,28030
23.1903,28039
23.1957,28040
23.2014,28010
23.2068,28019
23.2124,28050
23.2181,28019
23.2235,28024
23.2292,28016
23.2346,28006
23.2402,28031
23.2459,28005
23.2513,27989
23.257,27991
23.2624,27996
23.268,28020
23.2737,27992
23.2791,27996
23.2848,27984
23.2902,27996
23.2958,27990
23.3015,27973
23.3069,27987
23.3126,27979
23.318,27971
23.3236,28006
23.329,28001
23.3347,27991
23.3401,27954
23.3458,27998
23.3514,27972
23.3568,27978
23.3625,27985
23.3679,27972
23.3736,27970
23.379,27988
23.3847,27965
23.3902,27959
23.3959,27980
23.4013,27990
23.407,27951
23.4123,27972
23.418,27960
23.4237,27967
23.4291,27974
23.4348,27956
23.4402,27983
23.4459,27956
23.4513,27978
23.457,27961
23.4624,27983
23.4681,27959
23.4735,27966
23.4792,27966
23.4846,27946
23.4903,27960
23.4957,27986
23.5014,27954
23.5069,27953
23.5125,27930
23.518,27944
23.5237,27958
23.5291,27958
23.5348,27973
23.5402,27977
23.5459,27935
23.5513,27965
23.557,27947
23.5624,27946
23.5681,27934
23.5735,27915
23.5792,27931
23.5846,27935
23.5903,27921
23.5957,27927
23.6015,27885
23.6068,27937
23.6125,27913
23.6182,27927
23.6236,27929
23.6292,27910
23.6346,27894
23.6403,27893
23.6457,27889
23.6514,27921
23.6568,27891
23.6625,27885
23.6679,27890
23.6736,27871
23.679,27874
23.6847,27871
23.6904,27890
23.6958,27882
23.7015,27860
23.7069,27869
23.7125,27857
23.718,27868
23.7236,27839
23.729,27875
23.7347,27874
23.7401,27860
23.7458,27834
23.7512,27850
23.7569,27858
23.7626,27839
23.768,27844
23.7734,27834
23.7791,27848
23.7848,27859
23.7902,27828
23.7959,27838
23.8013,27834
23.807,27838
23.8124,27822
23.8181,27849
23.8235,27836
23.8292,27838
23.8346,27839
23.8403,27813
23.8457,27815
23.8514,27828
23.8569,27826
23.8625,27835
23.868,27816
23.8737,27827
23.8791,27803
23.8847,27796
23.8902,27803
23.8959,27805
23.9013,27831
23.907,27797
23.9124,27805
23.9181,27805
23.9237,27793
23.9291,27821
23.9348,27817
23.9402,27796
23.9459,27797
23.9513,27809
23.957,27808
23.9625,27781
23.9682,27787
23.9736,27767
23.9793,27794
23.9847,27774
23.9904,27792
23.9958,27787
24.0015,27759
24.0069,27780
24.0123,27790
24.018,27764
24.0237,27769
24.0291,27781
24.0348,27772
24.0402,27741
24.0459,27769
24.0513,27748
24.057,27761
24.0624,27746
24.0681,27786
24.0735,27745
24.0792,27770
24.0847,27767
24.0904,27739
24.0958,27743
24.1015,27744
24.1069,27771
24.1126,27750
24.118,27754
24.1237,27734
24.1291,27741
24.1348,27746
24.1402,27719
24.1459,27723
24.1513,27728
24.157,27719
24.1624,27720
24.1681,27714
24.1735,27717
24.1792,27705
24.1846,27722
24.1903,27704
24.1957,27699
24.2014,27686
24.2068,27693
24.2125,27685
24.218,27682
24.2236,27705
24.229,27681
24.2347,27658
24.2404,27657
24.2458,27676
24.2515,27691
24.2569,27666
24.2626,27666
24.268,27672
24.2737,27674
24.2791,27686
24.2848,27664
24.2902,27651
24.2959,27674
24.3013,27662
24.307,27651
24.3124,27615
24.3181,27645
24.3235,27634
24.3292,27642
24.3346,27628
24.3403,27639
24.3457,27629
24.3514,27628
24.3568,27630
24.3625,27647
24.3679,27631
24.3736,27624
24.379,27602
24.3847,27642
24.3904,27609
24.3958,27608
24.4015,27605
24.4069,27583
24.4126,27587
24.418,27598
24.4237,27603
24.4291,27605
24.4348,27596
24.4402,27580
24.4459,27569
24.4513,27586
24.457,27613
24.4624,27552
24.4681,27585
24.4735,27588
24.4792,27596
24.4846,27577
24.4903,27582
24.4957,27545
24.5014,27542
24.5071,27555
24.5125,27543
24.5179,27546
24.5236,27519
24.5293,27558
24.5347,27535
24.5404,27539
24.5458,27562
24.5515,27524
24.5569,27541
24.5626,27499
24.568,27548
24.5737,27522
24.5791,27540
24.5848,27516
24.5902,27501
24.5959,27505
24.6013,27535
24.607,27500
24.6126,27494
24.618,27496
24.6237,27507
24.6291,27487
24.6348,27476
24.6402,27458
24.6459,27477
24.6512,27490
24.657,27501
24.6624,27477
24.6681,27482
24.6735,27501
24.6791,27513
24.6847,27503
24.6902,27499
24.6958,27473
24.7013,27477
24.7069,27499
24.7126,27455
24.718,27448
24.7237,27465
24.7291,27442
24.7347,27432
24.7404,27444
24.7458,27452
24.7515,27485
24.7569,27462
24.7625,27452
24.7682,27438
24.7736,27429
24.7793,27447
24.7847,27453
24.7903,27439
24.7957,27426
24.8014,27463
24.8068,27430
24.8125,27407
24.8179,27467
24.8236,27460
24.829,27439
24.8347,27442
24.8401,27414
24.8458,27427
24.8515,27405
24.8569,27418
24.8626,27405
24.868,27411
24.8737,27430
24.8791,27402
24.8848,27399
24.8902,27431
24.8959,27413
24.9013,27423
24.907,27409
24.9124,27416
24.9181,27405
24.9235,27400
24.9292,27374
24.9347,27400
24.9403,27395
24.9457,27377
24.9514,27386
24.9569,27380
24.9623,27353
24.968,27362
24.9737,27346
24.9792,27398
24.9848,27363
24.9903,27351
24.996,27385
25.0014,27361
25.0071,27346
25.0125,27332
25.0182,27366
25.0236,27336
25.0293,27341
25.0347,27328
25.0404,27339
25.0458,27335
25.0515,27314
25.0569,27302
25.0626,27282
25.068,27270
25.0737,27315
25.0791,27289
25.0848,27313
25.0902,27279
25.0959,27299
25.1014,27293
25.1071,27284
25.1125,27279
25.1179,27324
25.1236,27265
25.129,27286
25.1347,27280
25.1404,27285
25.1459,27276
25.1516,27278
25.157,27233
25.1624,27251
25.1681,27251
25.1735,27268
25.1792,27281
25.1847,27255
25.1901,27279
25.1958,27255
25.2013,27243
25.2069,27214
25.2126,27256
25.218,27238
25.2237,27244
25.2292,27219
25.2348,27246
25.2402,27203
25.2459,27239
25.2513,27243
25.257,27209
25.2624,27211
25.2681,27189
25.2735,27206
25.2792,27194
25.2847,27180
25.2903,27182
25.2957,27177
25.3014,27217
25.3068,27200
25.3125,27196
25.3182,27177
25.3236,27180
25.3293,27199
25.3347,27209
25.3404,27154
25.3458,27156
25.3515,27146
25.3569,27134
25.3626,27132
25.368,27168
25.3737,27137
25.3791,27134
25.3848,27124
25.3902,27146
25.3959,27148
25.4013,27147
25.407,27131
25.4124,27143
25.4181,27174
25.4235,27126
25.4292,27122
25.4346,27090
25.4403,27150
25.4457,27116
25.4514,27148
25.4571,27151
25.4625,27145
25.4682,27133
25.4736,27136
25.4793,27128
25.4847,27084
25.4901,27085
25.4958,27115
25.5012,27110
25.5069,27078
25.5126,27077
25.518,27067
25.5237,27056
25.5291,27113
25.5348,27070
25.5402,27062
25.5459,27081
25.5513,27078
25.557,27070
25.5625,27059
25.5681,27032
25.5736,27066
25.5792,27036
25.5847,27053
25.5904,27025
25.5958,27045
25.6015,27042
25.6069,27014
25.6126,27021
25.618,27017
25.6237,27008
25.6291,27028
25.6348,27003
25.6402,27041
25.6459,27020
25.6513,27009
25.657,27023
25.6624,27029
25.6681,27004
25.6735,26968
25.6792,26996
25.6846,27008
25.6903,27001
25.6957,26943
25.7014,26950
25.7068,26995
25.7125,26945
25.7179,26984
25.7236,26981
25.7293,26961
25.7347,26985
25.7404,26956
25.7458,26938
25.7515,26970
25.7569,26980
25.7626,26942
25.768,26939
25.7737,26947
25.7791,26962
25.7848,26929
25.7902,26956
25.7959,26921
25.8013,26920
25.807,26938
25.8124,26891
25.8181,26917
25.8235,26943
25.8292,26933
25.8346,26901
25.8403,26917
25.846,26903
25.8514,26941
25.8571,26913
25.8624,26940
25.8681,26910
25.8737,26893
25.8791,26892
25.8849,26918
25.8903,26897
25.896,26879
25.9014,26874
25.9071,26891
25.9125,26874
25.9182,26880
25.9236,26894
25.9293,26873
25.9346,26890
25.9403,26890
25.946,26860
25.9514,26832
25.9571,26858
25.9625,26874
25.9682,26893
25.9736,26877
25.9793,26865
25.9847,26848
25.9904,26861
25.9958,26880
26.0015,26855
26.0068,26848
26.0125,26883
26.0179,26804
26.0236,26866
26.0293,26845
26.0347,26832
26.0404,26867
26.0458,26848
26.0515,26833
26.0569,26842
26.0626,26838
26.068,26813
26.0737,26801
26.0791,26801
26.0848,26804
26.0901,26817
26.0959,26771
26.1013,26800
26.1071,26819
26.1125,26788
26.118,26787
26.1237,26813
26.1291,26845
26.1347,26794
26.1404,26799
26.1458,26817
26.1515,26787
26.1569,26756
26.1626,26782
26.168,26773
26.1736,26746
26.1793,26749
26.1847,26749
26.1904,26742
26.1958,26758
26.2014,26735
26.2071,26733
26.2125,26697
26.2182,26756
26.2236,26748
26.2292,26703
26.2346,26692
26.2403,26710
26.246,26725
26.2514,26683
26.2569,26692
26.2625,26697
26.268,26683
26.2737,26684
26.2791,26657
26.2848,26676
26.2902,26646
26.2959,26675
26.3013,26652
26.307,26720
26.3124,26646
26.3181,26661
26.3236,26653
26.3292,26663
26.3347,26671
26.3403,26664
26.3458,26660
26.3515,26619
26.3569,26644
26.3626,26630
26.368,26620
26.3737,26633
26.3791,26658
26.3848,26628
26.3902,26630
26.3959,26639
26.4013,26609
26.407,26650
26.4125,26600
26.4182,26603
26.4236,26617
26.4292,26594
26.4347,26608
26.4403,26603
26.4458,26604
26.4514,26566
26.4569,26562
26.4626,26588
26.468,26574
26.4737,26552
26.4791,26578
26.4848,26545
26.4902,26566
26.4959,26557
26.5013,26543
26.507,26546
26.5124,26551
26.5181,26533
26.5235,26539
26.5292,26557
26.5346,26560
26.5403,26518
26.546,26555
26.5514,26541
26.5571,26508
26.5625,26519
26.5682,26536
26.5736,26501
26.5793,26547
26.5847,26523
26.5904,26496
26.5958,26502
26.6015,26478
26.607,26486
26.6127,26483
26.6181,26492
26.6235,26509
26.6292,26512
26.6349,26509
26.6403,26493
26.6457,26499
26.6514,26463
26.6571,26504
26.6625,26476
26.6682,26481
26.6736,26429
26.6793,26459
26.6847,26445
26.6904,26431
26.6958,26456
26.7015,26466
26.7069,26454
26.7126,26445
26.718,26431
26.7237,26416
26.7291,26411
26.7348,26465
26.7402,26440
26.7459,26384
26.7513,26385
26.757,26417
26.7624,26458
26.7681,26423
26.7735,26428
26.7792,26397
26.7849,26429
26.7903,26440
26.796,26452
26.8014,26410
26.8071,26392
26.8125,26398
26.8182,26383
26.8236,26398
26.8292,26397
26.8347,26405
26.8403,26385
26.8458,26398
26.8514,26396
26.8571,26380
26.8625,26423
26.8682,26406
26.8736,26381
26.8793,26329
26.8846,26390
26.8903,26332
26.896,26365
26.9014,26312
26.9071,26341
26.9125,26352
26.9181,26353
26.9236,26342
26.9292,26355
26.9346,26358
26.9403,26341
26.9457,26347
26.9514,26308
26.9568,26333
26.9625,26337
26.9682,26345
26.9736,26330
26.9793,26301
26.9847,26343
26.9904,26363
26.9958,26360
27.0015,26324
27.0069,26350
27.0126,26313
27.018,26324
27.0237,26314
27.0291,26333
27.0348,26312
27.0404,26320
27.0459,26306
27.0516,26340
27.057,26286
27.0626,26287
27.0681,26304
27.0738,26294
27.0792,26298
27.0849,26324
27.0903,26331
27.096,26274
27.1014,26273
27.1071,26257
27.1125,26252
27.1182,26232
27.1236,26253
27.1293,26252
27.1347,26264
27.1404,26253
27.1458,26234
27.1515,26253
27.1569,26240
27.1626,26255
27.168,26220
27.1737,26226
27.1791,26203
27.1848,26190
27.1902,26225
27.1959,26227
27.2013,26167
27.207,26213
27.2124,26213
27.2181,26205
27.2238,26233
27.2292,26207
27.2349,26162
27.2403,26212
27.246,26200
27.2514,26208
27.2571,26209
27.2625,26165
27.2682,26181
27.2735,26160
27.2792,26159
27.2849,26202
27.2903,26129
27.296,26141
27.3014,26144
27.307,26172
27.3124,26156
27.3181,26151
27.3235,26207
27.3292,26185
27.3346,26171
27.3403,26151
27.3457,26147
27.3514,26148
27.3568,26177
27.3625,26097
27.3682,26135
27.3736,26102
27.3793,26120
27.3847,26142
27.3904,26138
27.3958,26135
27.4015,26144
27.4069,26092
27.4126,26097
27.418,26084
27.4237,26100
27.4291,26100
27.4347,26126
27.4402,26110
27.4459,26081
27.4516,26123
27.457,26152
27.4627,26047
27.4681,26093
27.4738,26055
27.4792,26115
27.4849,26105
27.4903,26044
27.496,26065
27.5014,26075
27.5071,26054
27.5125,26048
27.5182,26091
27.5236,26060
27.5293,26071
27.5347,26056
27.5404,26069
27.5458,26049
27.5515,26045
27.5569,26086
27.5626,26068
27.568,26028
27.5737,26021
27.5792,26000
27.5849,26012
27.5902,26013
27.5959,26028
27.6014,26056
27.6071,26046
27.6125,26017
27.6182,26030
27.6236,26001
27.6293,26032
27.6347,26027
27.6404,26043
27.6459,26022
27.6515,25989
27.657,26012
27.6627,26018
27.6681,26003
27.6738,26006
27.6792,26016
27.6849,25989
27.6903,26011
27.6958,25975
27.7015,25997
27.7069,25967
27.7126,26005
27.718,25980
27.7236,25983
27.7293,25976
27.7347,25968
27.7404,25960
27.7458,25973
27.7514,25975
27.7571,25953
27.7625,25983
27.7682,25984
27.7736,25954
27.7792,25959
27.7846,25977
27.7903,25972
27.7958,25968
27.8014,25959
27.8069,25962
27.8126,25940
27.818,25941
27.8237,25934
27.8291,25968
27.8348,25951
27.8402,25984
27.8459,25968
27.8513,25943
27.857,25929
27.8627,25941
27.8681,25906
27.8738,25922
27.8792,25916
27.8849,25952
27.8903,25935
27.896,25945
27.9014,25891
27.9071,25920
27.9126,25860
27.918,25911
27.9237,25952
27.9291,25897
27.9348,25891
27.9402,25885
27.9459,25908
27.9513,25910
27.957,25889
27.9625,25890
27.9681,25909
27.9735,25894
27.9792,25881
27.9846,25876
27.9903,25899
27.9957,25918
28.0014,25905
28.0125,25873
28.0179,25859
28.0236,25884
28.0293,25882
28.0347,25865
28.0404,25877
28.0458,25891
28.0515,25869
28.0569,25849
28.0626,25842
28.068,25801
28.0737,25883
28.0791,25870
28.0848,25789
28.0902,25820
28.0959,25855
28.1016,25857
28.107,25891
28.1127,25831
28.1181,25848
28.1238,25802
28.1292,25866
28.1349,25872
28.1403,25800
28.146,25806
28.1514,25812
28.1571,25821
28.1625,25762
28.1682,25826
28.1736,25834
28.1793,25834
28.1847,25843
28.1904,25816
28.1958,25788
28.2015,25763
28.2071,25786
28.2125,25765
28.2182,25775
28.2235,25783
28.2292,25803
28.2346,25800
28.2403,25809
28.246,25791
28.2514,25778
28.2571,25768
28.2625,25800
28.2682,25750
28.2736,25765
28.2793,25775
28.2847,25758
28.2904,25764
28.2958,25787
28.3015,25780
28.3069,25804
28.3126,25751
28.318,25776
28.3237,25728
28.3291,25723
28.3348,25800
28.3402,25787
28.3459,25743
28.3513,25722
28.357,25770
28.3624,25767
28.3681,25773
28.3738,25763
28.3792,25710
28.3849,25775
28.3903,25738
28.396,25796
28.4014,25756
28.4071,25728
28.4125,25749
28.4182,25725
28.4236,25713
28.4293,25753
28.4347,25768
28.4404,25771
28.4458,25699
28.4515,25676
28.4569,25724
28.4626,25697
28.468,25728
28.4737,25678
28.4791,25697
28.4848,25723
28.4902,25725
28.4959,25710
28.5013,25711
28.507,25707
28.5124,25695
28.5181,25704
28.5238,25690
28.5292,25725
28.5349,25694
28.5403,25708
28.546,25702
28.5514,25686
28.5571,25696
28.5624,25683
28.5681,25669
28.5738,25707
28.5792,25667
28.5849,25734
28.5903,25696
28.596,25678
28.6014,25701
28.6071,25679
28.6125,25704
28.6182,25684
28.6236,25676
28.6293,25659
28.6346,25669
28.6403,25660
28.646,25651
28.6514,25644
28.6571,25669
28.6625,25685
28.668,25689
28.6737,25646
28.6791,25613
28.6848,25663
28.6905,25649
28.6959,25677
28.7016,25621
28.707,25580
28.7127,25674
28.7181,25638
28.7238,25673
28.7292,25599
28.7349,25649
28.7403,25615
28.746,25609
28.7514,25701
28.7571,25582
28.7625,25651
28.7682,25616
28.7736,25566
28.7793,25591
28.7847,25592
28.7904,25651
28.7958,25630
28.8015,25637
28.8069,25607
28.8126,25621
28.8181,25607
28.8238,25615
28.8292,25598
28.8349,25587
28.8403,25572
28.846,25559
28.8514,25554
28.8571,25543
28.8625,25587
28.8682,25556
28.8736,25566
28.8793,25516
28.8847,25532
28.8904,25567
28.8958,25554
28.9015,25540
28.907,25522
28.9127,25544
28.9181,25552
28.9238,25524
28.9292,25550
28.9349,25585
28.9403,25522
28.946,25548
28.9514,25518
28.9571,25557
28.9625,25561
28.9681,25549
28.9736,25531
28.9792,25523
28.9846,25535
28.9903,25502
28.996,25509
29.0014,25498
29.0125,25554
29.0182,25554
29.0236,25549
29.0293,25516
29.0347,25603
29.0404,25511
29.0458,25518
29.0515,25549
29.0569,25542
29.0626,25526
29.068,25488
29.0737,25470
29.0791,25508
29.0848,25545
29.0903,25526
29.0959,25519
29.1014,25526
29.1071,25512
29.1125,25529
29.1182,25476
29.1236,25493
29.1293,25471
29.1347,25446
29.1404,25486
29.1458,25502
29.1515,25486
29.1569,25469
29.1626,25474
29.168,25493
29.1737,25491
29.1794,25460
29.1848,25484
29.1905,25477
29.1959,25476
29.2016,25462
29.207,25428
29.2126,25495
29.218,25489
29.2237,25470
29.2294,25498
29.2347,25427
29.2404,25499
29.2458,25440
29.2515,25467
29.2569,25479
29.2626,25519
29.268,25436
29.2736,25467
29.2793,25479
29.2847,25471
29.2902,25444
29.2959,25462
29.3014,25455
29.3071,25432
29.3125,25463
29.3182,25458
29.3236,25463
29.3292,25471
29.3349,25453
29.3403,25472
29.346,25480
29.3514,25431
29.3571,25506
29.3625,25420
29.3681,25463
29.3738,25422
29.3792,25435
29.3849,25430
29.3903,25385
29.396,25412
29.4014,25449
29.4071,25469
29.4125,25451
29.4182,25447
29.4236,25415
29.4292,25410
29.4346,25411
29.4403,25419
29.446,25372
29.4514,25389
29.4571,25442
29.4625,25372
29.4682,25404
29.4736,25400
29.4793,25404
29.4847,25349
29.4905,25372
29.4959,25340
29.5016,25428
29.507,25394
29.5127,25371
29.5181,25336
29.5238,25407
29.5292,25404
29.5349,25384
29.5403,25343
29.546,25376
29.5514,25346
29.5569,25377
29.5626,25343
29.5683,25351
29.5737,25317
29.5794,25356
29.5848,25353
29.5905,25365
29.5959,25318
29.6016,25310
29.607,25361
29.6127,25331
29.6181,25372
29.6237,25357
29.6291,25336
29.6348,25346
29.6403,25340
29.6459,25294
29.6513,25334
29.6571,25404
29.6625,25363
29.6682,25313
29.6739,25352
29.6793,25334
29.685,25344
29.6904,25346
29.6961,25344
29.7014,25386
29.7071,25378
29.7126,25344
29.7183,25285
29.7237,25352
29.7294,25339
29.7348,25326
29.7404,25311
29.7459,25322
29.7515,25348
29.757,25344
29.7626,25311
29.768,25337
29.7738,25331
29.7792,25331
29.7849,25318
29.7903,25326
29.7959,25345
29.8013,25309
29.807,25281
29.8127,25282
29.8181,25313
29.8238,25314
29.8292,25296
29.8349,25255
29.8405,25358
29.8459,25289
29.8516,25278
29.8571,25295
29.8625,25333
29.8681,25320
29.8738,25249
29.8792,25230
29.8847,25263
29.8904,25318
29.8958,25318
29.9015,25286
29.9069,25298
29.9126,25302
29.9183,25286
29.9237,25269
29.9294,25227
29.9348,25316
29.9405,25223
29.9459,25268
29.9516,25266
29.957,25239
29.9627,25239
29.9681,25287
29.9738,25283
29.9792,25288
29.9849,25300
29.9903,25240
29.996,25273
30.0014,25252
30.0071,25256
30.0125,25289
30.0182,25283
30.0236,25254
30.0293,25272
30.0347,25251
30.0404,25276
30.0459,25242
30.0516,25234
30.057,25286
30.0627,25253
30.0681,25251
30.0738,25305
30.0792,25246
30.0849,25262
30.0903,25247
30.096,25280
30.1014,25239
30.1071,25267
30.1125,25234
30.1182,25258
30.1236,25234
30.1293,25207
30.1347,25260
30.1404,25215
30.1458,25183
30.1515,25245
30.1569,25221
30.1626,25284
30.168,25223
30.1737,25202
30.1791,25214
30.1848,25261
30.1902,25255
30.1959,25241
30.2016,25258
30.207,25235
30.2127,25243
30.2181,25264
30.2238,25217
30.2292,25228
30.2349,25187
30.2403,25222
30.246,25185
30.2514,25205
30.2572,25219
30.2626,25172
30.2683,25190
30.2737,25195
30.2794,25202
30.2848,25194
30.2905,25192
30.2959,25227
30.3016,25161
30.307,25197
30.3127,25188
30.3181,25213
30.3238,25234
30.3292,25172
30.3349,25192
30.3403,25192
30.346,25143
30.3514,25208
30.3571,25160
30.3626,25213
30.3682,25191
30.3736,25164
30.3793,25146
30.3847,25168
30.3905,25163
30.3959,25182
30.4015,25184
30.4069,25199
30.4126,25159
30.4183,25145
30.4237,25198
30.4294,25175
30.4348,25159
30.4405,25129
30.4459,25185
30.4516,25199
30.457,25186
30.4627,25185
30.4681,25158
30.4738,25183
30.4792,25165
30.4848,25101
30.4905,25169
30.4959,25156
30.5016,25209
30.507,25152
30.5127,25180
30.5181,25132
30.5238,25116
30.5292,25195
30.5349,25158
30.5403,25130
30.546,25122
30.5514,25130
30.5571,25183
30.5628,25175
30.5682,25177
30.5739,25063
30.5793,25186
30.585,25135
30.5904,25155
30.5961,25165
30.6015,25153
30.6072,25122
30.6126,25171
30.6183,25112
30.6237,25159
30.6294,25076
30.6348,25203
30.6405,25185
30.6461,25135
30.6515,25114
30.6572,25176
30.6627,25143
30.6683,25089
30.6736,25079
30.6793,25102
30.6847,25144
30.6904,25119
30.6958,25167
30.7015,25127
30.7069,25149
30.7125,25154
30.7183,25116
30.7237,25151
30.7294,25076
30.7348,25123
30.7404,25120
30.7461,25131
30.7515,25105
30.7572,25122
30.7626,25110
30.7682,25089
30.7739,25095
30.7793,25089
30.785,25082
30.7904,25111
30.796,25073
30.8017,25087
30.8071,25142
30.8128,25137
30.8182,25140
30.8238,25160
30.8292,25078
30.8349,25157
30.8403,25109
30.846,25126
30.8514,25126
30.8571,25092
30.8628,25072
30.8682,25046
30.8738,25099
30.8793,25075
30.8849,25031
30.8903,25092
30.896,25050
30.9014,25061
30.9071,25043
30.9125,25093
30.9182,25098
30.9236,25108
30.9293,25047
30.9347,25151
30.9405,25089
30.9459,25064
30.9516,25066
30.9572,25121
30.9626,25067
30.9683,25124
30.9737,25107
30.9794,25071
30.9848,25063
30.9905,25062
30.9959,25052
31.0016,25047
31.007,25051
31.0128,25013
31.0182,25060
31.0239,25035
31.0293,25062
31.035,25021
31.0404,25096
31.0461,25069
31.0514,25107
31.0571,25066
31.0628,25044
31.0682,25073
31.0739,25018
31.0793,25049
31.085,25073
31.0904,25055
31.0961,25022
31.1015,25070
31.1072,25091
31.1126,25009
31.1183,25088
31.1237,25092
31.1294,25043
31.1349,25006
31.1406,25009
31.146,25048
31.1514,25009
31.1571,25010
31.1625,25031
31.1682,24988
31.1736,25060
31.1793,25046
31.1847,25035
31.1904,25038
31.1958,25052
31.2016,25018
31.2073,25008
31.2127,25041
31.2183,25011
31.2238,25022
31.2295,25025
31.2349,24994
31.2406,25046
31.246,24960
31.2517,25004
31.257,25053
31.2627,25046
31.2681,25016
31.2738,25021
31.2792,24980
31.2849,24985
31.2906,25008
31.296,25008
31.3017,25021
31.3071,25003
31.3128,24988
31.3182,25008
31.3239,24976
31.3292,25047
31.3349,25012
31.3403,25010
31.346,24994
31.3517,24970
31.3571,24926
31.3628,24998
31.3682,24985
31.3739,24941
31.3793,24993
31.385,24970
31.3904,25003
31.3961,24970
31.4014,25040
31.4071,25014
31.4128,24997
31.4182,24963
31.4239,24992
31.4293,24933
31.435,24974
31.4404,24980
31.4461,25009
31.4515,24990
31.4572,24980
31.4626,24979
31.4683,24978
31.4736,24988
31.4793,24997
31.485,25025
31.4904,25007
31.4961,24977
31.5015,24988
31.5072,25043
31.5126,24998
31.5183,24977
31.5238,25015
31.5295,24984
31.5349,25000
31.5406,24985
31.5459,24968
31.5516,24897
31.557,24887
31.5627,24956
31.5684,24994
31.5738,25000
31.5795,24975
31.5849,24975
31.5906,24949
31.596,24948
31.6017,24915
31.6071,24965
31.6128,24887
31.6181,24950
31.6238,25003
31.6292,24959
31.6349,24952
31.6403,24970
31.646,25003
31.6515,24967
31.6572,24961
31.6626,24986
31.6683,24954
31.6737,24897
31.6794,24921
31.6851,24915
31.6905,24982
31.6962,24974
31.7016,24982
31.7073,24963
31.7127,24976
31.7181,24977
31.7238,24960
31.7295,24930
31.7349,24931
31.7406,24905
31.746,24982
31.7517,24946
31.7571,24911
31.7625,24931
31.7683,24961
31.7737,24899
31.7794,24917
31.7848,24956
31.7906,24890
31.796,24922
31.8016,24916
31.807,24834
31.8127,24950
31.8182,25005
31.8238,24937
31.8292,24955
31.8349,24930
31.8406,24994
31.846,24886
31.8517,24939
31.8571,24893
31.8628,24909
31.8682,24964
31.8739,24954
31.8793,24929
31.885,24939
31.8905,24915
31.8961,24920
31.9015,24956
31.9072,24911
31.9127,24898
31.9184,24903
31.9238,24901
31.9295,24926
31.9349,24928
31.9406,24876
31.946,24936
31.9517,24880
31.957,24915
31.9627,24915
31.9681,24908
31.9738,24939
31.9792,24861
31.9849,24904
31.9903,24890
31.9961,24894
32.0015,24951
32.0072,24947
32.0126,24924
32.0183,24881
32.0237,24905
32.0294,24801
32.0351,24899
32.0405,24889
32.0462,24925
32.0516,24895
32.0573,24904
32.0627,24879
32.0684,24888
32.0738,24847
32.0795,24864
32.0849,24914
32.0906,24863
32.096,24897
32.1017,24909
32.1071,24899
32.1128,24927
32.1182,24896
32.1239,24898
32.1293,24916
32.135,24854
32.1404,24883
32.1461,24913
32.1515,24860
32.1572,24886
32.1626,24884
32.1683,24865
32.1737,24890
32.1794,24846
32.1849,24866
32.1906,24945
32.196,24944
32.2016,24833
32.207,24881
32.2127,24919
32.2181,24877
32.2238,24858
32.2292,24869
32.2349,24873
32.2403,24906
32.246,24858
32.2515,24931
32.2572,24869
32.2626,24852
32.2683,24817
32.2737,24862
32.2794,24822
32.2848,24826
32.2904,24859
32.2961,24852
32.3015,24834
32.3072,24819
32.3127,24830
32.3182,24807
32.3239,24882
32.3293,24797
32.335,24834
32.3404,24883
32.346,24822
32.3514,24873
32.3572,24824
32.3628,24851
32.3682,24852
32.3739,24881
32.3793,24849
32.385,24818
32.3904,24811
32.3961,24835
32.4015,24846
32.4072,24838
32.4126,24905
32.4183,24878
32.4239,24856
32.4293,24847
32.435,24848
32.4404,24783
32.4461,24832
32.4516,24843
32.4573,24830
32.4627,24798
32.4684,24877
32.4738,24861
32.4794,24786
32.4849,24792
32.4906,24866
32.496,24872
32.5017,24801
32.5071,24834
32.5128,24851
32.5182,24830
32.5239,24781
32.5293,24819
32.5349,24759
32.5404,24803
32.5461,24824
32.5515,24819
32.5572,24832
32.5626,24787
32.5683,24850
32.574,24845
32.5793,24837
32.585,24886
32.5904,24887
32.5961,24830
32.6015,24805
32.6072,24898
32.6126,24841
32.6183,24794
32.6238,24880
32.6294,24800
32.6348,24823
32.6405,24802
32.6462,24849
32.6516,24791
32.6573,24799
32.6627,24853
32.6684,24821
32.6738,24900
32.6795,24866
32.6849,24814
32.6906,24784
32.696,24853
32.7017,24826
32.7071,24822
32.7128,24803
32.7182,24836
32.7239,24752
32.7293,24843
32.735,24833
32.7405,24831
32.7462,24864
32.7516,24821
32.7573,24825
32.7627,24868
32.7684,24796
32.7738,24805
32.7793,24838
32.785,24767
32.7904,24798
32.7961,24795
32.8017,24856
32.8072,24818
32.8129,24803
32.8183,24837
32.824,24759
32.8294,24815
32.8351,24791
32.8405,24849
32.8462,24774
32.8516,24851
32.8573,24788
32.8627,24777
32.8684,24787
32.8738,24785
32.8795,24817
32.8849,24776
32.8906,24758
32.896,24834
32.9017,24740
32.9071,24817
32.9128,24756
32.9182,24825
32.9239,24792
32.9295,24794
32.935,24739
32.9404,24757
32.9461,24727
32.9515,24736
32.9572,24808
32.9626,24787
32.9683,24800
32.974,24772
32.9794,24777
32.9851,24749
32.9904,24804
32.9961,24773
33.0015,24800
33.0072,24766
33.0127,24779
33.0184,24769
33.0238,24781
33.0295,24767
33.0349,24704
33.0406,24732
33.046,24772
33.0517,24760
33.0571,24776
33.0628,24726
33.0682,24765
33.0739,24782
33.0793,24765
33.085,24804
33.0904,24803
33.0961,24797
33.1015,24798
33.1072,24704
33.1126,24803
33.1183,24769
33.1239,24729
33.1294,24772
33.135,24710
33.1405,24763
33.1462,24758
33.1515,24787
33.1572,24792
33.1626,24752
33.1683,24728
33.1739,24776
33.1794,24775
33.1851,24800
33.1905,24759
33.1962,24709
33.2016,24733
33.2073,24780
33.2127,24740
33.2184,24736
33.2238,24765
33.2295,24740
33.2349,24717
33.2406,24769
33.246,24734
33.2517,24691
33.2572,24783
33.2628,24778
33.2683,24731
33.274,24738
33.2794,24775
33.285,24736
33.2904,24777
33.2961,24820
33.3015,24754
33.3072,24772
33.3127,24784
33.3184,24793
33.3238,24791
33.3294,24815
33.3348,24767
33.3405,24700
33.3462,24709
33.3516,24764
33.357,24743
33.3627,24795
33.3684,24809
33.3738,24770
33.3795,24781
33.3849,24709
33.3906,24748
33.396,24783
33.4017,24750
33.4071,24761
33.4128,24776
33.4182,24756
33.4239,24753
33.4293,24737
33.435,24710
33.4404,24738
33.4461,24757
33.4517,24763
33.4572,24714
33.4629,24737
33.4683,24734
33.474,24666
33.4794,24720
33.4848,24688
33.4905,24723
33.4962,24683
33.5016,24726
33.5073,24702
33.5127,24713
33.5184,24736
33.5238,24720
33.5295,24708
33.5349,24686
33.5406,24805
33.5461,24735
33.5517,24688
33.5572,24726
33.5628,24755
33.5682,24731
33.5739,24725
33.5793,24760
33.585,24684
33.5904,24730
33.5962,24732
33.6016,24681
33.6073,24698
33.6127,24690
33.6184,24686
33.6238,24745
33.6295,24681
33.6349,24692
33.6406,24715
33.646,24711
33.6517,24700
33.6571,24697
33.6628,24619
33.6682,24660
33.6739,24657
33.6793,24688
33.685,24741
33.6904,24736
33.6961,24665
33.7015,24707
33.7072,24712
33.7126,24737
33.7183,24663
33.7237,24752
33.7294,24684
33.7351,24722
33.7405,24685
33.7462,24676
33.7516,24708
33.7573,24626
33.7627,24737
33.7684,24692
33.7738,24688
33.7795,24683
33.7848,24725
33.7905,24703
33.7959,24742
33.8016,24711
33.8073,24670
33.8126,24676
33.8183,24698
33.8237,24642
33.8294,24675
33.8348,24740
33.8405,24708
33.8462,24725
33.8516,24726
33.8572,24744
33.8627,24711
33.8683,24704
33.874,24617
33.8794,24618
33.8851,24678
33.8905,24710
33.8961,24650
33.9018,24701
33.9072,24640
33.9129,24594
33.9183,24733
33.9239,24727
33.9293,24698
33.935,24707
33.9404,24724
33.9461,24700
33.9515,24708
33.9572,24748
33.9629,24703
33.9683,24661
33.974,24669
33.9794,24679
33.9851,24671
33.9905,24739
33.9962,24713
34.0016,24653
34.0073,24706
34.0127,24684
34.0184,24639
34.0238,24713
34.0295,24697
34.035,24652
34.0407,24669
34.0461,24710
34.0518,24697
34.0572,24692
34.0629,24670
34.0683,24654
34.074,24688
34.0794,24669
34.0851,24710
34.0905,24730
34.0962,24687
34.1016,24683
34.1073,24702
34.1127,24628
34.1184,24613
34.1238,24635
34.1295,24701
34.135,24631
34.1406,24697
34.1461,24710
34.1517,24732
34.1572,24691
34.1629,24705
34.1683,24637
34.174,24672
34.1794,24689
34.1851,24712
34.1905,24680
34.1962,24680
34.2016,24694
34.2073,24615
34.2127,24648
34.2184,24659
34.2238,24715
34.2295,24667
34.2349,24693
34.2406,24668
34.246,24607
34.2517,24664
34.2571,24662
34.2628,24708
34.2682,24687
34.2739,24655
34.2793,24654
34.2851,24684
34.2905,24698
34.2962,24656
34.3016,24623
34.3073,24686
34.3127,24646
34.3184,24649
34.3238,24612
34.3295,24608
34.3349,24545
34.3406,24632
34.346,24597
34.3517,24567
34.3572,24617
34.3629,24613
34.3683,24622
34.374,24619
34.3794,24590
34.3851,24635
34.3905,24626
34.3959,24564
34.4016,24597
34.407,24583
34.4127,24590
34.4181,24614
34.4239,24553
34.4296,24639
34.435,24624
34.4407,24628
34.4461,24572
34.4518,24611
34.4572,24602
34.4629,24584
34.4683,24561
34.474,24627
34.4794,24644
34.4851,24680
34.4904,24582
34.4961,24621
34.5018,24677
34.5072,24642
34.5128,24652
34.5183,24632
34.5239,24536
34.5293,24612
34.535,24621
34.5404,24579
34.5461,24570
34.5515,24609
34.5572,24605
34.5629,24571
34.5683,24660
34.574,24693
34.5794,24647
34.5851,24615
34.5905,24618
34.5962,24622
34.6016,24687
34.6073,24687
34.6127,24673
34.6184,24696
34.6238,24629
34.6295,24620
34.6349,24676
34.6406,24617
34.646,24609
34.6517,24656
34.6571,24639
34.6628,24570
34.6682,24722
34.6739,24704
34.6793,24631
34.685,24690
34.6904,24637
34.6961,24674
34.7015,24655
34.7072,24609
34.7126,24651
34.7183,24599
34.7237,24682
34.7294,24697
34.7348,24680
34.7405,24567
34.7459,24638
34.7517,24657
34.7571,24630
34.7628,24707
34.7682,24631
34.7739,24684
34.7796,24590
34.785,24582
34.7907,24708
34.7961,24660
34.8018,24687
34.8072,24646
34.8129,24671
34.8183,24670
34.824,24676
34.8293,24614
34.835,24645
34.8404,24594
34.8461,24671
34.8518,24628
34.8572,24652
34.8629,24643
34.8683,24676
34.874,24561
34.8794,24609
34.8851,24676
34.8905,24624
34.8962,24597
34.9015,24526
34.9072,24670
34.9126,24573
34.9183,24622
34.924,24588
34.9294,24657
34.9351,24531
34.9405,24610
34.9462,24664
34.9516,24591
34.9573,24568
34.9627,24576
34.9684,24601
34.9738,24551
34.9795,24604
34.9849,24602
34.9906,24596
34.996,24623
35.0017,24622
35.0072,24616
35.0126,24628
35.0183,24557
35.0237,24664
35.0294,24578
35.0351,24674
35.0405,24579
35.0462,24631
35.0516,24650
35.0573,24670
35.0627,24551
35.0684,24618
35.0738,24545
35.0795,24648
35.085,24612
35.0907,24629
35.0959,24665
35.1016,24633
35.107,24573
35.1128,24671
35.1182,24639
35.1239,24634
35.1293,24608
35.135,24606
35.1404,24622
35.1461,24634
35.1518,24605
35.1572,24600
35.1629,24619
35.1682,24537
35.1739,24590
35.1793,24549
35.185,24613
35.1904,24565
35.1961,24589
35.2015,24604
35.2072,24557
35.2126,24636
35.2183,24626
35.2237,24683
35.2294,24672
35.2351,24638
35.2404,24609
35.2461,24600
35.2515,24609
35.2572,24642
35.2626,24594
35.2683,24603
35.2737,24665
35.2793,24622
35.285,24579
35.2905,24621
35.2962,24653
35.3016,24621
35.3072,24655
35.3128,24556
35.3182,24643
35.3239,24612
35.3293,24638
35.335,24675
35.3407,24634
35.3461,24685
35.3518,24594
35.3572,24664
35.3628,24581
35.3685,24672
35.3739,24614
35.3795,24582
35.3849,24596
35.3906,24616
35.396,24608
35.4017,24647
35.4071,24544
35.4128,24617
35.4182,24657
35.4239,24547
35.4293,24639
35.435,24631
35.4404,24653
35.4461,24649
35.4518,24625
35.4572,24558
35.4626,24621
35.4683,24548
35.4738,24538
35.4795,24582
35.4849,24591
35.4906,24557
35.496,24612
35.5017,24475
35.5071,24506
35.5128,24604
35.5182,24624
35.5239,24562
35.5293,24587
35.535,24586
35.5404,24579
35.5461,24585
35.5518,24627
35.5572,24628
35.5629,24586
35.5683,24622
35.5737,24586
35.5794,24629
35.5851,24605
35.5905,24675
35.596,24615
35.6016,24560
35.6073,24616
35.6128,24552
35.6185,24583
35.6239,24595
35.6296,24613
35.635,24601
35.6407,24572
35.6461,24602
35.6518,24574
35.6571,24573
35.6628,24463
35.6685,24519
35.6739,24540
35.6796,24561
35.685,24564
35.6907,24553
35.6961,24559
35.7018,24568
35.7072,24584
35.7129,24580
35.7183,24563
35.724,24535
35.7293,24544
35.735,24588
35.7404,24574
35.7461,24574
35.7518,24555
35.7572,24561
35.7629,24523
35.7683,24590
35.774,24549
35.7794,24579
35.7851,24608
35.7905,24562
35.7962,24575
35.8015,24572
35.8072,24514
35.8129,24552
35.8183,24609
35.824,24590
35.8294,24645
35.8351,24541
35.8405,24570
35.8462,24575
35.8516,24652
35.8573,24605
35.8627,24537
35.8684,24580
35.8737,24554
35.8794,24557
35.8848,24499
35.8905,24538
35.8959,24537
35.9016,24617
35.9073,24617
35.9127,24564
35.9184,24604
35.9239,24572
35.9295,24504
35.935,24452
35.9407,24542
35.9461,24489
35.9518,24494
35.9572,24527
35.9629,24559
35.9683,24573
35.974,24542
35.9794,24516
35.9851,24570
35.9905,24531
35.9962,24546
36.0016,24557
36.0073,24584
36.0127,24521
36.0184,24546
36.0238,24555
36.0295,24549
36.0349,24590
36.0406,24575
36.046,24592
36.0517,24535
36.0571,24537
36.0628,24550
36.0682,24615
36.0739,24586
36.0794,24523
36.0851,24565
36.0905,24545
36.0962,24558
36.1016,24525
36.1073,24536
36.1127,24499
36.1184,24580
36.1238,24590
36.1295,24556
36.1349,24569
36.1406,24536
36.146,24531
36.1517,24595
36.1571,24537
36.1628,24599
36.1682,24549
36.1739,24566
36.1796,24568
36.185,24506
36.1907,24590
36.1961,24593
36.2018,24524
36.2072,24564
36.2129,24567
36.2183,24539
36.224,24576
36.2294,24519
36.2348,24514
36.2405,24547
36.246,24545
36.2517,24522
36.2571,24490
36.2628,24538
36.2682,24537
36.2739,24557
36.2793,24512
36.285,24496
36.2907,24531
36.2961,24513
36.3018,24478
36.3072,24560
36.3129,24559
36.3183,24499
36.324,24549
36.3294,24543
36.3351,24520
36.3405,24526
36.3462,24479
36.3517,24566
36.3573,24565
36.3628,24525
36.3685,24515
36.3739,24451
36.3796,24522
36.385,24528
36.3904,24513
36.3961,24503
36.4015,24500
36.4072,24536
36.4126,24538
36.4183,24567
36.4237,24509
36.4294,24533
36.4351,24527
36.4405,24563
36.4462,24483
36.4516,24538
36.4573,24520
36.4627,24576
36.4684,24533
36.4738,24522
36.4795,24449
36.485,24493
36.4906,24597
36.4961,24582
36.5018,24584
36.5072,24497
36.5129,24505
36.5183,24543
36.524,24562
36.5294,24506
36.5351,24496
36.5405,24519
36.5462,24537
36.5516,24534
36.5573,24461
36.5627,24536
36.5684,24505
36.5739,24482
36.5793,24528
36.585,24527
36.5907,24482
36.5961,24481
36.6018,24533
36.6072,24537
36.6129,24507
36.6183,24566
36.624,24516
36.6293,24558
36.635,24575
36.6404,24508
36.6461,24520
36.6515,24508
36.6572,24530
36.6629,24568
36.6683,24462
36.674,24509
36.6794,24487
36.6851,24621
36.6905,24525
36.6962,24484
36.7015,24586
36.7072,24542
36.7126,24540
36.7183,24513
36.7237,24488
36.7294,24518
36.7351,24532
36.7405,24551
36.7462,24417
36.7517,24516
36.7574,24483
36.7628,24576
36.7685,24490
36.7737,24513
36.7795,24499
36.7849,24500
36.7906,24544
36.796,24482
36.8016,24534
36.8073,24468
36.8127,24412
36.8184,24544
36.8238,24520
36.8294,24502
36.8351,24500
36.8405,24542
36.846,24507
36.8517,24500
36.8571,24521
36.8628,24503
36.8682,24446
36.8739,24469
36.8793,24519
36.885,24501
36.8907,24491
36.8961,24580
36.9018,24527
36.9072,24554
36.9128,24486
36.9182,24568
36.9239,24463
36.9296,24501
36.935,24544
36.9406,24455
36.946,24568
36.9517,24528
36.9571,24489
36.9628,24572
36.9682,24520
36.9739,24507
36.9793,24429
36.985,24527
36.9904,24488
36.9961,24500
37.0015,24536
37.0072,24543
37.0127,24478
37.0184,24556
37.0238,24477
37.0295,24494
37.0349,24534
37.0406,24514
37.0463,24506
37.0517,24495
37.0574,24490
37.0628,24606
37.0685,24535
37.0739,24546
37.0796,24547
37.085,24579
37.0907,24539
37.0961,24574
37.1018,24590
37.1072,24586
37.1129,24575
37.1183,24522
37.124,24528
37.1294,24502
37.1351,24537
37.1405,24561
37.1462,24545
37.1516,24562
37.1573,24498
37.1627,24587
37.1684,24543
37.1738,24483
37.1795,24486
37.1849,24531
37.1906,24501
37.1961,24489
37.2017,24487
37.2072,24504
37.2129,24468
37.2183,24476
37.224,24544
37.2294,24479
37.2351,24536
37.2405,24473
37.2462,24545
37.2516,24478
37.2573,24437
37.2627,24470
37.2684,24515
37.2738,24492
37.2795,24494
37.285,24499
37.2907,24496
37.2961,24504
37.3018,24471
37.3072,24484
37.3129,24511
37.3183,24482
37.3237,24426
37.3294,24490
37.3351,24486
37.3405,24527
37.3462,24510
37.3516,24409
37.3573,24473
37.3627,24493
37.3684,24530
37.3739,24493
37.3795,24459
37.3849,24467
37.3905,24516
37.396,24471
37.4017,24509
37.4073,24473
37.4128,24534
37.4185,24454
37.4239,24490
37.4296,24519
37.435,24555
37.4407,24533
37.4461,24540
37.4518,24435
37.4572,24503
37.4629,24469
37.4683,24484
37.474,24494
37.4794,24488
37.4851,24468
37.4905,24463
37.4962,24535
37.5016,24468
37.5071,24580
37.5128,24506
37.5185,24506
37.5239,24507
37.5293,24461
37.535,24500
37.5404,24436
37.5461,24454
37.5515,24518
37.5572,24387
37.5629,24504
37.5684,24584
37.5738,24551
37.5795,24504
37.5849,24511
37.5906,24532
37.596,24461
37.6017,24499
37.6071,24495
37.6128,24487
37.6182,24526
37.6239,24423
37.6293,24449
37.635,24449
37.6405,24424
37.6461,24491
37.6515,24497
37.6572,24565
37.6627,24432
37.6684,24549
37.6738,24516
37.6795,24497
37.6849,24551
37.6906,24515
37.696,24511
37.7017,24536
37.7071,24524
37.7128,24529
37.7185,24598
37.7239,24490
37.7296,24540
37.735,24502
37.7407,24506
37.7461,24447
37.7518,24517
37.7572,24581
37.7629,24485
37.7683,24550
37.774,24571
37.7794,24515
37.7851,24513
37.7905,24594
37.7962,24545
37.8016,24578
37.8073,24580
37.8127,24559
37.8184,24559
37.8238,24572
37.8296,24563
37.835,24554
37.8404,24595
37.8461,24561
37.8518,24536
37.8572,24533
37.8629,24557
37.8683,24536
37.874,24496
37.8794,24563
37.8851,24588
37.8905,24580
37.8962,24526
37.9016,24589
37.9073,24620
37.9128,24547
37.9184,24591
37.9239,24514
37.9296,24523
37.935,24510
37.9407,24442
37.9461,24513
37.9518,24520
37.9572,24532
37.9629,24472
37.9683,24514
37.974,24528
37.9794,24452
37.9851,24377
37.9905,24493
37.9962,24471
38.0016,24431
38.0073,24490
38.0128,24489
38.0184,24506
38.0239,24442
38.0296,24463
38.035,24501
38.0407,24480
38.0461,24464
38.0518,24516
38.0572,24505
38.0629,24549
38.0683,24484
38.074,24505
38.0794,24530
38.0851,24521
38.0905,24488
38.0962,24406
38.1016,24495
38.1073,24446
38.1127,24467
38.1184,24465
38.1239,24462
38.1295,24501
38.135,24507
38.1407,24527
38.1461,24492
38.1518,24457
38.1572,24495
38.1629,24478
38.1683,24466
38.174,24513
38.1794,24488
38.1851,24515
38.1905,24449
38.1962,24456
38.2016,24457
38.2073,24490
38.2127,24500
38.2184,24436
38.2238,24476
38.2295,24497
38.235,24504
38.2407,24550
38.2461,24471
38.2518,24451
38.2572,24437
38.2626,24514
38.2683,24485
38.2738,24497
38.2794,24520
38.2851,24566
38.2905,24473
38.2962,24524
38.3017,24521
38.3074,24499
38.3128,24479
38.3185,24450
38.3238,24405
38.3295,24476
38.3349,24511
38.3406,24494
38.346,24528
38.3516,24462
38.3573,24456
38.3627,24539
38.3684,24503
38.3738,24513
38.3794,24489
38.3851,24489
38.3905,24512
38.3962,24516
38.4016,24491
38.4072,24460
38.4129,24459
38.4183,24546
38.424,24533
38.4294,24448
38.435,24535
38.4407,24471
38.4461,24490
38.4518,24489
38.4572,24542
38.4628,24502
38.4682,24440
38.4739,24517
38.4793,24488
38.485,24537
38.4905,24487
38.4962,24529
38.5016,24487
38.5073,24526
38.5127,24481
38.5184,24487
38.5238,24500
38.5295,24527
38.535,24411
38.5406,24557
38.5461,24494
38.5518,24452
38.5572,24518
38.5629,24470
38.5683,24482
38.574,24505
38.5794,24495
38.5851,24496
38.5905,24522
38.5962,24540
38.6016,24500
38.6073,24497
38.6127,24441
38.6184,24516
38.6238,24494
38.6295,24502
38.6349,24542
38.6406,24498
38.646,24490
38.6517,24432
38.6571,24519
38.6628,24529
38.6685,24515
38.674,24522
38.6794,24487
38.6851,24504
38.6905,24536
38.6962,24516
38.7016,24504
38.7073,24525
38.7127,24533
38.7184,24510
38.7239,24485
38.7296,24507
38.735,24550
38.7407,24509
38.7461,24507
38.7518,24479
38.7572,24542
38.7629,24482
38.7683,24525
38.774,24530
38.7795,24521
38.7852,24555
38.7906,24517
38.7963,24499
38.8017,24491
38.8074,24553
38.8128,24579
38.8185,24514
38.8239,24472
38.8294,24490
38.8351,24468
38.8405,24528
38.8462,24550
38.8516,24576
38.8573,24515
38.8627,24501
38.8684,24520
38.8738,24476
38.8795,24521
38.885,24472
38.8907,24546
38.8961,24490
38.9018,24472
38.9072,24473
38.9127,24484
38.9184,24543
38.9238,24469
38.9295,24491
38.9349,24490
38.9406,24521
38.9461,24541
38.9517,24500
38.9572,24488
38.9629,24516
38.9683,24495
38.974,24535
38.9794,24486
38.9851,24527
38.9908,24543
38.9962,24456
39.0016,24463
39.0073,24531
39.0128,24482
39.0185,24459
39.0239,24500
39.0296,24480
39.035,24466
39.0407,24533
39.0461,24549
39.0518,24479
39.0572,24475
39.0629,24528
39.0684,24489
39.0741,24490
39.0795,24533
39.0852,24484
39.0906,24584
39.0963,24470
39.1017,24501
39.1074,24522
39.1128,24504
39.1185,24507
39.124,24505
39.1297,24446
39.1351,24473
39.1408,24544
39.1462,24529
39.1519,24470
39.1573,24517
39.1627,24538
39.1684,24479
39.1738,24498
39.1795,24552
39.185,24471
39.1907,24482
39.1961,24499
39.2018,24486
39.2072,24465
39.2129,24476
39.2183,24476
39.224,24458
39.2294,24418
39.2351,24491
39.2405,24463
39.2462,24425
39.2516,24493
39.2573,24469
39.2628,24473
39.2685,24509
39.2739,24495
39.2794,24401
39.2851,24437
39.2908,24464
39.2962,24491
39.3019,24448
39.3073,24501
39.313,24476
39.3184,24448
39.3241,24438
39.3295,24461
39.3352,24523
39.3406,24438
39.3463,24541
39.3516,24463
39.3573,24469
39.363,24442
39.3684,24428
39.3741,24439
39.3795,24466
39.3852,24533
39.3906,24525
39.3963,24458
39.4017,24450
39.4074,24525
39.4128,24463
39.4185,24470
39.4239,24481
39.4296,24530
39.435,24463
39.4407,24471
39.4462,24525
39.4519,24465
39.4573,24475
39.463,24524
39.4684,24403
39.4741,24469
39.4795,24495
39.4852,24490
39.4906,24483
39.496,24448
39.5017,24418
39.5074,24445
39.5129,24507
39.5186,24526
39.524,24450
39.5297,24494
39.5351,24516
39.5408,24464
39.5461,24516
39.5518,24439
39.5572,24441
39.5629,24429
39.5683,24475
39.574,24525
39.5794,24461
39.5851,24459
39.5908,24483
39.5962,24437
39.6016,24387
39.6073,24504
39.6128,24461
39.6183,24510
39.624,24432
39.6294,24455
39.6351,24380
39.6405,24515
39.6462,24500
39.6519,24428
39.6573,24461
39.663,24429
39.6684,24417
39.6741,24446
39.6795,24411
39.6852,24464
39.6905,24454
39.6962,24444
39.7016,24406
39.7073,24368
39.7128,24459
39.7185,24404
39.7239,24424
39.7296,24387
39.7353,24435
39.7407,24494
39.7461,24370
39.7518,24380
39.7572,24418
39.7629,24428
39.7683,24409
39.774,24323
39.7794,24411
39.7851,24375
39.7905,24457
39.7962,24432
39.8016,24430
39.8073,24506
39.8128,24446
39.8184,24469
39.8239,24400
39.8296,24457
39.835,24452
39.8407,24393
39.8461,24417
39.8518,24441
39.8572,24480
39.8629,24430
39.8686,24448
39.8739,24450
39.8796,24461
39.885,24501
39.8907,24452
39.8961,24418
39.9017,24437
39.9074,24460
39.9128,24467
39.9185,24552
39.924,24383
39.9295,24422
39.935,24419
39.9407,24476
39.9461,24482
39.9518,24480
39.9572,24379
39.9629,24411
39.9683,24422
39.974,24322
39.9794,24415
39.9851,24435
39.9905,24404
39.9962,24442
40.0016,24445
40.0073,24444
40.013,24440
40.0184,24456
40.0241,24450
40.0295,24467
40.0352,24390
40.0406,24414
40.0463,24403
40.0517,24327
40.0574,24458
40.0628,24379
40.0685,24389
40.0739,24411
40.0796,24330
40.085,24507
40.0907,24355
40.0961,24387
40.1019,24381
40.1073,24331
40.113,24422
40.1184,24389
40.1241,24374
40.1295,24396
40.1352,24374
40.1406,24448
40.1463,24344
40.1517,24430
40.1574,24347
40.1628,24377
40.1685,24380
40.1739,24398
40.1796,24353
40.185,24413
40.1907,24371
40.1961,24375
40.2018,24356
40.2073,24376
40.2129,24354
40.2184,24396
40.2241,24343
40.2295,24356
40.2352,24347
40.2406,24347
40.2463,24379
40.2518,24370
40.2575,24413
40.2629,24399
40.2686,24436
40.274,24403
40.2797,24376
40.2851,24347
40.2905,24295
40.2962,24401
40.3017,24380
40.3074,24342
40.3128,24363
40.3185,24429
40.3239,24504
40.3296,24417
40.335,24406
40.3407,24424
40.3462,24384
40.3518,24365
40.3573,24351
40.363,24352
40.3684,24499
40.3741,24430
40.3795,24392
40.3852,24512
40.3906,24414
40.3961,24409
40.4018,24372
40.4075,24438
40.4129,24381
40.4186,24426
40.424,24434
40.4297,24404
40.4352,24418
40.4408,24461
40.4462,24402
40.4519,24474
40.4573,24417
40.463,24415
40.4684,24437
40.4741,24392
40.4796,24384
40.4853,24545
40.4907,24417
40.4964,24410
40.5018,24502
40.5075,24499
40.5129,24484
40.5186,24391
40.524,24495
40.5297,24384
40.5351,24515
40.5408,24437
40.5462,24513
40.5519,24417
40.5573,24402
40.563,24416
40.5684,24404
40.5741,24371
40.5795,24372
40.5852,24352
40.5906,24339
40.5963,24386
