Experiment: Mar_16_osmo_expt vial 3, Tue Mar 16 20:56:43 2021
0.0015,28402
0.0064,28387
0.0118,28391
0.0175,28396
0.0229,28391
0.0286,28386
0.034,28393
0.0397,28391
0.0451,28393
0.0508,28402
0.0562,28371
0.0619,28400
0.0673,28404
0.073,28391
0.0784,28396
0.0841,28394
0.0897,28400
0.0951,28389
0.1008,28404
0.1062,28403
0.1119,28403
0.1173,28401
0.123,28398
0.1284,28394
0.1341,28395
0.1395,28391
0.1452,28393
0.1505,28394
0.1562,28395
0.1619,28389
0.1673,28398
0.173,28393
0.1784,28385
0.1841,28391
0.1895,28388
0.1952,28384
0.2006,28387
0.2063,28387
0.2117,28393
0.2173,28394
0.2231,28390
0.2285,28386
0.2342,28389
0.2395,28394
0.2452,28393
0.2506,28398
0.2563,28398
0.2617,28402
0.2673,28393
0.273,28395
0.2784,28397
0.284,28401
0.2897,28398
0.2951,28398
0.3008,28401
0.3062,28388
0.3119,28396
0.3173,28394
0.3229,28392
0.3286,28396
0.334,28398
0.3397,28385
0.3451,28386
0.3507,28390
0.3561,28391
0.3618,28399
0.3673,28395
0.3729,28395
0.3785,28406
0.3839,28403
0.3897,28400
0.3951,28406
0.4007,28409
0.4061,28397
0.4118,28399
0.4172,28402
0.4229,28401
0.4283,28401
0.434,28399
0.4397,28399
0.4451,28397
0.4508,28402
0.4562,28395
0.462,28409
0.4674,28398
0.473,28397
0.4785,28393
0.4841,28399
0.4895,28398
0.4952,28399
0.5007,28393
0.5063,28392
0.5117,28392
0.5174,28385
0.5228,28402
0.5285,28399
0.5342,28389
0.5396,28392
0.5453,28393
0.5507,28394
0.5564,28393
0.5618,28396
0.5675,28401
0.5729,28406
0.5786,28402
0.584,28405
0.5897,28401
0.5951,28404
0.6008,28399
0.6062,28402
0.6119,28402
0.6173,28405
0.623,28402
0.6285,28403
0.6341,28407
0.6395,28397
0.6452,28399
0.6506,28398
0.6563,28403
0.6617,28408
0.6674,28401
0.6728,28401
0.6785,28405
0.684,28395
0.6897,28391
0.6951,28401
0.7007,28387
0.7062,28390
0.7119,28392
0.7173,28388
0.723,28402
0.7286,28409
0.7341,28402
0.7398,28406
0.7451,28406
0.7508,28404
0.7562,28411
0.7619,28410
0.7673,28412
0.773,28419
0.7784,28418
0.7841,28417
0.7895,28418
0.7952,28418
0.8006,28416
0.8063,28410
0.812,28406
0.8174,28414
0.8231,28413
0.8285,28412
0.8341,28411
0.8396,28409
0.8453,28401
0.8507,28415
0.8561,28413
0.8618,28404
0.8675,28406
0.8729,28411
0.8786,28414
0.884,28405
0.8897,28409
0.8951,28397
0.9008,28408
0.9062,28403
0.9119,28409
0.9173,28405
0.923,28406
0.9284,28411
0.9341,28413
0.9395,28415
0.9452,28420
0.9507,28415
0.9564,28420
0.9618,28424
0.9675,28417
0.9729,28417
0.9786,28422
0.984,28415
0.9897,28415
0.9951,28407
1.0008,28404
1.0062,28411
1.0119,28413
1.0173,28412
1.023,28419
1.0284,28416
1.0341,28419
1.0395,28416
1.0452,28417
1.0506,28407
1.0563,28417
1.0618,28410
1.0675,28411
1.0729,28413
1.0786,28407
1.084,28412
1.0897,28412
1.0951,28407
1.1007,28412
1.1062,28405
1.1119,28409
1.1173,28416
1.1229,28411
1.1284,28408
1.134,28417
1.1394,28417
1.1451,28419
1.1508,28415
1.1563,28416
1.1619,28413
1.1673,28410
1.173,28408
1.1784,28419
1.1841,28420
1.1895,28418
1.1952,28417
1.2006,28411
1.2063,28416
1.212,28413
1.2174,28418
1.2231,28417
1.2285,28410
1.2342,28412
1.2396,28415
1.2453,28411
1.2507,28409
1.2564,28407
1.2618,28408
1.2674,28403
1.2728,28408
1.2785,28411
1.284,28409
1.2897,28413
1.2951,28416
1.3007,28414
1.3064,28402
1.3118,28401
1.3175,28408
1.3229,28410
1.3286,28410
1.334,28404
1.3397,28403
1.3451,28411
1.3508,28408
1.3562,28412
1.3619,28411
1.3673,28410
1.373,28424
1.3784,28428
1.3841,28426
1.3895,28415
1.3952,28413
1.4006,28412
1.4063,28417
1.4117,28419
1.4174,28414
1.4228,28412
1.4285,28411
1.4339,28411
1.4396,28413
1.445,28416
1.4507,28419
1.4561,28404
1.4618,28417
1.4672,28408
1.4729,28406
1.4786,28404
1.484,28406
1.4897,28398
1.4951,28409
1.5008,28412
1.5062,28406
1.5119,28405
1.5173,28408
1.523,28417
1.5284,28409
1.5341,28406
1.5395,28413
1.5452,28417
1.5507,28417
1.5564,28419
1.5617,28416
1.5674,28421
1.5729,28418
1.5785,28413
1.584,28417
1.5897,28422
1.5951,28414
1.6008,28412
1.6062,28411
1.6119,28413
1.6173,28411
1.6229,28413
1.6286,28408
1.634,28403
1.6397,28401
1.6451,28397
1.6508,28397
1.6562,28402
1.6619,28413
1.6673,28427
1.673,28430
1.6784,28436
1.6841,28438
1.6895,28443
1.6952,28440
1.7006,28426
1.7061,28437
1.7118,28427
1.7175,28427
1.7229,28426
1.7286,28426
1.7339,28420
1.7396,28412
1.7453,28413
1.7507,28405
1.7564,28418
1.7617,28423
1.7674,28416
1.7731,28419
1.7785,28413
1.7842,28414
1.7895,28412
1.7952,28419
1.8006,28424
1.8063,28421
1.8117,28414
1.8174,28424
1.823,28418
1.8284,28423
1.8341,28418
1.8396,28413
1.8452,28418
1.8506,28416
1.8563,28413
1.8617,28421
1.8674,28416
1.873,28416
1.8784,28414
1.8841,28417
1.8897,28409
1.8951,28412
1.9008,28405
1.9062,28419
1.9119,28409
1.9173,28414
1.923,28412
1.9284,28414
1.9341,28417
1.9397,28412
1.9452,28415
1.9508,28420
1.9563,28413
1.9619,28410
1.9674,28414
1.973,28421
1.9784,28415
1.9841,28410
1.9895,28411
1.9952,28416
2.0007,28414
2.0064,28411
2.0118,28415
2.0173,28418
2.023,28411
2.0286,28414
2.0341,28419
2.0398,28419
2.0452,28415
2.0508,28416
2.0562,28423
2.0619,28419
2.0673,28421
2.073,28425
2.0784,28418
2.0841,28422
2.0895,28415
2.0952,28425
2.1009,28420
2.1063,28425
2.112,28429
2.1174,28419
2.1228,28416
2.1285,28424
2.134,28427
2.1396,28418
2.1453,28417
2.1507,28409
2.1564,28411
2.1618,28410
2.1675,28413
2.1729,28416
2.1786,28413
2.184,28413
2.1897,28405
2.1951,28403
2.2008,28410
2.2062,28405
2.2119,28402
2.2175,28399
2.223,28398
2.2286,28407
2.234,28400
2.2397,28399
2.2451,28404
2.2508,28409
2.2563,28404
2.2619,28400
2.2673,28402
2.273,28404
2.2784,28409
2.2841,28410
2.2898,28408
2.2952,28408
2.3009,28408
2.3063,28409
2.312,28409
2.3174,28405
2.3231,28403
2.3285,28409
2.3342,28403
2.3396,28415
2.3452,28408
2.3506,28410
2.3563,28409
2.3617,28400
2.3674,28408
2.3731,28408
2.3785,28409
2.3842,28412
2.3896,28404
2.3953,28411
2.4007,28408
2.4064,28407
2.4118,28413
2.4175,28412
2.4229,28416
2.4286,28410
2.434,28408
2.4397,28405
2.4451,28404
2.4508,28406
2.4562,28397
2.4619,28413
2.4673,28413
2.473,28408
2.4784,28411
2.4841,28415
2.4895,28416
2.4952,28417
2.5009,28419
2.5063,28409
2.512,28413
2.5174,28421
2.5231,28420
2.5285,28413
2.5342,28412
2.5396,28415
2.5453,28416
2.5507,28416
2.5564,28413
2.5618,28415
2.5675,28416
2.5729,28410
2.5786,28414
2.584,28417
2.5896,28421
2.5953,28410
2.6007,28414
2.6064,28418
2.6118,28412
2.6175,28415
2.6229,28412
2.6286,28413
2.6341,28417
2.6398,28418
2.6452,28412
2.6509,28414
2.6563,28410
2.6619,28408
2.6674,28413
2.6731,28401
2.6785,28403
2.6841,28411
2.6898,28414
2.6952,28409
2.7009,28410
2.7063,28411
2.712,28407
2.7174,28407
2.7231,28407
2.7285,28403
2.7342,28396
2.7396,28409
2.7453,28420
2.7507,28423
2.7564,28435
2.762,28436
2.7674,28444
2.7731,28448
2.7785,28447
2.7842,28455
2.7896,28462
2.7953,28465
2.8007,28467
2.8064,28467
2.812,28470
2.8175,28473
2.8231,28471
2.8285,28476
2.8342,28471
2.8396,28472
2.8453,28479
2.8507,28481
2.8564,28477
2.8618,28479
2.8675,28479
2.8729,28477
2.8786,28477
2.884,28478
2.8897,28478
2.8954,28478
2.9008,28484
2.9065,28485
2.9119,28482
2.9175,28483
2.923,28482
2.9286,28482
2.934,28489
2.9397,28489
2.9451,28483
2.9508,28482
2.9565,28489
2.9619,28490
2.9676,28483
2.973,28489
2.9787,28481
2.9841,28487
2.9898,28486
2.9952,28485
3.0009,28473
3.0063,28489
3.012,28488
3.0174,28484
3.0229,28486
3.0286,28486
3.0343,28485
3.0397,28484
3.0454,28484
3.0508,28475
3.0565,28475
3.0619,28477
3.0676,28485
3.073,28488
3.0787,28478
3.0841,28483
3.0898,28487
3.0952,28484
3.1008,28481
3.1063,28488
3.1119,28483
3.1174,28481
3.1231,28489
3.1284,28481
3.1341,28479
3.1398,28480
3.1452,28486
3.1509,28488
3.1563,28487
3.162,28486
3.1674,28487
3.1731,28482
3.1785,28480
3.1842,28477
3.1896,28483
3.1953,28486
3.2007,28483
3.2064,28484
3.2118,28483
3.2175,28482
3.2231,28481
3.2285,28483
3.2342,28480
3.2396,28476
3.2453,28482
3.2507,28480
3.2564,28479
3.2618,28479
3.2675,28482
3.2729,28481
3.2786,28473
3.284,28476
3.2897,28483
3.2951,28481
3.3008,28482
3.3065,28478
3.3118,28481
3.3175,28478
3.3229,28482
3.3286,28477
3.334,28478
3.3397,28483
3.3453,28483
3.3507,28481
3.3564,28481
3.3618,28482
3.3675,28482
3.3731,28473
3.3786,28481
3.3842,28481
3.3897,28481
3.3953,28476
3.401,28476
3.4064,28484
3.4118,28480
3.4175,28475
3.4231,28481
3.4285,28478
3.4342,28476
3.4396,28483
3.4453,28481
3.4507,28487
3.4564,28484
3.4621,28485
3.4675,28478
3.4729,28477
3.4786,28478
3.4843,28478
3.4897,28479
3.4954,28481
3.5008,28481
3.5065,28480
3.5119,28484
3.5176,28484
3.523,28483
3.5287,28478
3.5341,28485
3.5398,28494
3.5452,28484
3.5509,28485
3.5565,28483
3.5619,28484
3.5676,28482
3.573,28482
3.5787,28487
3.5841,28483
3.5898,28483
3.5952,28480
3.6009,28482
3.6063,28483
3.6121,28482
3.6175,28474
3.6232,28482
3.6286,28483
3.6343,28478
3.6397,28477
3.6454,28487
3.6508,28486
3.6564,28482
3.6618,28486
3.6675,28483
3.6729,28480
3.6786,28480
3.684,28478
3.6897,28484
3.6951,28483
3.7008,28479
3.7065,28477
3.7119,28482
3.7176,28483
3.723,28476
3.7287,28484
3.7341,28487
3.7398,28482
3.7453,28480
3.7509,28481
3.7563,28482
3.762,28477
3.7674,28482
3.7731,28481
3.7785,28479
3.7842,28480
3.7896,28480
3.7953,28485
3.8007,28484
3.8064,28480
3.8118,28480
3.8175,28485
3.8232,28477
3.8286,28480
3.8343,28484
3.8397,28483
3.8454,28481
3.8508,28484
3.8565,28485
3.8619,28481
3.8676,28482
3.873,28479
3.8787,28478
3.8841,28479
3.8897,28479
3.8954,28483
3.9008,28484
3.9065,28478
3.9119,28480
3.9176,28485
3.923,28485
3.9287,28481
3.9341,28482
3.9398,28486
3.9453,28476
3.951,28473
3.9563,28475
3.962,28478
3.9674,28477
3.9731,28475
3.9785,28478
3.9842,28481
3.9896,28474
3.9953,28482
4.001,28482
4.0065,28479
4.0119,28473
4.0175,28481
4.0229,28483
4.0287,28480
4.034,28477
4.0397,28483
4.0454,28483
4.0508,28474
4.0565,28480
4.062,28485
4.0674,28482
4.0731,28484
4.0788,28485
4.0842,28483
4.0899,28482
4.0953,28481
4.1009,28480
4.1064,28487
4.1121,28479
4.1175,28481
4.1232,28489
4.1286,28486
4.1343,28486
4.1397,28488
4.1454,28483
4.1509,28487
4.1565,28486
4.162,28480
4.1674,28492
4.1731,28488
4.1788,28482
4.1842,28489
4.1898,28495
4.1952,28483
4.2009,28482
4.2063,28479
4.212,28483
4.2174,28486
4.2231,28484
4.2285,28487
4.2342,28480
4.2396,28486
4.2453,28489
4.2508,28481
4.2565,28480
4.2619,28483
4.2676,28473
4.273,28482
4.2787,28485
4.2841,28477
4.2898,28480
4.2952,28485
4.3009,28478
4.3063,28492
4.312,28490
4.3174,28485
4.3231,28480
4.3288,28488
4.3342,28484
4.3399,28481
4.3453,28483
4.3509,28486
4.3564,28490
4.362,28487
4.3675,28487
4.3732,28490
4.3786,28490
4.3843,28485
4.3897,28486
4.3954,28483
4.4008,28482
4.4065,28483
4.4119,28483
4.4176,28485
4.423,28483
4.4287,28486
4.4341,28483
4.4398,28480
4.4452,28483
4.4509,28488
4.4563,28483
4.462,28478
4.4674,28487
4.4731,28488
4.4785,28477
4.4842,28482
4.4896,28478
4.4953,28481
4.5007,28479
4.5064,28474
4.5118,28481
4.5175,28479
4.5229,28476
4.5286,28481
4.5343,28488
4.5397,28480
4.5454,28482
4.5508,28481
4.5565,28475
4.562,28489
4.5677,28479
4.5731,28479
4.5788,28487
4.5842,28486
4.5899,28484
4.5953,28484
4.601,28481
4.6064,28473
4.6121,28477
4.6175,28481
4.6232,28478
4.6286,28476
4.6343,28479
4.6397,28490
4.6454,28476
4.6508,28482
4.6565,28487
4.6619,28484
4.6676,28481
4.673,28485
4.6787,28491
4.6841,28483
4.6898,28478
4.6952,28476
4.7009,28483
4.7063,28479
4.712,28484
4.7174,28488
4.7231,28481
4.7285,28484
4.7342,28480
4.7399,28479
4.7453,28484
4.751,28488
4.7564,28482
4.7621,28482
4.7713,28487
4.7785,28483
4.7786,28481
4.7841,28485
4.7898,28485
4.7952,28479
4.8009,28485
4.8063,28476
4.812,28464
4.8182,28462
4.826,28457
4.8315,28452
4.8343,28456
4.8398,28451
4.8502,28456
4.8587,28454
4.8587,28455
4.8619,28458
4.8715,28460
4.8816,28463
4.8843,28459
4.8843,28465
4.8897,28473
4.8953,28466
4.9007,28470
4.9064,28474
4.9121,28475
4.9175,28480
4.9232,28480
4.9286,28478
4.9343,28477
4.9397,28483
4.9453,28471
4.951,28483
4.9564,28476
4.9621,28477
4.9675,28479
4.9731,28484
4.9786,28479
4.9843,28483
4.9897,28480
4.9953,28479
5.0008,28477
5.0065,28481
5.0119,28480
5.0176,28477
5.023,28476
5.0287,28478
5.0341,28482
5.0398,28478
5.0454,28470
5.0509,28473
5.0565,28477
5.062,28478
5.0677,28471
5.0731,28475
5.0788,28476
5.0842,28475
5.0899,28475
5.0953,28478
5.101,28474
5.1064,28476
5.1121,28474
5.1175,28475
5.1232,28480
5.1286,28482
5.1343,28481
5.1397,28477
5.1454,28481
5.151,28480
5.1565,28476
5.1621,28476
5.1676,28479
5.1732,28478
5.1786,28478
5.1843,28475
5.1898,28476
5.1954,28482
5.2009,28483
5.2066,28480
5.212,28481
5.2177,28479
5.2231,28486
5.2288,28486
5.2342,28484
5.2399,28483
5.2453,28486
5.251,28486
5.2564,28486
5.2621,28483
5.2675,28482
5.2732,28477
5.2786,28486
5.2843,28481
5.2897,28481
5.2954,28486
5.3008,28484
5.3065,28486
5.3119,28483
5.3176,28484
5.323,28481
5.3287,28484
5.3341,28478
5.3398,28483
5.3455,28492
5.3509,28486
5.3565,28481
5.362,28488
5.3677,28484
5.373,28483
5.3787,28481
5.3842,28488
5.3899,28489
5.3953,28485
5.401,28482
5.4064,28481
5.4121,28482
5.4175,28479
5.4232,28481
5.4286,28484
5.4343,28485
5.4397,28486
5.4454,28484
5.4511,28487
5.4565,28481
5.4622,28483
5.4676,28483
5.4733,28480
5.4787,28483
5.4844,28484
5.4898,28479
5.4952,28486
5.5009,28483
5.5066,28478
5.512,28486
5.5177,28486
5.5231,28485
5.5288,28483
5.5342,28486
5.5399,28488
5.5453,28481
5.551,28486
5.5564,28485
5.5621,28489
5.5675,28483
5.5732,28483
5.5786,28484
5.5843,28489
5.5897,28485
5.5954,28483
5.6008,28484
5.6065,28485
5.6119,28484
5.6176,28482
5.623,28483
5.6287,28483
5.6341,28475
5.6398,28482
5.6455,28480
5.6509,28483
5.6565,28481
5.662,28478
5.6677,28477
5.6731,28480
5.6788,28487
5.6842,28484
5.6899,28481
5.6953,28484
5.701,28485
5.7064,28480
5.7121,28479
5.7175,28480
5.7232,28483
5.7286,28483
5.7343,28478
5.7399,28478
5.7453,28487
5.751,28481
5.7565,28482
5.7622,28484
5.7676,28488
5.7732,28480
5.7786,28479
5.7843,28480
5.7897,28482
5.7954,28485
5.8008,28485
5.8065,28480
5.8119,28481
5.8176,28482
5.823,28477
5.8287,28477
5.8341,28476
5.8398,28479
5.8455,28482
5.8509,28479
5.8566,28483
5.862,28481
5.8677,28478
5.8731,28475
5.8788,28484
5.8842,28481
5.8899,28481
5.8953,28480
5.901,28482
5.9064,28482
5.9121,28478
5.9175,28479
5.9232,28487
5.9286,28481
5.9343,28486
5.9397,28484
5.9454,28478
5.9508,28483
5.9565,28484
5.9619,28481
5.9676,28480
5.973,28482
5.9787,28482
5.9841,28482
5.9898,28480
5.9955,28483
6.0009,28477
6.0063,28476
6.012,28486
6.0174,28494
6.023,28482
6.0287,28487
6.0341,28487
6.0398,28486
6.0455,28486
6.0509,28482
6.0566,28486
6.062,28482
6.0677,28490
6.0731,28483
6.0788,28488
6.0842,28489
6.0898,28485
6.0952,28492
6.1009,28489
6.1063,28488
6.112,28484
6.1174,28487
6.1231,28489
6.1288,28485
6.1342,28483
6.1396,28488
6.1453,28486
6.151,28484
6.1564,28481
6.1621,28486
6.1675,28490
6.1732,28480
6.1786,28487
6.1843,28492
6.1897,28487
6.1954,28486
6.2009,28483
6.2065,28485
6.2119,28486
6.2176,28487
6.223,28484
6.2287,28483
6.2341,28485
6.2398,28486
6.2452,28492
6.2509,28482
6.2566,28485
6.262,28484
6.2677,28483
6.2731,28484
6.2788,28481
6.2842,28480
6.2899,28484
6.2953,28487
6.301,28490
6.3064,28484
6.3121,28486
6.3175,28489
6.3232,28483
6.3286,28486
6.3343,28491
6.34,28482
6.3453,28484
6.3511,28490
6.3564,28485
6.3621,28481
6.3675,28480
6.3732,28488
6.3785,28482
6.3842,28485
6.3899,28484
6.3953,28485
6.401,28486
6.4064,28486
6.412,28484
6.4177,28485
6.4231,28486
6.4288,28491
6.4342,28484
6.4398,28483
6.4455,28482
6.4509,28488
6.4566,28486
6.462,28489
6.4676,28489
6.473,28490
6.4787,28487
6.4844,28484
6.4898,28485
6.4954,28488
6.5008,28487
6.5065,28489
6.5119,28481
6.5176,28486
6.5231,28487
6.5287,28488
6.5341,28483
6.5398,28486
6.5452,28488
6.5509,28481
6.5566,28489
6.562,28487
6.5677,28484
6.5731,28490
6.5788,28484
6.5842,28484
6.5899,28482
6.5953,28485
6.601,28483
6.6064,28482
6.6121,28482
6.6175,28480
6.6232,28475
6.6286,28484
6.6343,28482
6.64,28485
6.6454,28485
6.651,28492
6.6565,28489
6.6621,28484
6.6676,28481
6.6732,28489
6.6787,28487
6.6843,28485
6.6897,28491
6.6954,28486
6.7009,28485
6.7065,28486
6.7119,28487
6.7176,28485
6.723,28483
6.7287,28486
6.7344,28486
6.7398,28493
6.7455,28485
6.7509,28484
6.7566,28487
6.762,28484
6.7677,28487
6.7731,28487
6.7788,28491
6.7842,28489
6.7899,28483
6.7953,28486
6.801,28487
6.8064,28484
6.8121,28488
6.8175,28491
6.8231,28489
6.8288,28488
6.8343,28486
6.8397,28486
6.8454,28486
6.8508,28488
6.8565,28489
6.8622,28488
6.8676,28490
6.8733,28490
6.8787,28486
6.8844,28494
6.8898,28484
6.8955,28482
6.9009,28490
6.9066,28485
6.912,28485
6.9177,28493
6.9231,28485
6.9287,28483
6.9341,28485
6.9398,28487
6.9452,28491
6.9509,28489
6.9563,28485
6.962,28485
6.9677,28486
6.9731,28484
6.9788,28480
6.9842,28483
6.9899,28480
6.9953,28483
7.001,28481
7.0064,28486
7.0121,28482
7.0175,28484
7.0232,28484
7.0286,28487
7.0343,28484
7.0397,28483
7.0453,28482
7.051,28486
7.0564,28475
7.0621,28487
7.0675,28485
7.0732,28481
7.0786,28482
7.0843,28478
7.0899,28482
7.0953,28486
7.101,28484
7.1064,28484
7.1121,28490
7.1175,28486
7.1232,28489
7.1286,28494
7.1343,28493
7.1397,28492
7.1454,28486
7.1508,28488
7.1565,28491
7.1622,28492
7.1676,28485
7.1732,28486
7.1786,28493
7.1843,28495
7.1897,28484
7.1954,28490
7.2008,28493
7.2065,28484
7.2122,28483
7.2176,28487
7.2232,28487
7.2286,28485
7.2343,28483
7.2397,28490
7.2454,28486
7.2508,28489
7.2565,28488
7.2622,28486
7.2676,28486
7.2732,28486
7.2786,28488
7.2843,28486
7.2897,28484
7.2954,28484
7.3008,28482
7.3065,28488
7.3119,28487
7.3176,28489
7.3232,28487
7.3287,28484
7.3344,28483
7.3398,28481
7.3454,28488
7.3509,28484
7.3565,28481
7.362,28485
7.3676,28477
7.373,28476
7.3787,28479
7.3844,28478
7.3898,28479
7.3955,28486
7.4009,28485
7.4065,28490
7.4119,28482
7.4176,28480
7.423,28488
7.4287,28482
7.4344,28482
7.4398,28482
7.4455,28473
7.4509,28474
7.4565,28476
7.462,28475
7.4676,28477
7.473,28476
7.4787,28481
7.4841,28482
7.4898,28484
7.4952,28482
7.5009,28482
7.5063,28476
7.512,28487
7.5177,28486
7.5231,28479
7.5288,28485
7.5342,28475
7.5399,28481
7.5453,28483
7.5509,28476
7.5566,28481
7.562,28487
7.5677,28483
7.5731,28492
7.5788,28494
7.5842,28490
7.5899,28480
7.5953,28483
7.601,28488
7.6064,28484
7.612,28483
7.6177,28486
7.6231,28493
7.6288,28490
7.6342,28492
7.6399,28485
7.6453,28485
7.651,28478
7.6564,28482
7.6621,28483
7.6675,28482
7.6732,28476
7.6788,28480
7.6842,28482
7.6899,28478
7.6953,28476
7.701,28487
7.7064,28484
7.7121,28485
7.7175,28492
7.7232,28481
7.7288,28489
7.7342,28483
7.7399,28485
7.7453,28485
7.751,28489
7.7564,28482
7.7621,28479
7.7675,28482
7.7732,28486
7.7786,28482
7.7843,28489
7.79,28484
7.7952,28480
7.8009,28492
7.8063,28487
7.812,28494
7.8177,28488
7.8231,28486
7.8288,28491
7.8342,28488
7.8399,28489
7.8453,28490
7.8509,28487
7.8566,28482
7.8619,28486
7.8676,28488
7.873,28487
7.8787,28479
7.8844,28483
7.8898,28486
7.8954,28484
7.9008,28485
7.9065,28480
7.9122,28483
7.9176,28483
7.9233,28479
7.9287,28484
7.9343,28490
7.9397,28482
7.9454,28491
7.951,28483
7.9564,28487
7.9621,28489
7.9675,28489
7.9732,28487
7.9786,28485
7.9843,28475
7.9899,28479
7.9953,28475
8.001,28482
8.0065,28481
8.0122,28478
8.0176,28478
8.0233,28474
8.0287,28477
8.0343,28481
8.0397,28479
8.0454,28480
8.0508,28481
8.0565,28481
8.0619,28484
8.0676,28478
8.073,28475
8.0787,28476
8.0844,28482
8.0898,28481
8.0955,28476
8.1009,28480
8.1066,28489
8.112,28478
8.1176,28471
8.1231,28482
8.1287,28476
8.1341,28472
8.1398,28483
8.1452,28479
8.1509,28483
8.1563,28483
8.162,28480
8.1677,28479
8.1731,28483
8.1788,28490
8.1842,28477
8.1899,28488
8.1953,28480
8.201,28489
8.2064,28494
8.2121,28480
8.2175,28487
8.2232,28486
8.2286,28483
8.2343,28483
8.2397,28484
8.2454,28477
8.2508,28478
8.2565,28477
8.2619,28483
8.2676,28481
8.273,28475
8.2787,28480
8.2844,28476
8.2898,28484
8.2955,28485
8.3009,28479
8.3066,28480
8.312,28478
8.3177,28476
8.3231,28475
8.3288,28475
8.3342,28484
8.3399,28482
8.3453,28485
8.351,28479
8.3564,28481
8.3621,28480
8.3676,28479
8.3732,28482
8.3787,28482
8.3844,28478
8.3898,28481
8.3955,28479
8.4009,28482
8.4066,28481
8.412,28484
8.4177,28475
8.4231,28480
8.4288,28476
8.4342,28483
8.4399,28478
8.4453,28472
8.451,28480
8.4564,28478
8.4621,28483
8.4675,28478
8.4732,28491
8.4786,28473
8.4843,28473
8.4897,28473
8.4954,28482
8.5011,28471
8.5065,28472
8.5119,28482
8.5176,28477
8.5231,28471
8.5287,28480
8.5344,28469
8.5398,28472
8.5455,28474
8.5509,28474
8.5566,28475
8.562,28473
8.5677,28477
8.5731,28477
8.5788,28467
8.5842,28472
8.5898,28477
8.5955,28473
8.6009,28473
8.6066,28470
8.612,28473
8.6177,28481
8.6231,28476
8.6288,28475
8.6342,28475
8.6399,28482
8.6453,28471
8.651,28467
8.6564,28466
8.6621,28464
8.6675,28464
8.6732,28465
8.6786,28472
8.6843,28466
8.6897,28467
8.6954,28461
8.7008,28462
8.7065,28469
8.7122,28470
8.7176,28470
8.7233,28468
8.7287,28469
8.7344,28465
8.7398,28461
8.7455,28460
8.7509,28469
8.7566,28481
8.762,28469
8.7677,28457
8.7731,28458
8.7788,28462
8.7842,28467
8.7899,28462
8.7953,28465
8.801,28459
8.8064,28465
8.8121,28463
8.8176,28464
8.8233,28467
8.8287,28465
8.8343,28468
8.8398,28458
8.8454,28468
8.8509,28471
8.8566,28467
8.862,28472
8.8677,28468
8.8731,28472
8.8788,28472
8.8842,28467
8.8899,28469
8.8956,28459
8.901,28462
8.9066,28475
8.9121,28461
8.9177,28459
8.9232,28462
8.9288,28463
8.9343,28461
8.9399,28462
8.9454,28473
8.9511,28464
8.9565,28460
8.9622,28461
8.9676,28459
8.9733,28459
8.9787,28463
8.9844,28456
8.9898,28463
8.9955,28460
9.0009,28461
9.0064,28466
9.012,28460
9.0175,28456
9.0231,28461
9.0288,28452
9.0342,28460
9.0399,28457
9.0453,28458
9.051,28455
9.0564,28444
9.0621,28443
9.0675,28452
9.0732,28454
9.0786,28442
9.0843,28446
9.0897,28456
9.0954,28455
9.1008,28447
9.1065,28448
9.1122,28444
9.1176,28444
9.1233,28452
9.1287,28454
9.1344,28457
9.1398,28444
9.1455,28452
9.1509,28458
9.1566,28438
9.162,28445
9.1677,28446
9.1731,28439
9.1788,28452
9.1842,28444
9.1899,28441
9.1953,28443
9.201,28440
9.2064,28435
9.2121,28435
9.2175,28441
9.2232,28456
9.2286,28438
9.2342,28436
9.2399,28440
9.2455,28447
9.2509,28435
9.2566,28440
9.262,28439
9.2676,28439
9.273,28433
9.2787,28449
9.2841,28439
9.2898,28441
9.2955,28435
9.3009,28451
9.3066,28435
9.312,28432
9.3176,28433
9.3233,28435
9.3287,28430
9.3344,28427
9.3398,28424
9.3454,28430
9.3511,28436
9.3565,28438
9.3622,28425
9.3676,28425
9.3732,28435
9.3786,28424
9.3843,28434
9.3897,28427
9.3954,28424
9.401,28421
9.4064,28421
9.4121,28419
9.4175,28428
9.4232,28428
9.4286,28428
9.4343,28422
9.4397,28422
9.4454,28407
9.4508,28417
9.4565,28413
9.4622,28414
9.4676,28415
9.4733,28415
9.4787,28410
9.4844,28417
9.4898,28422
9.4955,28412
9.5009,28410
9.5066,28412
9.512,28408
9.5177,28406
9.5231,28405
9.5288,28414
9.5342,28408
9.5399,28407
9.5453,28405
9.551,28399
9.5564,28411
9.5621,28403
9.5677,28410
9.5731,28413
9.5788,28401
9.5842,28400
9.5899,28393
9.5953,28406
9.601,28399
9.6065,28392
9.6121,28388
9.6176,28396
9.6233,28402
9.6287,28400
9.6343,28397
9.6398,28399
9.6455,28397
9.6509,28396
9.6565,28392
9.662,28396
9.6676,28374
9.673,28381
9.6787,28381
9.6841,28378
9.6898,28375
9.6955,28383
9.7009,28379
9.7066,28382
9.712,28387
9.7177,28394
9.7231,28385
9.7288,28385
9.7342,28380
9.7399,28370
9.7453,28380
9.751,28384
9.7564,28370
9.7621,28375
9.7675,28365
9.7732,28352
9.7788,28367
9.7842,28363
9.7899,28366
9.7953,28364
9.801,28357
9.8064,28368
9.8121,28358
9.8175,28373
9.8232,28355
9.8286,28376
9.8343,28351
9.84,28360
9.8454,28371
9.8511,28358
9.8565,28359
9.8621,28362
9.8675,28362
9.8732,28359
9.8786,28350
9.8843,28351
9.8897,28348
9.8954,28349
9.9008,28348
9.9065,28350
9.9119,28342
9.9176,28341
9.9233,28350
9.9287,28344
9.9344,28339
9.9398,28337
9.9455,28343
9.9509,28318
9.9565,28336
9.9619,28337
9.9676,28324
9.9731,28326
9.9787,28344
9.9842,28325
9.9899,28336
9.9953,28321
10.001,28320
10.0064,28321
10.0121,28326
10.0175,28321
10.0232,28324
10.0289,28325
10.0343,28316
10.04,28309
10.0454,28317
10.051,28318
10.0565,28312
10.0621,28315
10.0676,28304
10.0732,28302
10.0786,28313
10.0843,28292
10.0897,28305
10.0954,28295
10.1008,28292
10.1065,28293
10.1122,28288
10.1176,28282
10.1233,28275
10.1287,28279
10.1344,28279
10.1398,28274
10.1455,28265
10.1509,28265
10.1566,28264
10.162,28260
10.1677,28247
10.1731,28243
10.1788,28238
10.1844,28240
10.1899,28239
10.1955,28222
10.201,28237
10.2066,28216
10.212,28220
10.2177,28220
10.2231,28219
10.2288,28200
10.2342,28207
10.2399,28198
10.2453,28197
10.251,28202
10.2564,28215
10.2621,28200
10.2675,28179
10.2732,28186
10.2786,28197
10.2843,28192
10.2897,28180
10.2954,28194
10.3011,28173
10.3065,28189
10.3122,28159
10.3176,28165
10.3233,28169
10.3287,28162
10.3343,28154
10.3398,28188
10.3454,28160
10.3508,28191
10.3565,28169
10.3622,28174
10.3676,28160
10.3733,28162
10.3787,28155
10.3844,28162
10.3898,28159
10.3955,28157
10.4009,28162
10.4066,28152
10.412,28138
10.4177,28154
10.4231,28165
10.4288,28158
10.4342,28154
10.4398,28136
10.4455,28130
10.4509,28137
10.4566,28126
10.4621,28130
10.4677,28123
10.4731,28135
10.4788,28126
10.4842,28144
10.4899,28131
10.4953,28100
10.5011,28134
10.5065,28113
10.5122,28101
10.5176,28112
10.5232,28103
10.5286,28110
10.5343,28105
10.5397,28112
10.5454,28101
10.5508,28104
10.5565,28104
10.562,28085
10.5676,28089
10.573,28089
10.5787,28082
10.5842,28079
10.5898,28093
10.5955,28084
10.6009,28093
10.6066,28091
10.612,28082
10.6177,28077
10.6231,28064
10.6288,28082
10.6342,28063
10.6399,28078
10.6453,28066
10.651,28061
10.6567,28067
10.6621,28067
10.6678,28056
10.6732,28057
10.6789,28053
10.6843,28043
10.69,28030
10.6954,28058
10.7011,28039
10.7065,28037
10.7121,28024
10.7175,28032
10.7232,28035
10.7286,28027
10.7343,28012
10.7397,28028
10.7454,28018
10.7511,28037
10.7564,28004
10.7621,28027
10.7675,27989
10.7732,28016
10.7786,27995
10.7842,27996
10.7899,27987
10.7953,27985
10.801,27986
10.8064,27990
10.812,27982
10.8177,27977
10.8231,27981
10.8288,27995
10.8342,27974
10.8398,27980
10.8455,27975
10.8509,27977
10.8566,27970
10.862,27972
10.8676,27948
10.8733,27953
10.8787,27958
10.8844,27957
10.8898,27932
10.8954,27951
10.9008,27958
10.9065,27965
10.9119,27934
10.9176,27936
10.9231,27934
10.9287,27942
10.9344,27940
10.9398,27944
10.9455,27940
10.951,27921
10.9567,27940
10.9621,27894
10.9678,27916
10.9732,27907
10.9788,27900
10.9842,27904
10.9899,27906
10.9953,27907
11.001,27875
11.0065,27886
11.0121,27886
11.0178,27880
11.0232,27872
11.0287,27868
11.0344,27865
11.0398,27880
11.0455,27865
11.0509,27858
11.0566,27864
11.062,27856
11.0677,27863
11.0731,27849
11.0788,27848
11.0842,27836
11.0899,27836
11.0953,27839
11.101,27840
11.1064,27824
11.1121,27817
11.1178,27815
11.1232,27819
11.1289,27813
11.1343,27811
11.14,27803
11.1454,27810
11.1511,27807
11.1565,27807
11.1622,27779
11.1676,27804
11.1732,27794
11.1786,27785
11.1843,27789
11.1898,27779
11.1954,27782
11.2008,27765
11.2065,27762
11.2119,27747
11.2176,27760
11.2233,27740
11.2287,27760
11.2344,27741
11.2398,27722
11.2455,27727
11.2509,27730
11.2566,27746
11.262,27712
11.2677,27709
11.2731,27726
11.2788,27703
11.2842,27703
11.2899,27698
11.2956,27698
11.301,27709
11.3067,27699
11.3121,27704
11.3178,27696
11.3232,27716
11.3289,27700
11.3343,27675
11.34,27680
11.3454,27664
11.3511,27666
11.3565,27649
11.3622,27656
11.3676,27654
11.3733,27644
11.3787,27652
11.3844,27641
11.3898,27638
11.3955,27648
11.4009,27635
11.4066,27620
11.412,27616
11.4177,27631
11.4231,27617
11.4288,27618
11.4342,27628
11.4399,27595
11.4453,27588
11.451,27580
11.4567,27577
11.4621,27575
11.4678,27564
11.4732,27565
11.4789,27600
11.4843,27589
11.49,27553
11.4954,27555
11.5011,27556
11.5065,27566
11.5122,27559
11.5176,27539
11.5233,27541
11.5287,27541
11.5344,27533
11.5398,27520
11.5455,27529
11.5509,27512
11.5566,27494
11.562,27502
11.5677,27502
11.5733,27509
11.5787,27497
11.5844,27487
11.5898,27473
11.5955,27481
11.6009,27495
11.6066,27483
11.612,27469
11.6177,27467
11.6231,27473
11.6288,27446
11.6342,27442
11.6399,27426
11.6453,27426
11.651,27430
11.6567,27438
11.6621,27405
11.6678,27427
11.6731,27430
11.6788,27412
11.6842,27408
11.6899,27408
11.6953,27403
11.701,27389
11.7064,27384
11.7121,27395
11.7178,27387
11.7232,27367
11.7289,27367
11.7343,27348
11.74,27354
11.7454,27338
11.7511,27333
11.7565,27325
11.7622,27350
11.7676,27327
11.7733,27308
11.7787,27321
11.7844,27311
11.7898,27317
11.7955,27323
11.8009,27330
11.8066,27283
11.812,27268
11.8177,27283
11.8231,27251
11.8288,27271
11.8345,27270
11.8399,27251
11.8456,27244
11.851,27247
11.8567,27249
11.8621,27242
11.8678,27224
11.8732,27238
11.8789,27231
11.8843,27217
11.89,27206
11.8954,27209
11.9011,27209
11.9065,27186
11.9122,27200
11.9176,27201
11.9233,27173
11.9287,27182
11.9344,27201
11.9398,27157
11.9455,27168
11.9512,27154
11.9566,27164
11.9622,27144
11.9677,27127
11.9733,27100
11.9787,27099
11.9844,27090
11.9899,27113
11.9955,27090
12.001,27067
12.0067,27066
12.0121,27060
12.0178,27062
12.0232,27053
12.0289,27054
12.0343,27048
12.04,27039
12.0454,27036
12.0511,27039
12.0565,27026
12.0622,26992
12.0676,26972
12.0733,26993
12.0787,26984
12.0844,27003
12.0901,26989
12.0955,26947
12.1009,26971
12.1066,26949
12.1123,26953
12.1177,26961
12.1234,26960
12.1288,26979
12.1345,26945
12.1399,26931
12.1456,26934
12.151,26919
12.1567,26923
12.1621,26897
12.1677,26903
12.1734,26896
12.1788,26908
12.1845,26853
12.1899,26848
12.1956,26826
12.201,26847
12.2067,26851
12.2121,26832
12.2178,26810
12.2232,26794
12.2289,26812
12.2343,26766
12.24,26762
12.2454,26777
12.2511,26784
12.2567,26763
12.2621,26762
12.2678,26746
12.2732,26765
12.2789,26744
12.2843,26745
12.29,26709
12.2954,26722
12.3011,26724
12.3066,26729
12.3122,26745
12.3177,26741
12.3234,26725
12.3288,26713
12.3345,26702
12.3399,26690
12.3456,26709
12.351,26695
12.3567,26677
12.3621,26679
12.3678,26670
12.3732,26680
12.3789,26654
12.3843,26651
12.3898,26623
12.3955,26612
12.4012,26574
12.4066,26570
12.4123,26573
12.4176,26556
12.4233,26553
12.4287,26548
12.4344,26538
12.4398,26535
12.4454,26518
12.4511,26538
12.4565,26509
12.4622,26535
12.4677,26502
12.4733,26536
12.479,26488
12.4844,26523
12.4901,26484
12.4955,26473
12.5011,26489
12.5067,26452
12.5122,26460
12.5178,26471
12.5233,26434
12.5289,26413
12.5346,26412
12.54,26453
12.5457,26432
12.5511,26415
12.5567,26395
12.5621,26388
12.5678,26369
12.5732,26403
12.5789,26370
12.5843,26384
12.59,26391
12.5954,26363
12.6011,26352
12.6068,26365
12.6122,26385
12.6179,26323
12.6233,26331
12.629,26339
12.6344,26334
12.6401,26343
12.6455,26314
12.6512,26301
12.6566,26311
12.6623,26300
12.6677,26310
12.6734,26259
12.6788,26283
12.6845,26264
12.6899,26203
12.6955,26232
12.701,26237
12.7067,26249
12.7123,26199
12.7177,26176
12.7234,26193
12.7288,26212
12.7345,26191
12.7399,26142
12.7456,26150
12.751,26118
12.7567,26154
12.7621,26133
12.7678,26139
12.7732,26109
12.7789,26098
12.7843,26110
12.79,26061
12.7954,26086
12.8011,26077
12.8065,26055
12.8122,26047
12.8176,26048
12.8233,26076
12.8287,26057
12.8344,26022
12.8399,26037
12.8455,26008
12.8509,25985
12.8566,25998
12.8623,26028
12.8677,25948
12.8734,25966
12.8788,25953
12.8845,25979
12.8899,25952
12.8956,25891
12.901,25901
12.9067,25900
12.9121,25890
12.9178,25855
12.9232,25883
12.9289,25858
12.9345,25851
12.9399,25869
12.9454,25865
12.9511,25839
12.9565,25832
12.9622,25814
12.9677,25807
12.9734,25791
12.9788,25801
12.9845,25804
12.9901,25778
12.9955,25743
13.001,25755
13.0067,25711
13.0121,25724
13.0178,25723
13.0232,25736
13.0289,25717
13.0343,25759
13.04,25696
13.0454,25702
13.0511,25690
13.0568,25655
13.0622,25704
13.0679,25669
13.0733,25636
13.0788,25679
13.0843,25619
13.09,25619
13.0954,25627
13.1011,25631
13.1068,25599
13.1122,25576
13.1179,25574
13.1233,25557
13.129,25553
13.1344,25561
13.1399,25534
13.1456,25541
13.151,25532
13.1567,25499
13.1621,25508
13.1678,25492
13.1732,25461
13.1788,25466
13.1845,25476
13.1899,25513
13.1956,25436
13.201,25443
13.2067,25406
13.2121,25451
13.2178,25406
13.2232,25423
13.2289,25451
13.2343,25376
13.24,25431
13.2454,25407
13.2511,25389
13.2565,25404
13.2622,25386
13.2679,25393
13.2733,25382
13.279,25394
13.2844,25353
13.2901,25335
13.2955,25288
13.3012,25295
13.3066,25317
13.3123,25295
13.3177,25277
13.3234,25311
13.3288,25272
13.3345,25256
13.3399,25225
13.3456,25238
13.351,25206
13.3567,25210
13.3621,25212
13.3678,25205
13.3732,25190
13.3789,25158
13.3843,25132
13.39,25106
13.3954,25176
13.4011,25122
13.4065,25132
13.4122,25151
13.4176,25115
13.4233,25119
13.4287,25068
13.4344,25083
13.4401,25062
13.4455,25076
13.4512,25089
13.4566,25067
13.4623,25033
13.4677,24992
13.4734,24982
13.4788,25032
13.4845,24945
13.4899,25006
13.4956,24975
13.501,24971
13.5067,24966
13.5121,24944
13.5178,24926
13.5232,24897
13.5289,24925
13.5343,24908
13.54,24892
13.5454,24855
13.5511,24872
13.5565,24894
13.5622,24872
13.5676,24817
13.5733,24819
13.579,24810
13.5844,24787
13.5901,24809
13.5955,24811
13.6012,24731
13.6066,24773
13.6123,24764
13.6177,24754
13.6234,24758
13.6288,24713
13.6345,24689
13.6399,24706
13.6456,24696
13.651,24708
13.6567,24718
13.6621,24669
13.6678,24659
13.6732,24678
13.6789,24679
13.6846,24604
13.69,24629
13.6957,24620
13.7011,24604
13.7068,24584
13.7122,24597
13.7179,24557
13.7233,24519
13.7288,24519
13.7344,24548
13.7399,24554
13.7455,24500
13.7512,24526
13.7566,24515
13.7623,24481
13.7677,24488
13.7734,24493
13.7787,24486
13.7844,24419
13.7901,24473
13.7955,24458
13.8012,24453
13.8066,24412
13.8122,24417
13.8179,24469
13.8233,24418
13.829,24413
13.8344,24385
13.84,24421
13.8454,24395
13.8511,24356
13.8565,24363
13.8622,24352
13.8679,24397
13.8733,24364
13.879,24296
13.8844,24354
13.8901,24302
13.8955,24354
13.9012,24348
13.9066,24343
13.9122,24316
13.9177,24303
13.9234,24265
13.929,24267
13.9344,24244
13.9401,24288
13.9455,24283
13.9512,24247
13.9566,24222
13.9623,24265
13.9677,24195
13.9734,24223
13.9788,24182
13.9845,24285
13.9899,24194
13.9955,24194
14.0012,24202
14.0067,24196
14.0124,24215
14.0178,24226
14.0232,24181
14.0289,24145
14.0343,24209
14.04,24116
14.0455,24066
14.0511,24139
14.0568,24161
14.0622,24056
14.0679,24084
14.0733,24142
14.0789,24108
14.0843,24099
14.09,24095
14.0957,24066
14.1011,24116
14.1068,24139
14.1122,24102
14.1178,24064
14.1233,24051
14.129,24067
14.1344,24053
14.1401,24037
14.1455,24032
14.1512,24050
14.1566,24002
14.1623,24013
14.1677,24025
14.1734,24043
14.1788,23961
14.1845,24029
14.1899,23994
14.1956,24030
14.201,23982
14.2067,23992
14.2121,24052
14.2178,24005
14.2232,23987
14.2289,23957
14.2346,23963
14.24,23958
14.2457,23966
14.2511,23938
14.2568,23944
14.2622,23936
14.2679,23927
14.2733,23872
14.279,23938
14.2844,23892
14.2901,23961
14.2955,23857
14.3012,23927
14.3066,23857
14.3123,23842
14.3177,23858
14.3234,23823
14.3288,23888
14.3345,23822
14.3399,23854
14.3456,23846
14.351,23779
14.3567,23790
14.3621,23779
14.3678,23799
14.3732,23809
14.3789,23794
14.3846,23772
14.39,23829
14.3957,23825
14.4011,23785
14.4068,23802
14.4122,23800
14.4179,23793
14.4233,23758
14.429,23798
14.4344,23738
14.4401,23748
14.4455,23756
14.4512,23774
14.4566,23723
14.4623,23819
14.4677,23774
14.4734,23743
14.4791,23760
14.4845,23770
14.4902,23735
14.4956,23787
14.5012,23700
14.5067,23740
14.5124,23704
14.5178,23729
14.5234,23716
14.5289,23709
14.5345,23694
14.54,23726
14.5456,23717
14.551,23686
14.5567,23739
14.5621,23642
14.5678,23705
14.5735,23718
14.5789,23664
14.5846,23651
14.59,23682
14.5957,23655
14.6011,23704
14.6068,23664
14.6122,23616
14.6179,23661
14.6233,23622
14.629,23655
14.6344,23592
14.6401,23635
14.6455,23649
14.6512,23627
14.6566,23608
14.6623,23606
14.6677,23669
14.6734,23622
14.6788,23584
14.6845,23565
14.6902,23615
14.6956,23592
14.7012,23539
14.7066,23555
14.7123,23548
14.7177,23584
14.7234,23577
14.7288,23582
14.7345,23555
14.7399,23552
14.7456,23550
14.751,23596
14.7567,23545
14.7621,23508
14.7678,23538
14.7735,23561
14.779,23555
14.7844,23535
14.7901,23508
14.7955,23558
14.8012,23537
14.8067,23476
14.8121,23546
14.8178,23534
14.8235,23495
14.8289,23519
14.8343,23548
14.84,23478
14.8457,23474
14.8511,23506
14.8568,23498
14.8621,23491
14.8678,23508
14.8735,23444
14.8789,23471
14.8846,23470
14.89,23467
14.8956,23451
14.901,23473
14.9067,23440
14.9121,23475
14.9178,23485
14.9235,23494
14.9289,23415
14.9346,23483
14.94,23459
14.9456,23473
14.9513,23428
14.9567,23462
14.9624,23470
14.9678,23457
14.9734,23477
14.9788,23454
14.9845,23430
14.9899,23455
14.9956,23460
15.001,23461
15.0067,23419
15.0121,23466
15.0178,23401
15.0233,23485
15.029,23417
15.0344,23437
15.0401,23423
15.0455,23403
15.0511,23420
15.0568,23424
15.0622,23393
15.0679,23382
15.0733,23407
15.079,23366
15.0844,23388
15.0901,23371
15.0957,23366
15.1012,23372
15.1066,23329
15.1123,23401
15.1177,23320
15.1234,23325
15.1288,23383
15.1345,23330
15.1399,23362
15.1456,23354
15.1513,23381
15.1567,23294
15.1621,23323
15.1678,23401
15.1735,23385
15.1789,23385
15.1846,23423
15.19,23331
15.1956,23383
15.201,23350
15.2067,23329
15.2121,23344
15.2178,23326
15.2235,23359
15.2289,23337
15.2346,23313
15.24,23333
15.2457,23374
15.2511,23366
15.2568,23331
15.2622,23368
15.2679,23383
15.2733,23342
15.2789,23326
15.2846,23324
15.29,23364
15.2957,23357
15.3011,23389
15.3068,23366
15.3122,23364
15.3179,23408
15.3233,23353
15.329,23310
15.3344,23306
15.3401,23360
15.3455,23318
15.3512,23401
15.3566,23350
15.3623,23341
15.3677,23316
15.3734,23393
15.3788,23366
15.3845,23329
15.3899,23311
15.3956,23330
15.4013,23305
15.4067,23278
15.4123,23312
15.4178,23298
15.4234,23300
15.4288,23320
15.4345,23321
15.44,23348
15.4456,23351
15.4511,23390
15.4568,23420
15.4621,23331
15.4678,23288
15.4735,23328
15.4789,23330
15.4846,23318
15.4899,23307
15.4956,23346
15.501,23286
15.5067,23339
15.5121,23371
15.5177,23346
15.5234,23356
15.5288,23325
15.5345,23370
15.5402,23345
15.5455,23330
15.5512,23326
15.5567,23310
15.5623,23258
15.5677,23342
15.5733,23289
15.579,23291
15.5844,23316
15.5901,23278
15.5955,23322
15.6012,23272
15.6069,23343
15.6123,23345
15.6179,23273
15.6233,23299
15.629,23303
15.6344,23283
15.6401,23275
15.6455,23249
15.6512,23312
15.6566,23257
15.6623,23231
15.6677,23235
15.6734,23264
15.6788,23270
15.6845,23281
15.6902,23250
15.6956,23229
15.7013,23254
15.7067,23269
15.7124,23279
15.7178,23290
15.7234,23221
15.7288,23247
15.7345,23274
15.7399,23216
15.7456,23267
15.751,23244
15.7567,23265
15.7624,23220
15.7678,23235
15.7735,23194
15.7789,23238
15.7846,23207
15.79,23200
15.7957,23235
15.8011,23235
15.8067,23198
15.8121,23226
15.8178,23195
15.8232,23220
15.8289,23226
15.8346,23208
15.84,23249
15.8457,23150
15.8511,23228
15.8568,23197
15.8622,23226
15.8679,23188
15.8733,23170
15.879,23212
15.8844,23245
15.8901,23225
15.8955,23187
15.9012,23243
15.9066,23236
15.9122,23190
15.9179,23239
15.9233,23275
15.929,23244
15.9344,23196
15.9401,23212
15.9455,23317
15.9512,23289
15.9566,23227
15.9623,23296
15.9677,23264
15.9734,23253
15.9791,23266
15.9845,23255
15.9902,23232
15.9955,23256
16.0012,23261
16.0066,23227
16.0123,23219
16.0177,23280
16.0233,23277
16.029,23240
16.0344,23301
16.0401,23281
16.0455,23226
16.0511,23231
16.0568,23283
16.0622,23317
16.0679,23253
16.0733,23247
16.079,23249
16.0844,23285
16.09,23189
16.0957,23215
16.1011,23204
16.1068,23276
16.1122,23177
16.1178,23195
16.1233,23245
16.1289,23177
16.1343,23209
16.14,23232
16.1457,23297
16.1511,23326
16.1568,23208
16.1622,23262
16.1679,23268
16.1733,23175
16.179,23207
16.1844,23273
16.1901,23279
16.1955,23210
16.2011,23219
16.2068,23241
16.2122,23185
16.2179,23225
16.2233,23256
16.229,23257
16.2344,23172
16.2401,23236
16.2457,23216
16.2511,23268
16.2568,23302
16.2622,23240
16.2679,23271
16.2735,23193
16.2789,23264
16.2846,23254
16.29,23271
16.2957,23265
16.3011,23213
16.3067,23226
16.3122,23270
16.3178,23280
16.3235,23243
16.3289,23227
16.3346,23235
16.34,23226
16.3457,23295
16.3511,23235
16.3568,23230
16.3622,23249
16.3679,23284
16.3733,23230
16.379,23290
16.3846,23219
16.3901,23195
16.3955,23279
16.4012,23251
16.4069,23192
16.4123,23203
16.418,23224
16.4234,23197
16.429,23247
16.4344,23201
16.4401,23272
16.4455,23236
16.4512,23298
16.4569,23217
16.4623,23234
16.4679,23280
16.4734,23208
16.479,23271
16.4844,23194
16.4901,23269
16.4955,23223
16.5012,23271
16.5066,23241
16.5123,23287
16.5177,23319
16.5234,23266
16.5291,23266
16.5345,23229
16.5401,23258
16.5456,23251
16.5512,23240
16.5566,23262
16.5623,23291
16.5677,23250
16.5734,23256
16.5788,23278
16.5845,23241
16.5899,23257
16.5956,23276
16.6013,23276
16.6067,23274
16.6124,23251
16.6178,23298
16.6235,23289
16.6289,23254
16.6346,23215
16.64,23245
16.6457,23279
16.6511,23225
16.6567,23217
16.6624,23188
16.6678,23194
16.6735,23257
16.6789,23232
16.6846,23243
16.69,23203
16.6957,23220
16.701,23219
16.7067,23224
16.7121,23220
16.7178,23239
16.7232,23190
16.7289,23228
16.7346,23216
16.74,23201
16.7457,23205
16.7511,23179
16.7568,23239
16.7622,23226
16.7679,23220
16.7733,23222
16.779,23187
16.7844,23259
16.79,23211
16.7955,23240
16.8011,23230
16.8068,23225
16.8122,23173
16.8179,23202
16.8233,23201
16.829,23226
16.8344,23193
16.8401,23212
16.8455,23211
16.8512,23209
16.8566,23213
16.8623,23175
16.8677,23290
16.8734,23273
16.8791,23229
16.8845,23274
16.8901,23248
16.8956,23231
16.9012,23255
16.9066,23245
16.9123,23285
16.9177,23235
16.9234,23200
16.929,23256
16.9344,23223
16.9401,23221
16.9455,23228
16.9512,23291
16.9569,23231
16.9622,23263
16.9679,23192
16.9733,23229
16.979,23176
16.9844,23236
16.9901,23218
16.9958,23295
17.0012,23245
17.0066,23217
17.0123,23237
17.0177,23259
17.0234,23217
17.0289,23266
17.0346,23274
17.0399,23266
17.0456,23301
17.0511,23292
17.0568,23263
17.0622,23326
17.0678,23263
17.0732,23166
17.0789,23301
17.0843,23255
17.0901,23264
17.0956,23308
17.101,23320
17.1067,23227
17.1121,23216
17.1178,23259
17.1232,23269
17.1289,23243
17.1346,23252
17.14,23290
17.1456,23241
17.151,23256
17.1567,23253
17.1624,23270
17.1678,23321
17.1735,23246
17.1789,23294
17.1845,23275
17.1902,23291
17.1956,23335
17.2013,23307
17.2067,23292
17.2123,23307
17.2177,23302
17.2234,23296
17.2288,23294
17.2345,23229
17.2401,23287
17.2455,23241
17.2512,23277
17.2567,23254
17.2624,23295
17.2678,23265
17.2735,23274
17.2789,23293
17.2846,23257
17.29,23250
17.2957,23286
17.3011,23346
17.3068,23326
17.3122,23245
17.3179,23288
17.3233,23324
17.329,23312
17.3344,23269
17.3401,23291
17.3455,23282
17.3512,23305
17.3567,23294
17.3624,23303
17.3678,23316
17.3735,23369
17.3788,23329
17.3845,23315
17.3899,23238
17.3956,23304
17.4011,23317
17.4068,23303
17.4122,23333
17.4179,23270
17.4233,23267
17.429,23310
17.4344,23328
17.4401,23311
17.4455,23266
17.4512,23324
17.4566,23300
17.4623,23316
17.4677,23347
17.4734,23293
17.4791,23287
17.4845,23310
17.4902,23301
17.4956,23309
17.5013,23309
17.5067,23318
17.5122,23252
17.5179,23373
17.5233,23354
17.529,23256
17.5345,23329
17.5402,23292
17.5456,23284
17.5513,23296
17.5567,23369
17.5624,23345
17.5678,23319
17.5735,23334
17.5789,23344
17.5846,23285
17.59,23372
17.5957,23323
17.6011,23375
17.6068,23329
17.6122,23356
17.6179,23336
17.6236,23355
17.629,23333
17.6347,23352
17.6401,23312
17.6458,23306
17.6512,23341
17.6569,23301
17.6623,23326
17.668,23365
17.6734,23311
17.6791,23355
17.6845,23311
17.6902,23349
17.6956,23352
17.7013,23380
17.7067,23338
17.7124,23340
17.7178,23365
17.7235,23335
17.7289,23335
17.7345,23379
17.74,23367
17.7457,23378
17.7511,23399
17.7568,23412
17.7622,23328
17.7679,23383
17.7733,23313
17.779,23366
17.7844,23321
17.7901,23304
17.7955,23358
17.8012,23438
17.8066,23408
17.8123,23346
17.8177,23406
17.8234,23395
17.8288,23392
17.8345,23422
17.8399,23346
17.8456,23361
17.8513,23376
17.8567,23368
17.8624,23344
17.8678,23410
17.8735,23355
17.8789,23381
17.8846,23371
17.89,23401
17.8957,23391
17.9011,23389
17.9068,23413
17.9122,23371
17.9179,23370
17.9233,23373
17.929,23408
17.9344,23309
17.9401,23378
17.9455,23375
17.9512,23365
17.9567,23356
17.9624,23391
17.9678,23385
17.9735,23318
17.9789,23388
17.9846,23403
17.99,23416
17.9957,23352
18.0011,23383
18.0068,23348
18.0122,23409
18.018,23421
18.0234,23361
18.0291,23378
18.0345,23398
18.0402,23401
18.0456,23322
18.0513,23401
18.0567,23364
18.0624,23339
18.0679,23378
18.0733,23359
18.0791,23363
18.0845,23392
18.0902,23384
18.0956,23442
18.1013,23421
18.1067,23340
18.1124,23407
18.1178,23432
18.1235,23361
18.1289,23436
18.1346,23403
18.14,23402
18.1457,23439
18.1511,23396
18.1568,23399
18.1622,23428
18.1679,23468
18.1734,23435
18.1791,23413
18.1845,23423
18.1899,23391
18.1956,23478
18.201,23397
18.2067,23446
18.2124,23421
18.2178,23482
18.2233,23419
18.229,23389
18.2345,23477
18.2402,23451
18.2456,23406
18.2511,23491
18.2568,23427
18.2622,23449
18.2679,23468
18.2732,23392
18.279,23375
18.2847,23460
18.2901,23360
18.2958,23431
18.3012,23402
18.3069,23444
18.3123,23455
18.3178,23393
18.3235,23405
18.3289,23444
18.3346,23447
18.34,23470
18.3457,23440
18.3511,23429
18.3568,23422
18.3623,23429
18.368,23416
18.3734,23387
18.3791,23397
18.3845,23460
18.3902,23410
18.3956,23429
18.4011,23443
18.4068,23364
18.4122,23418
18.4179,23440
18.4233,23364
18.429,23433
18.4345,23462
18.4402,23432
18.4456,23453
18.4513,23410
18.4567,23443
18.4622,23438
18.4679,23390
18.4736,23440
18.479,23413
18.4844,23393
18.4901,23401
18.4955,23483
18.5012,23431
18.5066,23448
18.5123,23442
18.5178,23456
18.5235,23478
18.5289,23464
18.5346,23420
18.54,23437
18.5457,23473
18.5511,23461
18.5568,23457
18.5622,23475
18.5679,23462
18.5733,23482
18.579,23463
18.5844,23451
18.59,23423
18.5957,23384
18.6011,23427
18.6068,23465
18.6122,23443
18.6178,23460
18.6235,23446
18.6289,23507
18.6346,23426
18.64,23465
18.6456,23468
18.6513,23442
18.6567,23554
18.6624,23523
18.6678,23505
18.6734,23432
18.6791,23487
18.6845,23494
18.6902,23498
18.6956,23478
18.7012,23456
18.7066,23476
18.7123,23510
18.7177,23531
18.7234,23570
18.729,23532
18.7345,23480
18.7402,23501
18.7456,23479
18.7513,23502
18.7567,23546
18.7623,23438
18.7678,23485
18.7734,23540
18.7788,23479
18.7845,23537
18.7902,23475
18.7956,23465
18.8013,23511
18.8067,23531
18.8124,23510
18.8178,23484
18.8235,23448
18.8289,23518
18.8346,23487
18.84,23464
18.8457,23471
18.8511,23578
18.8568,23496
18.8622,23453
18.8679,23481
18.8733,23508
18.879,23516
18.8844,23448
18.8901,23447
18.8955,23480
18.9012,23487
18.9066,23498
18.9123,23440
18.9177,23516
18.9234,23467
18.9289,23472
18.9346,23555
18.94,23444
18.9457,23561
18.9511,23498
18.9567,23510
18.9624,23508
18.9678,23473
18.9735,23530
18.9789,23460
18.9846,23518
18.99,23514
18.9957,23485
19.0011,23536
19.0069,23494
19.0123,23528
19.018,23511
19.0234,23555
19.0291,23551
19.0345,23497
19.0402,23517
19.0456,23528
19.0513,23516
19.0567,23483
19.0624,23543
19.0678,23561
19.0734,23524
19.0791,23461
19.0845,23539
19.0902,23498
19.0956,23501
19.1013,23520
19.1067,23501
19.1124,23507
19.1178,23511
19.1235,23561
19.1289,23512
19.1346,23589
19.14,23508
19.1457,23468
19.1511,23495
19.1568,23526
19.1623,23501
19.1679,23512
19.1734,23546
19.1791,23557
19.1845,23469
19.1902,23512
19.1956,23542
19.2013,23552
19.2067,23561
19.2124,23527
19.2178,23538
19.2235,23602
19.2289,23527
19.2346,23545
19.24,23524
19.2457,23528
19.2511,23536
19.2568,23552
19.2622,23545
19.2679,23641
19.2734,23505
19.2791,23572
19.2845,23550
19.2902,23534
19.2955,23516
19.3012,23554
19.3069,23454
19.3123,23519
19.318,23477
19.3233,23571
19.329,23538
19.3344,23503
19.3401,23502
19.3455,23544
19.3512,23570
19.3569,23531
19.3623,23517
19.3677,23556
19.3734,23590
19.3791,23597
19.3845,23539
19.3901,23560
19.3955,23604
19.4012,23611
19.4066,23596
19.4123,23647
19.4177,23720
19.4234,23649
19.4291,23638
19.4344,23589
19.4401,23653
19.4455,23553
19.4512,23612
19.4566,23606
19.4623,23620
19.4677,23631
19.4734,23621
19.4791,23570
19.4845,23589
19.4902,23582
19.4956,23609
19.5013,23582
19.5067,23608
19.5124,23622
19.5178,23565
19.5235,23636
19.5289,23624
19.5346,23622
19.54,23600
19.5457,23610
19.5511,23642
19.5568,23546
19.5622,23637
19.5678,23615
19.5735,23652
19.5789,23629
19.5846,23625
19.59,23641
19.5957,23673
19.6011,23716
19.6068,23659
19.6122,23691
19.6179,23646
19.6233,23625
19.629,23637
19.6344,23671
19.6401,23605
19.6458,23662
19.6512,23687
19.6569,23700
19.6623,23699
19.6679,23633
19.6733,23630
19.679,23658
19.6844,23737
19.6901,23738
19.6955,23692
19.7012,23693
19.7066,23703
19.7123,23694
19.7177,23702
19.7234,23693
19.7289,23703
19.7345,23689
19.74,23650
19.7456,23749
19.7511,23715
19.7568,23740
19.7624,23677
19.7678,23713
19.7735,23782
19.7789,23735
19.7846,23771
19.79,23734
19.7957,23706
19.8011,23714
19.8067,23710
19.8124,23723
19.8178,23769
19.8235,23783
19.8289,23735
19.8346,23711
19.84,23737
19.8457,23720
19.8511,23780
19.8568,23759
19.8622,23729
19.8678,23672
19.8735,23783
19.879,23753
19.8844,23737
19.8901,23698
19.8955,23797
19.9012,23678
19.9066,23761
19.9123,23710
19.918,23762
19.9234,23748
19.9291,23727
19.9345,23703
19.9401,23727
19.9455,23717
19.9512,23752
19.9566,23693
19.9623,23707
19.968,23718
19.9734,23675
19.9788,23721
19.9845,23736
19.9902,23671
19.9956,23696
20.0013,23691
20.0067,23695
20.0124,23688
20.0178,23663
20.0234,23703
20.0288,23701
20.0345,23702
20.0399,23791
20.0456,23748
20.0513,23680
20.0567,23759
20.0624,23779
20.0678,23747
20.0734,23804
20.0789,23759
20.0846,23779
20.09,23725
20.0957,23749
20.1011,23738
20.1068,23755
20.1122,23720
20.1179,23754
20.1233,23750
20.129,23714
20.1344,23747
20.14,23777
20.1457,23734
20.1511,23815
20.1568,23763
20.1622,23705
20.1678,23804
20.1735,23780
20.1789,23822
20.1844,23829
20.1901,23833
20.1955,23811
20.2012,23804
20.2066,23765
20.2122,23797
20.2177,23781
20.2233,23792
20.229,23810
20.2344,23783
20.2401,23808
20.2455,23799
20.2511,23836
20.2566,23802
20.2622,23796
20.2678,23783
20.2733,23821
20.2789,23805
20.2844,23799
20.29,23880
20.2956,23794
20.3011,23829
20.3067,23762
20.3122,23784
20.3178,23804
20.3233,23859
20.3289,23806
20.3345,23798
20.34,23775
20.3456,23823
20.3511,23774
20.3567,23813
20.3622,23824
20.3678,23776
20.3734,23834
20.3789,23825
20.3845,23793
20.39,23792
20.3956,23821
20.4012,23770
20.4067,23799
20.4123,23852
20.4178,23821
20.4234,23757
20.4289,23799
20.4345,23823
20.4401,23790
20.4456,23771
20.4512,23847
20.4567,23837
20.4623,23792
20.4678,23783
20.4734,23838
20.479,23804
20.4845,23879
20.4901,23806
20.4956,23809
20.5012,23786
20.5067,23776
20.5123,23803
20.5179,23839
20.5234,23826
20.529,23839
20.5345,23852
20.5401,23875
20.5457,23827
20.5512,23845
20.5568,23884
20.5623,23848
20.5677,23870
20.5734,23810
20.579,23853
20.5846,23880
20.59,23884
20.5957,23853
20.6012,23889
20.6068,23843
20.6124,23861
20.6178,23894
20.6234,23848
20.6289,23931
20.6346,23873
20.64,23928
20.6457,23853
20.6511,23910
20.6568,23904
20.6624,23887
20.6678,23880
20.6735,23891
20.6789,23920
20.6846,23879
20.69,23898
20.6957,23881
20.7011,23903
20.7068,23842
20.7122,23905
20.7179,23891
20.7233,23845
20.729,23866
20.7346,23886
20.7401,23850
20.7458,23873
20.7512,23880
20.7568,23869
20.7623,23932
20.7679,23889
20.7734,23900
20.7791,23894
20.7845,23905
20.7902,23911
20.7956,23920
20.8013,23870
20.8067,23893
20.8124,23895
20.8178,23931
20.8235,23859
20.8289,23835
20.8346,23910
20.84,23936
20.8457,23930
20.8512,23895
20.8568,23914
20.8623,23897
20.8679,23934
20.8734,23952
20.8791,23947
20.8845,23916
20.8902,23959
20.8956,23935
20.9013,23885
20.9067,23942
20.9124,23906
20.918,23924
20.9234,23911
20.9291,23877
20.9345,23933
20.9402,23902
20.9457,23907
20.9514,23906
20.9568,23895
20.9625,23858
20.9679,23898
20.9736,23881
20.979,23851
20.9847,23855
20.9901,23910
20.9958,23927
21.0012,23862
21.0069,23897
21.0123,23876
21.018,23906
21.0234,23934
21.0291,23929
21.0345,23904
21.0402,23899
21.0457,23909
21.0513,23901
21.0568,23915
21.0625,23930
21.0679,23918
21.0736,23920
21.079,23852
21.0847,23906
21.0901,23876
21.0958,23908
21.1012,23924
21.1069,23919
21.1123,23909
21.118,23932
21.1234,23913
21.1291,23952
21.1345,23961
21.1402,23944
21.1456,23962
21.1513,23963
21.1569,23898
21.1623,23893
21.168,23934
21.1735,23921
21.1791,23992
21.1845,23927
21.1903,23939
21.1957,23948
21.2014,23927
21.2068,23909
21.2125,23929
21.2178,23931
21.2235,23958
21.2292,23942
21.2346,23911
21.2403,23944
21.2457,23903
21.2514,23970
21.2568,23906
21.2625,23895
21.2679,23942
21.2736,23943
21.279,23905
21.2847,23930
21.2901,23980
21.2958,23939
21.3013,23932
21.307,23918
21.3124,23901
21.3181,23915
21.3235,23946
21.3292,23886
21.3346,23963
21.3403,23895
21.3457,23885
21.3514,23881
21.3568,23898
21.3625,23898
21.3679,23937
21.3736,23940
21.379,23902
21.3847,23963
21.3901,23942
21.3958,23925
21.4012,23952
21.4069,23943
21.4123,23942
21.418,23977
21.4234,23963
21.4291,23971
21.4345,23959
21.4402,24018
21.4458,23939
21.4512,23971
21.4569,23949
21.4623,23987
21.468,23959
21.4735,23955
21.4792,23926
21.4846,23963
21.4903,24011
21.4957,23976
21.5014,23993
21.5068,23977
21.5125,23935
21.5179,23962
21.5236,23968
21.529,23977
21.5347,23967
21.5401,23988
21.5458,24007
21.5512,24035
21.5569,23992
21.5623,24006
21.568,24023
21.5734,24024
21.5791,23972
21.5848,24000
21.5902,23959
21.5959,23998
21.6013,23995
21.607,24009
21.6123,24012
21.618,23982
21.6235,24001
21.6291,24008
21.6345,23973
21.6402,24054
21.6456,24001
21.6513,24031
21.6567,24022
21.6624,24001
21.6681,23984
21.6735,23988
21.6792,24013
21.6846,23980
21.6901,24059
21.6958,23999
21.7012,24032
21.7069,24034
21.7122,24007
21.7179,24065
21.7236,24008
21.729,24071
21.7347,24043
21.7401,24027
21.7457,24041
21.7514,24063
21.7568,24002
21.7625,24016
21.7679,24013
21.7735,24041
21.7792,24044
21.7846,24069
21.7903,23986
21.7957,24077
21.8013,24023
21.8068,24062
21.8125,24029
21.8179,24026
21.8236,24047
21.829,24049
21.8347,24009
21.8403,24095
21.8457,24118
21.8514,24047
21.8568,24099
21.8625,24058
21.8679,24053
21.8736,24051
21.879,24060
21.8848,24022
21.8902,24012
21.8959,24053
21.9013,24044
21.9067,24099
21.9124,24084
21.9181,24080
21.9235,24064
21.9292,24040
21.9346,24066
21.9403,24083
21.9457,24073
21.9514,24081
21.9568,24123
21.9625,24125
21.9679,24103
21.9736,24108
21.979,24069
21.9847,24075
21.9901,24068
21.9958,24107
22.0012,24091
22.0069,24089
22.0123,24112
22.018,24095
22.0234,24073
22.0291,24111
22.0345,24098
22.0402,24110
22.0459,24138
22.0513,24046
22.057,24099
22.0624,24117
22.0681,24142
22.0735,24166
22.0792,24113
22.0846,24093
22.0903,24128
22.0957,24066
22.1014,24109
22.1068,24094
22.1125,24095
22.1179,24115
22.1236,24098
22.129,24097
22.1347,24118
22.1401,24097
22.1458,24116
22.1512,24084
22.1569,24084
22.1623,24078
22.168,24127
22.1734,24075
22.1791,24134
22.1848,24085
22.1902,24087
22.1959,24072
22.2013,24130
22.207,24131
22.2124,24048
22.218,24081
22.2234,24074
22.2291,24127
22.2345,24107
22.2402,24125
22.2456,24091
22.2513,24109
22.2567,24081
22.2624,24106
22.2679,24117
22.2736,24076
22.2792,24084
22.2847,24067
22.2904,24086
22.2958,24089
22.3015,24124
22.3069,24124
22.3126,24063
22.318,24124
22.3237,24057
22.3291,24030
22.3348,24117
22.3401,24166
22.3458,24098
22.3515,24115
22.3569,24115
22.3625,24159
22.368,24133
22.3736,24099
22.379,24139
22.3847,24158
22.3901,24130
22.3958,24124
22.4012,24087
22.4069,24123
22.4123,24118
22.418,24137
22.4237,24139
22.4291,24120
22.4348,24199
22.4402,24150
22.4459,24118
22.4513,24144
22.457,24131
22.4624,24144
22.4681,24158
22.4735,24116
22.4792,24139
22.4845,24096
22.4902,24104
22.4956,24110
22.5013,24164
22.507,24128
22.5124,24097
22.5181,24105
22.5235,24127
22.5292,24103
22.5346,24131
22.5403,24076
22.5457,24138
22.5515,24171
22.5569,24063
22.5625,24114
22.5679,24029
22.5736,24040
22.579,24113
22.5847,24110
22.5902,24060
22.5959,24138
22.6013,24114
22.607,24039
22.6124,24088
22.6181,24079
22.6235,24100
22.6292,24121
22.6346,24083
22.6403,24087
22.6457,24075
22.6514,24057
22.6568,24124
22.6625,24124
22.6679,24108
22.6736,24154
22.6792,24129
22.6846,24131
22.6903,24108
22.6957,24125
22.7014,24096
22.7069,24088
22.7125,24132
22.718,24102
22.7237,24103
22.7291,24150
22.7348,24099
22.7402,24136
22.7459,24096
22.7513,24112
22.757,24121
22.7624,24107
22.7681,24101
22.7735,24108
22.7792,24125
22.7846,24133
22.7903,24102
22.796,24088
22.8014,24080
22.8068,24121
22.8125,24111
22.8179,24125
22.8236,24090
22.829,24085
22.8347,24110
22.8401,24140
22.8458,24141
22.8512,24089
22.8569,24137
22.8623,24081
22.868,24084
22.8734,24123
22.8791,24093
22.8845,24064
22.8902,24113
22.8959,24108
22.9013,24100
22.907,24120
22.9124,24103
22.9181,24141
22.9235,24150
22.9292,24191
22.9346,24099
22.9403,24147
22.9457,24069
22.9514,24087
22.9568,24133
22.9625,24109
22.9679,24101
22.9736,24126
22.979,24086
22.9847,24044
22.9901,24131
22.9958,24132
23.0015,24090
23.0069,24095
23.0126,24121
23.018,24152
23.0237,24142
23.0291,24105
23.0348,24158
23.0402,24110
23.0459,24088
23.0513,24123
23.057,24106
23.0624,24098
23.0681,24169
23.0736,24100
23.0793,24101
23.0847,24104
23.0904,24102
23.0958,24108
23.1015,24104
23.1069,24118
23.1126,24119
23.118,24156
23.1234,24129
23.1291,24115
23.1348,24083
23.1402,24086
23.1459,24094
23.1513,24100
23.157,24160
23.1624,24110
23.1681,24124
23.1735,24069
23.1792,24131
23.1846,24117
23.1903,24084
23.1957,24148
23.2014,24139
23.2068,24153
23.2124,24137
23.2181,24119
23.2235,24113
23.2292,24152
23.2346,24157
23.2402,24171
23.2459,24180
23.2513,24156
23.257,24151
23.2624,24150
23.268,24141
23.2737,24164
23.2791,24151
23.2848,24129
23.2902,24174
23.2958,24191
23.3015,24250
23.3069,24143
23.3126,24119
23.318,24172
23.3236,24199
23.329,24154
23.3347,24156
23.3401,24212
23.3458,24151
23.3514,24175
23.3568,24195
23.3625,24192
23.3679,24177
23.3736,24176
23.379,24180
23.3847,24133
23.3902,24188
23.3959,24169
23.4013,24153
23.407,24191
23.4123,24158
23.418,24187
23.4237,24183
23.4291,24172
23.4348,24144
23.4402,24171
23.4459,24208
23.4513,24173
23.457,24209
23.4624,24169
23.4681,24193
23.4735,24220
23.4792,24212
23.4846,24163
23.4903,24156
23.4957,24202
23.5014,24186
23.5069,24223
23.5125,24180
23.518,24198
23.5237,24205
23.5291,24154
23.5348,24190
23.5402,24199
23.5459,24205
23.5513,24196
23.557,24234
23.5624,24194
23.5681,24147
23.5735,24178
23.5792,24198
23.5846,24210
23.5903,24177
23.5957,24214
23.6015,24215
23.6068,24177
23.6125,24195
23.6182,24227
23.6236,24166
23.6292,24200
23.6346,24143
23.6403,24171
23.6457,24153
23.6514,24148
23.6568,24163
23.6625,24159
23.6679,24160
23.6736,24148
23.679,24127
23.6847,24197
23.6904,24166
23.6958,24161
23.7015,24147
23.7069,24152
23.7125,24208
23.718,24169
23.7236,24176
23.729,24181
23.7347,24199
23.7401,24137
23.7458,24173
23.7512,24172
23.7569,24189
23.7626,24208
23.768,24199
23.7734,24159
23.7791,24209
23.7848,24167
23.7902,24204
23.7959,24220
23.8013,24215
23.807,24227
23.8124,24165
23.8181,24183
23.8235,24179
23.8292,24203
23.8346,24239
23.8403,24184
23.8457,24225
23.8514,24203
23.8569,24221
23.8625,24167
23.868,24213
23.8737,24199
23.8791,24175
23.8847,24213
23.8902,24213
23.8959,24183
23.9013,24180
23.907,24202
23.9124,24172
23.9181,24206
23.9237,24232
23.9291,24190
23.9348,24214
23.9402,24231
23.9459,24249
23.9513,24220
23.957,24197
23.9625,24227
23.9682,24171
23.9736,24221
23.9793,24227
23.9847,24221
23.9904,24230
23.9958,24249
24.0015,24267
24.0069,24217
24.0123,24205
24.018,24237
24.0237,24227
24.0291,24192
24.0348,24259
24.0402,24214
24.0459,24237
24.0513,24263
24.057,24208
24.0624,24225
24.0681,24236
24.0735,24245
24.0792,24257
24.0847,24187
24.0904,24237
24.0958,24185
24.1015,24250
24.1069,24213
24.1126,24213
24.118,24192
24.1237,24212
24.1291,24206
24.1348,24225
24.1402,24218
24.1459,24253
24.1513,24224
24.157,24209
24.1624,24231
24.1681,24269
24.1735,24268
24.1792,24202
24.1846,24234
24.1903,24249
24.1957,24235
24.2014,24193
24.2068,24188
24.2125,24193
24.218,24205
24.2236,24239
24.229,24253
24.2347,24238
24.2404,24199
24.2458,24198
24.2515,24221
24.2569,24252
24.2626,24203
24.268,24189
24.2737,24239
24.2791,24240
24.2848,24234
24.2902,24224
24.2959,24220
24.3013,24176
24.307,24228
24.3124,24190
24.3181,24210
24.3235,24242
24.3292,24210
24.3346,24234
24.3403,24290
24.3457,24225
24.3514,24202
24.3568,24212
24.3625,24197
24.3679,24191
24.3736,24184
24.379,24178
24.3847,24220
24.3904,24192
24.3958,24219
24.4015,24195
24.4069,24221
24.4126,24211
24.418,24205
24.4237,24202
24.4291,24241
24.4348,24233
24.4402,24257
24.4459,24255
24.4513,24232
24.457,24255
24.4624,24212
24.4681,24212
24.4735,24288
24.4792,24213
24.4846,24243
24.4903,24252
24.4957,24237
24.5014,24214
24.5071,24212
24.5125,24237
24.5179,24189
24.5236,24225
24.5293,24244
24.5347,24186
24.5404,24242
24.5458,24258
24.5515,24240
24.5569,24261
24.5626,24199
24.568,24214
24.5737,24248
24.5791,24259
24.5848,24256
24.5902,24201
24.5959,24230
24.6013,24237
24.607,24254
24.6126,24247
24.618,24179
24.6237,24203
24.6291,24258
24.6348,24235
24.6402,24267
24.6459,24269
24.6512,24222
24.657,24240
24.6624,24245
24.6681,24217
24.6735,24242
24.6791,24261
24.6847,24260
24.6902,24249
24.6958,24292
24.7013,24268
24.7069,24239
24.7126,24294
24.718,24229
24.7237,24271
24.7291,24231
24.7347,24274
24.7404,24286
24.7458,24239
24.7515,24242
24.7569,24230
24.7625,24240
24.7682,24240
24.7736,24251
24.7793,24260
24.7847,24280
24.7903,24254
24.7957,24224
24.8014,24266
24.8068,24256
24.8125,24255
24.8179,24271
24.8236,24212
24.829,24305
24.8347,24259
24.8401,24210
24.8458,24249
24.8515,24264
24.8569,24234
24.8626,24213
24.868,24273
24.8737,24274
24.8791,24268
24.8848,24239
24.8902,24253
24.8959,24277
24.9013,24260
24.907,24261
24.9124,24281
24.9181,24277
24.9235,24274
24.9292,24252
24.9347,24273
24.9403,24251
24.9457,24292
24.9514,24288
24.9569,24248
24.9623,24289
24.968,24246
24.9737,24258
24.9792,24238
24.9848,24251
24.9903,24255
24.996,24243
25.0014,24292
25.0071,24216
25.0125,24253
25.0182,24251
25.0236,24241
25.0293,24210
25.0347,24197
25.0404,24294
25.0458,24266
25.0515,24278
25.0569,24300
25.0626,24255
25.068,24253
25.0737,24268
25.0791,24307
25.0848,24252
25.0902,24285
25.0959,24282
25.1014,24283
25.1071,24302
25.1125,24290
25.1179,24282
25.1236,24271
25.129,24350
25.1347,24286
25.1404,24252
25.1459,24257
25.1516,24240
25.157,24300
25.1624,24313
25.1681,24323
25.1735,24251
25.1792,24284
25.1847,24258
25.1901,24275
25.1958,24282
25.2013,24256
25.2069,24244
25.2126,24252
25.218,24301
25.2237,24299
25.2292,24313
25.2348,24326
25.2402,24305
25.2459,24373
25.2513,24327
25.257,24324
25.2624,24346
25.2681,24310
25.2735,24344
25.2792,24331
25.2847,24305
25.2903,24292
25.2957,24308
25.3014,24381
25.3068,24298
25.3125,24333
25.3182,24315
25.3236,24357
25.3293,24342
25.3347,24354
25.3404,24335
25.3458,24360
25.3515,24342
25.3569,24366
25.3626,24331
25.368,24289
25.3737,24353
25.3791,24311
25.3848,24327
25.3902,24341
25.3959,24351
25.4013,24385
25.407,24344
25.4124,24312
25.4181,24335
25.4235,24331
25.4292,24334
25.4346,24360
25.4403,24330
25.4457,24341
25.4514,24322
25.4571,24416
25.4625,24354
25.4682,24365
25.4736,24356
25.4793,24349
25.4847,24373
25.4901,24361
25.4958,24340
25.5012,24329
25.5069,24347
25.5126,24337
25.518,24293
25.5237,24377
25.5291,24336
25.5348,24356
25.5402,24331
25.5459,24318
25.5513,24329
25.557,24337
25.5625,24335
25.5681,24327
25.5736,24333
25.5792,24371
25.5847,24358
25.5904,24335
25.5958,24381
25.6015,24340
25.6069,24356
25.6126,24306
25.618,24357
25.6237,24367
25.6291,24379
25.6348,24335
25.6402,24321
25.6459,24349
25.6513,24369
25.657,24351
25.6624,24351
25.6681,24364
25.6735,24405
25.6792,24399
25.6846,24340
25.6903,24361
25.6957,24344
25.7014,24303
25.7068,24336
25.7125,24368
25.7179,24350
25.7236,24351
25.7293,24361
25.7347,24316
25.7404,24317
25.7458,24341
25.7515,24379
25.7569,24331
25.7626,24414
25.768,24397
25.7737,24377
25.7791,24352
25.7848,24333
25.7902,24373
25.7959,24380
25.8013,24417
25.807,24347
25.8124,24367
25.8181,24425
25.8235,24401
25.8292,24402
25.8346,24308
25.8403,24402
25.846,24358
25.8514,24381
25.8571,24346
25.8624,24405
25.8681,24409
25.8737,24377
25.8791,24383
25.8849,24368
25.8903,24379
25.896,24423
25.9014,24369
25.9071,24349
25.9125,24382
25.9182,24408
25.9236,24364
25.9293,24381
25.9346,24373
25.9403,24356
25.946,24415
25.9514,24374
25.9571,24412
25.9625,24356
25.9682,24386
25.9736,24373
25.9793,24342
25.9847,24396
25.9904,24343
25.9958,24345
26.0015,24400
26.0068,24374
26.0125,24412
26.0179,24368
26.0236,24345
26.0293,24390
26.0347,24389
26.0404,24395
26.0458,24413
26.0515,24369
26.0569,24386
26.0626,24396
26.068,24361
26.0737,24378
26.0791,24383
26.0848,24357
26.0901,24406
26.0959,24359
26.1013,24396
26.1071,24379
26.1125,24398
26.118,24358
26.1237,24382
26.1291,24387
26.1347,24374
26.1404,24339
26.1458,24377
26.1515,24372
26.1569,24373
26.1626,24357
26.168,24388
26.1736,24425
26.1793,24371
26.1847,24376
26.1904,24376
26.1958,24385
26.2014,24327
26.2071,24353
26.2125,24381
26.2182,24374
26.2236,24374
26.2292,24385
26.2346,24375
26.2403,24371
26.246,24372
26.2514,24363
26.2569,24403
26.2625,24337
26.268,24352
26.2737,24374
26.2791,24449
26.2848,24382
26.2902,24366
26.2959,24368
26.3013,24353
26.307,24405
26.3124,24350
26.3181,24374
26.3236,24421
26.3292,24398
26.3347,24407
26.3403,24357
26.3458,24334
26.3515,24449
26.3569,24372
26.3626,24358
26.368,24398
26.3737,24396
26.3791,24382
26.3848,24387
26.3902,24407
26.3959,24409
26.4013,24393
26.407,24367
26.4125,24377
26.4182,24377
26.4236,24421
26.4292,24372
26.4347,24333
26.4403,24358
26.4458,24405
26.4514,24377
26.4569,24393
26.4626,24422
26.468,24420
26.4737,24361
26.4791,24350
26.4848,24418
26.4902,24381
26.4959,24365
26.5013,24378
26.507,24383
26.5124,24347
26.5181,24398
26.5235,24359
26.5292,24352
26.5346,24413
26.5403,24380
26.546,24387
26.5514,24381
26.5571,24380
26.5625,24321
26.5682,24417
26.5736,24386
26.5793,24402
26.5847,24373
26.5904,24375
26.5958,24421
26.6015,24383
26.607,24383
26.6127,24381
26.6181,24388
26.6235,24391
26.6292,24414
26.6349,24427
26.6403,24367
26.6457,24401
26.6514,24393
26.6571,24371
26.6625,24425
26.6682,24419
26.6736,24395
26.6793,24423
26.6847,24381
26.6904,24447
26.6958,24370
26.7015,24400
26.7069,24409
26.7126,24396
26.718,24437
26.7237,24401
26.7291,24377
26.7348,24393
26.7402,24383
26.7459,24405
26.7513,24423
26.757,24390
26.7624,24362
26.7681,24426
26.7735,24395
26.7792,24353
26.7849,24399
26.7903,24474
26.796,24404
26.8014,24395
26.8071,24394
26.8125,24377
26.8182,24403
26.8236,24378
26.8292,24417
26.8347,24377
26.8403,24406
26.8458,24401
26.8514,24398
26.8571,24397
26.8625,24387
26.8682,24382
26.8736,24405
26.8793,24401
26.8846,24338
26.8903,24386
26.896,24356
26.9014,24380
26.9071,24448
26.9125,24404
26.9181,24426
26.9236,24411
26.9292,24378
26.9346,24397
26.9403,24421
26.9457,24385
26.9514,24396
26.9568,24396
26.9625,24396
26.9682,24441
26.9736,24361
26.9793,24394
26.9847,24402
26.9904,24433
26.9958,24413
27.0015,24392
27.0069,24423
27.0126,24358
27.018,24370
27.0237,24385
27.0291,24428
27.0348,24409
27.0404,24436
27.0459,24395
27.0516,24433
27.057,24360
27.0626,24447
27.0681,24459
27.0738,24396
27.0792,24337
27.0849,24401
27.0903,24431
27.096,24385
27.1014,24372
27.1071,24435
27.1125,24375
27.1182,24375
27.1236,24409
27.1293,24367
27.1347,24396
27.1404,24383
27.1458,24399
27.1515,24381
27.1569,24382
27.1626,24433
27.168,24423
27.1737,24418
27.1791,24395
27.1848,24441
27.1902,24369
27.1959,24401
27.2013,24446
27.207,24398
27.2124,24430
27.2181,24404
27.2238,24405
27.2292,24382
27.2349,24410
27.2403,24385
27.246,24409
27.2514,24405
27.2571,24396
27.2625,24423
27.2682,24387
27.2735,24421
27.2792,24470
27.2849,24410
27.2903,24410
27.296,24415
27.3014,24372
27.307,24404
27.3124,24423
27.3181,24402
27.3235,24377
27.3292,24431
27.3346,24370
27.3403,24406
27.3457,24405
27.3514,24356
27.3568,24408
27.3625,24426
27.3682,24416
27.3736,24361
27.3793,24408
27.3847,24404
27.3904,24398
27.3958,24456
27.4015,24386
27.4069,24395
27.4126,24461
27.418,24450
27.4237,24463
27.4291,24390
27.4347,24388
27.4402,24455
27.4459,24397
27.4516,24412
27.457,24448
27.4627,24418
27.4681,24396
27.4738,24415
27.4792,24446
27.4849,24400
27.4903,24397
27.496,24404
27.5014,24396
27.5071,24393
27.5125,24427
27.5182,24381
27.5236,24398
27.5293,24421
27.5347,24404
27.5404,24448
27.5458,24388
27.5515,24397
27.5569,24390
27.5626,24427
27.568,24392
27.5737,24408
27.5792,24389
27.5849,24422
27.5902,24396
27.5959,24408
27.6014,24381
27.6071,24446
27.6125,24412
27.6182,24408
27.6236,24413
27.6293,24444
27.6347,24426
27.6404,24445
27.6459,24413
27.6515,24419
27.657,24391
27.6627,24405
27.6681,24420
27.6738,24418
27.6792,24424
27.6849,24399
27.6903,24390
27.6958,24384
27.7015,24409
27.7069,24388
27.7126,24384
27.718,24395
27.7236,24412
27.7293,24421
27.7347,24367
27.7404,24447
27.7458,24437
27.7514,24440
27.7571,24406
27.7625,24448
27.7682,24418
27.7736,24398
27.7792,24371
27.7846,24432
27.7903,24376
27.7958,24376
27.8014,24400
27.8069,24432
27.8126,24400
27.818,24441
27.8237,24401
27.8291,24427
27.8348,24411
27.8402,24433
27.8459,24407
27.8513,24453
27.857,24492
27.8627,24407
27.8681,24404
27.8738,24404
27.8792,24430
27.8849,24428
27.8903,24416
27.896,24447
27.9014,24460
27.9071,24423
27.9126,24420
27.918,24397
27.9237,24457
27.9291,24458
27.9348,24421
27.9402,24411
27.9459,24409
27.9513,24421
27.957,24445
27.9625,24410
27.9681,24437
27.9735,24408
27.9792,24440
27.9846,24436
27.9903,24388
27.9957,24443
28.0014,24420
28.0125,24426
28.0179,24388
28.0236,24404
28.0293,24462
28.0347,24391
28.0404,24431
28.0458,24441
28.0515,24471
28.0569,24475
28.0626,24451
28.068,24458
28.0737,24439
28.0791,24429
28.0848,24427
28.0902,24444
28.0959,24437
28.1016,24404
28.107,24374
28.1127,24449
28.1181,24462
28.1238,24436
28.1292,24436
28.1349,24406
28.1403,24435
28.146,24377
28.1514,24435
28.1571,24459
28.1625,24424
28.1682,24415
28.1736,24431
28.1793,24420
28.1847,24423
28.1904,24436
28.1958,24419
28.2015,24432
28.2071,24460
28.2125,24456
28.2182,24452
28.2235,24440
28.2292,24392
28.2346,24450
28.2403,24426
28.246,24417
28.2514,24407
28.2571,24435
28.2625,24374
28.2682,24417
28.2736,24456
28.2793,24413
28.2847,24459
28.2904,24442
28.2958,24393
28.3015,24403
28.3069,24445
28.3126,24480
28.318,24420
28.3237,24412
28.3291,24421
28.3348,24432
28.3402,24415
28.3459,24427
28.3513,24434
28.357,24402
28.3624,24411
28.3681,24403
28.3738,24456
28.3792,24420
28.3849,24419
28.3903,24434
28.396,24439
28.4014,24393
28.4071,24451
28.4125,24439
28.4182,24439
28.4236,24381
28.4293,24451
28.4347,24416
28.4404,24426
28.4458,24401
28.4515,24401
28.4569,24439
28.4626,24449
28.468,24407
28.4737,24443
28.4791,24440
28.4848,24415
28.4902,24428
28.4959,24451
28.5013,24406
28.507,24400
28.5124,24417
28.5181,24450
28.5238,24431
28.5292,24410
28.5349,24464
28.5403,24426
28.546,24439
28.5514,24425
28.5571,24399
28.5624,24463
28.5681,24434
28.5738,24464
28.5792,24402
28.5849,24402
28.5903,24442
28.596,24466
28.6014,24422
28.6071,24429
28.6125,24405
28.6182,24392
28.6236,24462
28.6293,24452
28.6346,24415
28.6403,24395
28.646,24436
28.6514,24426
28.6571,24384
28.6625,24377
28.668,24469
28.6737,24435
28.6791,24455
28.6848,24429
28.6905,24449
28.6959,24412
28.7016,24414
28.707,24401
28.7127,24432
28.7181,24419
28.7238,24416
28.7292,24423
28.7349,24385
28.7403,24424
28.746,24490
28.7514,24392
28.7571,24420
28.7625,24460
28.7682,24461
28.7736,24396
28.7793,24376
28.7847,24428
28.7904,24415
28.7958,24426
28.8015,24410
28.8069,24373
28.8126,24397
28.8181,24382
28.8238,24401
28.8292,24412
28.8349,24443
28.8403,24391
28.846,24417
28.8514,24431
28.8571,24391
28.8625,24425
28.8682,24404
28.8736,24372
28.8793,24461
28.8847,24395
28.8904,24427
28.8958,24382
28.9015,24434
28.907,24408
28.9127,24393
28.9181,24353
28.9238,24410
28.9292,24415
28.9349,24416
28.9403,24422
28.946,24439
28.9514,24410
28.9571,24402
28.9625,24422
28.9681,24423
28.9736,24360
28.9792,24371
28.9846,24439
28.9903,24410
28.996,24388
29.0014,24440
29.0125,24426
29.0182,24436
29.0236,24433
29.0293,24420
29.0347,24383
29.0404,24450
29.0458,24391
29.0515,24425
29.0569,24467
29.0626,24421
29.068,24399
29.0737,24396
29.0791,24381
29.0848,24406
29.0903,24399
29.0959,24394
29.1014,24398
29.1071,24401
29.1125,24394
29.1182,24353
29.1236,24417
29.1293,24407
29.1347,24404
29.1404,24448
29.1458,24383
29.1515,24414
29.1569,24437
29.1626,24379
29.168,24392
29.1737,24409
29.1794,24435
29.1848,24411
29.1905,24418
29.1959,24420
29.2016,24396
29.207,24432
29.2126,24444
29.218,24442
29.2237,24445
29.2294,24415
29.2347,24441
29.2404,24411
29.2458,24416
29.2515,24421
29.2569,24372
29.2626,24411
29.268,24438
29.2736,24391
29.2793,24405
29.2847,24436
29.2902,24425
29.2959,24426
29.3014,24463
29.3071,24376
29.3125,24417
29.3182,24420
29.3236,24428
29.3292,24417
29.3349,24400
29.3403,24410
29.346,24400
29.3514,24429
29.3571,24422
29.3625,24373
29.3681,24437
29.3738,24393
29.3792,24386
29.3849,24418
29.3903,24449
29.396,24439
29.4014,24448
29.4071,24447
29.4125,24400
29.4182,24417
29.4236,24411
29.4292,24394
29.4346,24421
29.4403,24383
29.446,24398
29.4514,24437
29.4571,24422
29.4625,24387
29.4682,24400
29.4736,24458
29.4793,24411
29.4847,24382
29.4905,24390
29.4959,24388
29.5016,24436
29.507,24401
29.5127,24372
29.5181,24420
29.5238,24388
29.5292,24387
29.5349,24436
29.5403,24391
29.546,24393
29.5514,24378
29.5569,24407
29.5626,24408
29.5683,24362
29.5737,24392
29.5794,24433
29.5848,24454
29.5905,24402
29.5959,24439
29.6016,24413
29.607,24388
29.6127,24336
29.6181,24405
29.6237,24432
29.6291,24424
29.6348,24405
29.6403,24392
29.6459,24420
29.6513,24365
29.6571,24395
29.6625,24401
29.6682,24407
29.6739,24420
29.6793,24412
29.685,24410
29.6904,24397
29.6961,24418
29.7014,24428
29.7071,24392
29.7126,24389
29.7183,24412
29.7237,24416
29.7294,24407
29.7348,24422
29.7404,24399
29.7459,24404
29.7515,24395
29.757,24395
29.7626,24419
29.768,24390
29.7738,24398
29.7792,24362
29.7849,24363
29.7903,24417
29.7959,24392
29.8013,24357
29.807,24372
29.8127,24405
29.8181,24399
29.8238,24391
29.8292,24372
29.8349,24408
29.8405,24418
29.8459,24401
29.8516,24404
29.8571,24386
29.8625,24401
29.8681,24415
29.8738,24400
29.8792,24391
29.8847,24388
29.8904,24379
29.8958,24358
29.9015,24403
29.9069,24378
29.9126,24399
29.9183,24376
29.9237,24385
29.9294,24370
29.9348,24384
29.9405,24377
29.9459,24334
29.9516,24371
29.957,24411
29.9627,24417
29.9681,24367
29.9738,24393
29.9792,24372
29.9849,24371
29.9903,24375
29.996,24473
30.0014,24397
30.0071,24374
30.0125,24387
30.0182,24386
30.0236,24387
30.0293,24385
30.0347,24383
30.0404,24351
30.0459,24373
30.0516,24407
30.057,24341
30.0627,24406
30.0681,24371
30.0738,24367
30.0792,24367
30.0849,24373
30.0903,24356
30.096,24351
30.1014,24414
30.1071,24363
30.1125,24377
30.1182,24349
30.1236,24376
30.1293,24399
30.1347,24350
30.1404,24357
30.1458,24372
30.1515,24362
30.1569,24433
30.1626,24416
30.168,24389
30.1737,24354
30.1791,24397
30.1848,24375
30.1902,24359
30.1959,24369
30.2016,24377
30.207,24346
30.2127,24386
30.2181,24343
30.2238,24424
30.2292,24370
30.2349,24359
30.2403,24362
30.246,24377
30.2514,24382
30.2572,24370
30.2626,24305
30.2683,24352
30.2737,24363
30.2794,24408
30.2848,24323
30.2905,24352
30.2959,24437
30.3016,24412
30.307,24362
30.3127,24362
30.3181,24359
30.3238,24343
30.3292,24360
30.3349,24393
30.3403,24382
30.346,24411
30.3514,24390
30.3571,24407
30.3626,24365
30.3682,24327
30.3736,24405
30.3793,24375
30.3847,24342
30.3905,24344
30.3959,24342
30.4015,24381
30.4069,24363
30.4126,24359
30.4183,24382
30.4237,24359
30.4294,24431
30.4348,24319
30.4405,24361
30.4459,24343
30.4516,24354
30.457,24376
30.4627,24342
30.4681,24369
30.4738,24372
30.4792,24404
30.4848,24344
30.4905,24373
30.4959,24377
30.5016,24357
30.507,24336
30.5127,24361
30.5181,24363
30.5238,24373
30.5292,24386
30.5349,24367
30.5403,24353
30.546,24345
30.5514,24341
30.5571,24344
30.5628,24400
30.5682,24355
30.5739,24354
30.5793,24331
30.585,24404
30.5904,24386
30.5961,24372
30.6015,24341
30.6072,24324
30.6126,24362
30.6183,24356
30.6237,24330
30.6294,24352
30.6348,24385
30.6405,24388
30.6461,24350
30.6515,24335
30.6572,24337
30.6627,24327
30.6683,24338
30.6736,24337
30.6793,24345
30.6847,24361
30.6904,24396
30.6958,24358
30.7015,24391
30.7069,24304
30.7125,24359
30.7183,24358
30.7237,24354
30.7294,24360
30.7348,24315
30.7404,24336
30.7461,24290
30.7515,24331
30.7572,24363
30.7626,24308
30.7682,24331
30.7739,24404
30.7793,24309
30.785,24331
30.7904,24422
30.796,24367
30.8017,24382
30.8071,24313
30.8128,24330
30.8182,24341
30.8238,24368
30.8292,24370
30.8349,24361
30.8403,24324
30.846,24317
30.8514,24361
30.8571,24311
30.8628,24321
30.8682,24337
30.8738,24363
30.8793,24338
30.8849,24309
30.8903,24343
30.896,24328
30.9014,24341
30.9071,24318
30.9125,24308
30.9182,24387
30.9236,24325
30.9293,24376
30.9347,24352
30.9405,24339
30.9459,24342
30.9516,24348
30.9572,24348
30.9626,24378
30.9683,24358
30.9737,24368
30.9794,24359
30.9848,24312
30.9905,24349
30.9959,24355
31.0016,24339
31.007,24303
31.0128,24368
31.0182,24363
31.0239,24299
31.0293,24332
31.035,24304
31.0404,24332
31.0461,24342
31.0514,24357
31.0571,24306
31.0628,24377
31.0682,24384
31.0739,24311
31.0793,24354
31.085,24327
31.0904,24322
31.0961,24306
31.1015,24366
31.1072,24348
31.1126,24336
31.1183,24317
31.1237,24348
31.1294,24315
31.1349,24300
31.1406,24302
31.146,24335
31.1514,24354
31.1571,24323
31.1625,24319
31.1682,24339
31.1736,24281
31.1793,24344
31.1847,24304
31.1904,24339
31.1958,24334
31.2016,24304
31.2073,24349
31.2127,24295
31.2183,24324
31.2238,24298
31.2295,24322
31.2349,24320
31.2406,24252
31.246,24310
31.2517,24334
31.257,24311
31.2627,24321
31.2681,24313
31.2738,24323
31.2792,24309
31.2849,24321
31.2906,24366
31.296,24305
31.3017,24276
31.3071,24265
31.3128,24348
31.3182,24274
31.3239,24288
31.3292,24305
31.3349,24300
31.3403,24340
31.346,24347
31.3517,24286
31.3571,24333
31.3628,24325
31.3682,24292
31.3739,24312
31.3793,24287
31.385,24376
31.3904,24266
31.3961,24263
31.4014,24282
31.4071,24325
31.4128,24358
31.4182,24363
31.4239,24294
31.4293,24294
31.435,24312
31.4404,24294
31.4461,24295
31.4515,24313
31.4572,24320
31.4626,24295
31.4683,24268
31.4736,24284
31.4793,24322
31.485,24271
31.4904,24303
31.4961,24285
31.5015,24341
31.5072,24297
31.5126,24273
31.5183,24253
31.5238,24275
31.5295,24271
31.5349,24285
31.5406,24278
31.5459,24306
31.5516,24272
31.557,24293
31.5627,24255
31.5684,24341
31.5738,24280
31.5795,24295
31.5849,24297
31.5906,24276
31.596,24274
31.6017,24342
31.6071,24248
31.6128,24320
31.6181,24302
31.6238,24269
31.6292,24279
31.6349,24287
31.6403,24264
31.646,24299
31.6515,24317
31.6572,24318
31.6626,24309
31.6683,24279
31.6737,24276
31.6794,24277
31.6851,24285
31.6905,24269
31.6962,24276
31.7016,24293
31.7073,24297
31.7127,24306
31.7181,24298
31.7238,24252
31.7295,24299
31.7349,24281
31.7406,24267
31.746,24266
31.7517,24314
31.7571,24229
31.7625,24334
31.7683,24243
31.7737,24295
31.7794,24267
31.7848,24249
31.7906,24284
31.796,24301
31.8016,24314
31.807,24286
31.8127,24262
31.8182,24243
31.8238,24280
31.8292,24253
31.8349,24294
31.8406,24278
31.846,24285
31.8517,24258
31.8571,24255
31.8628,24241
31.8682,24287
31.8739,24291
31.8793,24276
31.885,24277
31.8905,24290
31.8961,24232
31.9015,24258
31.9072,24275
31.9127,24314
31.9184,24302
31.9238,24262
31.9295,24267
31.9349,24275
31.9406,24280
31.946,24298
31.9517,24210
31.957,24292
31.9627,24251
31.9681,24300
31.9738,24296
31.9792,24269
31.9849,24269
31.9903,24238
31.9961,24191
32.0015,24303
32.0072,24266
32.0126,24292
32.0183,24272
32.0237,24259
32.0294,24234
32.0351,24263
32.0405,24271
32.0462,24304
32.0516,24234
32.0573,24280
32.0627,24271
32.0684,24269
32.0738,24232
32.0795,24217
32.0849,24274
32.0906,24287
32.096,24266
32.1017,24245
32.1071,24287
32.1128,24233
32.1182,24247
32.1239,24214
32.1293,24235
32.135,24257
32.1404,24214
32.1461,24240
32.1515,24258
32.1572,24213
32.1626,24272
32.1683,24251
32.1737,24249
32.1794,24263
32.1849,24242
32.1906,24241
32.196,24272
32.2016,24271
32.207,24277
32.2127,24206
32.2181,24255
32.2238,24229
32.2292,24209
32.2349,24250
32.2403,24211
32.246,24201
32.2515,24267
32.2572,24235
32.2626,24249
32.2683,24225
32.2737,24247
32.2794,24196
32.2848,24269
32.2904,24248
32.2961,24240
32.3015,24233
32.3072,24278
32.3127,24225
32.3182,24232
32.3239,24255
32.3293,24230
32.335,24201
32.3404,24231
32.346,24242
32.3514,24228
32.3572,24196
32.3628,24228
32.3682,24269
32.3739,24192
32.3793,24237
32.385,24259
32.3904,24229
32.3961,24268
32.4015,24204
32.4072,24219
32.4126,24218
32.4183,24229
32.4239,24220
32.4293,24239
32.435,24215
32.4404,24247
32.4461,24223
32.4516,24172
32.4573,24223
32.4627,24240
32.4684,24228
32.4738,24232
32.4794,24198
32.4849,24210
32.4906,24257
32.496,24213
32.5017,24226
32.5071,24206
32.5128,24215
32.5182,24237
32.5239,24276
32.5293,24235
32.5349,24221
32.5404,24259
32.5461,24226
32.5515,24216
32.5572,24208
32.5626,24220
32.5683,24187
32.574,24212
32.5793,24199
32.585,24230
32.5904,24230
32.5961,24214
32.6015,24207
32.6072,24243
32.6126,24217
32.6183,24221
32.6238,24249
32.6294,24179
32.6348,24202
32.6405,24205
32.6462,24245
32.6516,24216
32.6573,24253
32.6627,24200
32.6684,24200
32.6738,24224
32.6795,24218
32.6849,24154
32.6906,24192
32.696,24217
32.7017,24260
32.7071,24183
32.7128,24187
32.7182,24171
32.7239,24172
32.7293,24209
32.735,24202
32.7405,24198
32.7462,24218
32.7516,24189
32.7573,24197
32.7627,24233
32.7684,24176
32.7738,24233
32.7793,24216
32.785,24181
32.7904,24224
32.7961,24159
32.8017,24163
32.8072,24239
32.8129,24249
32.8183,24215
32.824,24245
32.8294,24207
32.8351,24212
32.8405,24221
32.8462,24162
32.8516,24159
32.8573,24171
32.8627,24170
32.8684,24182
32.8738,24161
32.8795,24184
32.8849,24225
32.8906,24230
32.896,24211
32.9017,24150
32.9071,24187
32.9128,24178
32.9182,24246
32.9239,24199
32.9295,24159
32.935,24174
32.9404,24159
32.9461,24175
32.9515,24183
32.9572,24182
32.9626,24184
32.9683,24182
32.974,24246
32.9794,24170
32.9851,24182
32.9904,24175
32.9961,24184
33.0015,24165
33.0072,24127
33.0127,24185
33.0184,24160
33.0238,24149
33.0295,24165
33.0349,24156
33.0406,24159
33.046,24133
33.0517,24188
33.0571,24159
33.0628,24136
33.0682,24210
33.0739,24155
33.0793,24175
33.085,24140
33.0904,24178
33.0961,24165
33.1015,24170
33.1072,24201
33.1126,24163
33.1183,24201
33.1239,24125
33.1294,24178
33.135,24142
33.1405,24190
33.1462,24196
33.1515,24188
33.1572,24160
33.1626,24177
33.1683,24217
33.1739,24183
33.1794,24168
33.1851,24136
33.1905,24156
33.1962,24156
33.2016,24159
33.2073,24179
33.2127,24140
33.2184,24135
33.2238,24126
33.2295,24169
33.2349,24150
33.2406,24169
33.246,24195
33.2517,24163
33.2572,24188
33.2628,24179
33.2683,24159
33.274,24184
33.2794,24164
33.285,24171
33.2904,24172
33.2961,24172
33.3015,24148
33.3072,24191
33.3127,24191
33.3184,24199
33.3238,24171
33.3294,24210
33.3348,24138
33.3405,24140
33.3462,24181
33.3516,24168
33.357,24186
33.3627,24214
33.3684,24137
33.3738,24127
33.3795,24099
33.3849,24135
33.3906,24181
33.396,24178
33.4017,24094
33.4071,24125
33.4128,24188
33.4182,24167
33.4239,24156
33.4293,24152
33.435,24206
33.4404,24140
33.4461,24185
33.4517,24172
33.4572,24109
33.4629,24181
33.4683,24146
33.474,24115
33.4794,24114
33.4848,24128
33.4905,24145
33.4962,24156
33.5016,24159
33.5073,24178
33.5127,24135
33.5184,24148
33.5238,24190
33.5295,24115
33.5349,24185
33.5406,24155
33.5461,24124
33.5517,24161
33.5572,24133
33.5628,24158
33.5682,24156
33.5739,24139
33.5793,24175
33.585,24142
33.5904,24114
33.5962,24167
33.6016,24163
33.6073,24176
33.6127,24148
33.6184,24184
33.6238,24109
33.6295,24160
33.6349,24128
33.6406,24123
33.646,24146
33.6517,24180
33.6571,24166
33.6628,24161
33.6682,24138
33.6739,24140
33.6793,24142
33.685,24146
33.6904,24163
33.6961,24122
33.7015,24124
33.7072,24148
33.7126,24146
33.7183,24122
33.7237,24081
33.7294,24157
33.7351,24165
33.7405,24100
33.7462,24134
33.7516,24108
33.7573,24120
33.7627,24162
33.7684,24205
33.7738,24114
33.7795,24112
33.7848,24123
33.7905,24086
33.7959,24134
33.8016,24118
33.8073,24091
33.8126,24125
33.8183,24123
33.8237,24165
33.8294,24132
33.8348,24152
33.8405,24164
33.8462,24135
33.8516,24136
33.8572,24129
33.8627,24088
33.8683,24094
33.874,24113
33.8794,24166
33.8851,24116
33.8905,24131
33.8961,24091
33.9018,24145
33.9072,24118
33.9129,24108
33.9183,24139
33.9239,24094
33.9293,24098
33.935,24116
33.9404,24131
33.9461,24106
33.9515,24130
33.9572,24117
33.9629,24110
33.9683,24126
33.974,24175
33.9794,24116
33.9851,24179
33.9905,24143
33.9962,24131
34.0016,24112
34.0073,24091
34.0127,24113
34.0184,24098
34.0238,24173
34.0295,24072
34.035,24112
34.0407,24126
34.0461,24112
34.0518,24068
34.0572,24083
34.0629,24128
34.0683,24117
34.074,24102
34.0794,24114
34.0851,24116
34.0905,24057
34.0962,24057
34.1016,24101
34.1073,24095
34.1127,24099
34.1184,24076
34.1238,24072
34.1295,24136
34.135,24140
34.1406,24104
34.1461,24132
34.1517,24128
34.1572,24127
34.1629,24096
34.1683,24052
34.174,24106
34.1794,24098
34.1851,24129
34.1905,24104
34.1962,24080
34.2016,24126
34.2073,24085
34.2127,24179
34.2184,24112
34.2238,24127
34.2295,24096
34.2349,24063
34.2406,24131
34.246,24121
34.2517,24089
34.2571,24096
34.2628,24108
34.2682,24101
34.2739,24116
34.2793,24080
34.2851,24077
34.2905,24015
34.2962,24078
34.3016,24127
34.3073,24153
34.3127,24051
34.3184,24024
34.3238,24109
34.3295,24089
34.3349,24061
34.3406,24033
34.346,24040
34.3517,24100
34.3572,24086
34.3629,24034
34.3683,24033
34.374,24052
34.3794,24031
34.3851,24045
34.3905,24020
34.3959,24030
34.4016,24030
34.407,24008
34.4127,24026
34.4181,24057
34.4239,24018
34.4296,23982
34.435,23998
34.4407,24033
34.4461,24034
34.4518,24010
34.4572,24031
34.4629,24009
34.4683,24021
34.474,24032
34.4794,24044
34.4851,24032
34.4904,24016
34.4961,23993
34.5018,23999
34.5072,24048
34.5128,24080
34.5183,24000
34.5239,24058
34.5293,24047
34.535,24040
34.5404,24041
34.5461,24012
34.5515,24003
34.5572,24032
34.5629,23992
34.5683,24040
34.574,23991
34.5794,24001
34.5851,24080
34.5905,24065
34.5962,24065
34.6016,24026
34.6073,24043
34.6127,24041
34.6184,23990
34.6238,24017
34.6295,24027
34.6349,24056
34.6406,24028
34.646,24013
34.6517,24020
34.6571,24063
34.6628,24059
34.6682,24012
34.6739,24028
34.6793,24007
34.685,24028
34.6904,24094
34.6961,24046
34.7015,24044
34.7072,24063
34.7126,23983
34.7183,24025
34.7237,24034
34.7294,24012
34.7348,24066
34.7405,24019
34.7459,23998
34.7517,24047
34.7571,24020
34.7628,24024
34.7682,24022
34.7739,24028
34.7796,24029
34.785,24030
34.7907,23970
34.7961,24000
34.8018,24046
34.8072,24040
34.8129,24063
34.8183,24038
34.824,24045
34.8293,24021
34.835,24024
34.8404,24073
34.8461,24010
34.8518,24004
34.8572,24047
34.8629,24035
34.8683,24082
34.874,24015
34.8794,24048
34.8851,24038
34.8905,24028
34.8962,24068
34.9015,24014
34.9072,24013
34.9126,23998
34.9183,24037
34.924,24031
34.9294,23974
34.9351,24006
34.9405,24057
34.9462,24006
34.9516,24053
34.9573,24029
34.9627,24030
34.9684,24039
34.9738,24033
34.9795,24031
34.9849,24042
34.9906,24021
34.996,24066
35.0017,24036
35.0072,23999
35.0126,24001
35.0183,23996
35.0237,24022
35.0294,24019
35.0351,24028
35.0405,24054
35.0462,24040
35.0516,24010
35.0573,24020
35.0627,23996
35.0684,24032
35.0738,24030
35.0795,24011
35.085,24025
35.0907,24045
35.0959,24020
35.1016,24046
35.107,24013
35.1128,24031
35.1182,24030
35.1239,24021
35.1293,24000
35.135,24009
35.1404,24067
35.1461,24069
35.1518,24028
35.1572,24015
35.1629,24017
35.1682,24058
35.1739,24014
35.1793,24009
35.185,24010
35.1904,23972
35.1961,24011
35.2015,23984
35.2072,24000
35.2126,23985
35.2183,23989
35.2237,24008
35.2294,24013
35.2351,24006
35.2404,24048
35.2461,24010
35.2515,23990
35.2572,24023
35.2626,23970
35.2683,24008
35.2737,24022
35.2793,23993
35.285,23998
35.2905,24014
35.2962,24042
35.3016,23994
35.3072,24056
35.3128,24001
35.3182,24001
35.3239,24012
35.3293,24058
35.335,24018
35.3407,23986
35.3461,24037
35.3518,23982
35.3572,24025
35.3628,23990
35.3685,24045
35.3739,24007
35.3795,24016
35.3849,24001
35.3906,23966
35.396,24038
35.4017,23980
35.4071,24052
35.4128,24002
35.4182,24037
35.4239,23993
35.4293,24012
35.435,24016
35.4404,24028
35.4461,24023
35.4518,24029
35.4572,24079
35.4626,24025
35.4683,23998
35.4738,24017
35.4795,24038
35.4849,24078
35.4906,24026
35.496,23993
35.5017,24046
35.5071,24014
35.5128,24021
35.5182,24009
35.5239,23998
35.5293,23999
35.535,24039
35.5404,23995
35.5461,24037
35.5518,24038
35.5572,23979
35.5629,24060
35.5683,23998
35.5737,24015
35.5794,24023
35.5851,24011
35.5905,24013
35.596,24086
35.6016,24039
35.6073,23997
35.6128,24038
35.6185,24028
35.6239,23999
35.6296,24039
35.635,23982
35.6407,24006
35.6461,24052
35.6518,23963
35.6571,24003
35.6628,23985
35.6685,23944
35.6739,23976
35.6796,24046
35.685,23953
35.6907,24002
35.6961,23997
35.7018,23986
35.7072,23971
35.7129,23969
35.7183,24007
35.724,23999
35.7293,23933
35.735,23974
35.7404,23965
35.7461,24037
35.7518,23954
35.7572,23986
35.7629,23953
35.7683,24031
35.774,23989
35.7794,23999
35.7851,23980
35.7905,24010
35.7962,23988
35.8015,23941
35.8072,23954
35.8129,23983
35.8183,23954
35.824,24049
35.8294,23968
35.8351,23967
35.8405,24003
35.8462,24004
35.8516,23975
35.8573,23995
35.8627,23968
35.8684,24013
35.8737,24024
35.8794,23998
35.8848,23962
35.8905,23980
35.8959,23972
35.9016,23968
35.9073,24002
35.9127,23957
35.9184,24019
35.9239,23984
35.9295,23973
35.935,23948
35.9407,23986
35.9461,24010
35.9518,23958
35.9572,23969
35.9629,24010
35.9683,23940
35.974,23953
35.9794,23939
35.9851,24008
35.9905,23968
35.9962,23969
36.0016,23949
36.0073,23945
36.0127,23953
36.0184,23978
36.0238,24003
36.0295,24003
36.0349,24039
36.0406,23972
36.046,23936
36.0517,23958
36.0571,23945
36.0628,24004
36.0682,23955
36.0739,23976
36.0794,24010
36.0851,23941
36.0905,23969
36.0962,23928
36.1016,23952
36.1073,23954
36.1127,23979
36.1184,23960
36.1238,23997
36.1295,24023
36.1349,23982
36.1406,23967
36.146,23931
36.1517,23977
36.1571,23931
36.1628,23949
36.1682,23981
36.1739,23913
36.1796,23992
36.185,23941
36.1907,23934
36.1961,23943
36.2018,24007
36.2072,23956
36.2129,23973
36.2183,23961
36.224,23939
36.2294,23992
36.2348,23977
36.2405,23946
36.246,23964
36.2517,23964
36.2571,23950
36.2628,23931
36.2682,23983
36.2739,23958
36.2793,23905
36.285,23965
36.2907,23962
36.2961,23954
36.3018,23970
36.3072,23956
36.3129,23931
36.3183,23980
36.324,23988
36.3294,23978
36.3351,23948
36.3405,23911
36.3462,23940
36.3517,23931
36.3573,23970
36.3628,23949
36.3685,23945
36.3739,23915
36.3796,23966
36.385,23969
36.3904,23913
36.3961,23913
36.4015,24012
36.4072,23915
36.4126,24000
36.4183,23996
36.4237,23946
36.4294,23988
36.4351,23970
36.4405,23956
36.4462,23923
36.4516,23912
36.4573,23934
36.4627,23916
36.4684,23975
36.4738,23912
36.4795,23919
36.485,23970
36.4906,23994
36.4961,23958
36.5018,23936
36.5072,23973
36.5129,23927
36.5183,23940
36.524,23932
36.5294,23933
36.5351,23937
36.5405,23955
36.5462,23911
36.5516,23955
36.5573,23931
36.5627,23923
36.5684,23916
36.5739,23902
36.5793,23950
36.585,23982
36.5907,23964
36.5961,23874
36.6018,23930
36.6072,23955
36.6129,23981
36.6183,23913
36.624,23929
36.6293,23954
36.635,23958
36.6404,23975
36.6461,23959
36.6515,23918
36.6572,23909
36.6629,23894
36.6683,23962
36.674,23937
36.6794,23940
36.6851,23936
36.6905,23925
36.6962,23936
36.7015,23911
36.7072,23965
36.7126,23954
36.7183,23961
36.7237,23932
36.7294,23937
36.7351,23925
36.7405,23935
36.7462,23891
36.7517,23949
36.7574,23946
36.7628,24032
36.7685,23881
36.7737,23975
36.7795,23892
36.7849,23913
36.7906,23929
36.796,23865
36.8016,23912
36.8073,23938
36.8127,23945
36.8184,23934
36.8238,23907
36.8294,23900
36.8351,23927
36.8405,23928
36.846,23903
36.8517,23936
36.8571,23978
36.8628,23963
36.8682,23911
36.8739,23905
36.8793,23879
36.885,23903
36.8907,23966
36.8961,23940
36.9018,23925
36.9072,23920
36.9128,23922
36.9182,23892
36.9239,23914
36.9296,23939
36.935,23992
36.9406,23920
36.946,24011
36.9517,23922
36.9571,23933
36.9628,23877
36.9682,23937
36.9739,23922
36.9793,23954
36.985,23929
36.9904,23978
36.9961,23928
37.0015,23956
37.0072,23899
37.0127,23909
37.0184,23907
37.0238,23878
37.0295,23975
37.0349,23893
37.0406,23921
37.0463,23955
37.0517,23869
37.0574,23933
37.0628,23963
37.0685,23935
37.0739,23918
37.0796,23885
37.085,23964
37.0907,23879
37.0961,23929
37.1018,23986
37.1072,23910
37.1129,23926
37.1183,23937
37.124,23941
37.1294,23930
37.1351,23948
37.1405,23930
37.1462,23918
37.1516,23912
37.1573,23885
37.1627,23942
37.1684,23920
37.1738,23873
37.1795,23896
37.1849,23930
37.1906,23956
37.1961,23946
37.2017,23927
37.2072,23941
37.2129,23902
37.2183,23959
37.224,23918
37.2294,23928
37.2351,23917
37.2405,23905
37.2462,23915
37.2516,23867
37.2573,23930
37.2627,23927
37.2684,23947
37.2738,23947
37.2795,23902
37.285,23935
37.2907,23878
37.2961,23950
37.3018,23903
37.3072,23950
37.3129,23895
37.3183,23982
37.3237,23886
37.3294,23914
37.3351,23944
37.3405,23945
37.3462,23946
37.3516,23875
37.3573,23877
37.3627,23904
37.3684,23909
37.3739,23906
37.3795,23918
37.3849,23951
37.3905,23918
37.396,23918
37.4017,23864
37.4073,23898
37.4128,23929
37.4185,23906
37.4239,23905
37.4296,23851
37.435,23870
37.4407,23912
37.4461,23921
37.4518,23906
37.4572,23899
37.4629,23942
37.4683,23928
37.474,23938
37.4794,23902
37.4851,23926
37.4905,23897
37.4962,23934
37.5016,23876
37.5071,23894
37.5128,23944
37.5185,23921
37.5239,23953
37.5293,23873
37.535,23913
37.5404,23877
37.5461,23917
37.5515,23932
37.5572,23895
37.5629,23937
37.5684,23899
37.5738,23922
37.5795,23894
37.5849,23879
37.5906,23915
37.596,23867
37.6017,23861
37.6071,23907
37.6128,23902
37.6182,23944
37.6239,23931
37.6293,23882
37.635,23904
37.6405,23910
37.6461,23903
37.6515,23972
37.6572,23924
37.6627,23939
37.6684,23873
37.6738,23932
37.6795,23926
37.6849,23838
37.6906,23895
37.696,23906
37.7017,23917
37.7071,23966
37.7128,23910
37.7185,23910
37.7239,23904
37.7296,23900
37.735,23906
37.7407,23915
37.7461,23858
37.7518,23931
37.7572,23970
37.7629,23979
37.7683,23914
37.774,23860
37.7794,23890
37.7851,23916
37.7905,23962
37.7962,23966
37.8016,23939
37.8073,23928
37.8127,23913
37.8184,23937
37.8238,23920
37.8296,23890
37.835,23947
37.8404,23932
37.8461,23922
37.8518,23921
37.8572,23966
37.8629,23878
37.8683,23906
37.874,23940
37.8794,23900
37.8851,23931
37.8905,23893
37.8962,23927
37.9016,23907
37.9073,23866
37.9128,23881
37.9184,23841
37.9239,23914
37.9296,23886
37.935,23911
37.9407,23876
37.9461,23882
37.9518,23892
37.9572,23851
37.9629,23869
37.9683,23879
37.974,23917
37.9794,23863
37.9851,23887
37.9905,23914
37.9962,23898
38.0016,23847
38.0073,23878
38.0128,23855
38.0184,23829
38.0239,23899
38.0296,23862
38.035,23896
38.0407,23878
38.0461,23927
38.0518,23914
38.0572,23857
38.0629,23912
38.0683,23891
38.074,23874
38.0794,23950
38.0851,23937
38.0905,23951
38.0962,23920
38.1016,23896
38.1073,23953
38.1127,23921
38.1184,23920
38.1239,23916
38.1295,23907
38.135,23893
38.1407,23954
38.1461,23890
38.1518,23953
38.1572,23900
38.1629,23915
38.1683,23873
38.174,23932
38.1794,23961
38.1851,23905
38.1905,23947
38.1962,23951
38.2016,23924
38.2073,23925
38.2127,23904
38.2184,23913
38.2238,23921
38.2295,23957
38.235,23939
38.2407,23900
38.2461,23958
38.2518,23914
38.2572,23928
38.2626,23917
38.2683,23894
38.2738,23952
38.2794,23954
38.2851,23911
38.2905,23983
38.2962,23913
38.3017,23952
38.3074,23874
38.3128,23937
38.3185,23905
38.3238,23931
38.3295,23921
38.3349,23962
38.3406,23891
38.346,23929
38.3516,23912
38.3573,23914
38.3627,23884
38.3684,23938
38.3738,23910
38.3794,23864
38.3851,23925
38.3905,23910
38.3962,23888
38.4016,23906
38.4072,23884
38.4129,23936
38.4183,23862
38.424,23895
38.4294,23904
38.435,23881
38.4407,23898
38.4461,23899
38.4518,23941
38.4572,23925
38.4628,23887
38.4682,23967
38.4739,23867
38.4793,23915
38.485,23927
38.4905,23884
38.4962,23942
38.5016,23877
38.5073,23889
38.5127,23905
38.5184,23878
38.5238,23879
38.5295,23848
38.535,23910
38.5406,23893
38.5461,23865
38.5518,23864
38.5572,23900
38.5629,23861
38.5683,23888
38.574,23890
38.5794,23855
38.5851,23884
38.5905,23906
38.5962,23895
38.6016,23851
38.6073,23911
38.6127,23909
38.6184,23861
38.6238,23880
38.6295,23947
38.6349,23907
38.6406,23868
38.646,23897
38.6517,23911
38.6571,23888
38.6628,23907
38.6685,23876
38.674,23926
38.6794,23870
38.6851,23893
38.6905,23912
38.6962,23855
38.7016,23850
38.7073,23876
38.7127,23835
38.7184,23854
38.7239,23888
38.7296,23877
38.735,23897
38.7407,23953
38.7461,23940
38.7518,23795
38.7572,23860
38.7629,23875
38.7683,23807
38.774,23876
38.7795,23880
38.7852,23837
38.7906,23915
38.7963,23910
38.8017,23891
38.8074,23877
38.8128,23901
38.8185,23854
38.8239,23856
38.8294,23848
38.8351,23849
38.8405,23880
38.8462,23869
38.8516,23843
38.8573,23868
38.8627,23898
38.8684,23862
38.8738,23781
38.8795,23787
38.885,23854
38.8907,23834
38.8961,23827
38.9018,23826
38.9072,23830
38.9127,23846
38.9184,23792
38.9238,23832
38.9295,23792
38.9349,23852
38.9406,23795
38.9461,23898
38.9517,23854
38.9572,23852
38.9629,23805
38.9683,23821
38.974,23852
38.9794,23813
38.9851,23788
38.9908,23855
38.9962,23849
39.0016,23823
39.0073,23852
39.0128,23865
39.0185,23853
39.0239,23835
39.0296,23824
39.035,23848
39.0407,23860
39.0461,23799
39.0518,23846
39.0572,23868
39.0629,23871
39.0684,23845
39.0741,23836
39.0795,23846
39.0852,23822
39.0906,23884
39.0963,23840
39.1017,23895
39.1074,23837
39.1128,23862
39.1185,23846
39.124,23825
39.1297,23847
39.1351,23846
39.1408,23782
39.1462,23869
39.1519,23864
39.1573,23845
39.1627,23811
39.1684,23800
39.1738,23872
39.1795,23859
39.185,23821
39.1907,23896
39.1961,23819
39.2018,23797
39.2072,23822
39.2129,23804
39.2183,23804
39.224,23785
39.2294,23758
39.2351,23819
39.2405,23812
39.2462,23861
39.2516,23834
39.2573,23773
39.2628,23825
39.2685,23811
39.2739,23889
39.2794,23887
39.2851,23876
39.2908,23873
39.2962,23815
39.3019,23861
39.3073,23827
39.313,23834
39.3184,23780
39.3241,23821
39.3295,23856
39.3352,23835
39.3406,23874
39.3463,23847
39.3516,23842
39.3573,23851
39.363,23825
39.3684,23821
39.3741,23784
39.3795,23767
39.3852,23772
39.3906,23858
39.3963,23831
39.4017,23821
39.4074,23834
39.4128,23812
39.4185,23815
39.4239,23878
39.4296,23819
39.435,23850
39.4407,23824
39.4462,23852
39.4519,23807
39.4573,23805
39.463,23783
39.4684,23809
39.4741,23784
39.4795,23862
39.4852,23808
39.4906,23807
39.496,23831
39.5017,23783
39.5074,23757
39.5129,23826
39.5186,23797
39.524,23894
39.5297,23787
39.5351,23754
39.5408,23800
39.5461,23794
39.5518,23796
39.5572,23762
39.5629,23800
39.5683,23786
39.574,23828
39.5794,23730
39.5851,23769
39.5908,23773
39.5962,23765
39.6016,23719
39.6073,23758
39.6128,23696
39.6183,23780
39.624,23757
39.6294,23807
39.6351,23763
39.6405,23760
39.6462,23752
39.6519,23742
39.6573,23702
39.663,23745
39.6684,23717
39.6741,23785
39.6795,23810
39.6852,23770
39.6905,23737
39.6962,23675
39.7016,23736
39.7073,23690
39.7128,23758
39.7185,23699
39.7239,23704
39.7296,23705
39.7353,23746
39.7407,23773
39.7461,23705
39.7518,23775
39.7572,23723
39.7629,23769
39.7683,23685
39.774,23744
39.7794,23751
39.7851,23727
39.7905,23686
39.7962,23778
39.8016,23692
39.8073,23705
39.8128,23704
39.8184,23741
39.8239,23723
39.8296,23687
39.835,23775
39.8407,23701
39.8461,23696
39.8518,23759
39.8572,23738
39.8629,23730
39.8686,23700
39.8739,23667
39.8796,23763
39.885,23720
39.8907,23767
39.8961,23756
39.9017,23760
39.9074,23707
39.9128,23721
39.9185,23759
39.924,23726
39.9295,23668
39.935,23745
39.9407,23731
39.9461,23709
39.9518,23744
39.9572,23725
39.9629,23773
39.9683,23694
39.974,23721
39.9794,23719
39.9851,23712
39.9905,23678
39.9962,23677
40.0016,23733
40.0073,23752
40.013,23696
40.0184,23771
40.0241,23719
40.0295,23728
40.0352,23734
40.0406,23659
40.0463,23685
40.0517,23709
40.0574,23730
40.0628,23724
40.0685,23728
40.0739,23674
40.0796,23721
40.085,23725
40.0907,23751
40.0961,23716
40.1019,23776
40.1073,23743
40.113,23703
40.1184,23764
40.1241,23744
40.1295,23792
40.1352,23794
40.1406,23722
40.1463,23770
40.1517,23737
40.1574,23742
40.1628,23674
40.1685,23782
40.1739,23753
40.1796,23798
40.185,23749
40.1907,23723
40.1961,23756
40.2018,23716
40.2073,23756
40.2129,23787
40.2184,23755
40.2241,23757
40.2295,23736
40.2352,23765
40.2406,23724
40.2463,23795
40.2518,23651
40.2575,23726
40.2629,23726
40.2686,23700
40.274,23677
40.2797,23662
40.2851,23718
40.2905,23712
40.2962,23684
40.3017,23699
40.3074,23720
40.3128,23762
40.3185,23701
40.3239,23712
40.3296,23755
40.335,23689
40.3407,23728
40.3462,23761
40.3518,23744
40.3573,23723
40.363,23742
40.3684,23721
40.3741,23696
40.3795,23722
40.3852,23782
40.3906,23757
40.3961,23795
40.4018,23702
40.4075,23735
40.4129,23735
40.4186,23753
40.424,23757
40.4297,23742
40.4352,23740
40.4408,23739
40.4462,23726
40.4519,23719
40.4573,23755
40.463,23744
40.4684,23783
40.4741,23745
40.4796,23717
40.4853,23784
40.4907,23719
40.4964,23766
40.5018,23730
40.5075,23734
40.5129,23755
40.5186,23742
40.524,23741
40.5297,23751
40.5351,23701
40.5408,23719
40.5462,23749
40.5519,23744
40.5573,23696
40.563,23687
40.5684,23715
40.5741,23684
40.5795,23659
40.5852,23671
40.5906,23687
40.5963,23730
