Experiment: Feb_19_real_eric2_expt vial 11, Fri Feb 19 13:52:14 2021
0.0021,26876
0.0078,26884
0.0132,26880
0.0188,26873
0.0242,26882
0.0298,26884
0.0355,26882
0.0408,26870
0.0465,26894
0.0521,26895
0.0575,26891
0.0632,26895
0.0688,26896
0.0742,26882
0.0798,26878
0.0855,26893
0.0909,26886
0.0965,26873
0.1022,26889
0.1075,26896
0.1132,26887
0.1188,26902
0.1242,26889
0.1298,26904
0.1355,26894
0.1409,26876
0.1465,26885
0.1522,26873
0.1575,26874
0.1632,27032
0.1688,27004
0.1742,27024
0.1799,27042
0.1855,27042
0.1909,27059
0.1965,27042
0.2022,27028
0.2076,27027
0.2132,27046
0.2189,27067
0.2242,27045
0.2299,27040
0.2355,27088
0.2409,27058
0.2466,27050
0.2519,27061
0.2576,27086
0.2632,27013
0.2689,27061
0.2743,27072
0.2799,27096
0.2856,27078
0.2909,27036
0.2966,27072
0.302,27087
0.3076,27088
0.3133,27061
0.3187,27076
0.3243,27078
0.33,27091
0.3353,27050
0.341,27092
0.3466,27067
0.352,27086
0.3577,27081
0.3633,27097
0.3687,27085
0.3743,27002
0.38,27048
0.3853,27094
0.391,27110
0.3966,27092
0.402,27088
0.4077,27085
0.4131,27104
0.4187,27086
0.4244,27116
0.4298,27104
0.4354,27119
0.4411,27126
0.4464,27126
0.4521,27106
0.4577,27139
0.4631,27115
0.4688,27121
0.4744,27094
0.4798,27118
0.4854,27115
0.4911,27112
0.4964,27122
0.5021,27132
0.5077,27144
0.5131,27113
0.5188,27150
0.5242,27145
0.5299,27136
0.5355,27151
0.5409,27154
0.5466,27145
0.552,27162
0.5577,27124
0.5631,27161
0.5688,27171
0.5744,27151
0.5798,27162
0.5854,27131
0.5911,27168
0.5964,27167
0.6021,27184
0.6076,27196
0.6132,27181
0.6189,27178
0.6242,27209
0.6299,27195
0.6354,27161
0.641,27208
0.6464,27200
0.6521,27206
0.6577,27211
0.6631,27211
0.6688,27176
0.6745,27209
0.6798,27214
0.6855,27198
0.6909,27219
0.6965,27221
0.7022,27229
0.7076,27233
0.7132,27229
0.7188,27227
0.7242,27257
0.7299,27221
0.7355,27223
0.7409,27219
0.7465,27242
0.7522,27238
0.7576,27235
0.7632,27278
0.7689,27270
0.7742,27275
0.7799,27232
0.7853,27257
0.791,27274
0.7966,27308
0.802,27230
0.8077,27272
0.8133,27302
0.8187,27305
0.8243,27307
0.83,27310
0.8354,27312
0.841,27319
0.8467,27319
0.852,27321
0.8577,27329
0.8631,27315
0.8687,27335
0.8744,27331
0.88,27318
0.8854,27324
0.8911,27341
0.8964,27342
0.9021,27277
0.9078,27329
0.9131,27317
0.9188,27342
0.9244,27363
0.9298,27364
0.9355,27358
0.9411,27376
0.9465,27366
0.9521,27369
0.9578,27364
0.9631,27360
0.9688,27355
0.9744,27356
0.9798,27353
0.9855,27362
0.9909,27402
0.9965,27397
1.0022,27392
1.0076,27418
1.0132,27409
1.0189,27385
1.0243,27404
1.0299,27414
1.0356,27424
1.0409,27410
1.0466,27421
1.052,27414
1.0576,27435
1.0633,27427
1.0686,27437
1.0743,27439
1.08,27439
1.0853,27449
1.091,27459
1.0966,27456
1.102,27470
1.1077,27464
1.1133,27468
1.1187,27481
1.1244,27489
1.1298,27497
1.1354,27477
1.1411,27495
1.1465,27506
1.1521,27498
1.1578,27520
1.1632,27508
1.1688,27523
1.1742,27522
1.1798,27499
1.1855,27534
1.1909,27548
1.1965,27547
1.2022,27545
1.2075,27552
1.2132,27564
1.2188,27557
1.2242,27564
1.2299,27575
1.2355,27574
1.2409,27582
1.2466,27586
1.2522,27572
1.2576,27600
1.2633,27595
1.2687,27596
1.2743,27610
1.2797,27607
1.2854,27602
1.291,27612
1.2964,27618
1.3021,27608
1.3077,27637
1.3131,27642
1.3188,27654
1.3244,27634
1.3298,27653
1.3354,27657
1.3411,27657
1.3465,27648
1.3521,27669
1.3578,27649
1.3631,27662
1.3688,27661
1.3744,27654
1.3798,27665
1.3855,27683
1.3908,27684
1.3965,27688
1.4021,27672
1.4078,27697
1.4132,27686
1.4188,27697
1.4245,27699
1.4298,27724
1.4355,27730
1.4409,27712
1.4465,27716
1.4522,27729
1.4578,27703
1.4632,27707
1.4688,27730
1.4742,27725
1.4799,27748
1.4855,27742
1.4909,27734
1.4965,27750
1.5021,27739
1.5078,27734
1.5132,27744
1.5188,27744
1.5242,27728
1.5299,27738
1.5355,27715
1.5409,27768
1.5465,27743
1.5522,27732
1.5578,27716
1.5632,27747
1.5688,27731
1.5742,27748
1.5799,27757
1.5855,27742
1.5909,27763
1.5966,27735
1.6022,27760
1.6076,27766
1.6133,27772
1.6187,27761
1.6243,27758
1.6299,27781
1.6354,27743
1.641,27757
1.6467,27757
1.6521,27735
1.6577,27748
1.6634,27745
1.6688,27749
1.6744,27767
1.6798,27750
1.6855,27752
1.6909,27762
1.6966,27745
1.7022,27758
1.7076,27765
1.7132,27758
1.7186,27772
1.7243,27724
1.7299,27725
1.7356,27733
1.741,27741
1.7466,27734
1.752,27738
1.7577,27767
1.7633,27738
1.7687,27738
1.7744,27713
1.7797,27732
1.7854,27714
1.7911,27713
1.7965,27725
1.8021,27752
1.8078,27739
1.8132,27738
1.8188,27696
1.8245,27718
1.8298,27710
1.8355,27703
1.8409,27717
1.8466,27717
1.852,27685
1.8577,27662
1.8631,27701
1.8687,27662
1.8744,27665
1.8798,27659
1.8854,27666
1.8911,27638
1.8964,27644
1.9022,27638
1.9076,27629
1.9132,27626
1.9187,27619
1.9243,27602
1.93,27599
1.9354,27614
1.9411,27601
1.9465,27612
1.9522,27600
1.9576,27581
1.9632,27601
1.9686,27577
1.9743,27578
1.9797,27569
1.9854,27564
1.991,27571
1.9967,27574
2.0021,27551
2.0077,27536
2.0132,27548
2.0189,27554
2.0243,27515
2.03,27535
2.0354,27555
2.0411,27529
2.0465,27550
2.0522,27529
2.0576,27522
2.0633,27542
2.0687,27501
2.0744,27503
2.0798,27499
2.0854,27530
2.0909,27534
2.0966,27524
2.102,27508
2.1077,27504
2.1131,27490
2.1188,27490
2.1242,27523
2.1299,27496
2.1356,27472
2.141,27477
2.1466,27483
2.152,27454
2.1577,27449
2.1633,27446
2.1686,27447
2.1743,27463
2.18,27457
2.1854,27439
2.1911,27435
2.1965,27431
2.2021,27446
2.2078,27424
2.2132,27446
2.2189,27427
2.2243,27435
2.23,27381
2.2354,27391
2.2411,27408
2.2465,27433
2.2522,27405
2.2576,27404
2.2633,27393
2.2688,27365
2.2745,27383
2.2798,27424
2.2855,27375
2.2909,27341
2.2966,27401
2.302,27381
2.3077,27373
2.3131,27381
2.3187,27388
2.3242,27364
2.3299,27349
2.3356,27285
2.341,27378
2.3467,27349
2.3521,27297
2.3578,27314
2.3632,27301
2.3689,27298
2.3743,27274
2.38,27270
2.3854,27293
2.3911,27323
2.3965,27222
2.4022,27331
2.4076,27207
2.4133,27311
2.4187,27235
2.4244,27345
2.4299,27281
2.4355,27301
2.4409,27307
2.4466,27278
2.4521,27285
2.4577,27279
2.4631,27232
2.4688,27173
2.4744,27280
2.4798,27316
2.4853,27123
2.491,27249
2.4967,27251
2.5021,27245
2.5078,27266
2.5132,27281
2.5189,27244
2.5243,27212
2.53,27223
2.5354,27247
2.5411,27193
2.5465,27216
2.5521,27215
2.5576,27231
2.5633,27248
2.5687,27216
2.5744,27233
2.5798,27211
2.5855,27257
2.5909,27226
2.5966,27219
2.602,27160
2.6077,27159
2.6131,27184
2.6188,27162
2.6242,27143
2.6299,27155
2.6353,27206
2.641,27117
2.6464,27201
2.6521,27113
2.6578,27135
2.6632,26947
2.6689,27168
2.6743,27017
2.68,27122
2.6854,27045
2.6911,27110
2.6965,27066
2.7022,27108
2.7078,27032
2.7132,26987
2.7187,27151
2.7243,26975
2.7298,27073
2.7355,27056
2.7409,27035
2.7466,27103
2.752,26987
2.7577,26991
2.7633,26932
2.7687,26911
2.7744,26970
2.7798,26977
2.7854,27007
2.7909,27043
2.7966,27051
2.802,26917
2.8077,26956
2.8131,27006
2.8188,26955
2.8242,26878
2.8299,26902
2.8354,26933
2.8411,26911
2.8464,26836
2.8521,26899
2.8578,26916
2.8632,26939
2.8689,26909
2.8743,26899
2.88,26949
2.8855,26969
2.8909,26909
2.8966,26858
2.902,26901
2.9076,26850
2.9133,26879
2.9187,26850
2.9244,26829
2.9298,26861
2.9355,26822
2.9409,26790
2.9466,26877
2.952,26801
2.9577,26727
2.9631,26791
2.9689,26872
2.9743,26817
2.9799,26720
2.9853,26805
2.991,26727
2.9964,26774
3.0021,26739
3.0075,26757
3.0132,26741
3.0188,26716
3.0243,26631
3.03,26813
3.0354,26653
3.0411,26782
3.0465,26816
3.052,26783
3.0576,26839
3.0633,26719
3.0687,26769
3.0744,26792
3.0798,26788
3.0855,26701
3.0909,26657
3.0966,26750
3.102,26789
3.1077,26741
3.1131,26771
3.1188,26781
3.1242,26738
3.1299,26701
3.1353,26738
3.141,26665
3.1467,26724
3.1521,26605
3.1578,26589
3.1632,26651
3.1689,26718
3.1742,26557
3.1799,26719
3.1854,26712
3.1911,26698
3.1965,26582
3.2022,26630
3.2076,26719
3.2133,26704
3.2187,26660
3.2244,26717
3.2298,26650
3.2354,26647
3.2411,26683
3.2465,26654
3.2522,26615
3.2576,26723
3.2633,26708
3.2688,26697
3.2742,26749
3.2799,26669
3.2853,26714
3.291,26617
3.2966,26612
3.3021,26629
3.3078,26573
3.3132,26636
3.3187,26583
3.3243,26557
3.33,26563
3.3354,26715
3.3409,26707
3.3465,26687
3.3522,26733
3.3576,26681
3.3633,26647
3.3687,26668
3.3743,26666
3.38,26635
3.3855,26595
3.3911,26529
3.3965,26629
3.4021,26675
3.4078,26657
3.4132,26715
3.4186,26642
3.4243,26714
3.43,26727
3.4354,26672
3.4411,26644
3.4465,26641
3.4521,26582
3.4578,26574
3.4632,26461
3.4689,26592
3.4743,26617
3.48,26581
3.4854,26625
3.4911,26625
3.4965,26670
3.5022,26665
3.5076,26658
3.5133,26527
3.5188,26606
3.5244,26618
3.5298,26659
3.5355,26586
3.5409,26553
3.5466,26573
3.5523,26626
3.5576,26481
3.5633,26561
3.5687,26665
3.5744,26632
3.5799,26610
3.5856,26638
3.591,26617
3.5964,26594
3.6021,26606
3.6077,26547
3.6132,26548
3.6189,26516
3.6243,26536
3.63,26515
3.6354,26483
3.641,26429
3.6467,26624
3.6522,26576
3.6576,26617
3.6633,26579
3.6687,26578
3.6745,26516
3.6798,26527
3.6855,26468
3.6909,26538
3.6966,26503
3.7023,26506
3.7077,26343
3.7134,26467
3.7187,26505
3.7244,26606
3.7298,26575
3.7355,26561
3.741,26618
3.7467,26563
3.7521,26487
3.7578,26538
3.7634,26488
3.7689,26494
3.7743,26461
3.78,26496
3.7854,26409
3.7911,26420
3.7967,26422
3.8021,26534
3.8076,26524
3.8133,26458
3.8187,26498
3.8244,26493
3.8298,26482
3.8355,26438
3.8412,26398
3.8466,26408
3.852,26388
3.8577,26422
3.8634,26397
3.8688,26376
3.8744,26367
3.8799,26478
3.8856,26469
3.891,26485
3.8965,26526
3.9022,26417
3.9076,26412
3.9132,26389
3.9189,26377
3.9243,26408
3.93,26337
3.9354,26323
3.9411,26332
3.9467,26340
3.9521,26359
3.9578,26382
3.9632,26446
3.9689,26446
3.9744,26338
3.9801,26361
3.9855,26384
3.9912,26395
3.9965,26384
4.0022,26278
4.0077,26299
4.0133,26314
4.0188,26263
4.0244,26246
4.0301,26326
4.0355,26380
4.0412,26428
4.0466,26331
4.0523,26429
4.0577,26433
4.0631,26364
4.0688,26384
4.0745,26294
4.0799,26257
4.0856,26307
4.091,26337
4.0967,26319
4.1023,26349
4.1077,26322
4.1131,26380
4.1188,26426
4.1245,26427
4.13,26341
4.1354,26376
4.1411,26305
4.1465,26322
4.1521,26301
4.1578,26299
4.1633,26238
4.1689,26319
4.1744,26296
4.18,26299
4.1854,26250
4.1911,26319
4.1968,26325
4.2022,26341
4.2079,26362
4.2133,26390
4.2187,26293
4.2244,26294
4.2301,26173
4.2355,26299
4.2412,26323
4.2466,26218
4.2523,26232
4.2576,26268
4.2633,26269
4.2687,26268
4.2744,26314
4.2799,26388
4.2856,26345
4.291,26313
4.2967,26344
4.3021,26345
4.3077,26238
4.3131,26270
4.3188,26250
4.3245,26240
4.3299,26238
4.3356,26228
4.341,26250
4.3467,26287
4.3521,26307
4.3578,26340
4.3633,26354
4.369,26269
4.3744,26318
4.38,26322
4.3854,26262
4.3911,26264
4.3966,26198
4.4022,26178
4.4076,26207
4.4133,26120
4.4189,26187
4.4244,26266
4.4301,26282
4.4355,26310
4.4412,26315
4.4466,26303
4.4523,26219
4.4577,26262
4.4634,26138
4.4688,26192
4.4745,26165
4.4799,26152
4.4856,26188
4.491,26141
4.4966,26083
4.502,26227
4.5078,26296
4.5132,26263
4.5189,26236
4.5243,26281
4.53,26134
4.5354,26168
4.5411,26186
4.5465,26083
4.5522,26248
4.5578,26191
4.5633,26133
4.5689,26113
4.5743,26103
4.58,26166
4.5854,26304
4.5909,26202
4.5966,26272
4.6021,26166
4.6078,26182
4.6132,26193
4.6187,26114
4.6245,26122
4.6299,26121
4.6356,26080
4.641,26041
4.6466,26035
4.6523,26041
4.6577,26154
4.6634,26179
4.6688,26249
4.6743,26229
4.68,26207
4.6857,26131
4.6911,26142
4.6967,26138
4.7022,26088
4.7079,26109
4.7132,25999
4.7189,26108
4.7243,26058
4.73,26058
4.7354,26151
4.7411,26212
4.7466,26232
4.7523,26169
4.7577,26135
4.7634,26158
4.7688,26133
4.7744,26014
4.7799,26053
4.7856,26045
4.7912,25997
4.7967,26012
4.8023,26116
4.8077,25973
4.8134,26123
4.8188,26156
4.8245,26131
4.8299,26098
4.8356,26093
4.8411,26130
4.8467,26126
4.8521,26036
4.8578,25990
4.8632,26110
4.8689,26051
4.8743,25973
4.88,25982
4.8856,25999
4.891,26119
4.8965,26113
4.9022,26157
4.9076,26049
4.9133,26015
4.919,26077
4.9244,26065
4.93,26036
4.9354,26031
4.9412,26051
4.9465,25977
4.9522,26055
4.9576,25922
4.9633,26003
4.9687,26086
4.9744,26141
4.9798,26163
4.9855,26058
4.991,26097
4.9967,26081
5.0021,25959
5.0077,25915
5.0134,25969
5.0189,25981
5.0245,26022
5.0299,25967
5.0356,25912
5.041,25934
5.0467,26069
5.0521,26051
5.0578,25989
5.0632,26021
5.0689,26030
5.0743,26035
5.08,26049
5.0856,25868
5.0911,25933
5.0968,25958
5.1022,25928
5.1079,25935
5.1133,25915
5.1189,25882
5.1244,25987
5.1301,26104
5.1355,26057
5.1412,26036
5.1467,26017
5.1524,25984
5.1577,25942
5.1634,25952
5.1688,25934
5.1745,25886
5.1799,25966
5.1856,25908
5.191,25824
5.1966,25891
5.2023,25922
5.2077,25957
5.2132,26093
5.2189,25972
5.2243,26013
5.23,25978
5.2354,25971
5.2411,25948
5.2468,25961
5.2522,25878
5.2579,25850
5.2633,25878
5.2689,25867
5.2743,25884
5.28,25971
5.2855,26057
5.2912,26036
5.2966,25949
5.3023,25948
5.3077,26006
5.3134,25880
5.3188,25964
5.3245,25808
5.3299,25928
5.3355,25913
5.3412,25900
5.3466,25899
5.3523,25838
5.3577,25892
5.3634,26031
5.3688,26006
5.3745,26003
5.3799,25900
5.3856,25993
5.391,25955
5.3967,25866
5.4021,25910
5.4078,25888
5.4134,25900
5.4188,25880
5.4245,25918
5.4299,25833
5.4356,25940
5.441,25991
5.4468,25950
5.4522,25911
5.4576,25879
5.4633,25984
5.469,25924
5.4744,25925
5.4798,25862
5.4855,25949
5.4912,25815
5.4966,25845
5.5023,25817
5.5077,25878
5.5134,25950
5.5188,26014
5.5245,25901
5.5299,25890
5.5356,25992
5.541,25969
5.5467,25885
5.5523,25887
5.5578,25884
5.5635,25855
5.5689,25882
5.5746,25820
5.5799,25850
5.5856,25877
5.5911,25872
5.5968,26052
5.6022,25963
5.6076,25974
5.6134,25929
5.6188,25945
5.6245,25897
5.6301,25863
5.6355,25863
5.6412,25831
5.6466,25809
5.6523,25734
5.6577,25831
5.6634,25776
5.6688,25848
5.6745,25942
5.6799,25903
5.6856,25941
5.691,25915
5.6967,25915
5.7021,25870
5.7077,25832
5.7132,25826
5.7189,25802
5.7245,25844
5.73,25845
5.7356,25839
5.741,25827
5.7467,25950
5.7521,25926
5.7578,25946
5.7633,25949
5.769,25815
5.7744,25847
5.7801,25828
5.7854,25873
5.7911,25791
5.7968,25826
5.8022,25880
5.8079,25826
5.8133,25836
5.8189,25784
5.8244,25835
5.8301,25940
5.8355,25890
5.8412,25837
5.8466,25798
5.8523,25885
5.8577,25905
5.8633,25829
5.8688,25752
5.8744,25790
5.8801,25721
5.8855,25802
5.8912,25802
5.8965,25764
5.9022,25850
5.9077,25882
5.9134,25867
5.9188,25911
5.9245,25881
5.9299,25792
5.9356,25948
5.9409,25831
5.9467,25791
5.9521,25853
5.9578,25861
5.9635,25783
5.9688,25798
5.9745,25863
5.9799,25840
5.9856,25898
5.9911,25943
5.9968,25774
6.0022,25890
6.0076,25732
6.0133,25874
6.0189,25837
6.0244,25911
6.0299,25843
6.0355,25780
6.0412,25798
6.0466,25720
6.0523,25757
6.0577,25860
6.0634,25884
6.0689,25873
6.0746,25850
6.08,25749
6.0854,25887
6.0911,25837
6.0967,25823
6.1022,25874
6.1079,25776
6.1132,25709
6.1189,25752
6.1246,25803
6.13,25754
6.1357,25812
6.1411,25925
6.1468,25887
6.1522,25808
6.1579,25793
6.1633,25846
6.169,25875
6.1744,25806
6.1801,25791
6.1855,25745
6.1911,25768
6.1965,25734
6.2022,25735
6.2079,25798
6.2133,25888
6.219,25865
6.2244,25900
6.2299,25848
6.2356,25744
6.241,25844
6.2467,25872
6.2523,25790
6.2578,25713
6.2632,25739
6.2688,25734
6.2743,25726
6.2799,25718
6.2856,25694
6.291,25912
6.2967,25833
6.3021,25939
6.3079,25872
6.3133,25807
6.319,25804
6.3244,25849
6.33,25795
6.3354,25806
6.3411,25778
6.3468,25773
6.3522,25725
6.3579,25809
6.3633,25728
6.369,25778
6.3745,25854
6.3799,25870
6.3856,25836
6.391,25831
6.3967,25795
6.4024,25802
6.4078,25762
6.4135,25750
6.4189,25748
6.4246,25657
6.43,25680
6.4357,25811
6.441,25643
6.4468,25871
6.4522,25805
6.4579,25819
6.4633,25773
6.469,25745
6.4744,25839
6.4801,25770
6.4855,25743
6.4912,25739
6.4966,25655
6.5023,25758
6.5077,25702
6.5134,25767
6.519,25721
6.5244,25654
6.5301,25815
6.5356,25886
6.5413,25748
6.5467,25822
6.5524,25750
6.5577,25853
6.5634,25753
6.5688,25878
6.5745,25733
6.5799,25751
6.5856,25696
6.5909,25764
6.5966,25690
6.6023,25711
6.6077,25899
6.6134,25892
6.6189,25838
6.6246,25847
6.63,25785
6.6356,25894
6.641,25853
6.6467,25738
6.6521,25781
6.6578,25615
6.6632,25771
6.6689,25770
6.6745,25788
6.6799,25730
6.6856,25975
6.6911,25838
6.6968,25874
6.7022,25843
6.7079,25805
6.7133,25776
6.7189,25747
6.7244,25813
6.7301,25654
6.7354,25766
6.7411,25694
6.7465,25827
6.7522,25758
6.7579,25754
6.7633,25853
6.7687,25848
6.7744,25767
6.7801,25871
6.7855,25775
6.7912,25849
6.7966,25796
6.8023,25759
6.8077,25804
6.8134,25720
6.8188,25761
6.8244,25705
6.8301,25795
6.8355,25738
6.8412,25787
6.8466,25731
6.8523,25820
6.8578,25783
6.8632,25845
6.8688,25784
6.8745,25751
6.8799,25714
6.8856,25689
6.8913,25791
6.8967,25692
6.9023,25610
6.9077,25727
6.9134,25830
6.9189,25923
6.9246,25830
6.93,25872
6.9357,25836
6.9411,25880
6.9468,25765
6.9521,25823
6.9578,25854
6.9632,25773
6.9689,25724
6.9743,25718
6.98,25634
6.9856,25676
6.991,25776
6.9967,25856
7.0021,25848
7.0078,25860
7.0133,25810
7.019,25851
7.0246,25712
7.03,25743
7.0357,25755
7.0411,25662
7.0467,25750
7.0522,25669
7.0578,25745
7.0632,25669
7.0689,25822
7.0744,25762
7.0801,25814
7.0855,25799
7.0912,25772
7.0966,25818
7.1022,25816
7.1079,25734
7.1134,25723
7.1188,25731
7.1244,25729
7.1299,25766
7.1355,25723
7.1412,25747
7.1466,25815
7.1523,25855
7.1577,25737
7.1634,25871
7.1688,25683
7.1745,25848
7.1799,25783
7.1855,25729
7.191,25715
7.1967,25716
7.2023,25823
7.2078,25788
7.2134,25704
7.2188,25734
7.2245,25790
7.2299,25810
7.2356,25797
7.2411,25834
7.2468,25810
7.2522,25717
7.2578,25823
7.2635,25794
7.2689,25759
7.2743,25795
7.28,25734
7.2857,25716
7.2911,25747
7.2967,25758
7.302,25881
7.3078,25877
7.3135,25924
7.3189,25795
7.3243,25830
7.3299,25790
7.3355,25831
7.3412,25807
7.3466,25801
7.3523,25805
7.3577,25711
7.3634,25764
7.3688,25727
7.3744,25828
7.3801,25857
7.3855,25791
7.3912,25840
7.3966,25837
7.4023,25863
7.4078,25743
7.4133,25840
7.419,25705
7.4244,25838
7.4301,25778
7.4355,25872
7.4411,25765
7.4468,25838
7.4522,25796
7.4579,25904
7.4633,25811
7.469,25828
7.4743,25888
7.48,25913
7.4855,25933
7.4911,25770
7.4968,25737
7.5022,25863
7.5079,25886
7.5133,25717
7.519,25803
7.5244,25703
7.53,25682
7.5355,25778
7.5412,25874
7.5466,25802
7.5523,25893
7.5577,25709
7.5634,25805
7.5688,25696
7.5744,25754
7.5799,25763
7.5856,25725
7.5912,25664
7.5967,25625
7.6023,25720
7.6077,25661
7.6134,25667
7.6189,25755
7.6246,25807
7.63,25743
7.6357,25723
7.6411,25726
7.6468,25661
7.6521,25785
7.6578,25756
7.6632,25756
7.6689,25739
7.6746,25719
7.6799,25708
7.6856,25809
7.691,25713
7.6967,25836
7.7022,25698
7.7078,25886
7.7133,25835
7.719,25813
7.7243,25722
7.73,25789
7.7354,25786
7.7411,25715
7.7468,25861
7.7522,25774
7.7578,25762
7.7635,25750
7.7689,25744
7.7746,25869
7.78,25835
7.7854,25743
7.7911,25831
7.7965,25869
7.8022,25848
7.8078,25745
7.8133,25794
7.819,25775
7.8244,25794
7.8301,25811
7.8357,25781
7.8411,25752
7.8468,25807
7.8522,25862
7.8579,25875
7.8634,25945
7.8688,25922
7.8745,25847
7.8801,25825
7.8855,25785
7.8912,25775
7.8967,25807
7.9023,25840
7.9078,25773
7.9134,25831
7.9188,25825
7.9245,25822
7.9299,25860
7.9356,25826
7.941,25887
7.9467,25921
7.9521,25811
7.9578,25830
7.9635,25799
7.9689,25739
7.9743,25869
7.98,25726
7.9857,25735
7.991,25638
7.9967,25771
8.0078,25806
8.0135,25787
8.0188,25834
8.0245,25831
8.0299,25837
8.0356,25803
8.0412,25830
8.0466,25778
8.0521,25802
8.0577,25779
8.0634,25699
8.0691,25838
8.0744,25746
8.0802,25892
8.0855,25870
8.0912,25906
8.0967,25855
8.1024,25747
8.1078,25858
8.1135,25698
8.1188,25887
8.1245,25801
8.13,25795
8.1356,25843
8.1411,25785
8.1467,25820
8.1524,25744
8.1578,25819
8.1634,25786
8.1689,25817
8.1746,25868
8.18,25865
8.1857,25865
8.1911,25856
8.1967,25891
8.2021,25799
8.2079,25729
8.2135,25701
8.2189,25794
8.2246,25784
8.2299,25733
8.2356,25738
8.241,25933
8.2467,25926
8.2521,25931
8.2578,25841
8.2632,25785
8.2689,25763
8.2745,25842
8.2799,25781
8.2856,25858
8.291,25774
8.2967,25813
8.3024,25827
8.3078,25817
8.3135,25798
8.3189,25894
8.3246,25849
8.33,26000
8.3357,25770
8.3411,25912
8.3468,25823
8.3522,25827
8.3579,25793
8.3633,25792
8.369,25775
8.3744,25807
8.38,25812
8.3855,25831
8.3912,25836
8.3968,25934
8.4022,25825
8.4079,25905
8.4134,25914
8.4188,25873
8.4245,25751
8.4301,25936
8.4355,25817
8.4413,25878
8.4466,25776
8.4523,25763
8.4577,25735
8.4634,25774
8.4688,25802
8.4745,25961
8.4802,25906
8.4856,25856
8.4913,25948
8.4967,25782
8.5024,25841
8.5077,25807
8.5134,25829
8.5189,25787
8.5245,25901
8.5299,25836
8.5356,25829
8.5413,25800
8.5467,25707
8.5523,25836
8.5578,25929
8.5635,25902
8.5689,25911
8.5746,25855
8.5799,25881
8.5856,25841
8.591,25914
8.5967,25891
8.6024,25926
8.6078,25795
8.6134,25868
8.6188,25936
8.6245,26016
8.6302,25884
8.6356,25973
8.6413,26021
8.6467,25966
8.6522,25974
8.6578,26013
8.6635,25858
8.6689,25978
8.6746,25952
8.68,25943
8.6857,25927
8.6911,25856
8.6967,25986
8.7022,25835
8.7078,26057
8.7135,26044
8.7189,25993
8.7244,25980
8.7301,25997
8.7357,26011
8.7411,25980
8.7468,25965
8.7522,25886
8.7579,25884
8.7633,25863
8.7688,25854
8.7745,25910
8.7799,25955
8.7856,26012
8.7913,25909
8.7966,26035
8.8023,25960
8.8078,25981
8.8134,25907
8.8191,25907
8.8243,25906
8.8301,25893
8.8357,25923
8.8412,25871
8.8468,25783
8.8522,25917
8.8579,25958
8.8635,25991
8.869,25931
8.8744,25925
8.88,25879
8.8857,25850
8.8911,25945
8.8967,25898
8.9021,25909
8.9078,25924
8.9135,25883
8.9189,25918
8.9245,25922
8.9302,25912
8.9356,25756
8.9413,25923
8.9467,25999
8.9524,25931
8.9578,25974
8.9634,25860
8.9688,25868
8.9745,25925
8.9802,25821
8.9856,25848
8.9912,25883
8.9966,25897
9.008,25817
9.0134,25938
9.019,25960
9.0244,26018
9.0301,25910
9.0355,25931
9.0412,25897
9.0466,25903
9.0523,25968
9.0577,25878
9.0634,25872
9.0688,25784
9.0745,25908
9.0802,25839
9.0856,25796
9.0913,25876
9.0966,25882
9.1023,25899
9.1078,25933
9.1135,25912
9.1189,25920
9.1245,25926
9.1302,25909
9.1356,25834
9.1411,25783
9.1467,25776
9.1524,25795
9.1578,25880
9.1635,25884
9.1689,25848
9.1746,25850
9.18,25890
9.1857,25899
9.1911,25887
9.1968,25937
9.2022,25929
9.2079,25776
9.2133,25886
9.219,25920
9.2244,25927
9.2301,25968
9.2357,25842
9.2411,25816
9.2468,25869
9.2522,25910
9.2579,25953
9.2633,26007
9.2691,26003
9.2745,25953
9.2801,25887
9.2855,25879
9.2912,25828
9.2967,25921
9.3023,25927
9.3077,25888
9.3134,25822
9.3191,25929
9.3245,25974
9.3301,25982
9.3356,26068
9.3412,25898
9.3467,25960
9.3523,25820
9.3577,25947
9.3634,25941
9.3691,25911
9.3745,25865
9.3802,25860
9.3856,25831
9.3913,25927
9.3966,25871
9.4023,25920
9.4077,25941
9.4134,25983
9.4189,25976
9.4246,25963
9.43,25861
9.4356,25928
9.4413,25961
9.4467,25950
9.4524,25944
9.4578,25966
9.4635,25943
9.4689,25930
9.4745,25882
9.4799,25881
9.4856,25948
9.4913,26001
9.4967,25921
9.5022,25978
9.5079,25900
9.5135,25814
9.5189,26018
9.5246,25906
9.53,25857
9.5357,25908
9.5411,25956
9.5468,25926
9.5524,25912
9.5578,25993
9.5635,25987
9.5689,26020
9.5746,25949
9.5801,25953
9.5858,25927
9.5912,25889
9.5968,25929
9.6023,25883
9.608,25932
9.6133,25795
9.619,25874
9.6244,25904
9.6301,25864
9.6355,25960
9.6412,25956
9.6468,25876
9.6523,25957
9.6577,25929
9.6634,25851
9.6691,25922
9.6744,25900
9.6802,25877
9.6856,25917
9.6913,25970
9.6967,25893
9.7023,25824
9.708,25891
9.7134,25979
9.7191,25862
9.7245,26041
9.7302,25922
9.7356,25969
9.7413,25987
9.7467,25839
9.7523,25993
9.7578,25960
9.7635,25908
9.7688,25929
9.7746,25779
9.7802,25950
9.7856,25898
9.791,25904
9.7967,26000
9.8024,25974
9.8078,25850
9.8135,26057
9.819,25924
9.8246,25990
9.83,25918
9.8357,25892
9.8411,25937
9.8468,25914
9.8522,25955
9.8578,25861
9.8635,25907
9.8689,25886
9.8746,25945
9.88,25981
9.8858,26028
9.8912,25981
9.8969,25964
9.9023,25950
9.9079,25896
9.9134,25960
9.9191,25889
9.9245,25858
9.9302,25959
9.9355,25948
9.9412,25911
9.9466,25814
9.9523,25962
9.958,26020
9.9634,26042
9.9688,25960
9.9745,25907
9.9802,25966
9.9856,25999
9.9913,25991
9.9967,25872
10.0023,25946
10.0078,25922
10.0135,25914
10.0191,25982
10.0245,25870
10.0302,25989
10.0356,26006
10.0413,26014
10.0467,25917
10.0524,25972
10.0578,25935
10.0635,26012
10.0689,25938
10.0746,25935
10.08,25905
10.0856,25921
10.0913,25921
10.0967,25960
10.1024,25989
10.1078,25870
10.1135,26063
10.1189,26056
10.1246,25947
10.13,25901
10.1357,25879
10.1411,25884
10.1468,25910
10.1522,25935
10.1579,25930
10.1633,25894
10.169,25766
10.1746,25770
10.1801,26010
10.1857,25958
10.1911,26088
10.1968,25963
10.2023,25938
10.208,25944
10.2133,25987
10.219,25880
10.2244,25984
10.2301,25935
10.2358,25919
10.2412,25937
10.2469,25931
10.2522,25927
10.2579,25941
10.2633,26029
10.269,26030
10.2744,26032
10.2802,26016
10.2856,25974
10.2912,25925
10.2966,25946
10.3023,26038
10.3078,25970
10.3134,25992
10.3188,25944
10.3245,25928
10.3301,25892
10.3356,26032
10.3412,25963
10.3466,25990
10.3523,26019
10.3578,25992
10.3635,26003
10.3691,26024
10.3744,26034
10.3801,25987
10.3856,25905
10.3912,26031
10.3966,26034
10.4022,25886
10.4079,25975
10.4133,25975
10.419,25970
10.4244,25954
10.4301,26011
10.4358,26008
10.4412,25919
10.4469,25925
10.4523,26022
10.4579,25971
10.4633,25943
10.469,25907
10.4744,25817
10.4801,25796
10.4857,25869
10.4911,25909
10.4968,26020
10.5022,26003
10.5079,26053
10.5134,25973
10.5191,25991
10.5244,25914
10.5301,25849
10.5355,26047
10.5413,25974
10.5466,25915
10.5523,25931
10.558,25897
10.5634,25905
10.5691,25966
10.5744,26076
10.5801,26016
10.5856,25972
10.5913,26013
10.5967,25966
10.6024,26002
10.608,26041
10.6135,26026
10.6189,25945
10.6245,26013
10.6302,25889
10.6356,25995
10.6413,25930
10.6467,26019
10.6524,25934
10.6578,26021
10.6635,26073
10.6689,26033
10.6746,25982
10.68,25993
10.6857,25952
10.6911,25921
10.6968,26036
10.7022,26001
10.7079,25947
10.7135,25914
10.7189,25963
10.7246,26002
10.73,26024
10.7357,26051
10.7411,26051
10.7468,26026
10.7522,26019
10.7579,26056
10.7636,26001
10.769,25935
10.7744,25943
10.7801,26003
10.7855,25924
10.7912,25866
10.7968,26008
10.8022,25947
10.8079,25892
10.8133,25992
10.819,26045
10.8244,25994
10.8301,25904
10.8358,25967
10.8412,25944
10.8469,25944
10.8523,25953
10.8579,25960
10.8634,25932
10.869,26022
10.8747,25979
10.8801,25958
10.8858,25999
10.8912,25934
10.8966,25922
10.9023,26081
10.9078,26064
10.9134,25991
10.9191,25978
10.9245,26046
10.9302,26004
10.9356,26001
10.9413,26005
10.9466,26001
10.9523,26036
10.958,26141
10.9634,26001
10.9691,26084
10.9745,26110
10.9802,26021
10.9856,26086
10.9913,26029
10.9967,26060
11.0024,25915
11.0078,25986
11.0134,25972
11.0189,25957
11.0245,25948
11.0302,25978
11.0356,25985
11.0413,26103
11.0467,26031
11.0524,26054
11.0578,25999
11.0635,26043
11.0689,25910
11.0746,26084
11.08,26021
11.0857,25995
11.0911,25946
11.0968,25959
11.1022,26004
11.1078,25942
11.1133,26033
11.1189,26041
11.1246,26038
11.1301,26040
11.1358,25999
11.1412,26086
11.1468,26029
11.1522,25997
11.1579,25971
11.1634,26027
11.169,26001
11.1744,26060
11.1801,26016
11.1858,26016
11.1912,26076
11.1969,26137
11.2023,26108
11.208,26002
11.2134,26092
11.2191,26078
11.2245,26028
11.2302,26053
11.2356,26065
11.2413,26119
11.2466,26097
11.2523,26126
11.258,25989
11.2634,26014
11.269,26125
11.2747,26017
11.2801,26129
11.2858,26158
11.2912,26093
11.2967,26009
11.3023,26041
11.308,26069
11.3134,26083
11.3191,25995
11.3245,26018
11.3302,26032
11.3356,25945
11.3412,25952
11.3466,26082
11.3523,26118
11.3577,26151
11.3634,26115
11.3689,26012
11.3746,25961
11.38,25916
11.3856,26027
11.3913,26066
11.3967,25911
11.4024,25925
11.4078,26054
11.4135,26037
11.4189,25986
11.4246,26029
11.4302,26052
11.4357,26106
11.4411,26101
11.4468,26061
11.4522,26087
11.4579,25992
11.4635,26063
11.469,26014
11.4747,25937
11.48,26104
11.4858,26081
11.4912,26039
11.4968,26021
11.5022,26134
11.5079,26009
11.5133,26010
11.519,26110
11.5244,26130
11.5301,26088
11.5358,26125
11.5412,25971
11.5469,25973
11.5523,26062
11.5579,26065
11.5634,26073
11.569,26041
11.5747,26084
11.5801,26067
11.5858,26104
11.5912,26159
11.5966,26113
11.6023,26007
11.6078,26152
11.6134,26113
11.6191,26076
11.6245,26018
11.6302,26101
11.6356,26002
11.6413,25962
11.6467,26087
11.6523,26040
11.658,26059
11.6634,25955
11.6691,26109
11.6745,26053
11.6802,26062
11.6856,26128
11.6913,26065
11.6967,26142
11.7024,26045
11.7078,26076
11.7135,26067
11.7189,26038
11.7245,26128
11.7302,26032
11.7357,26062
11.7413,26010
11.7467,26206
11.7521,26137
11.7579,26099
11.7636,26022
11.769,26120
11.7746,26170
11.78,26085
11.7856,26093
11.7912,26096
11.7966,26041
11.8023,26087
11.8079,26128
11.8134,26064
11.819,26124
11.8244,26227
11.8301,26139
11.8356,26023
11.8411,26182
11.8468,26164
11.8524,26185
11.8578,26158
11.8635,26066
11.8689,26121
11.8746,26134
11.88,26144
11.8856,26171
11.8914,26160
11.8967,26147
11.9024,26158
11.9079,26198
11.9136,26227
11.919,26166
11.9246,26165
11.9302,26205
11.9357,26104
11.9414,26131
11.9468,26187
11.9524,26145
11.9578,26140
11.9634,26124
11.9689,26235
11.9745,26176
11.9802,26184
11.9856,26305
11.9914,26161
11.9968,26197
12.0024,26124
12.0078,26098
12.0135,26167
12.019,26127
12.0247,26088
12.0301,26171
12.0357,26052
12.0411,26150
12.0468,26117
12.0525,26283
12.0579,26260
12.0633,26273
12.069,26161
12.0745,26136
12.0801,26182
12.0858,26213
12.0912,26196
12.0969,26129
12.1023,26061
12.108,26071
12.1133,26151
12.119,26101
12.1244,26167
12.1301,26165
12.1358,26174
12.1412,26270
12.1466,26239
12.1523,26116
12.158,26107
12.1634,26198
12.1691,26159
12.1745,26089
12.1802,26102
12.1856,26156
12.1912,26184
12.1969,26135
12.2023,26179
12.208,26196
12.2134,26156
12.2191,26131
12.2245,26098
12.2303,26162
12.2356,26154
12.2413,26126
12.2467,26225
12.2524,26156
12.2578,26103
12.2635,26151
12.2689,26080
12.2746,26133
12.28,26107
12.2857,26159
12.2911,26070
12.2968,26102
12.3022,26204
12.3079,26053
12.3133,26200
12.319,26196
12.3244,26051
12.3301,26185
12.3358,26084
12.3412,26240
12.3469,26165
12.3523,26147
12.3579,26136
12.3636,26203
12.369,26229
12.3747,26136
12.3802,26224
12.3856,26226
12.3912,26138
12.3969,26163
12.4023,26193
12.408,26131
12.4134,26219
12.4191,26203
12.4245,26153
12.4302,26105
12.4356,26157
12.4412,26236
12.4467,26200
12.4524,26130
12.4578,26211
12.4635,26134
12.4691,26169
12.4745,26231
12.4802,26129
12.4857,26204
12.4913,26146
12.4967,26177
12.5024,26147
12.5081,26087
12.5135,26078
12.5191,26113
12.5245,26236
12.5302,26261
12.5357,26178
12.5414,26134
12.5467,26180
12.5524,26166
12.5578,26195
12.5635,26115
12.5689,26098
12.5746,26190
12.58,26217
12.5856,26158
12.5911,26153
12.5967,26267
12.6024,26261
12.6079,26071
12.6136,26238
12.619,26195
12.6247,26200
12.6301,26300
12.6358,26267
12.6412,26228
12.6469,26208
12.6523,26187
12.658,26193
12.6633,26189
12.669,26143
12.6747,26241
12.6801,26189
12.6856,26264
12.6913,26220
12.6967,26208
12.7024,26246
12.708,26192
12.7135,26203
12.7189,26323
12.7245,26194
12.7303,26135
12.7356,26211
12.7413,26163
12.7467,26173
12.7524,26254
12.7578,26203
12.7635,26232
12.7689,26208
12.7746,26266
12.7803,26155
12.7857,25998
12.7914,26088
12.7968,26198
12.8025,26141
12.8079,26168
12.8136,26279
12.8189,26205
12.8246,26159
12.8303,26238
12.8357,26226
12.8411,26260
12.8468,26227
12.8522,26275
12.8579,26175
12.8635,26256
12.8689,26210
12.8746,26247
12.8803,26202
12.8857,26256
12.8914,26189
12.8968,26232
12.9025,26217
12.9078,26169
12.9135,26262
12.9188,26246
12.9245,26176
12.9302,26186
12.9359,26209
12.9412,26227
12.9469,26234
12.9523,26160
12.958,26194
12.9634,26247
12.9691,26157
12.9745,26252
12.9802,26119
12.9858,26312
12.9912,26238
12.9966,26199
13.0023,26333
13.0078,26045
13.0135,26127
13.0191,26173
13.0245,26246
13.0302,26258
13.0356,26138
13.0413,26148
13.047,26102
13.0523,26168
13.058,26227
13.0634,26210
13.0691,26237
13.0744,26268
13.0801,26264
13.0858,26278
13.0912,26104
13.0969,26216
13.1023,26244
13.108,26194
13.1134,26254
13.119,26190
13.1247,26153
13.13,26174
13.1357,26135
13.1411,26204
13.1468,26197
13.1522,26214
13.1579,26315
13.1636,26206
13.169,26285
13.1745,26207
13.1802,26283
13.1856,26165
13.1912,26199
13.1967,26244
13.2023,26191
13.2078,26177
13.2135,26203
13.2189,26142
13.2245,26281
13.23,26293
13.2356,26229
13.2412,26195
13.2467,26200
13.2523,26255
13.2578,26276
13.2634,26136
13.269,26253
13.2745,26222
13.2801,26217
13.2856,26214
13.2912,26100
13.2967,26236
13.3023,26137
13.3078,26206
13.3134,26211
13.319,26169
13.3246,26265
13.3301,26181
13.3357,26235
13.3412,26033
13.3468,26166
13.3523,26219
13.3579,26172
13.3634,26241
13.369,26145
13.3746,26243
13.3801,26203
13.3856,26361
13.3912,26246
13.3968,26083
13.4024,26169
13.4079,26297
13.4135,26196
13.419,26122
13.4246,26234
13.43,26198
13.4357,26136
13.4413,26235
13.4468,26146
13.4524,26196
13.4578,26103
13.4635,26278
13.4691,26249
13.4745,26165
13.4802,26181
13.4857,26297
13.4913,26223
13.4967,26270
13.5024,26243
13.508,26099
13.5134,26188
13.519,26204
13.5247,26173
13.5301,26173
13.5358,26279
13.5412,26340
13.5469,26346
13.5523,26251
13.558,26251
13.5634,26239
13.5691,26237
13.5745,26243
13.5802,26263
13.5856,26254
13.5912,26256
13.5969,26217
13.6024,26300
13.608,26300
13.6134,26303
13.6189,26262
13.6246,26255
13.6303,26263
13.6357,26057
13.6414,26171
13.6468,26125
13.6525,26191
13.6578,26184
13.6636,26174
13.669,26140
13.6746,26174
13.6803,26245
13.6857,26144
13.6914,26194
13.6968,26344
13.7025,26258
13.7079,26186
13.7136,26184
13.719,26116
13.7247,26127
13.7301,26167
13.7358,26096
13.7412,26192
13.7468,26241
13.7525,26247
13.7579,26137
13.7636,26215
13.769,26194
13.7747,26296
13.7801,26291
13.7858,26274
13.7912,26196
13.7969,26254
13.8023,26173
13.808,26205
13.8134,26186
13.8191,26232
13.8248,26204
13.8302,26213
13.8359,26207
13.8412,26196
13.847,26285
13.8524,26195
13.8581,26208
13.8635,26219
13.8691,26156
13.8745,26191
13.8802,26275
13.8856,26153
13.8913,26153
13.8967,26148
13.9024,26193
13.908,26200
13.9135,26220
13.9191,26287
13.9245,26336
13.9302,26278
13.9357,26315
13.9414,26207
13.9468,26175
13.9524,26143
13.9581,26137
13.9635,26032
13.9692,26239
13.9746,26237
13.9803,26113
13.9856,26277
13.9913,26271
13.9967,26137
14.0024,26209
14.0079,26270
14.0136,26147
14.019,26096
14.0247,26114
14.0303,26039
14.0358,26209
14.0412,26228
14.0468,26254
14.0523,26240
14.0579,26263
14.0636,26222
14.069,26199
14.0747,26217
14.0801,26224
14.0858,26265
14.0913,26227
14.097,26216
14.1023,26215
14.108,26163
14.1134,26206
14.1191,26208
14.1245,26248
14.1302,26251
14.1359,26215
14.1413,26266
14.147,26190
14.1523,26189
14.158,26282
14.1635,26284
14.1692,26298
14.1746,26245
14.1803,26268
14.1857,26190
14.1914,26222
14.1968,26186
14.2025,26183
14.2079,26187
14.2135,26144
14.2192,26223
14.2247,26221
14.2303,26257
14.2357,26263
14.2414,26320
14.2468,26251
14.2525,26271
14.2579,26175
14.2635,26242
14.269,26271
14.2747,26175
14.2803,26126
14.2857,26171
14.2914,26207
14.2968,26082
14.3025,26013
14.3079,26337
14.3136,26255
14.319,26104
14.3247,26250
14.3302,26189
14.3359,26273
14.3412,26220
14.3469,26191
14.3524,26226
14.358,26185
14.3634,26227
14.3691,26103
14.3747,26102
14.3802,26142
14.3858,26197
14.3913,26321
14.397,26233
14.4024,26272
14.4081,26203
14.4135,26239
14.4192,26230
14.4246,26126
14.4303,26198
14.4357,26153
14.4414,26151
14.4468,26243
14.4525,26160
14.4579,26162
14.4635,26208
14.469,26200
14.4747,26225
14.4801,26118
14.4858,26225
14.4912,26232
14.4969,26158
14.5023,26202
14.508,26192
14.5137,26099
14.5191,26159
14.5247,26094
14.5301,26200
14.5358,26205
14.5412,26282
14.5469,26300
14.5523,26133
14.558,26158
14.5635,26282
14.5691,26126
14.5748,26256
14.5802,26212
14.5856,26168
14.5913,26259
14.597,26147
14.6024,26223
14.608,26236
14.6135,26220
14.6191,26137
14.6245,26220
14.6302,26214
14.6357,26281
14.6414,26246
14.6468,26216
14.6524,26179
14.6581,26268
14.6635,26211
14.6692,26229
14.6746,26145
14.6803,26245
14.6857,26192
14.6914,26198
14.6968,26052
14.7025,26168
14.7079,26341
14.7136,26273
14.719,26226
14.7246,26202
14.7303,26185
14.7357,26196
14.7414,26187
14.7468,26086
14.7525,26199
14.7579,26202
14.7636,26270
14.769,26232
14.7746,26258
14.7803,26288
14.7858,26288
14.7915,26290
14.7969,26270
14.8025,26134
14.8078,26286
14.8135,26216
14.819,26209
14.8246,26193
14.8303,26201
14.8356,26261
14.8413,26167
14.847,26205
14.8524,26206
14.8581,26271
14.8635,26255
14.8692,26195
14.8746,26121
14.8803,26244
14.8856,26275
14.8913,26225
14.8968,26186
14.9024,26170
14.9078,26179
14.9134,26089
14.9191,26241
14.9248,26109
14.9302,26204
14.9359,26165
14.9413,26138
14.947,26166
14.9524,26227
14.958,26058
14.9634,26178
14.9691,26203
14.9748,26215
14.9802,26257
14.9858,26246
14.9912,26234
14.9969,26208
15.0023,26167
15.008,26323
15.0134,26278
15.0191,26205
15.0246,26234
15.0303,26222
15.0359,26083
15.0413,26197
15.047,26167
15.0524,26319
15.0581,26158
15.0635,26103
15.0692,26158
15.0746,26232
15.0803,26266
15.0857,26303
15.0914,26302
15.0968,26269
15.1025,26227
15.1079,26233
15.1136,26159
15.119,26162
15.1247,26214
15.1301,26172
15.1358,26206
15.1412,26269
15.1469,26196
15.1525,26214
15.1579,26258
15.1636,26324
15.169,26258
15.1747,26184
15.1802,26206
15.1859,26220
15.1912,26070
15.1969,26294
15.2023,26112
15.208,26234
15.2137,26222
15.2191,26214
15.2248,26180
15.2302,26158
15.2359,26239
15.2413,26237
15.2469,26248
15.2524,26293
15.2581,26213
15.2635,26236
15.2692,26264
15.2748,26279
15.2802,26237
15.2857,26324
15.2913,26284
15.2968,26288
15.3024,26299
15.3081,26181
15.3135,26215
15.3192,26210
15.3246,26250
15.3303,26322
15.3357,26260
15.3414,26243
15.3468,26172
15.3525,26205
15.3579,26130
15.3636,26171
15.3693,26184
15.3747,26202
15.3803,26201
15.3857,26149
15.3914,26109
15.3968,26078
15.4025,26256
15.4079,26149
15.4136,26266
15.419,26204
15.4247,26117
15.4303,26018
15.4358,26232
15.4412,26120
15.4469,26127
15.4526,26200
15.4579,26117
15.4636,26166
15.469,26247
15.4747,26186
15.4802,26225
15.4859,26060
15.4913,26297
15.4967,26151
15.5024,26245
15.5081,26191
15.5135,26192
15.5192,26273
15.5246,26273
15.5303,26242
15.5359,26175
15.5413,26259
15.547,26239
15.5524,26133
15.5581,26175
15.5635,26214
15.5692,26094
15.5746,26130
15.5803,26219
15.5857,26218
15.5914,26110
15.5968,26187
15.6024,26224
15.6081,26189
15.6135,26241
15.6192,26172
15.6246,26049
15.6303,26112
15.6357,26243
15.6414,26289
15.6468,26248
15.6525,26238
15.6579,26188
15.6636,26165
15.669,26178
15.6747,26137
15.6801,26142
15.6858,26262
15.6914,26175
15.6968,26186
15.7025,26124
15.7079,26228
15.7136,26248
15.719,26155
15.7247,26194
15.7301,26223
15.7358,26252
15.7414,26108
15.7469,26221
15.7526,26206
15.758,26269
15.7637,26210
15.769,26237
15.7747,26201
15.7801,26245
15.7858,26230
15.7912,26278
15.7969,26333
15.8023,26268
15.808,26237
15.8134,26277
15.8191,26148
15.8248,26187
15.8302,26237
15.8358,26155
15.8413,26159
15.8469,26220
15.8523,26176
15.858,26288
15.8637,26188
15.8691,26345
15.8746,26258
15.8803,26266
15.8857,26278
15.8913,26286
15.897,26202
15.9024,26247
15.9081,26170
15.9135,26240
15.9192,26243
15.9245,26120
15.9302,26114
15.9356,26264
15.9413,26221
15.947,26266
15.9524,26290
15.9578,26251
15.9635,26151
15.9692,26156
15.9746,26179
15.9803,26172
15.9857,26235
15.9914,26173
15.9968,26082
16.0025,26178
16.0079,26205
16.0136,26192
16.0192,26212
16.0247,26216
16.0304,26219
16.0358,26208
16.0412,26210
16.0469,26148
16.0525,26177
16.058,26231
16.0637,26172
16.069,26227
16.0748,26187
16.0801,26168
16.0858,26129
16.0912,26229
16.0969,26251
16.1023,26218
16.108,26217
16.1135,26155
16.1192,26224
16.1246,26275
16.1302,26094
16.1356,26169
16.1414,26226
16.147,26151
16.1525,26175
16.1581,26275
16.1635,26178
16.1692,26179
16.1746,26009
16.1803,26151
16.1857,26241
16.1914,26271
16.1968,26197
16.2025,26063
16.2081,26150
16.2134,26277
16.2191,26222
16.2245,26171
16.2302,26241
16.2359,26201
16.2412,26156
16.2469,26130
16.2523,26153
16.258,26284
16.2635,26189
16.2691,26173
16.2745,26226
16.2801,26287
16.2858,26206
16.2912,26168
16.2969,26153
16.3025,26175
16.3079,26196
16.3136,26174
16.3193,26132
16.3247,26195
16.3303,26296
16.3358,26255
16.3415,26235
16.3469,26355
16.3525,26173
16.3579,26140
16.3635,26248
16.3692,26063
16.3747,26032
16.3803,26180
16.3857,26165
16.3914,26129
16.3968,26099
16.4025,26256
16.4081,26298
16.4136,26246
16.4193,26285
16.4247,26225
16.4301,26205
16.4358,26154
16.4415,26224
16.4469,26134
16.4526,26207
16.458,26135
16.4634,26138
16.4691,26132
16.4747,26153
16.4802,26239
16.4858,26301
16.4912,26238
16.4969,26223
16.5023,26239
16.5081,26252
16.5137,26092
16.5191,26236
16.5248,26164
16.5302,26277
16.5359,26273
16.5413,26171
16.5469,26292
16.5525,26197
16.558,26278
16.5636,26330
16.5691,26218
16.5745,26309
16.5802,26303
16.5856,26226
16.5913,26272
16.597,26235
16.6024,26237
16.6081,26267
16.6135,26232
16.6192,26231
16.6246,26174
16.6302,26189
16.6357,26207
16.6413,26256
16.647,26167
16.6525,26192
16.6579,26251
16.6636,26166
16.6693,26118
16.6747,26235
16.6804,26188
16.6858,26094
16.6915,26148
16.6969,26125
16.7023,26208
16.708,26133
16.7137,26184
16.7191,26267
16.7248,26074
16.7301,26126
16.7358,26161
16.7412,26155
16.7469,26220
16.7526,26156
16.758,26137
16.7634,26213
16.7692,26155
16.7746,26125
16.7803,26036
16.7857,26112
16.7914,26247
16.7968,26184
16.8025,26254
16.8079,26268
16.8136,26148
16.819,26122
16.8247,26094
16.8304,26051
16.8358,26056
16.8412,26242
16.8469,26196
16.8526,26138
16.858,26072
16.8636,26165
16.8691,26189
16.8747,26191
16.8801,26254
16.8859,26189
16.8913,26240
16.897,26226
16.9024,26169
16.908,26220
16.9135,26239
16.9192,26200
16.9248,26225
16.9303,26158
16.9359,26203
16.9413,26114
16.947,26085
16.9524,26183
16.9581,26254
16.9635,26278
16.9692,26187
16.9747,26221
16.9803,26170
16.9857,26188
16.9914,26098
16.9968,26183
17.0024,26217
17.0079,26233
17.0136,26154
17.0193,26210
17.0247,26196
17.0304,26250
17.0358,26118
17.0412,26247
17.0469,26194
17.0523,26177
17.058,26127
17.0636,26173
17.0691,26185
17.0748,26160
17.0801,26228
17.0859,26288
17.0915,26229
17.0969,26246
17.1026,26057
17.108,26164
17.1137,26240
17.1191,26119
17.1248,26185
17.1303,26141
17.1359,26182
17.1413,26165
17.147,26229
17.1524,26268
17.1581,26204
17.1635,26195
17.1692,26117
17.1746,26226
17.1803,26072
17.1857,26259
17.1914,26217
17.1968,26146
17.2025,26165
17.2079,26230
17.2136,26168
17.2192,26196
17.2247,26212
17.2301,26200
17.2357,26227
17.2415,26196
17.2468,26089
17.2525,26156
17.2579,26181
17.2636,26227
17.269,26193
17.2747,26074
17.2802,26186
17.2859,26265
17.2913,26170
17.2969,26195
17.3024,26268
17.3081,26147
17.3137,26138
17.3191,26019
17.3248,26194
17.3302,26122
17.3359,26128
17.3413,26174
17.347,26244
17.3524,26181
17.3581,25976
17.3635,26165
17.3692,26162
17.3749,26093
17.3803,26005
17.3857,26183
17.3913,26221
17.3971,26165
17.4024,26142
17.4081,26235
17.4135,26170
17.4192,26150
17.4246,26187
17.4303,26217
17.4357,26180
17.4414,26148
17.4471,26149
17.4524,26276
17.4582,26184
17.4636,26110
17.4693,26101
17.4747,26239
17.4803,26117
17.4858,26108
17.4913,26177
17.497,26247
17.5024,26298
17.5081,26313
17.5135,26210
17.5192,26156
17.5246,26148
17.5302,26214
17.5359,26193
17.5414,26223
17.547,26223
17.5525,26155
17.5581,26223
17.5635,26198
17.5692,26078
17.5746,26192
17.5803,26112
17.5857,26147
17.5914,26159
17.5968,26153
17.6025,26192
17.6081,26165
17.6136,26140
17.619,26127
17.6247,26154
17.6304,26101
17.6357,26199
17.6414,26122
17.6471,26055
17.6525,26126
17.6582,26223
17.6636,26111
17.6693,26165
17.6747,26199
17.6804,26205
17.6858,26154
17.6915,26224
17.6969,26272
17.7026,26158
17.7079,26180
17.7136,26141
17.7193,26183
17.7247,26209
17.7303,26223
17.7358,26198
17.7415,26233
17.7469,26093
17.7526,26217
17.758,26192
17.7636,26194
17.7693,26121
17.7747,26202
17.7804,26190
17.7858,26138
17.7914,26254
17.7971,26097
17.8025,26190
17.8081,26261
17.8136,26192
17.8192,26197
17.8246,26210
17.8304,26134
17.8357,26228
17.8414,26141
17.8468,26186
17.8526,26133
17.8582,26199
17.8636,26124
17.8693,26139
17.8747,26104
17.8804,26156
17.8858,26173
17.8915,26179
17.8969,26205
17.9026,26125
17.908,26251
17.9137,26207
17.9191,26214
17.9248,26178
17.9301,26233
17.9358,26102
17.9415,26232
17.9469,26187
17.9525,26190
17.958,26270
17.9636,26270
17.9693,26171
17.9747,26210
17.9802,26146
17.9857,26139
17.9914,26240
17.9971,26209
18.0025,26142
18.0079,26151
18.0135,26184
18.0192,26195
18.0246,26207
18.0303,26196
18.036,26160
18.0414,26179
18.0471,26222
18.0525,26144
18.0582,26146
18.0636,26159
18.0692,26068
18.0748,26136
18.0803,26184
18.0857,26126
18.0914,26079
18.097,26159
18.1027,26155
18.108,26059
18.1137,26227
18.1191,26166
18.1248,26165
18.1302,26062
18.1359,26207
18.1413,26246
18.147,26056
18.1524,26084
18.1581,25939
18.1635,26113
18.1692,26136
18.1746,26103
18.1803,26119
18.1859,26173
18.1914,26221
18.197,26227
18.2024,26153
18.2081,26163
18.2136,26125
18.2193,26181
18.2246,26110
18.2303,26248
18.2357,26130
18.2414,26144
18.2471,26131
18.2525,26118
18.2582,26130
18.2636,26180
18.2693,26233
18.2747,26138
18.2804,26097
18.2858,26184
18.2915,26067
18.2969,26158
18.3026,26036
18.3082,26191
18.3137,26204
18.3191,26236
18.3248,26215
18.3302,26174
18.3358,26155
18.3415,26196
18.3469,26222
18.3526,26180
18.358,26055
18.3637,26260
18.3692,26150
18.3746,26221
18.3803,26174
18.3859,26099
18.3914,26058
18.3968,26161
18.4024,26120
18.4082,26147
18.4135,26103
18.4192,26073
18.4249,26145
18.4303,26178
18.436,26282
18.4414,26153
18.4471,26181
18.4525,26027
18.4582,26143
18.4636,26148
18.4693,26113
18.4747,26154
18.4804,26181
18.4858,26129
18.4914,26158
18.4971,26178
18.5025,26089
18.5082,26143
18.5136,26087
18.5191,26134
18.5248,26214
18.5302,26165
18.5359,26161
18.5415,26146
18.547,26212
18.5524,26212
18.558,26164
18.5637,26182
18.5691,26134
18.5748,26172
18.5802,26067
18.5859,26142
18.5913,26129
18.597,26065
18.6024,26203
18.6081,26224
18.6135,26246
18.6192,26167
18.6249,26180
18.6303,26138
18.636,26144
18.6414,26166
18.6471,26236
18.6524,26087
18.6581,26175
18.6635,26149
18.6692,26139
18.6746,26179
18.6803,26125
18.6858,26237
18.6914,26184
18.6971,26145
18.7025,26174
18.7082,26085
18.7136,26195
18.7193,26167
18.7247,26201
18.7303,26133
18.7358,26092
18.7414,26179
18.7471,26158
18.7525,26243
18.7582,26119
18.7636,26185
18.7693,26064
18.7747,26182
18.7804,26103
18.7858,26140
18.7915,26157
18.7969,26139
18.8026,26086
18.808,26084
18.8136,26069
18.8193,26156
18.8247,26210
18.8304,26236
18.8358,26223
18.8413,26124
18.8469,26122
18.8526,26182
18.858,26144
18.8637,26126
18.8691,26109
18.8748,26134
18.8802,26106
18.8859,26182
18.8913,26159
18.897,26221
18.9024,26091
18.9081,26205
18.9135,26136
18.9192,26215
18.9249,26029
18.9303,26144
18.936,26112
18.9414,26136
18.947,26049
18.9525,26134
18.9582,26187
18.9635,26139
18.9692,26096
18.9749,26173
18.9803,26102
18.9857,26223
18.9914,26161
18.9969,26208
19.0025,26216
19.008,26080
19.0137,26143
19.0191,26090
19.0247,26053
19.0302,26165
19.0358,26170
19.0415,26143
19.0469,26020
19.0526,26198
19.058,26098
19.0637,26107
19.0692,26196
19.0749,26159
19.0802,26114
19.0859,26150
19.0913,26154
19.097,26194
19.1027,26170
19.1081,26078
19.1138,26132
19.1192,26126
19.1249,26114
19.1303,26180
19.136,26189
19.1414,26239
19.1471,26141
19.1525,26164
19.1582,26156
19.1636,26106
19.1693,26207
19.1746,26180
19.1803,26108
19.1857,26146
19.1914,26104
19.197,26173
19.2024,26117
19.2081,26140
19.2135,26254
19.2193,26207
19.2247,26128
19.2303,26176
19.2359,26140
19.2413,26113
19.247,26116
19.2524,26153
19.2581,26148
19.2635,26058
19.2692,26102
19.2748,26123
19.2803,26205
19.2859,26153
19.2916,26089
19.297,26163
19.3025,26159
19.3082,26195
19.3135,26194
19.3192,26097
19.3249,26088
19.3303,26104
19.336,26083
19.3414,26013
19.3471,26134
19.3525,26117
19.3582,26091
19.3636,26158
19.3693,26116
19.3747,26187
19.3804,26150
19.3858,26165
19.3915,26101
19.3969,26170
19.4026,26032
19.408,26143
19.4137,26075
19.4191,26143
19.4248,26153
19.4304,26139
19.4359,26113
19.4415,26003
19.447,26149
19.4526,25985
19.4581,26106
19.4638,26119
19.4691,26060
19.4748,26122
19.4802,26100
19.4859,26143
19.4913,26091
19.497,26105
19.5027,25972
19.508,26093
19.5137,26199
19.5193,26115
19.5248,26193
19.5305,26162
19.5358,26077
19.5415,26136
19.5469,26154
19.5526,26084
19.558,26079
19.5636,26118
19.5693,26108
19.5747,26052
19.5804,26090
19.5858,26097
19.5914,26041
19.5971,26134
19.6025,26060
19.6082,26084
19.6136,26136
19.6193,26190
19.6246,26074
19.6303,26014
19.6357,26030
19.6415,26054
19.6471,26042
19.6525,26087
19.6582,26118
19.6635,25967
19.6692,26134
19.6749,26088
19.6803,26214
19.686,26129
19.6915,26118
19.6969,26186
19.7025,26200
19.7082,26116
19.7136,26215
19.7193,26098
19.7247,26154
19.7304,26080
19.7358,26083
19.7415,26111
19.7469,26102
19.7525,26097
19.758,26200
19.7637,26097
19.7691,26094
19.7748,26079
19.7802,26041
19.7859,26115
19.7916,26102
19.797,26070
19.8027,26166
19.8081,26111
19.8137,26151
19.8191,26132
19.8248,26140
19.8302,26122
19.8359,26168
19.8413,26194
19.847,26105
19.8525,26034
19.8581,26187
19.8638,26095
19.8692,26056
19.8747,26118
19.8803,26080
19.886,26019
19.8914,26145
19.8971,26113
19.9025,26083
19.9082,26048
19.9136,26184
19.9193,26060
19.9248,26044
19.9305,26021
19.9359,26125
19.9415,26150
19.947,26039
19.9527,26054
19.958,26142
19.9637,26066
19.9691,26103
19.9748,26089
19.9802,26140
19.9859,26128
19.9913,26151
19.997,26186
20.0025,26105
20.0082,26113
20.0136,26079
20.0193,26055
20.0247,26117
20.0304,25997
20.0358,26055
20.0415,26103
20.0469,26099
20.0525,26072
20.058,25993
20.0636,26179
20.0693,26134
20.0748,26051
20.0802,26089
20.0859,26103
20.0913,26113
20.097,26165
20.1024,26194
20.1081,26045
20.1138,26077
20.1192,26074
20.1249,26119
20.1302,26110
20.1359,26117
20.1416,25986
20.147,26125
20.1525,26135
20.1582,26266
20.1636,26135
20.1693,26153
20.1747,26165
20.1804,26133
20.1858,26131
20.1914,26068
20.1969,26036
20.2025,26164
20.2082,26082
20.2136,25959
20.2193,26136
20.2247,26077
20.2304,26083
20.2358,26161
20.2416,26048
20.2469,26158
20.2526,26053
20.258,26060
20.2637,26123
20.2691,26062
20.2748,26125
20.2802,26042
20.2859,26165
20.2916,26114
20.297,26209
20.3026,26182
20.3081,26187
20.3138,26226
20.3192,26146
20.3249,26040
20.3303,26074
20.336,26182
20.3414,26139
20.3471,26131
20.3525,26071
20.3581,26113
20.3635,26079
20.3692,26081
20.3749,26151
20.3803,26078
20.3858,26094
20.3915,26136
20.3969,26082
20.4026,26096
20.4082,26130
20.4137,26082
20.4191,25974
20.4248,26051
20.4305,26051
20.4358,26063
20.4415,25992
20.4469,26045
20.4526,25967
20.458,26139
20.4637,26097
20.4692,26052
20.4749,26124
20.4803,26022
20.4859,26182
20.4914,26002
20.4971,26080
20.5025,26067
20.5082,26007
20.5136,26089
20.5192,26040
20.5249,26080
20.5303,26092
20.536,26084
20.5414,26073
20.5471,26079
20.5526,26116
20.5582,26090
20.5636,26129
20.5693,26055
20.5747,26049
20.5804,26015
20.5858,26144
20.5914,26073
20.5971,26091
20.6025,26069
20.6082,26045
20.6136,26145
20.6193,26094
20.6248,26118
20.6302,26112
20.6358,26050
20.6415,26081
20.6469,26029
20.6526,26076
20.658,26048
20.6637,26106
20.6694,26082
20.6747,26114
20.6805,26163
20.6858,26107
20.6916,26060
20.6969,26041
20.7026,26158
20.708,26002
20.7137,26072
20.7194,26111
20.7247,26084
20.7302,26089
20.7359,26018
20.7416,26050
20.747,26048
20.7525,26030
20.7582,26100
20.7636,26069
20.7693,26130
20.7748,26055
20.7802,26120
20.7859,26055
20.7916,26105
20.797,26113
20.8027,26101
20.8081,26071
20.8138,26097
20.8192,26069
20.8248,26064
20.8302,26042
20.8359,26017
20.8413,26087
20.847,25971
20.8524,26109
20.8581,26143
20.8636,26068
20.8693,26133
20.8746,26051
20.8803,26079
20.8857,26085
20.8914,26087
20.8971,26101
20.9025,26053
20.9082,26017
20.9136,26096
20.9193,26144
20.9247,26064
20.9304,26155
20.9358,26185
20.9415,26154
20.9469,26078
20.9526,26132
20.958,26064
20.9637,26006
20.9691,26073
20.9748,26051
20.9805,26039
20.9859,26006
20.9916,26135
20.9969,26012
21.0026,26089
21.0081,26109
21.0136,26123
21.0193,26091
21.0247,26029
21.0304,26095
21.0358,25996
21.0415,26044
21.0471,26106
21.0526,26052
21.0582,26060
21.0636,26104
21.0693,26127
21.0749,26043
21.0804,26101
21.0858,26160
21.0915,26039
21.097,26204
21.1026,26083
21.108,26098
21.1137,26099
21.1192,26144
21.1248,26022
21.1302,26124
21.1359,26058
21.1416,26105
21.147,26037
21.1527,25998
21.1581,26063
21.1638,26148
21.1692,26197
21.1747,26132
21.1803,26100
21.186,26177
21.1914,26078
21.1971,26013
21.2025,26066
21.2082,26090
21.2136,26114
21.2193,26084
21.2247,26082
21.2304,26104
21.2358,26102
21.2415,26108
21.2469,26015
21.2527,26109
21.258,26119
21.2637,26137
21.2691,26118
21.2748,26094
21.2802,26004
21.2859,26111
21.2915,26017
21.2969,26021
21.3024,25955
21.3081,26050
21.3138,26039
21.3192,25972
21.3249,26155
21.3304,26133
21.336,26093
21.3414,26044
21.3471,26101
21.3525,26048
21.358,26096
21.3637,26007
21.3691,26067
21.3748,26124
21.3802,26131
21.3859,26044
21.3913,26136
21.397,25938
21.4024,26120
21.4082,26056
21.4135,26070
21.4192,26092
21.4249,26037
21.4303,26021
21.436,25949
21.4414,26066
21.4471,26097
21.4524,26044
21.4582,26142
21.4638,26105
21.4692,26100
21.4749,26092
21.4803,26063
21.486,26084
21.4914,26119
21.4971,26051
21.5025,26053
21.5082,26095
21.5136,25986
21.5193,25992
21.5248,26046
21.5304,25991
21.5359,26147
21.5415,26077
21.5469,26118
21.5527,26104
21.5581,26103
21.5638,26080
21.5692,26148
21.5749,26191
21.5803,26025
21.586,26134
21.5914,26110
21.5971,26173
21.6025,26113
21.6081,26064
21.6136,26044
21.6192,26134
21.6247,26169
21.6304,26073
21.6358,26088
21.6415,26112
21.6469,26109
21.6526,26166
21.658,26128
21.6637,26121
21.6694,26118
21.6748,26124
21.6805,26106
21.6859,26059
21.6916,26072
21.6969,26139
21.7026,26031
21.7081,26160
21.7135,26191
21.7192,26128
21.7249,26138
21.7303,26135
21.736,26161
21.7415,26128
21.7471,26054
21.7526,26035
21.7583,26165
21.7636,26028
21.7693,26108
21.7747,26031
21.7804,26129
21.7858,26174
21.7916,26098
21.797,26080
21.8027,26147
21.808,26074
21.8137,26168
21.8192,26095
21.8248,26049
21.8303,26128
21.8359,26114
21.8416,26115
21.847,26107
21.8527,26014
21.8581,26159
21.8638,26021
21.8692,26077
21.8747,26137
21.8803,26055
21.886,26091
21.8914,26067
21.8971,26130
21.9025,26092
21.9082,26131
21.9136,26133
21.9193,26113
21.9247,26092
21.9304,26139
21.9358,26106
21.9415,26139
21.9469,26068
21.9527,26154
21.958,26063
21.9637,26124
21.9691,26086
21.9748,26155
21.9802,26066
21.9859,26115
21.9913,26156
21.997,26032
22.0024,26189
22.0081,26139
22.0136,26140
22.0193,26069
22.0247,26109
22.0304,26159
22.0358,26153
22.0415,26126
22.0469,26072
22.0526,26081
22.058,26059
22.0637,26059
22.0691,26021
22.0748,26059
22.0802,26101
22.0859,26093
22.0916,26148
22.097,26064
22.1025,26148
22.1082,26032
22.1136,26055
22.1193,26066
22.1247,26059
22.1304,26097
22.1358,26030
22.1415,25998
22.1469,26060
22.1525,25986
22.158,25932
22.1636,26085
22.1694,26125
22.1748,26014
22.1802,26056
22.1859,26058
22.1915,26090
22.1969,26052
22.2026,26060
22.2081,26016
22.2137,26008
22.2194,26050
22.2248,25947
22.2304,26018
22.2359,26108
22.2415,26070
22.2469,26150
22.2526,26160
22.2581,26021
22.2638,26184
22.2692,26085
22.2747,26103
22.2804,26063
22.2858,26064
22.2915,26112
22.2969,26142
22.3025,26090
22.3082,26047
22.3136,26135
22.3193,26103
22.3247,26079
22.3304,26024
22.3358,26123
22.3415,26099
22.3469,26080
22.3526,26063
22.358,26112
22.3637,26107
22.3694,26073
22.3748,26034
22.3805,25965
22.3858,26019
22.3916,26008
22.3969,26036
22.4026,26032
22.4081,26077
22.4138,26121
22.4192,26084
22.4249,26109
22.4303,26138
22.436,26102
22.4414,26096
22.4471,26082
22.4525,26035
22.4582,26025
22.4638,25998
22.4693,26036
22.4749,26157
22.4804,26106
22.4858,26175
22.4915,26112
22.497,26146
22.5026,26138
22.508,26072
22.5137,26116
22.5191,26079
22.5248,26118
22.5302,25999
22.5359,26101
22.5416,26127
22.547,26141
22.5527,26159
22.5582,26193
22.5636,26192
22.5693,26049
22.5747,26170
22.5804,26190
22.5858,26115
22.5915,26140
22.5969,26048
22.6026,26058
22.608,26102
22.6136,26061
22.6193,26081
22.6247,26028
22.6304,26039
22.6358,26046
22.6415,25999
22.6469,26121
22.6527,26189
22.658,26075
22.6637,26110
22.6691,26051
22.6748,26114
22.6805,26154
22.6859,26088
22.6916,26095
22.697,26018
22.7026,26105
22.708,26118
22.7137,26072
22.7191,26098
22.7248,26052
22.7303,26100
22.7359,26049
22.7416,26072
22.747,26096
22.7524,26081
22.7581,26061
22.7638,26110
22.7692,26122
22.7748,26039
22.7803,26105
22.7859,26104
22.7916,26091
22.797,26076
22.8025,26096
22.8082,26109
22.8138,26110
22.8192,26051
22.8249,26098
22.8304,26120
22.836,26063
22.8415,25995
22.8471,25962
22.8525,26030
22.8582,25983
22.8636,26066
22.8693,26155
22.8747,26035
22.8804,26108
22.8859,26093
22.8915,26094
22.8969,26018
22.9026,25965
22.908,25924
22.9137,25906
22.9191,26140
22.9248,26010
22.9304,26008
22.9359,25942
22.9415,26040
22.9469,26027
22.9526,25978
22.9581,26049
22.9638,26038
22.9691,26091
22.9748,25978
22.9802,26040
22.9859,25992
22.9916,26105
22.997,26068
23.0027,26035
23.0081,26026
23.0138,26055
23.0192,26066
23.0249,26091
23.0303,26074
23.036,26145
23.0414,26132
23.0471,25929
23.0525,26009
23.0582,26018
23.0636,26060
23.0692,26043
23.0747,26046
23.0803,26102
23.086,26001
23.0914,26031
23.0971,26078
23.1025,26027
23.1082,26006
23.1136,26036
23.1193,26008
23.1247,25988
23.1303,26045
23.136,25998
23.1415,25985
23.1471,25962
23.1525,25999
23.1582,26046
23.1636,25985
23.1693,26001
23.1749,25996
23.1804,25885
23.1858,26082
23.1915,26008
23.1969,26084
23.2026,26058
23.2083,26028
23.2137,25977
23.2194,26012
23.2248,26016
23.2305,26004
23.2358,25956
23.2415,25976
23.2469,26045
23.2526,26113
23.2583,26074
23.2637,26084
23.2691,26084
23.2748,26062
23.2805,25951
23.2859,26057
23.2916,26016
23.297,25918
23.3027,26043
23.3081,26003
23.3138,26053
23.3192,26032
23.3249,26058
23.3305,25994
23.3359,26166
23.3414,26087
23.3471,25981
23.3525,25929
23.3582,26098
23.3636,26020
23.3693,26046
23.3747,26038
23.3804,25985
23.3861,26047
23.3914,26002
23.3971,25972
23.4025,26026
23.4082,26022
23.4136,25992
23.4193,26009
23.4247,26007
23.4304,25959
23.4358,26000
23.4415,25986
23.4469,25971
23.4526,25969
23.4583,25956
23.4637,25976
23.4694,25926
23.4747,25971
23.4804,26060
23.4858,26048
23.4915,26022
23.497,26038
23.5027,25943
23.5081,26053
23.5138,26034
23.5192,26032
23.5249,25925
23.5303,26060
23.536,26018
23.5414,25985
23.5469,26018
23.5525,26001
23.5582,26003
23.5636,26023
23.5693,25974
23.5748,26105
23.5805,25999
23.5859,26032
23.5915,26102
23.5969,26063
23.6026,25927
23.6081,26061
23.6137,25962
23.6191,26024
23.6248,26036
23.6305,25989
23.6359,25786
23.6416,26033
23.647,26048
23.6527,26098
23.658,25860
23.6637,26097
23.6691,26067
23.6748,25986
23.6805,25931
23.6858,26077
23.6915,25907
23.6969,26010
23.7026,25918
23.7083,25998
23.7136,25968
23.7193,26021
23.7247,25968
23.7304,26101
23.7359,25998
23.7415,25970
23.7471,26006
23.7525,26016
23.7582,26019
23.7636,25935
23.7693,26001
23.7747,25973
23.7803,25969
23.786,26024
23.7914,26017
23.7971,26082
23.8025,26103
23.8082,26012
23.8136,26052
23.8193,26100
23.8247,26032
23.8303,25957
23.836,26100
23.8414,25960
23.8472,26010
23.8526,26051
23.8582,25989
23.8636,25912
23.8693,25926
23.8747,25820
23.8804,26008
23.8858,26047
23.8915,26029
23.8972,26103
23.9026,25924
23.9082,26008
23.9136,26034
23.9193,25947
23.9248,26004
23.9305,26001
23.9358,26016
23.9415,25957
23.9469,26086
23.9526,26024
23.958,26119
23.9637,26049
23.9694,25989
23.9748,25979
23.9805,26010
23.9858,26076
23.9916,25998
23.997,26021
24.0027,26028
24.0081,26043
24.0138,25938
24.0192,26005
24.0249,26002
24.0303,26061
24.036,26009
24.0414,25992
24.0471,26054
24.0525,26049
24.0581,25985
24.0638,25966
24.0692,25955
24.0749,25963
24.0804,26026
24.0861,25971
24.0914,25987
24.0971,25947
24.1025,26037
24.1082,26084
24.1136,26075
24.1193,26065
24.1247,26044
24.1304,26003
24.136,26057
24.1414,26056
24.1471,26076
24.1526,26027
24.158,25976
24.1637,25961
24.1694,25965
24.1748,26066
24.1802,25962
24.1858,26036
24.1915,26066
24.1969,26051
24.2026,26006
24.2083,25960
24.2137,26037
24.2193,26011
24.2248,26009
24.2305,25954
24.2359,25980
24.2416,26004
24.247,25980
24.2526,25989
24.2581,26032
24.2637,26002
24.2692,26086
24.2749,25942
24.2802,26135
24.2859,26055
24.2916,26102
24.297,25979
24.3026,26060
24.3081,26074
24.3138,26001
24.3192,26039
24.3249,25967
24.3302,25943
24.3359,25939
24.3416,25741
24.347,26043
24.3527,26015
24.3581,26058
24.3638,26054
24.3692,26014
24.3748,25927
24.3802,25964
24.386,26010
24.3914,26006
24.3971,25919
24.4025,26031
24.4081,26019
24.4136,25957
24.4192,26073
24.4249,25930
24.4304,26133
24.436,26061
24.4414,26014
24.4471,26060
24.4525,26050
24.4582,26069
24.4636,26039
24.4693,26007
24.4747,26043
24.4804,26036
24.4861,25939
24.4915,25961
24.4971,26031
24.5026,26072
24.508,26093
24.5137,26054
24.5194,26027
24.5248,26052
24.5304,26012
24.5358,26073
24.5415,25986
24.547,25985
24.5527,25926
24.558,26072
24.5637,26004
24.5694,26087
24.5748,25873
24.5805,25973
24.5859,26014
24.5916,25997
24.597,25997
24.6027,26062
24.608,26047
24.6137,26008
24.6191,25998
24.6248,26005
24.6303,26010
24.6359,25959
24.6416,25996
24.647,25978
24.6527,25957
24.6581,26010
24.6638,26089
24.6692,26039
24.6749,26066
24.6803,26077
24.6859,26045
24.6913,26038
24.697,26104
24.7027,26097
24.7081,25975
24.7138,26038
24.7192,25963
24.7249,26045
24.7303,25926
24.736,26029
24.7416,26068
24.747,26058
24.7527,26072
24.7581,26114
24.7638,26034
24.7692,25999
24.7749,26065
24.7803,25982
24.786,25996
24.7914,26021
24.797,25994
24.8025,25990
24.8081,26061
24.8135,25953
24.8192,25928
24.8249,25982
24.8303,26055
24.8359,26000
24.8416,25997
24.847,26112
24.8525,26011
24.8582,26028
24.8636,25991
24.8693,26038
24.8749,26035
24.8804,25980
24.886,25978
24.8915,26082
24.8972,26077
24.9025,26034
24.9082,26030
24.9136,26064
24.9193,25999
24.9247,25976
24.9304,25966
24.9358,26022
24.9415,25898
24.9469,25968
24.9526,26002
24.9583,25916
24.9636,26075
24.9691,26021
24.9748,26037
24.9804,26039
24.9859,26039
24.9915,26057
24.9972,26064
25.0026,26010
25.0081,25966
25.0138,25977
25.0192,25979
25.0249,25960
25.0302,25982
25.0359,25863
25.0416,25989
25.047,25982
25.0527,25949
25.0581,25950
25.0638,26035
25.0692,26080
25.0748,26113
25.0803,26020
25.086,26034
25.0914,25969
25.0971,26050
25.1025,25961
25.1081,26017
25.1136,25877
25.1192,26015
25.1249,26077
25.1304,25994
25.136,25954
25.1414,26071
25.1471,26035
25.1525,26018
25.1582,26023
25.1636,26058
25.1693,26023
25.1747,26039
25.1802,26037
25.1859,26019
25.1913,26152
25.197,25897
25.2027,26069
25.2081,26110
25.2137,26022
25.2191,25987
25.2248,25980
25.2305,25974
25.2359,26024
25.2416,26001
25.247,26012
25.2527,25971
25.2581,25844
25.2637,25930
25.2694,25967
25.2748,25889
25.2805,26077
25.2859,26118
25.2915,26090
25.2969,26025
25.3026,26010
25.3082,26048
25.3136,26063
25.3193,26024
25.3247,26027
25.3304,25971
25.3358,25992
25.3415,25953
25.3469,25924
25.3526,25952
25.3583,26079
25.3637,26013
25.3693,26048
25.3748,26037
25.3804,26037
25.3858,26066
25.3915,25970
25.3969,25935
25.4026,26004
25.4081,26041
25.4137,25920
25.4194,26023
25.4248,26005
25.4305,25965
25.4359,25933
25.4416,25998
25.447,26040
25.4527,25965
25.458,25952
25.4637,25969
25.4694,25942
25.4748,26004
25.4805,25996
25.4859,26061
25.4916,26017
25.497,25947
25.5027,25993
25.5081,26048
25.5138,25920
25.5192,26079
25.5249,26036
25.5303,26005
25.5359,25940
25.5416,26000
25.547,25945
25.5527,26017
25.5581,25959
25.5636,25961
25.5692,25925
25.5749,25994
25.5803,25952
25.586,25957
25.5914,25961
25.5971,25920
25.6028,26088
25.6082,25978
25.6138,25909
25.6192,26020
25.6249,25988
25.6304,25925
25.6361,25971
25.6415,25963
25.6472,25965
25.6525,25958
25.6582,25859
25.6636,25873
25.6693,26025
25.6748,25993
25.6804,26022
