Experiment: Feb_19_real_eric2_expt vial 1, Fri Feb 19 13:52:14 2021
0.0021,28721
0.0078,28745
0.0132,28727
0.0188,28714
0.0242,28709
0.0298,28715
0.0355,28603
0.0408,28732
0.0465,28724
0.0521,28734
0.0575,28700
0.0632,28695
0.0688,28646
0.0742,28727
0.0798,28703
0.0855,28694
0.0909,28733
0.0965,28732
0.1022,28613
0.1075,28677
0.1132,28711
0.1188,28708
0.1242,28711
0.1298,28701
0.1355,28714
0.1409,28719
0.1465,28716
0.1522,28685
0.1575,28716
0.1632,28742
0.1688,28727
0.1742,28724
0.1799,28743
0.1855,28715
0.1909,28729
0.1965,28715
0.2022,28727
0.2076,28714
0.2132,28717
0.2189,28724
0.2242,28700
0.2299,28705
0.2355,28711
0.2409,28713
0.2466,28713
0.2519,28717
0.2576,28711
0.2632,28710
0.2689,28716
0.2743,28730
0.2799,28718
0.2856,28714
0.2909,28715
0.2966,28694
0.302,28710
0.3076,28709
0.3133,28721
0.3187,28729
0.3243,28738
0.33,28717
0.3353,28723
0.341,28705
0.3466,28731
0.352,28720
0.3577,28746
0.3633,28715
0.3687,28730
0.3743,28719
0.38,28727
0.3853,28719
0.391,28705
0.3966,28718
0.402,28731
0.4077,28704
0.4131,28734
0.4187,28729
0.4244,28718
0.4298,28721
0.4354,28726
0.4411,28723
0.4464,28693
0.4521,28740
0.4577,28706
0.4631,28714
0.4688,28722
0.4744,28726
0.4798,28718
0.4854,28723
0.4911,28726
0.4964,28715
0.5021,28726
0.5077,28736
0.5131,28723
0.5188,28718
0.5242,28729
0.5299,28685
0.5355,28737
0.5409,28734
0.5466,28722
0.552,28725
0.5577,28737
0.5631,28744
0.5688,28731
0.5744,28736
0.5798,28723
0.5854,28726
0.5911,28722
0.5964,28732
0.6021,28747
0.6076,28724
0.6132,28722
0.6189,28729
0.6242,28727
0.6299,28727
0.6354,28713
0.641,28723
0.6464,28724
0.6521,28722
0.6577,28738
0.6631,28721
0.6688,28721
0.6745,28718
0.6798,28722
0.6855,28723
0.6909,28711
0.6965,28719
0.7022,28717
0.7076,28717
0.7132,28713
0.7188,28714
0.7242,28715
0.7299,28709
0.7355,28709
0.7409,28720
0.7465,28689
0.7522,28713
0.7576,28719
0.7632,28727
0.7689,28713
0.7742,28702
0.7799,28697
0.7853,28714
0.791,28709
0.7966,28704
0.802,28702
0.8077,28705
0.8133,28688
0.8187,28708
0.8243,28692
0.83,28700
0.8354,28696
0.841,28694
0.8467,28701
0.852,28699
0.8577,28683
0.8631,28700
0.8687,28701
0.8744,28695
0.88,28697
0.8854,28701
0.8911,28698
0.8964,28699
0.9021,28698
0.9078,28703
0.9131,28697
0.9188,28684
0.9244,28683
0.9298,28691
0.9355,28696
0.9411,28682
0.9465,28686
0.9521,28696
0.9578,28677
0.9631,28688
0.9688,28677
0.9744,28681
0.9798,28672
0.9855,28670
0.9909,28681
0.9965,28682
1.0022,28683
1.0076,28682
1.0132,28667
1.0189,28664
1.0243,28669
1.0299,28673
1.0356,28671
1.0409,28658
1.0466,28669
1.052,28651
1.0576,28667
1.0633,28671
1.0686,28652
1.0743,28661
1.08,28655
1.0853,28656
1.091,28677
1.0966,28656
1.102,28642
1.1077,28659
1.1133,28658
1.1187,28647
1.1244,28654
1.1298,28636
1.1354,28642
1.1411,28650
1.1465,28651
1.1521,28618
1.1578,28642
1.1632,28625
1.1688,28643
1.1742,28622
1.1798,28611
1.1855,28629
1.1909,28634
1.1965,28624
1.2022,28611
1.2075,28626
1.2132,28623
1.2188,28614
1.2242,28626
1.2299,28595
1.2355,28604
1.2409,28586
1.2466,28606
1.2522,28605
1.2576,28601
1.2633,28599
1.2687,28595
1.2743,28597
1.2797,28595
1.2854,28583
1.291,28596
1.2964,28586
1.3021,28591
1.3077,28569
1.3131,28588
1.3188,28583
1.3244,28577
1.3298,28560
1.3354,28588
1.3411,28582
1.3465,28574
1.3521,28581
1.3578,28569
1.3631,28568
1.3688,28566
1.3744,28555
1.3798,28546
1.3855,28534
1.3908,28540
1.3965,28555
1.4021,28541
1.4078,28529
1.4132,28563
1.4188,28530
1.4245,28545
1.4298,28520
1.4355,28529
1.4409,28538
1.4465,28515
1.4522,28502
1.4578,28497
1.4632,28496
1.4688,28493
1.4742,28501
1.4799,28493
1.4855,28419
1.4909,28493
1.4965,28471
1.5021,28477
1.5078,28466
1.5132,28475
1.5188,28462
1.5242,28447
1.5299,28440
1.5355,28448
1.5409,28446
1.5465,28451
1.5522,28442
1.5578,28472
1.5632,28417
1.5688,28433
1.5742,28397
1.5799,28432
1.5855,28424
1.5909,28413
1.5966,28410
1.6022,28389
1.6076,28386
1.6133,28389
1.6187,28387
1.6243,28383
1.6299,28391
1.6354,28370
1.641,28368
1.6467,28365
1.6521,28346
1.6577,28349
1.6634,28335
1.6688,28347
1.6744,28329
1.6798,28297
1.6855,28318
1.6909,28314
1.6966,28315
1.7022,28313
1.7076,28274
1.7132,28286
1.7186,28259
1.7243,28269
1.7299,28276
1.7356,28260
1.741,28251
1.7466,28257
1.752,28233
1.7577,28203
1.7633,28244
1.7687,28214
1.7744,28202
1.7797,28251
1.7854,28215
1.7911,28213
1.7965,28203
1.8021,28210
1.8078,28188
1.8132,28168
1.8188,28181
1.8245,28173
1.8298,28176
1.8355,28156
1.8409,28154
1.8466,28154
1.852,28131
1.8577,28134
1.8631,28135
1.8687,28137
1.8744,28158
1.8798,28095
1.8854,28115
1.8911,28107
1.8964,28069
1.9022,28081
1.9076,28062
1.9132,28031
1.9187,28072
1.9243,28040
1.93,28035
1.9354,28006
1.9411,28023
1.9465,28021
1.9522,28026
1.9576,28015
1.9632,28022
1.9686,27971
1.9743,27983
1.9797,27983
1.9854,27954
1.991,27963
1.9967,27949
2.0021,27925
2.0077,27922
2.0132,27912
2.0189,27921
2.0243,27933
2.03,27934
2.0354,27908
2.0411,27937
2.0465,27919
2.0522,27858
2.0576,27875
2.0633,27857
2.0687,27839
2.0744,27846
2.0798,27835
2.0854,27817
2.0909,27829
2.0966,27862
2.102,27856
2.1077,27848
2.1131,27832
2.1188,27847
2.1242,27779
2.1299,27810
2.1356,27766
2.141,27759
2.1466,27752
2.152,27723
2.1577,27762
2.1633,27714
2.1686,27691
2.1743,27743
2.18,27750
2.1854,27756
2.1911,27701
2.1965,27698
2.2021,27686
2.2078,27685
2.2132,27670
2.2189,27671
2.2243,27628
2.23,27641
2.2354,27633
2.2411,27604
2.2465,27597
2.2522,27630
2.2576,27650
2.2633,27637
2.2688,27598
2.2745,27610
2.2798,27637
2.2855,27564
2.2909,27580
2.2966,27532
2.302,27572
2.3077,27516
2.3131,27528
2.3187,27511
2.3242,27488
2.3299,27561
2.3356,27523
2.341,27533
2.3467,27532
2.3521,27494
2.3578,27500
2.3632,27476
2.3689,27466
2.3743,27446
2.38,27439
2.3854,27454
2.3911,27421
2.3965,27411
2.4022,27405
2.4076,27470
2.4133,27468
2.4187,27436
2.4244,27389
2.4299,27420
2.4355,27415
2.4409,27380
2.4466,27364
2.4521,27382
2.4577,27327
2.4631,27351
2.4688,27367
2.4744,27348
2.4798,27320
2.4853,27356
2.491,27340
2.4967,27327
2.5021,27336
2.5078,27330
2.5132,27322
2.5189,27311
2.5243,27299
2.53,27286
2.5354,27295
2.5411,27261
2.5465,27255
2.5521,27241
2.5576,27248
2.5633,27317
2.5687,27311
2.5744,27302
2.5798,27286
2.5855,27299
2.5909,27247
2.5966,27207
2.602,27228
2.6077,27202
2.6131,27199
2.6188,27198
2.6242,27202
2.6299,27189
2.6353,27177
2.641,27203
2.6464,27251
2.6521,27222
2.6578,27198
2.6632,27206
2.6689,27169
2.6743,27163
2.68,27139
2.6854,27159
2.6911,27142
2.6965,27127
2.7022,27088
2.7078,27123
2.7132,27111
2.7187,27164
2.7243,27143
2.7298,27167
2.7355,27128
2.7409,27112
2.7466,27108
2.752,27091
2.7577,27063
2.7633,27043
2.7687,27021
2.7744,27031
2.7798,27019
2.7854,27021
2.7909,27008
2.7966,27043
2.802,27056
2.8077,27062
2.8131,27028
2.8188,27038
2.8242,26966
2.8299,26967
2.8354,26933
2.8411,26919
2.8464,26905
2.8521,26908
2.8578,26896
2.8632,26874
2.8689,26871
2.8743,26930
2.88,26943
2.8855,26962
2.8909,26913
2.8966,26931
2.902,26911
2.9076,26880
2.9133,26902
2.9187,26851
2.9244,26842
2.9298,26851
2.9355,26822
2.9409,26810
2.9466,26782
2.952,26899
2.9577,26896
2.9631,26909
2.9689,26875
2.9743,26856
2.9799,26837
2.9853,26838
2.991,26815
2.9964,26813
3.0021,26790
3.0075,26783
3.0132,26747
3.0188,26740
3.0243,26734
3.03,26814
3.0354,26856
3.0411,26836
3.0465,26803
3.052,26829
3.0576,26803
3.0633,26779
3.0687,26743
3.0744,26735
3.0798,26735
3.0855,26717
3.0909,26706
3.0966,26674
3.102,26704
3.1077,26751
3.1131,26814
3.1188,26821
3.1242,26809
3.1299,26776
3.1353,26767
3.141,26689
3.1467,26696
3.1521,26690
3.1578,26683
3.1632,26695
3.1689,26660
3.1742,26685
3.1799,26657
3.1854,26786
3.1911,26781
3.1965,26746
3.2022,26782
3.2076,26780
3.2133,26763
3.2187,26689
3.2244,26708
3.2298,26650
3.2354,26689
3.2411,26655
3.2465,26640
3.2522,26672
3.2576,26663
3.2633,26758
3.2688,26741
3.2742,26762
3.2799,26763
3.2853,26734
3.291,26700
3.2966,26698
3.3021,26704
3.3078,26647
3.3132,26645
3.3187,26646
3.3243,26651
3.33,26606
3.3354,26571
3.3409,26703
3.3465,26735
3.3522,26744
3.3576,26735
3.3633,26690
3.3687,26671
3.3743,26657
3.38,26630
3.3855,26620
3.3911,26614
3.3965,26624
3.4021,26584
3.4078,26633
3.4132,26608
3.4186,26685
3.4243,26738
3.43,26724
3.4354,26700
3.4411,26678
3.4465,26660
3.4521,26644
3.4578,26616
3.4632,26586
3.4689,26575
3.4743,26570
3.48,26565
3.4854,26555
3.4911,26563
3.4965,26650
3.5022,26713
3.5076,26693
3.5133,26692
3.5188,26671
3.5244,26595
3.5298,26594
3.5355,26592
3.5409,26551
3.5466,26565
3.5523,26539
3.5576,26529
3.5633,26544
3.5687,26543
3.5744,26617
3.5799,26665
3.5856,26660
3.591,26659
3.5964,26613
3.6021,26597
3.6077,26578
3.6132,26532
3.6189,26517
3.6243,26498
3.63,26534
3.6354,26483
3.641,26488
3.6467,26497
3.6522,26582
3.6576,26648
3.6633,26607
3.6687,26648
3.6745,26582
3.6798,26594
3.6855,26549
3.6909,26539
3.6966,26503
3.7023,26525
3.7077,26480
3.7134,26503
3.7187,26478
3.7244,26484
3.7298,26601
3.7355,26610
3.741,26670
3.7467,26574
3.7521,26580
3.7578,26544
3.7634,26492
3.7689,26525
3.7743,26513
3.78,26459
3.7854,26439
3.7911,26430
3.7967,26446
3.8021,26436
3.8076,26533
3.8133,26595
3.8187,26573
3.8244,26543
3.8298,26549
3.8355,26527
3.8412,26490
3.8466,26490
3.852,26439
3.8577,26462
3.8634,26464
3.8688,26413
3.8744,26433
3.8799,26404
3.8856,26528
3.891,26565
3.8965,26533
3.9022,26499
3.9076,26501
3.9132,26437
3.9189,26469
3.9243,26434
3.93,26425
3.9354,26397
3.9411,26366
3.9467,26393
3.9521,26371
3.9578,26390
3.9632,26457
3.9689,26503
3.9744,26474
3.9801,26462
3.9855,26450
3.9912,26415
3.9965,26448
4.0022,26374
4.0077,26392
4.0133,26372
4.0188,26338
4.0244,26359
4.0301,26335
4.0355,26332
4.0412,26424
4.0466,26457
4.0523,26470
4.0577,26466
4.0631,26446
4.0688,26416
4.0745,26408
4.0799,26390
4.0856,26318
4.091,26311
4.0967,26314
4.1023,26320
4.1077,26313
4.1131,26284
4.1188,26380
4.1245,26446
4.13,26404
4.1354,26397
4.1411,26348
4.1465,26359
4.1521,26317
4.1578,26321
4.1633,26293
4.1689,26335
4.1744,26327
4.18,26296
4.1854,26272
4.1911,26310
4.1968,26391
4.2022,26453
4.2079,26432
4.2133,26404
4.2187,26362
4.2244,26350
4.2301,26326
4.2355,26310
4.2412,26310
4.2466,26244
4.2523,26277
4.2576,26286
4.2633,26284
4.2687,26288
4.2744,26348
4.2799,26377
4.2856,26364
4.291,26336
4.2967,26359
4.3021,26300
4.3077,26269
4.3131,26292
4.3188,26308
4.3245,26284
4.3299,26228
4.3356,26217
4.341,26242
4.3467,26253
4.3521,26305
4.3578,26360
4.3633,26334
4.369,26393
4.3744,26306
4.38,26255
4.3854,26224
4.3911,26255
4.3966,26245
4.4022,26235
4.4076,26209
4.4133,26197
4.4189,26160
4.4244,26165
4.4301,26280
4.4355,26307
4.4412,26338
4.4466,26352
4.4523,26293
4.4577,26260
4.4634,26240
4.4688,26214
4.4745,26178
4.4799,26160
4.4856,26180
4.491,26171
4.4966,26148
4.502,26153
4.5078,26254
4.5132,26262
4.5189,26290
4.5243,26239
4.53,26259
4.5354,26230
4.5411,26180
4.5465,26220
4.5522,26193
4.5578,26154
4.5633,26141
4.5689,26109
4.5743,26089
4.58,26169
4.5854,26233
4.5909,26284
4.5966,26245
4.6021,26284
4.6078,26214
4.6132,26224
4.6187,26179
4.6245,26175
4.6299,26168
4.6356,26163
4.641,26167
4.6466,26113
4.6523,26118
4.6577,26074
4.6634,26186
4.6688,26281
4.6743,26235
4.68,26228
4.6857,26152
4.6911,26162
4.6967,26098
4.7022,26097
4.7079,26122
4.7132,26111
4.7189,26117
4.7243,26080
4.73,26050
4.7354,26059
4.7411,26145
4.7466,26150
4.7523,26167
4.7577,26162
4.7634,26172
4.7688,26139
4.7744,26083
4.7799,26053
4.7856,26059
4.7912,26080
4.7967,26062
4.8023,26012
4.8077,26028
4.8134,26044
4.8188,26114
4.8245,26214
4.8299,26205
4.8356,26155
4.8411,26146
4.8467,26164
4.8521,26080
4.8578,26061
4.8632,26082
4.8689,26071
4.8743,26063
4.88,25997
4.8856,26003
4.891,26039
4.8965,26118
4.9022,26120
4.9076,26165
4.9133,26169
4.919,26089
4.9244,26067
4.93,26025
4.9354,26071
4.9412,26043
4.9465,26005
4.9522,26097
4.9576,26029
4.9633,25990
4.9687,25985
4.9744,26059
4.9798,26100
4.9855,26101
4.991,26125
4.9967,26062
5.0021,26090
5.0077,26043
5.0134,26029
5.0189,26004
5.0245,26011
5.0299,26092
5.0356,26011
5.041,26043
5.0467,25991
5.0521,26048
5.0578,26166
5.0632,26130
5.0689,26090
5.0743,26105
5.08,26072
5.0856,26018
5.0911,26031
5.0968,26075
5.1022,25953
5.1079,25981
5.1133,25961
5.1189,25989
5.1244,25994
5.1301,26058
5.1355,26115
5.1412,26144
5.1467,26074
5.1524,26076
5.1577,26001
5.1634,26041
5.1688,26028
5.1745,25997
5.1799,26022
5.1856,25966
5.191,25976
5.1966,25925
5.2023,25955
5.2077,26043
5.2132,26113
5.2189,26102
5.2243,26042
5.23,26062
5.2354,26018
5.2411,26006
5.2468,26024
5.2522,26021
5.2579,25976
5.2633,25940
5.2689,25935
5.2743,25976
5.28,25935
5.2855,26080
5.2912,26095
5.2966,26060
5.3023,26071
5.3077,26032
5.3134,26037
5.3188,25973
5.3245,25934
5.3299,25946
5.3355,25954
5.3412,25914
5.3466,25955
5.3523,25895
5.3577,25930
5.3634,25981
5.3688,26029
5.3745,26073
5.3799,26047
5.3856,26000
5.391,26023
5.3967,25964
5.4021,25965
5.4078,25975
5.4134,25946
5.4188,25883
5.4245,25947
5.4299,25886
5.4356,25892
5.441,25991
5.4468,25994
5.4522,26057
5.4576,25976
5.4633,25971
5.469,25972
5.4744,25926
5.4798,25966
5.4855,25950
5.4912,25981
5.4966,25924
5.5023,25941
5.5077,25866
5.5134,25859
5.5188,25987
5.5245,26012
5.5299,26074
5.5356,25975
5.541,25989
5.5467,25953
5.5523,25962
5.5578,25925
5.5635,25927
5.5689,25921
5.5746,25881
5.5799,25899
5.5856,25874
5.5911,25888
5.5968,25928
5.6022,26027
5.6076,25998
5.6134,25947
5.6188,25968
5.6245,25949
5.6301,25918
5.6355,25931
5.6412,25914
5.6466,25904
5.6523,25886
5.6577,25875
5.6634,25891
5.6688,25806
5.6745,25941
5.6799,26007
5.6856,26010
5.691,26015
5.6967,25997
5.7021,25953
5.7077,25914
5.7132,25966
5.7189,25852
5.7245,25879
5.73,25862
5.7356,25880
5.741,25866
5.7467,25888
5.7521,25957
5.7578,25991
5.7633,25993
5.769,25966
5.7744,25950
5.7801,25975
5.7854,25920
5.7911,25942
5.7968,25839
5.8022,25884
5.8079,25908
5.8133,25941
5.8189,25823
5.8244,25825
5.8301,25959
5.8355,25974
5.8412,26006
5.8466,25985
5.8523,25925
5.8577,25928
5.8633,25894
5.8688,25934
5.8744,25948
5.8801,25837
5.8855,25853
5.8912,25840
5.8965,25815
5.9022,25853
5.9077,25957
5.9134,25962
5.9188,25998
5.9245,25913
5.9299,25989
5.9356,25876
5.9409,25913
5.9467,25906
5.9521,25902
5.9578,25876
5.9635,25880
5.9688,25855
5.9745,25835
5.9799,25814
5.9856,25936
5.9911,25981
5.9968,26037
6.0022,25991
6.0076,25950
6.0133,25925
6.0189,25902
6.0244,25881
6.0299,25897
6.0355,25864
6.0412,25889
6.0466,25926
6.0523,25826
6.0577,25824
6.0634,25939
6.0689,25939
6.0746,26014
6.08,25916
6.0854,25971
6.0911,25954
6.0967,25955
6.1022,25904
6.1079,25844
6.1132,25863
6.1189,25875
6.1246,25843
6.13,25906
6.1357,25835
6.1411,25957
6.1468,25976
6.1522,26003
6.1579,25949
6.1633,25930
6.169,25933
6.1744,25899
6.1801,25919
6.1855,25873
6.1911,25932
6.1965,25847
6.2022,25839
6.2079,25823
6.2133,25843
6.219,25893
6.2244,25913
6.2299,25982
6.2356,25954
6.241,25953
6.2467,25953
6.2523,25866
6.2578,25879
6.2632,25839
6.2688,25842
6.2743,25876
6.2799,25849
6.2856,25793
6.291,25827
6.2967,25888
6.3021,25985
6.3079,25947
6.3133,25949
6.319,25931
6.3244,25929
6.33,25937
6.3354,25899
6.3411,25848
6.3468,25901
6.3522,25788
6.3579,25778
6.3633,25855
6.369,25802
6.3745,25885
6.3799,25966
6.3856,25926
6.391,25940
6.3967,25936
6.4024,25889
6.4078,25882
6.4135,25891
6.4189,25886
6.4246,25846
6.43,25850
6.4357,25869
6.441,25859
6.4468,25806
6.4522,25889
6.4579,25947
6.4633,25946
6.469,25944
6.4744,25893
6.4801,25922
6.4855,25914
6.4912,25898
6.4966,25888
6.5023,25851
6.5077,25861
6.5134,25883
6.519,25848
6.5244,25865
6.5301,25937
6.5356,25991
6.5413,26010
6.5467,25936
6.5524,25939
6.5577,25851
6.5634,25887
6.5688,25903
6.5745,25855
6.5799,25855
6.5856,25847
6.5909,25833
6.5966,25865
6.6023,25827
6.6077,25921
6.6134,25926
6.6189,25952
6.6246,25986
6.63,25920
6.6356,25937
6.641,25932
6.6467,25894
6.6521,25867
6.6578,25894
6.6632,25864
6.6689,25846
6.6745,25815
6.6799,25806
6.6856,25942
6.6911,25965
6.6968,25962
6.7022,25982
6.7079,25929
6.7133,25925
6.7189,25894
6.7244,25893
6.7301,25891
6.7354,25875
6.7411,25846
6.7465,25845
6.7522,25901
6.7579,25796
6.7633,25932
6.7687,25965
6.7744,25986
6.7801,25926
6.7855,25910
6.7912,25961
6.7966,25956
6.8023,25935
6.8077,25902
6.8134,25883
6.8188,25916
6.8244,25823
6.8301,25788
6.8355,25873
6.8412,25915
6.8466,25968
6.8523,25967
6.8578,25948
6.8632,25948
6.8688,25939
6.8745,25930
6.8799,25956
6.8856,25889
6.8913,25907
6.8967,25959
6.9023,25968
6.9077,25872
6.9134,25852
6.9189,25879
6.9246,25983
6.93,25992
6.9357,25965
6.9411,25912
6.9468,25935
6.9521,25984
6.9578,25901
6.9632,25883
6.9689,25899
6.9743,25867
6.98,25903
6.9856,25863
6.991,25878
6.9967,25909
7.0021,25971
7.0078,26002
7.0133,26032
7.019,25965
7.0246,25964
7.03,25923
7.0357,25851
7.0411,25927
7.0467,25860
7.0522,25881
7.0578,25867
7.0632,25913
7.0689,25871
7.0744,25905
7.0801,25916
7.0855,25955
7.0912,25970
7.0966,25972
7.1022,25941
7.1079,25936
7.1134,25898
7.1188,25930
7.1244,25934
7.1299,25838
7.1355,25865
7.1412,25861
7.1466,25866
7.1523,25936
7.1577,25978
7.1634,25989
7.1688,25995
7.1745,25973
7.1799,25951
7.1855,25934
7.191,25933
7.1967,25965
7.2023,25873
7.2078,25873
7.2134,25888
7.2188,25897
7.2245,25853
7.2299,26012
7.2356,26010
7.2411,26009
7.2468,25962
7.2522,25987
7.2578,25917
7.2635,25879
7.2689,25920
7.2743,25852
7.28,25915
7.2857,25929
7.2911,25878
7.2967,25933
7.302,25844
7.3078,25957
7.3135,26012
7.3189,26034
7.3243,26057
7.3299,25986
7.3355,25990
7.3412,25953
7.3466,25955
7.3523,25949
7.3577,25904
7.3634,25915
7.3688,25914
7.3744,25855
7.3801,25886
7.3855,25986
7.3912,26016
7.3966,25987
7.4023,25978
7.4078,26005
7.4133,25983
7.419,25976
7.4244,25930
7.4301,25996
7.4355,25928
7.4411,25863
7.4468,25937
7.4522,25937
7.4579,25853
7.4633,25947
7.469,25995
7.4743,25983
7.48,25976
7.4855,25950
7.4911,25992
7.4968,25899
7.5022,25916
7.5079,25916
7.5133,25928
7.519,25908
7.5244,25931
7.53,25883
7.5355,25906
7.5412,25947
7.5466,26026
7.5523,26042
7.5577,26031
7.5634,25996
7.5688,26012
7.5744,25983
7.5799,25971
7.5856,25911
7.5912,25944
7.5967,25910
7.6023,25993
7.6077,25947
7.6134,25891
7.6189,26076
7.6246,26021
7.63,26065
7.6357,26072
7.6411,26014
7.6468,26016
7.6521,25979
7.6578,25957
7.6632,25938
7.6689,25903
7.6746,25865
7.6799,25848
7.6856,25857
7.691,25833
7.6967,25958
7.7022,26067
7.7078,26038
7.7133,26047
7.719,25973
7.7243,26003
7.73,25928
7.7354,26003
7.7411,25994
7.7468,25951
7.7522,25962
7.7578,25929
7.7635,25866
7.7689,25937
7.7746,26010
7.78,26096
7.7854,26073
7.7911,26109
7.7965,26038
7.8022,25990
7.8078,26001
7.8133,26016
7.819,26033
7.8244,25936
7.8301,25939
7.8357,25943
7.8411,25912
7.8468,25979
7.8522,26042
7.8579,26056
7.8634,26084
7.8688,26087
7.8745,26073
7.8801,26008
7.8855,25975
7.8912,26005
7.8967,25913
7.9023,25915
7.9078,25975
7.9134,25949
7.9188,25984
7.9245,25955
7.9299,25993
7.9356,26057
7.941,26086
7.9467,26083
7.9521,26006
7.9578,26024
7.9635,26038
7.9689,26035
7.9743,26004
7.98,25997
7.9857,25985
7.991,25971
7.9967,25912
8.0078,25977
8.0135,26107
8.0188,26050
8.0245,26108
8.0299,26121
8.0356,26037
8.0412,26076
8.0466,26082
8.0521,26019
8.0577,25993
8.0634,25981
8.0691,25951
8.0744,25991
8.0802,26030
8.0855,25966
8.0912,26025
8.0967,26132
8.1024,26091
8.1078,26063
8.1135,25971
8.1188,26079
8.1245,26005
8.13,26034
8.1356,25936
8.1411,25971
8.1467,25984
8.1524,25961
8.1578,25939
8.1634,25989
8.1689,26026
8.1746,26088
8.18,26074
8.1857,26080
8.1911,26032
8.1967,26067
8.2021,26030
8.2079,26076
8.2135,26039
8.2189,25965
8.2246,26031
8.2299,25982
8.2356,26018
8.241,25984
8.2467,26102
8.2521,26094
8.2578,26099
8.2632,26179
8.2689,26097
8.2745,26109
8.2799,26079
8.2856,26066
8.291,26023
8.2967,26054
8.3024,26000
8.3078,25962
8.3135,26003
8.3189,25961
8.3246,26032
8.33,26149
8.3357,26142
8.3411,26127
8.3468,26048
8.3522,26091
8.3579,26090
8.3633,26064
8.369,26022
8.3744,26067
8.38,26045
8.3855,26008
8.3912,25983
8.3968,25959
8.4022,26059
8.4079,26067
8.4134,26081
8.4188,26112
8.4245,26056
8.4301,26057
8.4355,26078
8.4413,26050
8.4466,26035
8.4523,26046
8.4577,26014
8.4634,25935
8.4688,26031
8.4745,26008
8.4802,26164
8.4856,26116
8.4913,26122
8.4967,26070
8.5024,26089
8.5077,26052
8.5134,26133
8.5189,26106
8.5245,26042
8.5299,25992
8.5356,25960
8.5413,26006
8.5467,26009
8.5523,25962
8.5578,26077
8.5635,26107
8.5689,26090
8.5746,26105
8.5799,26081
8.5856,26100
8.591,26112
8.5967,26052
8.6024,26128
8.6078,26024
8.6134,26037
8.6188,25982
8.6245,26044
8.6302,25987
8.6356,26111
8.6413,26093
8.6467,26108
8.6522,26148
8.6578,26157
8.6635,26118
8.6689,26100
8.6746,26058
8.68,26121
8.6857,26082
8.6911,26035
8.6967,26022
8.7022,26034
8.7078,26057
8.7135,26144
8.7189,26167
8.7244,26114
8.7301,26195
8.7357,26127
8.7411,26119
8.7468,26125
8.7522,26081
8.7579,26011
8.7633,26098
8.7688,26002
8.7745,26003
8.7799,26081
8.7856,25984
8.7913,26114
8.7966,26164
8.8023,26167
8.8078,26147
8.8134,26115
8.8191,26130
8.8243,26107
8.8301,26135
8.8357,26132
8.8412,26058
8.8468,26096
8.8522,26084
8.8579,26078
8.8635,26015
8.869,26081
8.8744,26077
8.88,26192
8.8857,26216
8.8911,26160
8.8967,26141
8.9021,26091
8.9078,26099
8.9135,26083
8.9189,26025
8.9245,26039
8.9302,26057
8.9356,26082
8.9413,26046
8.9467,26109
8.9524,26201
8.9578,26246
8.9634,26117
8.9688,26134
8.9745,26099
8.9802,26129
8.9856,26093
8.9912,26088
8.9966,26080
9.008,26062
9.0134,25993
9.019,25971
9.0244,26162
9.0301,26197
9.0355,26233
9.0412,26160
9.0466,26162
9.0523,26176
9.0577,26172
9.0634,26109
9.0688,26148
9.0745,26106
9.0802,26091
9.0856,26066
9.0913,26078
9.0966,26075
9.1023,26149
9.1078,26231
9.1135,26128
9.1189,26195
9.1245,26146
9.1302,26123
9.1356,26123
9.1411,26063
9.1467,26005
9.1524,26112
9.1578,26006
9.1635,26083
9.1689,26090
9.1746,26062
9.18,26157
9.1857,26200
9.1911,26197
9.1968,26211
9.2022,26190
9.2079,26115
9.2133,26177
9.219,26182
9.2244,26061
9.2301,26102
9.2357,25959
9.2411,26073
9.2468,26057
9.2522,26061
9.2579,26199
9.2633,26237
9.2691,26169
9.2745,26226
9.2801,26171
9.2855,26221
9.2912,26205
9.2967,26153
9.3023,26108
9.3077,26136
9.3134,26075
9.3191,26088
9.3245,26114
9.3301,26064
9.3356,26166
9.3412,26226
9.3467,26219
9.3523,26197
9.3577,26211
9.3634,26203
9.3691,26231
9.3745,26160
9.3802,26175
9.3856,26142
9.3913,26071
9.3966,26091
9.4023,26091
9.4077,26094
9.4134,26172
9.4189,26192
9.4246,26188
9.43,26161
9.4356,26165
9.4413,26162
9.4467,26171
9.4524,26154
9.4578,26121
9.4635,26088
9.4689,26113
9.4745,26059
9.4799,26049
9.4856,26181
9.4913,26168
9.4967,26203
9.5022,26250
9.5079,26270
9.5135,26205
9.5189,26194
9.5246,26200
9.53,26176
9.5357,26189
9.5411,26212
9.5468,26136
9.5524,26109
9.5578,26142
9.5635,26191
9.5689,26227
9.5746,26209
9.5801,26204
9.5858,26259
9.5912,26195
9.5968,26176
9.6023,26242
9.608,26213
9.6133,26205
9.619,26158
9.6244,26133
9.6301,26133
9.6355,26176
9.6412,26119
9.6468,26237
9.6523,26250
9.6577,26283
9.6634,26249
9.6691,26212
9.6744,26244
9.6802,26212
9.6856,26158
9.6913,26179
9.6967,26219
9.7023,26137
9.708,26137
9.7134,26120
9.7191,26140
9.7245,26197
9.7302,26232
9.7356,26317
9.7413,26269
9.7467,26247
9.7523,26249
9.7578,26154
9.7635,26217
9.7688,26168
9.7746,26206
9.7802,26179
9.7856,26165
9.791,26167
9.7967,26136
9.8024,26258
9.8078,26271
9.8135,26323
9.819,26265
9.8246,26273
9.83,26206
9.8357,26221
9.8411,26288
9.8468,26231
9.8522,26207
9.8578,26200
9.8635,26163
9.8689,26141
9.8746,26119
9.88,26252
9.8858,26317
9.8912,26261
9.8969,26278
9.9023,26287
9.9079,26266
9.9134,26196
9.9191,26195
9.9245,26201
9.9302,26180
9.9355,26198
9.9412,26230
9.9466,26090
9.9523,26164
9.958,26199
9.9634,26303
9.9688,26284
9.9745,26295
9.9802,26279
9.9856,26286
9.9913,26259
9.9967,26248
10.0023,26258
10.0078,26083
10.0135,26231
10.0191,26159
10.0245,26131
10.0302,26213
10.0356,26244
10.0413,26257
10.0467,26302
10.0524,26236
10.0578,26259
10.0635,26226
10.0689,26236
10.0746,26241
10.08,26241
10.0856,26229
10.0913,26253
10.0967,26171
10.1024,26203
10.1078,26154
10.1135,26272
10.1189,26312
10.1246,26283
10.13,26297
10.1357,26226
10.1411,26289
10.1468,26253
10.1522,26238
10.1579,26255
10.1633,26229
10.169,26224
10.1746,26206
10.1801,26126
10.1857,26191
10.1911,26193
10.1968,26260
10.2023,26328
10.208,26291
10.2133,26248
10.219,26232
10.2244,26274
10.2301,26257
10.2358,26223
10.2412,26227
10.2469,26247
10.2522,26227
10.2579,26166
10.2633,26154
10.269,26237
10.2744,26281
10.2802,26336
10.2856,26324
10.2912,26309
10.2966,26286
10.3023,26240
10.3078,26237
10.3134,26235
10.3188,26227
10.3245,26156
10.3301,26145
10.3356,26229
10.3412,26146
10.3466,26298
10.3523,26300
10.3578,26324
10.3635,26342
10.3691,26288
10.3744,26350
10.3801,26300
10.3856,26302
10.3912,26210
10.3966,26218
10.4022,26193
10.4079,26181
10.4133,26168
10.419,26136
10.4244,26285
10.4301,26295
10.4358,26323
10.4412,26311
10.4469,26275
10.4523,26318
10.4579,26279
10.4633,26174
10.469,26198
10.4744,26254
10.4801,26252
10.4857,26189
10.4911,26179
10.4968,26180
10.5022,26305
10.5079,26343
10.5134,26340
10.5191,26333
10.5244,26300
10.5301,26282
10.5355,26294
10.5413,26317
10.5466,26279
10.5523,26256
10.558,26230
10.5634,26179
10.5691,26204
10.5744,26183
10.5801,26263
10.5856,26364
10.5913,26353
10.5967,26293
10.6024,26304
10.608,26255
10.6135,26218
10.6189,26273
10.6245,26245
10.6302,26266
10.6356,26171
10.6413,26158
10.6467,26147
10.6524,26204
10.6578,26315
10.6635,26324
10.6689,26344
10.6746,26342
10.68,26300
10.6857,26325
10.6911,26278
10.6968,26270
10.7022,26304
10.7079,26271
10.7135,26204
10.7189,26225
10.7246,26189
10.73,26201
10.7357,26337
10.7411,26364
10.7468,26375
10.7522,26348
10.7579,26359
10.7636,26298
10.769,26291
10.7744,26286
10.7801,26223
10.7855,26233
10.7912,26241
10.7968,26315
10.8022,26200
10.8079,26232
10.8133,26298
10.819,26264
10.8244,26349
10.8301,26323
10.8358,26336
10.8412,26336
10.8469,26247
10.8523,26302
10.8579,26298
10.8634,26311
10.869,26200
10.8747,26301
10.8801,26249
10.8858,26084
10.8912,26286
10.8966,26328
10.9023,26329
10.9078,26348
10.9134,26335
10.9191,26287
10.9245,26237
10.9302,26258
10.9356,26245
10.9413,26238
10.9466,26215
10.9523,26247
10.958,26210
10.9634,26208
10.9691,26342
10.9745,26340
10.9802,26344
10.9856,26331
10.9913,26304
10.9967,26295
11.0024,26329
11.0078,26231
11.0134,26210
11.0189,26247
11.0245,26198
11.0302,26190
11.0356,26222
11.0413,26195
11.0467,26288
11.0524,26281
11.0578,26347
11.0635,26315
11.0689,26315
11.0746,26299
11.08,26276
11.0857,26300
11.0911,26272
11.0968,26306
11.1022,26269
11.1078,26239
11.1133,26234
11.1189,26206
11.1246,26274
11.1301,26389
11.1358,26332
11.1412,26342
11.1468,26362
11.1522,26351
11.1579,26258
11.1634,26272
11.169,26231
11.1744,26225
11.1801,26243
11.1858,26192
11.1912,26246
11.1969,26170
11.2023,26255
11.208,26312
11.2134,26331
11.2191,26286
11.2245,26309
11.2302,26360
11.2356,26273
11.2413,26250
11.2466,26260
11.2523,26281
11.258,26206
11.2634,26170
11.269,26166
11.2747,26176
11.2801,26287
11.2858,26349
11.2912,26299
11.2967,26304
11.3023,26367
11.308,26318
11.3134,26241
11.3191,26274
11.3245,26244
11.3302,26243
11.3356,26236
11.3412,26229
11.3466,26214
11.3523,26186
11.3577,26296
11.3634,26361
11.3689,26333
11.3746,26343
11.38,26296
11.3856,26336
11.3913,26297
11.3967,26250
11.4024,26259
11.4078,26289
11.4135,26212
11.4189,26261
11.4246,26193
11.4302,26214
11.4357,26282
11.4411,26350
11.4468,26354
11.4522,26273
11.4579,26372
11.4635,26311
11.469,26265
11.4747,26245
11.48,26267
11.4858,26264
11.4912,26196
11.4968,26150
11.5022,26199
11.5079,26217
11.5133,26281
11.519,26286
11.5244,26366
11.5301,26343
11.5358,26295
11.5412,26296
11.5469,26267
11.5523,26305
11.5579,26280
11.5634,26251
11.569,26215
11.5747,26200
11.5801,26237
11.5858,26178
11.5912,26299
11.5966,26319
11.6023,26299
11.6078,26301
11.6134,26351
11.6191,26337
11.6245,26339
11.6302,26290
11.6356,26323
11.6413,26250
11.6467,26287
11.6523,26263
11.658,26194
11.6634,26162
11.6691,26302
11.6745,26348
11.6802,26350
11.6856,26317
11.6913,26301
11.6967,26344
11.7024,26258
11.7078,26211
11.7135,26245
11.7189,26247
11.7245,26197
11.7302,26158
11.7357,26227
11.7413,26219
11.7467,26329
11.7521,26307
11.7579,26393
11.7636,26286
11.769,26341
11.7746,26286
11.78,26275
11.7856,26307
11.7912,26298
11.7966,26213
11.8023,26237
11.8079,26197
11.8134,26191
11.819,26232
11.8244,26319
11.8301,26350
11.8356,26370
11.8411,26315
11.8468,26326
11.8524,26290
11.8578,26299
11.8635,26312
11.8689,26304
11.8746,26171
11.88,26275
11.8856,26223
11.8914,26292
11.8967,26250
11.9024,26291
11.9079,26353
11.9136,26312
11.919,26353
11.9246,26362
11.9302,26319
11.9357,26287
11.9414,26237
11.9468,26276
11.9524,26193
11.9578,26227
11.9634,26277
11.9689,26181
11.9745,26216
11.9802,26298
11.9856,26337
11.9914,26356
11.9968,26337
12.0024,26324
12.0078,26364
12.0135,26320
12.019,26299
12.0247,26235
12.0301,26184
12.0357,26260
12.0411,26173
12.0468,26215
12.0525,26250
12.0579,26321
12.0633,26341
12.069,26364
12.0745,26367
12.0801,26249
12.0858,26357
12.0912,26235
12.0969,26331
12.1023,26250
12.108,26248
12.1133,26188
12.119,26239
12.1244,26217
12.1301,26169
12.1358,26288
12.1412,26311
12.1466,26330
12.1523,26362
12.158,26230
12.1634,26250
12.1691,26276
12.1745,26296
12.1802,26229
12.1856,26228
12.1912,26235
12.1969,26204
12.2023,26283
12.208,26236
12.2134,26285
12.2191,26331
12.2245,26348
12.2303,26309
12.2356,26284
12.2413,26265
12.2467,26283
12.2524,26255
12.2578,26303
12.2635,26285
12.2689,26272
12.2746,26258
12.28,26136
12.2857,26204
12.2911,26330
12.2968,26305
12.3022,26319
12.3079,26370
12.3133,26369
12.319,26412
12.3244,26273
12.3301,26292
12.3358,26293
12.3412,26262
12.3469,26270
12.3523,26185
12.3579,26250
12.3636,26200
12.369,26314
12.3747,26408
12.3802,26384
12.3856,26359
12.3912,26356
12.3969,26248
12.4023,26346
12.408,26273
12.4134,26247
12.4191,26278
12.4245,26185
12.4302,26234
12.4356,26201
12.4412,26230
12.4467,26331
12.4524,26337
12.4578,26421
12.4635,26337
12.4691,26257
12.4745,26310
12.4802,26282
12.4857,26295
12.4913,26208
12.4967,26222
12.5024,26230
12.5081,26264
12.5135,26122
12.5191,26223
12.5245,26266
12.5302,26304
12.5357,26365
12.5414,26376
12.5467,26283
12.5524,26273
12.5578,26246
12.5635,26266
12.5689,26254
12.5746,26241
12.58,26198
12.5856,26223
12.5911,26257
12.5967,26178
12.6024,26256
12.6079,26334
12.6136,26324
12.619,26311
12.6247,26356
12.6301,26309
12.6358,26323
12.6412,26276
12.6469,26233
12.6523,26261
12.658,26303
12.6633,26228
12.669,26196
12.6747,26172
12.6801,26299
12.6856,26324
12.6913,26353
12.6967,26350
12.7024,26352
12.708,26322
12.7135,26260
12.7189,26336
12.7245,26247
12.7303,26193
12.7356,26159
12.7413,26226
12.7467,26121
12.7524,26194
12.7578,26310
12.7635,26317
12.7689,26380
12.7746,26345
12.7803,26326
12.7857,26314
12.7914,26259
12.7968,26302
12.8025,26311
12.8079,26247
12.8136,26321
12.8189,26247
12.8246,26235
12.8303,26176
12.8357,26317
12.8411,26335
12.8468,26350
12.8522,26362
12.8579,26323
12.8635,26303
12.8689,26332
12.8746,26253
12.8803,26268
12.8857,26305
12.8914,26292
12.8968,26219
12.9025,26213
12.9078,26150
12.9135,26226
12.9188,26358
12.9245,26347
12.9302,26328
12.9359,26318
12.9412,26311
12.9469,26306
12.9523,26282
12.958,26268
12.9634,26264
12.9691,26241
12.9745,26152
12.9802,26220
12.9858,26237
12.9912,26280
12.9966,26302
13.0023,26342
13.0078,26286
13.0135,26331
13.0191,26296
13.0245,26286
13.0302,26281
13.0356,26254
13.0413,26291
13.047,26237
13.0523,26177
13.058,26085
13.0634,26269
13.0691,26297
13.0744,26365
13.0801,26307
13.0858,26322
13.0912,26345
13.0969,26261
13.1023,26230
13.108,26257
13.1134,26303
13.119,26248
13.1247,26246
13.13,26156
13.1357,26191
13.1411,26207
13.1468,26293
13.1522,26348
13.1579,26327
13.1636,26297
13.169,26320
13.1745,26290
13.1802,26276
13.1856,26208
13.1912,26260
13.1967,26229
13.2023,26204
13.2078,26204
13.2135,26238
13.2189,26260
13.2245,26300
13.23,26356
13.2356,26338
13.2412,26341
13.2467,26342
13.2523,26369
13.2578,26331
13.2634,26299
13.269,26259
13.2745,26305
13.2801,26278
13.2856,26200
13.2912,26212
13.2967,26199
13.3023,26319
13.3078,26374
13.3134,26376
13.319,26346
13.3246,26359
13.3301,26301
13.3357,26324
13.3412,26292
13.3468,26272
13.3523,26262
13.3579,26180
13.3634,26273
13.369,26181
13.3746,26172
13.3801,26332
13.3856,26323
13.3912,26340
13.3968,26290
13.4024,26338
13.4079,26339
13.4135,26293
13.419,26256
13.4246,26292
13.43,26287
13.4357,26271
13.4413,26263
13.4468,26245
13.4524,26264
13.4578,26295
13.4635,26323
13.4691,26326
13.4745,26308
13.4802,26309
13.4857,26319
13.4913,26263
13.4967,26263
13.5024,26242
13.508,26207
13.5134,26221
13.519,26327
13.5247,26220
13.5301,26240
13.5358,26331
13.5412,26318
13.5469,26364
13.5523,26385
13.558,26319
13.5634,26306
13.5691,26299
13.5745,26298
13.5802,26234
13.5856,26283
13.5912,26224
13.5969,26186
13.6024,26231
13.608,26251
13.6134,26261
13.6189,26326
13.6246,26325
13.6303,26333
13.6357,26326
13.6414,26298
13.6468,26291
13.6525,26256
13.6578,26266
13.6636,26252
13.669,26214
13.6746,26260
13.6803,26229
13.6857,26209
13.6914,26329
13.6968,26345
13.7025,26337
13.7079,26304
13.7136,26294
13.719,26327
13.7247,26288
13.7301,26253
13.7358,26244
13.7412,26262
13.7468,26162
13.7525,26204
13.7579,26205
13.7636,26250
13.769,26312
13.7747,26282
13.7801,26361
13.7858,26354
13.7912,26331
13.7969,26359
13.8023,26326
13.808,26257
13.8134,26260
13.8191,26257
13.8248,26202
13.8302,26200
13.8359,26253
13.8412,26214
13.847,26321
13.8524,26299
13.8581,26346
13.8635,26287
13.8691,26316
13.8745,26262
13.8802,26290
13.8856,26215
13.8913,26227
13.8967,26193
13.9024,26242
13.908,26158
13.9135,26175
13.9191,26173
13.9245,26283
13.9302,26340
13.9357,26312
13.9414,26293
13.9468,26294
13.9524,26317
13.9581,26235
13.9635,26297
13.9692,26234
13.9746,26194
13.9803,26221
13.9856,26242
13.9913,26227
13.9967,26213
14.0024,26302
14.0079,26298
14.0136,26353
14.019,26330
14.0247,26299
14.0303,26263
14.0358,26245
14.0412,26217
14.0468,26191
14.0523,26194
14.0579,26227
14.0636,26212
14.069,26180
14.0747,26206
14.0801,26293
14.0858,26304
14.0913,26337
14.097,26340
14.1023,26305
14.108,26343
14.1134,26286
14.1191,26277
14.1245,26287
14.1302,26255
14.1359,26261
14.1413,26249
14.147,26187
14.1523,26250
14.158,26297
14.1635,26317
14.1692,26325
14.1746,26349
14.1803,26327
14.1857,26318
14.1914,26226
14.1968,26225
14.2025,26269
14.2079,26239
14.2135,26197
14.2192,26199
14.2247,26176
14.2303,26240
14.2357,26260
14.2414,26350
14.2468,26289
14.2525,26307
14.2579,26312
14.2635,26315
14.269,26277
14.2747,26201
14.2803,26201
14.2857,26276
14.2914,26246
14.2968,26221
14.3025,26271
14.3079,26177
14.3136,26285
14.319,26275
14.3247,26284
14.3302,26326
14.3359,26298
14.3412,26260
14.3469,26293
14.3524,26274
14.358,26264
14.3634,26189
14.3691,26216
14.3747,26202
14.3802,26217
14.3858,26207
14.3913,26275
14.397,26306
14.4024,26323
14.4081,26317
14.4135,26281
14.4192,26207
14.4246,26290
14.4303,26199
14.4357,26196
14.4414,26186
14.4468,26224
14.4525,26163
14.4579,26217
14.4635,26180
14.469,26267
14.4747,26296
14.4801,26323
14.4858,26340
14.4912,26249
14.4969,26274
14.5023,26293
14.508,26217
14.5137,26210
14.5191,26253
14.5247,26205
14.5301,26164
14.5358,26186
14.5412,26156
14.5469,26283
14.5523,26310
14.558,26309
14.5635,26269
14.5691,26291
14.5748,26255
14.5802,26264
14.5856,26255
14.5913,26210
14.597,26183
14.6024,26211
14.608,26223
14.6135,26198
14.6191,26172
14.6245,26270
14.6302,26301
14.6357,26327
14.6414,26328
14.6468,26303
14.6524,26282
14.6581,26275
14.6635,26281
14.6692,26212
14.6746,26230
14.6803,26248
14.6857,26260
14.6914,26139
14.6968,26206
14.7025,26285
14.7079,26276
14.7136,26282
14.719,26299
14.7246,26292
14.7303,26291
14.7357,26271
14.7414,26229
14.7468,26275
14.7525,26228
14.7579,26205
14.7636,26218
14.769,26194
14.7746,26160
14.7803,26197
14.7858,26312
14.7915,26314
14.7969,26304
14.8025,26279
14.8078,26233
14.8135,26262
14.819,26248
14.8246,26244
14.8303,26207
14.8356,26185
14.8413,26191
14.847,26186
14.8524,26157
14.8581,26232
14.8635,26314
14.8692,26309
14.8746,26286
14.8803,26332
14.8856,26261
14.8913,26223
14.8968,26230
14.9024,26258
14.9078,26228
14.9134,26247
14.9191,26192
14.9248,26166
14.9302,26154
14.9359,26245
14.9413,26313
14.947,26294
14.9524,26310
14.958,26310
14.9634,26259
14.9691,26179
14.9748,26298
14.9802,26242
14.9858,26172
14.9912,26191
14.9969,26216
15.0023,26124
15.008,26230
15.0134,26253
15.0191,26256
15.0246,26296
15.0303,26272
15.0359,26244
15.0413,26266
15.047,26168
15.0524,26242
15.0581,26179
15.0635,26246
15.0692,26144
15.0746,26182
15.0803,26133
15.0857,26188
15.0914,26277
15.0968,26312
15.1025,26270
15.1079,26322
15.1136,26273
15.119,26262
15.1247,26291
15.1301,26236
15.1358,26205
15.1412,26188
15.1469,26196
15.1525,26191
15.1579,26101
15.1636,26199
15.169,26241
15.1747,26249
15.1802,26265
15.1859,26290
15.1912,26223
15.1969,26247
15.2023,26180
15.208,26287
15.2137,26242
15.2191,26068
15.2248,26163
15.2302,26182
15.2359,26219
15.2413,26109
15.2469,26226
15.2524,26239
15.2581,26259
15.2635,26298
15.2692,26251
15.2748,26248
15.2802,26233
15.2857,26233
15.2913,26221
15.2968,26223
15.3024,26161
15.3081,26170
15.3135,26112
15.3192,26102
15.3246,26253
15.3303,26310
15.3357,26363
15.3414,26232
15.3468,26259
15.3525,26258
15.3579,26226
15.3636,26209
15.3693,26242
15.3747,26232
15.3803,26187
15.3857,26191
15.3914,26221
15.3968,26160
15.4025,26253
15.4079,26347
15.4136,26361
15.419,26291
15.4247,26287
15.4303,26251
15.4358,26247
15.4412,26246
15.4469,26265
15.4526,26240
15.4579,26151
15.4636,26217
15.469,26126
15.4747,26156
15.4802,26238
15.4859,26236
15.4913,26309
15.4967,26290
15.5024,26290
15.5081,26220
15.5135,26254
15.5192,26221
15.5246,26227
15.5303,26274
15.5359,26222
15.5413,26131
15.547,26170
15.5524,26144
15.5581,26259
15.5635,26277
15.5692,26334
15.5746,26290
15.5803,26259
15.5857,26324
15.5914,26198
15.5968,26233
15.6024,26237
15.6081,26172
15.6135,26201
15.6192,26170
15.6246,26072
15.6303,26161
15.6357,26302
15.6414,26302
15.6468,26340
15.6525,26260
15.6579,26325
15.6636,26281
15.669,26234
15.6747,26238
15.6801,26212
15.6858,26222
15.6914,26207
15.6968,26250
15.7025,26185
15.7079,26129
15.7136,26301
15.719,26236
15.7247,26301
15.7301,26283
15.7358,26298
15.7414,26274
15.7469,26211
15.7526,26257
15.758,26227
15.7637,26186
15.769,26208
15.7747,26137
15.7801,26164
15.7858,26183
15.7912,26269
15.7969,26263
15.8023,26270
15.808,26284
15.8134,26235
15.8191,26219
15.8248,26214
15.8302,26156
15.8358,26187
15.8413,26140
15.8469,26198
15.8523,26202
15.858,26177
15.8637,26106
15.8691,26268
15.8746,26274
15.8803,26264
15.8857,26240
15.8913,26228
15.897,26259
15.9024,26231
15.9081,26247
15.9135,26235
15.9192,26154
15.9245,26145
15.9302,26110
15.9356,26219
15.9413,26146
15.947,26267
15.9524,26275
15.9578,26278
15.9635,26242
15.9692,26214
15.9746,26258
15.9803,26208
15.9857,26265
15.9914,26238
15.9968,26209
16.0025,26140
16.0079,26159
16.0136,26173
16.0192,26158
16.0247,26200
16.0304,26287
16.0358,26293
16.0412,26264
16.0469,26229
16.0525,26258
16.058,26213
16.0637,26195
16.069,26197
16.0748,26172
16.0801,26189
16.0858,26141
16.0912,26201
16.0969,26193
16.1023,26260
16.108,26322
16.1135,26272
16.1192,26279
16.1246,26263
16.1302,26301
16.1356,26238
16.1414,26222
16.147,26168
16.1525,26213
16.1581,26127
16.1635,26202
16.1692,26178
16.1746,26158
16.1803,26199
16.1857,26280
16.1914,26294
16.1968,26244
16.2025,26280
16.2081,26218
16.2134,26253
16.2191,26227
16.2245,26174
16.2302,26224
16.2359,26214
16.2412,26169
16.2469,26112
16.2523,26157
16.258,26184
16.2635,26267
16.2691,26305
16.2745,26258
16.2801,26217
16.2858,26218
16.2912,26215
16.2969,26214
16.3025,26195
16.3079,26144
16.3136,26142
16.3193,26136
16.3247,26087
16.3303,26123
16.3358,26214
16.3415,26267
16.3469,26300
16.3525,26235
16.3579,26214
16.3635,26236
16.3692,26178
16.3747,26225
16.3803,26166
16.3857,26169
16.3914,26107
16.3968,26161
16.4025,26156
16.4081,26136
16.4136,26219
16.4193,26177
16.4247,26263
16.4301,26254
16.4358,26306
16.4415,26195
16.4469,26207
16.4526,26180
16.458,26153
16.4634,26120
16.4691,26182
16.4747,26101
16.4802,26131
16.4858,26094
16.4912,26192
16.4969,26220
16.5023,26248
16.5081,26207
16.5137,26241
16.5191,26244
16.5248,26192
16.5302,26150
16.5359,26156
16.5413,26177
16.5469,26107
16.5525,26161
16.558,26091
16.5636,26115
16.5691,26226
16.5745,26222
16.5802,26257
16.5856,26225
16.5913,26226
16.597,26211
16.6024,26158
16.6081,26233
16.6135,26165
16.6192,26069
16.6246,26112
16.6302,26143
16.6357,26075
16.6413,26068
16.647,26110
16.6525,26180
16.6579,26267
16.6636,26218
16.6693,26207
16.6747,26225
16.6804,26170
16.6858,26151
16.6915,26166
16.6969,26096
16.7023,26168
16.708,26102
16.7137,26023
16.7191,26095
16.7248,26228
16.7301,26287
16.7358,26244
16.7412,26237
16.7469,26257
16.7526,26225
16.758,26192
16.7634,26211
16.7692,26143
16.7746,26188
16.7803,26129
16.7857,26135
16.7914,26160
16.7968,26138
16.8025,26195
16.8079,26235
16.8136,26303
16.819,26254
16.8247,26221
16.8304,26223
16.8358,26190
16.8412,26166
16.8469,26144
16.8526,26236
16.858,26201
16.8636,26141
16.8691,26075
16.8747,26072
16.8801,26258
16.8859,26259
16.8913,26264
16.897,26231
16.9024,26167
16.908,26192
16.9135,26179
16.9192,26150
16.9248,26086
16.9303,26170
16.9359,26100
16.9413,26159
16.947,26115
16.9524,26067
16.9581,26216
16.9635,26231
16.9692,26223
16.9747,26193
16.9803,26297
16.9857,26202
16.9914,26191
16.9968,26176
17.0024,26163
17.0079,26121
17.0136,26121
17.0193,26040
17.0247,26111
17.0304,26048
17.0358,26237
17.0412,26220
17.0469,26240
17.0523,26219
17.058,26219
17.0636,26201
17.0691,26185
17.0748,26164
17.0801,26116
17.0859,26158
17.0915,26181
17.0969,26053
17.1026,26061
17.108,26104
17.1137,26181
17.1191,26228
17.1248,26251
17.1303,26225
17.1359,26220
17.1413,26174
17.147,26215
17.1524,26174
17.1581,26077
17.1635,26165
17.1692,26150
17.1746,26076
17.1803,26148
17.1857,26063
17.1914,26230
17.1968,26215
17.2025,26221
17.2079,26208
17.2136,26232
17.2192,26224
17.2247,26182
17.2301,26073
17.2357,26116
17.2415,26155
17.2468,26136
17.2525,26155
17.2579,26107
17.2636,26102
17.269,26198
17.2747,26251
17.2802,26186
17.2859,26215
17.2913,26217
17.2969,26234
17.3024,26156
17.3081,26191
17.3137,26155
17.3191,26169
17.3248,26124
17.3302,26154
17.3359,26071
17.3413,26063
17.347,26186
17.3524,26273
17.3581,26205
17.3635,26202
17.3692,26206
17.3749,26226
17.3803,26136
17.3857,26184
17.3913,26198
17.3971,26134
17.4024,26171
17.4081,26091
17.4135,26143
17.4192,26126
17.4246,26191
17.4303,26233
17.4357,26271
17.4414,26255
17.4471,26193
17.4524,26198
17.4582,26156
17.4636,26188
17.4693,26152
17.4747,26116
17.4803,26014
17.4858,26170
17.4913,26130
17.497,26063
17.5024,26210
17.5081,26211
17.5135,26249
17.5192,26201
17.5246,26215
17.5302,26169
17.5359,26192
17.5414,26139
17.547,26184
17.5525,26115
17.5581,26128
17.5635,26109
17.5692,26122
17.5746,26128
17.5803,26197
17.5857,26201
17.5914,26256
17.5968,26189
17.6025,26217
17.6081,26208
17.6136,26108
17.619,26135
17.6247,26122
17.6304,26147
17.6357,26108
17.6414,26127
17.6471,26078
17.6525,26080
17.6582,26179
17.6636,26216
17.6693,26260
17.6747,26268
17.6804,26262
17.6858,26177
17.6915,26165
17.6969,26177
17.7026,26144
17.7079,26115
17.7136,26143
17.7193,26077
17.7247,26120
17.7303,26091
17.7358,26186
17.7415,26192
17.7469,26198
17.7526,26172
17.758,26154
17.7636,26152
17.7693,26136
17.7747,26097
17.7804,26130
17.7858,26057
17.7914,26095
17.7971,26067
17.8025,26149
17.8081,26048
17.8136,26177
17.8192,26216
17.8246,26204
17.8304,26207
17.8357,26220
17.8414,26166
17.8468,26192
17.8526,26120
17.8582,26123
17.8636,26119
17.8693,26040
17.8747,26154
17.8804,26048
17.8858,26029
17.8915,26171
17.8969,26211
17.9026,26209
17.908,26192
17.9137,26107
17.9191,26196
17.9248,26112
17.9301,26126
17.9358,26088
17.9415,26109
17.9469,26030
17.9525,26094
17.958,26088
17.9636,26118
17.9693,26179
17.9747,26211
17.9802,26243
17.9857,26209
17.9914,26260
17.9971,26144
18.0025,26159
18.0079,26174
18.0135,26075
18.0192,26108
18.0246,26067
18.0303,26110
18.036,26020
18.0414,26090
18.0471,26196
18.0525,26216
18.0582,26235
18.0636,26225
18.0692,26126
18.0748,26204
18.0803,26174
18.0857,26128
18.0914,26133
18.097,26010
18.1027,26104
18.108,26056
18.1137,26086
18.1191,26070
18.1248,26139
18.1302,26140
18.1359,26195
18.1413,26230
18.147,26150
18.1524,26184
18.1581,26145
18.1635,26121
18.1692,26133
18.1746,26110
18.1803,26133
18.1859,26189
18.1914,26043
18.197,26060
18.2024,26198
18.2081,26178
18.2136,26184
18.2193,26190
18.2246,26239
18.2303,26155
18.2357,26174
18.2414,26112
18.2471,26070
18.2525,26174
18.2582,26090
18.2636,26077
18.2693,26053
18.2747,25963
18.2804,26175
18.2858,26198
18.2915,26219
18.2969,26178
18.3026,26165
18.3082,26172
18.3137,26147
18.3191,26149
18.3248,26178
18.3302,26113
18.3358,26106
18.3415,26088
18.3469,26072
18.3526,26009
18.358,26102
18.3637,26192
18.3692,26215
18.3746,26154
18.3803,26182
18.3859,26174
18.3914,26190
18.3968,26126
18.4024,26154
18.4082,26102
18.4135,26037
18.4192,26107
18.4249,26089
18.4303,26038
18.436,26151
18.4414,26224
18.4471,26222
18.4525,26207
18.4582,26147
18.4636,26163
18.4693,26130
18.4747,26162
18.4804,26141
18.4858,26124
18.4914,26099
18.4971,26054
18.5025,26064
18.5082,26073
18.5136,26127
18.5191,26241
18.5248,26236
18.5302,26173
18.5359,26170
18.5415,26163
18.547,26142
18.5524,26141
18.558,26075
18.5637,26066
18.5691,26063
18.5748,26113
18.5802,26040
18.5859,26043
18.5913,26164
18.597,26155
18.6024,26194
18.6081,26192
18.6135,26144
18.6192,26146
18.6249,26148
18.6303,26152
18.636,26121
18.6414,26101
18.6471,26098
18.6524,26049
18.6581,26033
18.6635,26057
18.6692,26157
18.6746,26189
18.6803,26204
18.6858,26161
18.6914,26188
18.6971,26108
18.7025,26144
18.7082,26063
18.7136,26043
18.7193,26138
18.7247,26129
18.7303,26084
18.7358,26030
18.7414,26007
18.7471,26129
18.7525,26159
18.7582,26151
18.7636,26170
18.7693,26150
18.7747,26065
18.7804,26114
18.7858,26117
18.7915,26068
18.7969,26084
18.8026,25997
18.808,26047
18.8136,25990
18.8193,26059
18.8247,26141
18.8304,26163
18.8358,26146
18.8413,26142
18.8469,26165
18.8526,26143
18.858,26153
18.8637,26089
18.8691,26079
18.8748,26091
18.8802,26036
18.8859,26092
18.8913,26122
18.897,26074
18.9024,26114
18.9081,26217
18.9135,26182
18.9192,26182
18.9249,26171
18.9303,26092
18.936,26145
18.9414,26120
18.947,26075
18.9525,26044
18.9582,26065
18.9635,26031
18.9692,26051
18.9749,26035
18.9803,26128
18.9857,26140
18.9914,26170
18.9969,26126
19.0025,26160
19.008,26127
19.0137,26145
19.0191,26065
19.0247,26107
19.0302,26091
19.0358,26095
19.0415,25978
19.0469,26078
19.0526,26007
19.058,26080
19.0637,26150
19.0692,26147
19.0749,26088
19.0802,26161
19.0859,26115
19.0913,26136
19.097,26111
19.1027,26122
19.1081,26053
19.1138,26075
19.1192,25978
19.1249,25985
19.1303,25937
19.136,26104
19.1414,26124
19.1471,26114
19.1525,26135
19.1582,26152
19.1636,26070
19.1693,26052
19.1746,26042
19.1803,26024
19.1857,26048
19.1914,26069
19.197,26034
19.2024,26058
19.2081,26043
19.2135,26090
19.2193,26153
19.2247,26150
19.2303,26105
19.2359,26079
19.2413,26041
19.247,25975
19.2524,25978
19.2581,25970
19.2635,25987
19.2692,25980
19.2748,25982
19.2803,26053
19.2859,25947
19.2916,26131
19.297,26078
19.3025,26111
19.3082,26148
19.3135,26114
19.3192,26050
19.3249,26047
19.3303,26069
19.336,26069
19.3414,26035
19.3471,26030
19.3525,25981
19.3582,25955
19.3636,25971
19.3693,26040
19.3747,26078
19.3804,26111
19.3858,26107
19.3915,26046
19.3969,26106
19.4026,26114
19.408,26079
19.4137,26035
19.4191,25987
19.4248,26065
19.4304,25979
19.4359,26057
19.4415,26007
19.447,26127
19.4526,26181
19.4581,26175
19.4638,26206
19.4691,26163
19.4748,26161
19.4802,26121
19.4859,26091
19.4913,26049
19.497,26083
19.5027,26079
19.508,26037
19.5137,26016
19.5193,26018
19.5248,26109
19.5305,26135
19.5358,26128
19.5415,26120
19.5469,26111
19.5526,26089
19.558,26072
19.5636,26066
19.5693,26112
19.5747,26011
19.5804,26046
19.5858,26064
19.5914,26078
19.5971,25993
19.6025,26130
19.6082,26160
19.6136,26213
19.6193,26185
19.6246,26078
19.6303,26099
19.6357,26077
19.6415,26095
19.6471,26100
19.6525,26001
19.6582,26003
19.6635,25960
19.6692,26040
19.6749,26033
19.6803,26123
19.686,26149
19.6915,26121
19.6969,26122
19.7025,26094
19.7082,26057
19.7136,26062
19.7193,26085
19.7247,26021
19.7304,26078
19.7358,25992
19.7415,26046
19.7469,26022
19.7525,25995
19.758,26091
19.7637,26161
19.7691,26119
19.7748,26105
19.7802,26081
19.7859,26133
19.7916,26061
19.797,26039
19.8027,26013
19.8081,26064
19.8137,26051
19.8191,26013
19.8248,25983
19.8302,25899
19.8359,26133
19.8413,26129
19.847,26098
19.8525,26104
19.8581,26124
19.8638,26099
19.8692,26100
19.8747,26070
19.8803,26020
19.886,25993
19.8914,26001
19.8971,26029
19.9025,25984
19.9082,25968
19.9136,26057
19.9193,26108
19.9248,26092
19.9305,26043
19.9359,26084
19.9415,26011
19.947,26070
19.9527,26017
19.958,26014
19.9637,26027
19.9691,26022
19.9748,25929
19.9802,26019
19.9859,25958
19.9913,26067
19.997,26032
20.0025,26132
20.0082,26082
20.0136,26053
20.0193,26031
20.0247,26096
20.0304,26009
20.0358,26007
20.0415,26039
20.0469,25936
20.0525,25968
20.058,25928
20.0636,25940
20.0693,26070
20.0748,26068
20.0802,26180
20.0859,26068
20.0913,26067
20.097,26096
20.1024,26042
20.1081,26063
20.1138,25988
20.1192,25988
20.1249,25964
20.1302,25942
20.1359,26009
20.1416,25955
20.147,26059
20.1525,26136
20.1582,26122
20.1636,26132
20.1693,26094
20.1747,26058
20.1804,26071
20.1858,26094
20.1914,26021
20.1969,26045
20.2025,25996
20.2082,26005
20.2136,25962
20.2193,25978
20.2247,26052
20.2304,26129
20.2358,26139
20.2416,26122
20.2469,26094
20.2526,26088
20.258,26075
20.2637,26105
20.2691,26048
20.2748,26031
20.2802,26016
20.2859,25995
20.2916,26021
20.297,25986
20.3026,26012
20.3081,26163
20.3138,26118
20.3192,26123
20.3249,26062
20.3303,26071
20.336,26034
20.3414,26103
20.3471,25995
20.3525,26030
20.3581,25988
20.3635,26009
20.3692,25978
20.3749,25933
20.3803,26105
20.3858,26098
20.3915,26124
20.3969,26110
20.4026,26058
20.4082,26102
20.4137,26024
20.4191,25980
20.4248,25982
20.4305,25972
20.4358,26028
20.4415,26006
20.4469,26001
20.4526,26000
20.458,26028
20.4637,26101
20.4692,26076
20.4749,26099
20.4803,26103
20.4859,26130
20.4914,26041
20.4971,26096
20.5025,26000
20.5082,25982
20.5136,26009
20.5192,25944
20.5249,25984
20.5303,25980
20.536,26025
20.5414,26127
20.5471,26108
20.5526,26103
20.5582,26003
20.5636,25948
20.5693,26003
20.5747,26023
20.5804,26024
20.5858,26011
20.5914,26001
20.5971,25946
20.6025,25926
20.6082,25971
20.6136,26024
20.6193,26144
20.6248,26062
20.6302,26080
20.6358,26030
20.6415,26122
20.6469,25969
20.6526,26025
20.658,25987
20.6637,25993
20.6694,25994
20.6747,25910
20.6805,25999
20.6858,25917
20.6916,26052
20.6969,26048
20.7026,26068
20.708,26073
20.7137,26050
20.7194,26084
20.7247,26010
20.7302,26003
20.7359,25952
20.7416,26015
20.747,25961
20.7525,25995
20.7582,25826
20.7636,25968
20.7693,26084
20.7748,26091
20.7802,26089
20.7859,26077
20.7916,26040
20.797,26062
20.8027,25989
20.8081,26022
20.8138,26066
20.8192,25976
20.8248,26008
20.8302,26025
20.8359,25943
20.8413,25964
20.847,26070
20.8524,26110
20.8581,26074
20.8636,26115
20.8693,26003
20.8746,26029
20.8803,26029
20.8857,26020
20.8914,26040
20.8971,26002
20.9025,25956
20.9082,25991
20.9136,25921
20.9193,25930
20.9247,26074
20.9304,26126
20.9358,26143
20.9415,26091
20.9469,26105
20.9526,26063
20.958,26038
20.9637,26056
20.9691,26083
20.9748,26040
20.9805,26013
20.9859,26027
20.9916,26045
20.9969,25965
21.0026,26093
21.0081,26072
21.0136,26129
21.0193,26135
21.0247,26107
21.0304,26056
21.0358,26030
21.0415,26078
21.0471,26048
21.0526,26035
21.0582,25986
21.0636,26023
21.0693,25985
21.0749,25980
21.0804,26061
21.0858,26129
21.0915,26144
21.097,26065
21.1026,26086
21.108,26088
21.1137,26028
21.1192,26082
21.1248,26017
21.1302,25995
21.1359,26036
21.1416,25970
21.147,25955
21.1527,25954
21.1581,26057
21.1638,26111
21.1692,26149
21.1747,26122
21.1803,26099
21.186,26070
21.1914,26040
21.1971,26049
21.2025,26032
21.2082,26021
21.2136,25996
21.2193,26004
21.2247,26018
21.2304,26000
21.2358,26100
21.2415,26087
21.2469,26079
21.2527,26087
21.258,26061
21.2637,26100
21.2691,26062
21.2748,26010
21.2802,25985
21.2859,25988
21.2915,25953
21.2969,26033
21.3024,25926
21.3081,25965
21.3138,26036
21.3192,26052
21.3249,26062
21.3304,26083
21.336,26057
21.3414,26071
21.3471,26050
21.3525,25987
21.358,25960
21.3637,25905
21.3691,25988
21.3748,26003
21.3802,25955
21.3859,25953
21.3913,26049
21.397,26043
21.4024,26042
21.4082,26119
21.4135,26076
21.4192,26018
21.4249,26082
21.4303,26023
21.436,25992
21.4414,26005
21.4471,26003
21.4524,25946
21.4582,25947
21.4638,25974
21.4692,26068
21.4749,26095
21.4803,26082
21.486,26078
21.4914,26078
21.4971,26038
21.5025,26022
21.5082,25995
21.5136,26007
21.5193,26007
21.5248,25947
21.5304,25974
21.5359,25996
21.5415,25957
21.5469,26050
21.5527,26085
21.5581,26103
21.5638,26053
21.5692,26068
21.5749,26028
21.5803,25991
21.586,26029
21.5914,26021
21.5971,25966
21.6025,25968
21.6081,25907
21.6136,25969
21.6192,25942
21.6247,26017
21.6304,26043
21.6358,26093
21.6415,26040
21.6469,26074
21.6526,26044
21.658,26024
21.6637,25986
21.6694,25907
21.6748,25960
21.6805,25949
21.6859,25938
21.6916,25943
21.6969,25947
21.7026,26011
21.7081,26024
21.7135,26091
21.7192,26067
21.7249,26121
21.7303,25996
21.736,26074
21.7415,25999
21.7471,26043
21.7526,25972
21.7583,25918
21.7636,25894
21.7693,25894
21.7747,25979
21.7804,26067
21.7858,26061
21.7916,26061
21.797,26057
21.8027,26059
21.808,25961
21.8137,26003
21.8192,25962
21.8248,25990
21.8303,25939
21.8359,25964
21.8416,25836
21.847,25911
21.8527,25914
21.8581,26012
21.8638,26006
21.8692,26080
21.8747,26048
21.8803,25994
21.886,26053
21.8914,25992
21.8971,26007
21.9025,25953
21.9082,25966
21.9136,25979
21.9193,25900
21.9247,25863
21.9304,25961
21.9358,26059
21.9415,26073
21.9469,26076
21.9527,26054
21.958,26042
21.9637,26038
21.9691,26021
21.9748,25964
21.9802,25967
21.9859,25991
21.9913,25965
21.997,25969
22.0024,25954
22.0081,25902
22.0136,26007
22.0193,26101
22.0247,26089
22.0304,26057
22.0358,26001
22.0415,26065
22.0469,26029
22.0526,25973
22.058,26050
22.0637,25986
22.0691,25965
22.0748,25919
22.0802,25985
22.0859,25919
22.0916,25981
22.097,26001
22.1025,26075
22.1082,26099
22.1136,26060
22.1193,26046
22.1247,26023
22.1304,26041
22.1358,25977
22.1415,25995
22.1469,25980
22.1525,25966
22.158,25929
22.1636,25912
22.1694,26036
22.1748,26073
22.1802,26104
22.1859,26080
22.1915,26021
22.1969,26065
22.2026,26031
22.2081,25981
22.2137,25998
22.2194,25972
22.2248,26028
22.2304,25895
22.2359,25969
22.2415,25982
22.2469,26043
22.2526,26043
22.2581,26092
22.2638,26086
22.2692,26034
22.2747,25982
22.2804,26007
22.2858,25986
22.2915,25996
22.2969,25944
22.3025,25935
22.3082,25862
22.3136,25996
22.3193,25785
22.3247,26045
22.3304,26071
22.3358,26024
22.3415,26112
22.3469,26063
22.3526,26038
22.358,26037
22.3637,25934
22.3694,25969
22.3748,25922
22.3805,25950
22.3858,25888
22.3916,25890
22.3969,25930
22.4026,26029
22.4081,26094
22.4138,26046
22.4192,26026
22.4249,25966
22.4303,26023
22.436,26000
22.4414,25999
22.4471,25990
22.4525,25874
22.4582,25909
22.4638,26025
22.4693,25883
22.4749,25930
22.4804,26023
22.4858,26057
22.4915,26047
22.497,26048
22.5026,26073
22.508,26049
22.5137,26033
22.5191,25969
22.5248,26024
22.5302,26012
22.5359,25972
22.5416,25971
22.547,25949
22.5527,25943
22.5582,26018
22.5636,26036
22.5693,26052
22.5747,26047
22.5804,26004
22.5858,26016
22.5915,26033
22.5969,25963
22.6026,26075
22.608,25976
22.6136,25893
22.6193,25964
22.6247,25904
22.6304,25932
22.6358,26151
22.6415,26089
22.6469,26039
22.6527,26056
22.658,26041
22.6637,25986
22.6691,26033
22.6748,25951
22.6805,25960
22.6859,25951
22.6916,25915
22.697,25920
22.7026,25983
22.708,25889
22.7137,26029
22.7191,26063
22.7248,26039
22.7303,26077
22.7359,26048
22.7416,25985
22.747,25945
22.7524,26000
22.7581,25976
22.7638,26007
22.7692,25933
22.7748,25943
22.7803,25916
22.7859,25933
22.7916,25995
22.797,26027
22.8025,26067
22.8082,26043
22.8138,25999
22.8192,25997
22.8249,25956
22.8304,25929
22.836,25913
22.8415,25884
22.8471,25944
22.8525,25866
22.8582,25876
22.8636,25862
22.8693,25989
22.8747,26079
22.8804,26070
22.8859,26065
22.8915,26021
22.8969,25985
22.9026,25971
22.908,26013
22.9137,25939
22.9191,25987
22.9248,25930
22.9304,25931
22.9359,25929
22.9415,25914
22.9469,26053
22.9526,26093
22.9581,26075
22.9638,26021
22.9691,26048
22.9748,25976
22.9802,26028
22.9859,26000
22.9916,25940
22.997,25930
23.0027,25961
23.0081,25925
23.0138,25901
23.0192,25941
23.0249,26009
23.0303,26047
23.036,26008
23.0414,26064
23.0471,26073
23.0525,25980
23.0582,25941
23.0636,25981
23.0692,25993
23.0747,25963
23.0803,25936
23.086,25952
23.0914,25913
23.0971,25911
23.1025,26009
23.1082,26090
23.1136,26038
23.1193,26019
23.1247,26050
23.1303,26013
23.136,26006
23.1415,25982
23.1471,25932
23.1525,25900
23.1582,25952
23.1636,25883
23.1693,25868
23.1749,25938
23.1804,26006
23.1858,26042
23.1915,26082
23.1969,26081
23.2026,26000
23.2083,26037
23.2137,25980
23.2194,25934
23.2248,25993
23.2305,25937
23.2358,25963
23.2415,25934
23.2469,25934
23.2526,25888
23.2583,25943
23.2637,26079
23.2691,25967
23.2748,26012
23.2805,25992
23.2859,25994
23.2916,25997
23.297,26033
23.3027,25915
23.3081,25932
23.3138,25855
23.3192,25894
23.3249,25945
23.3305,25872
23.3359,26021
23.3414,26050
23.3471,26070
23.3525,26052
23.3582,26047
23.3636,26016
23.3693,25978
23.3747,25931
23.3804,26012
23.3861,25927
23.3914,25914
23.3971,25955
23.4025,25926
23.4082,25877
23.4136,26036
23.4193,26155
23.4247,26129
23.4304,26120
23.4358,26045
23.4415,26042
23.4469,26023
23.4526,25998
23.4583,25917
23.4637,25972
23.4694,25988
23.4747,25921
23.4804,25924
23.4858,25939
23.4915,26018
23.497,26079
23.5027,26076
23.5081,26031
23.5138,26102
23.5192,26048
23.5249,25999
23.5303,26018
23.536,25972
23.5414,25931
23.5469,25988
23.5525,25973
23.5582,25944
23.5636,25922
23.5693,26026
23.5748,26071
23.5805,26049
23.5859,26006
23.5915,26047
23.5969,26053
23.6026,26019
23.6081,25991
23.6137,26008
23.6191,25976
23.6248,26001
23.6305,25917
23.6359,25954
23.6416,25974
23.647,26003
23.6527,26027
23.658,26073
23.6637,26041
23.6691,26068
23.6748,25985
23.6805,26034
23.6858,25986
23.6915,26018
23.6969,25979
23.7026,25964
23.7083,25939
23.7136,25901
23.7193,25986
23.7247,25986
23.7304,26050
23.7359,26113
23.7415,26073
23.7471,26076
23.7525,26074
23.7582,25979
23.7636,25974
23.7693,26031
23.7747,25923
23.7803,25895
23.786,25941
23.7914,25858
23.7971,25983
23.8025,26089
23.8082,26132
23.8136,26059
23.8193,26054
23.8247,26115
23.8303,26027
23.836,26011
23.8414,26029
23.8472,25991
23.8526,26023
23.8582,25970
23.8636,25865
23.8693,25971
23.8747,25963
23.8804,26054
23.8858,26097
23.8915,26131
23.8972,26062
23.9026,26058
23.9082,26088
23.9136,26039
23.9193,26022
23.9248,26004
23.9305,26002
23.9358,25971
23.9415,25959
23.9469,25958
23.9526,25958
23.958,26083
23.9637,26108
23.9694,26092
23.9748,26096
23.9805,26049
23.9858,26033
23.9916,26000
23.997,26047
24.0027,26002
24.0081,25945
24.0138,26002
24.0192,25979
24.0249,25916
24.0303,25983
24.036,26118
24.0414,26074
24.0471,26087
24.0525,26073
24.0581,26070
24.0638,26041
24.0692,26077
24.0749,26021
24.0804,25986
24.0861,25988
24.0914,26010
24.0971,25996
24.1025,25987
24.1082,25967
24.1136,26066
24.1193,26122
24.1247,26095
24.1304,26006
24.136,26084
24.1414,26038
24.1471,26067
24.1526,26024
24.158,25970
24.1637,25944
24.1694,25979
24.1748,25988
24.1802,25954
24.1858,25945
24.1915,26064
24.1969,26067
24.2026,26102
24.2083,26060
24.2137,26017
24.2193,26037
24.2248,26020
24.2305,25998
24.2359,25970
24.2416,25981
24.247,25954
24.2526,25943
24.2581,25967
24.2637,25939
24.2692,26060
24.2749,26049
24.2802,26077
24.2859,26103
24.2916,26009
24.297,26054
24.3026,26089
24.3081,26019
24.3138,26028
24.3192,25994
24.3249,26010
24.3302,25949
24.3359,26004
24.3416,25948
24.347,26037
24.3527,26133
24.3581,26068
24.3638,26105
24.3692,25981
24.3748,26010
24.3802,26024
24.386,26028
24.3914,25986
24.3971,25948
24.4025,25974
24.4081,26005
24.4136,25970
24.4192,25885
24.4249,26048
24.4304,26058
24.436,26085
24.4414,26045
24.4471,26004
24.4525,26024
24.4582,25988
24.4636,26009
24.4693,25972
24.4747,26030
24.4804,25891
24.4861,25920
24.4915,25953
24.4971,25919
24.5026,26040
24.508,26054
24.5137,26100
24.5194,26083
24.5248,26048
24.5304,26028
24.5358,26022
24.5415,26066
24.547,25979
24.5527,26017
24.558,25975
24.5637,25912
24.5694,25977
24.5748,25964
24.5805,26063
24.5859,26059
24.5916,26094
24.597,26052
24.6027,26099
24.608,26042
24.6137,26029
24.6191,26006
24.6248,26029
24.6303,25931
24.6359,25966
24.6416,26028
24.647,25970
24.6527,25895
24.6581,26044
24.6638,26072
24.6692,26070
24.6749,26066
24.6803,25969
24.6859,26029
24.6913,26029
24.697,26010
24.7027,25952
24.7081,25928
24.7138,25884
24.7192,25966
24.7249,25922
24.7303,25974
24.736,26060
24.7416,26056
24.747,26022
24.7527,26079
24.7581,26052
24.7638,26044
24.7692,25985
24.7749,26056
24.7803,26011
24.786,25954
24.7914,25924
24.797,25959
24.8025,25981
24.8081,25986
24.8135,25990
24.8192,26102
24.8249,26086
24.8303,26095
24.8359,26084
24.8416,26038
24.847,26028
24.8525,26014
24.8582,25987
24.8636,25971
24.8693,25932
24.8749,25932
24.8804,25959
24.886,26024
24.8915,26057
24.8972,26037
24.9025,26056
24.9082,26063
24.9136,26041
24.9193,26038
24.9247,26055
24.9304,26054
24.9358,25974
24.9415,25995
24.9469,25965
24.9526,25969
24.9583,25933
24.9636,25938
24.9691,26047
24.9748,26052
24.9804,26119
24.9859,26047
24.9915,26126
24.9972,26025
25.0026,25976
25.0081,25996
25.0138,26040
25.0192,25988
25.0249,25929
25.0302,25877
25.0359,25956
25.0416,26028
25.047,26078
25.0527,26052
25.0581,26071
25.0638,26044
25.0692,26003
25.0748,25965
25.0803,26044
25.086,25956
25.0914,25978
25.0971,25954
25.1025,25963
25.1081,25951
25.1136,25952
25.1192,25907
25.1249,26029
25.1304,26102
25.136,26072
25.1414,26058
25.1471,26058
25.1525,26079
25.1582,25995
25.1636,25974
25.1693,26006
25.1747,25953
25.1802,25961
25.1859,25915
25.1913,25972
25.197,25870
25.2027,26005
25.2081,26078
25.2137,26074
25.2191,26033
25.2248,26065
25.2305,26025
25.2359,26011
25.2416,26015
25.247,26017
25.2527,25937
25.2581,25910
25.2637,25930
25.2694,25916
25.2748,25870
25.2805,26025
25.2859,26058
25.2915,26063
25.2969,26007
25.3026,26002
25.3082,25959
25.3136,25942
25.3193,25958
25.3247,25991
25.3304,25932
25.3358,25912
25.3415,25865
25.3469,25880
25.3526,25891
25.3583,26034
25.3637,26056
25.3693,25999
25.3748,26006
25.3804,26054
25.3858,25987
25.3915,25959
25.3969,26011
25.4026,25940
25.4081,25951
25.4137,25943
25.4194,25892
25.4248,25848
25.4305,25893
25.4359,25964
25.4416,26041
25.447,26027
25.4527,26050
25.458,26041
25.4637,26010
25.4694,25992
25.4748,25975
25.4805,25997
25.4859,25954
25.4916,25927
25.497,25874
25.5027,25900
25.5081,25939
25.5138,26021
25.5192,26030
25.5249,26035
25.5303,26006
25.5359,25980
25.5416,25994
25.547,25993
25.5527,25906
25.5581,25896
25.5636,25907
25.5692,25864
25.5749,25931
25.5803,25879
25.586,25883
25.5914,25990
25.5971,26023
25.6028,26042
25.6082,26011
25.6138,25996
25.6192,26014
25.6249,25981
25.6304,25958
25.6361,25947
25.6415,25924
25.6472,25911
25.6525,25928
25.6582,25925
25.6636,25846
25.6693,25948
25.6748,26061
25.6804,25997
