Experiment: Feb_19_real_eric2_expt vial 3, Fri Feb 19 13:52:14 2021
0.0021,28488
0.0078,28507
0.0132,28497
0.0188,28487
0.0242,28484
0.0298,28473
0.0355,28486
0.0408,28438
0.0465,28474
0.0521,28476
0.0575,28482
0.0632,28469
0.0688,28471
0.0742,28466
0.0798,28465
0.0855,28500
0.0909,28506
0.0965,28471
0.1022,28512
0.1075,28502
0.1132,28531
0.1188,28510
0.1242,28455
0.1298,28512
0.1355,28564
0.1409,28547
0.1465,28547
0.1522,28550
0.1575,28517
0.1632,28561
0.1688,28545
0.1742,28517
0.1799,28558
0.1855,28545
0.1909,28546
0.1965,28518
0.2022,28496
0.2076,28507
0.2132,28490
0.2189,28536
0.2242,28496
0.2299,28433
0.2355,28436
0.2409,28465
0.2466,28505
0.2519,28468
0.2576,28515
0.2632,28492
0.2689,28487
0.2743,28509
0.2799,28461
0.2856,28416
0.2909,28471
0.2966,28494
0.302,28511
0.3076,28490
0.3133,28527
0.3187,28491
0.3243,28498
0.33,28470
0.3353,28493
0.341,28448
0.3466,28504
0.352,28491
0.3577,28485
0.3633,28484
0.3687,28483
0.3743,28495
0.38,28461
0.3853,28476
0.391,28497
0.3966,28485
0.402,28478
0.4077,28508
0.4131,28500
0.4187,28507
0.4244,28517
0.4298,28507
0.4354,28520
0.4411,28498
0.4464,28511
0.4521,28530
0.4577,28515
0.4631,28504
0.4688,28509
0.4744,28502
0.4798,28508
0.4854,28509
0.4911,28529
0.4964,28509
0.5021,28491
0.5077,28505
0.5131,28518
0.5188,28520
0.5242,28531
0.5299,28492
0.5355,28529
0.5409,28492
0.5466,28444
0.552,28530
0.5577,28523
0.5631,28337
0.5688,28525
0.5744,28527
0.5798,28508
0.5854,28481
0.5911,28497
0.5964,28529
0.6021,28500
0.6076,28503
0.6132,28537
0.6189,28517
0.6242,28485
0.6299,28503
0.6354,28468
0.641,28525
0.6464,28524
0.6521,28509
0.6577,28506
0.6631,28538
0.6688,28533
0.6745,28527
0.6798,28496
0.6855,28535
0.6909,28539
0.6965,28541
0.7022,28485
0.7076,28526
0.7132,28510
0.7188,28529
0.7242,28539
0.7299,28523
0.7355,28537
0.7409,28541
0.7465,28553
0.7522,28543
0.7576,28538
0.7632,28556
0.7689,28523
0.7742,28509
0.7799,28561
0.7853,28541
0.791,28520
0.7966,28538
0.802,28547
0.8077,28542
0.8133,28547
0.8187,28533
0.8243,28552
0.83,28524
0.8354,28551
0.841,28547
0.8467,28493
0.852,28531
0.8577,28547
0.8631,28562
0.8687,28486
0.8744,28549
0.88,28563
0.8854,28548
0.8911,28532
0.8964,28529
0.9021,28508
0.9078,28562
0.9131,28539
0.9188,28542
0.9244,28554
0.9298,28565
0.9355,28542
0.9411,28525
0.9465,28565
0.9521,28547
0.9578,28559
0.9631,28558
0.9688,28514
0.9744,28534
0.9798,28548
0.9855,28548
0.9909,28535
0.9965,28547
1.0022,28555
1.0076,28504
1.0132,28542
1.0189,28558
1.0243,28557
1.0299,28564
1.0356,28546
1.0409,28551
1.0466,28526
1.052,28557
1.0576,28547
1.0633,28542
1.0686,28549
1.0743,28546
1.08,28561
1.0853,28557
1.091,28572
1.0966,28547
1.102,28569
1.1077,28571
1.1133,28539
1.1187,28563
1.1244,28560
1.1298,28561
1.1354,28575
1.1411,28565
1.1465,28551
1.1521,28544
1.1578,28568
1.1632,28574
1.1688,28552
1.1742,28561
1.1798,28567
1.1855,28564
1.1909,28558
1.1965,28567
1.2022,28565
1.2075,28565
1.2132,28534
1.2188,28548
1.2242,28538
1.2299,28539
1.2355,28518
1.2409,28560
1.2466,28582
1.2522,28562
1.2576,28561
1.2633,28565
1.2687,28550
1.2743,28576
1.2797,28541
1.2854,28553
1.291,28553
1.2964,28563
1.3021,28539
1.3077,28553
1.3131,28569
1.3188,28587
1.3244,28558
1.3298,28554
1.3354,28553
1.3411,28557
1.3465,28568
1.3521,28561
1.3578,28559
1.3631,28571
1.3688,28550
1.3744,28569
1.3798,28556
1.3855,28530
1.3908,28531
1.3965,28571
1.4021,28539
1.4078,28538
1.4132,28531
1.4188,28541
1.4245,28559
1.4298,28548
1.4355,28531
1.4409,28524
1.4465,28538
1.4522,28546
1.4578,28541
1.4632,28483
1.4688,28537
1.4742,28527
1.4799,28535
1.4855,28565
1.4909,28511
1.4965,28541
1.5021,28535
1.5078,28525
1.5132,28525
1.5188,28526
1.5242,28531
1.5299,28506
1.5355,28513
1.5409,28527
1.5465,28485
1.5522,28530
1.5578,28526
1.5632,28513
1.5688,28515
1.5742,28513
1.5799,28521
1.5855,28520
1.5909,28512
1.5966,28498
1.6022,28488
1.6076,28487
1.6133,28495
1.6187,28494
1.6243,28506
1.6299,28500
1.6354,28464
1.641,28479
1.6467,28463
1.6521,28444
1.6577,28460
1.6634,28453
1.6688,28448
1.6744,28457
1.6798,28434
1.6855,28443
1.6909,28443
1.6966,28437
1.7022,28440
1.7076,28442
1.7132,28417
1.7186,28415
1.7243,28413
1.7299,28432
1.7356,28402
1.741,28409
1.7466,28400
1.752,28374
1.7577,28371
1.7633,28392
1.7687,28371
1.7744,28366
1.7797,28394
1.7854,28388
1.7911,28380
1.7965,28365
1.8021,28389
1.8078,28368
1.8132,28368
1.8188,28341
1.8245,28364
1.8298,28356
1.8355,28357
1.8409,28355
1.8466,28353
1.852,28355
1.8577,28331
1.8631,28329
1.8687,28322
1.8744,28319
1.8798,28315
1.8854,28326
1.8911,28305
1.8964,28287
1.9022,28274
1.9076,28299
1.9132,28274
1.9187,28277
1.9243,28240
1.93,28242
1.9354,28231
1.9411,28225
1.9465,28224
1.9522,28242
1.9576,28227
1.9632,28203
1.9686,28210
1.9743,28205
1.9797,28163
1.9854,28154
1.991,28168
1.9967,28165
2.0021,28181
2.0077,28132
2.0132,28142
2.0189,28149
2.0243,28146
2.03,28175
2.0354,28150
2.0411,28135
2.0465,28125
2.0522,28145
2.0576,28116
2.0633,28086
2.0687,28094
2.0744,28061
2.0798,28078
2.0854,28060
2.0909,28069
2.0966,28044
2.102,28032
2.1077,28085
2.1131,28081
2.1188,28048
2.1242,28046
2.1299,28024
2.1356,28038
2.141,28010
2.1466,28018
2.152,27978
2.1577,27994
2.1633,27981
2.1686,27984
2.1743,27978
2.18,27944
2.1854,27995
2.1911,27993
2.1965,27989
2.2021,27971
2.2078,27952
2.2132,27967
2.2189,27950
2.2243,27944
2.23,27931
2.2354,27909
2.2411,27912
2.2465,27901
2.2522,27895
2.2576,27894
2.2633,27922
2.2688,27918
2.2745,27904
2.2798,27900
2.2855,27880
2.2909,27890
2.2966,27890
2.302,27872
2.3077,27847
2.3131,27830
2.3187,27841
2.3242,27833
2.3299,27813
2.3356,27796
2.341,27836
2.3467,27841
2.3521,27832
2.3578,27814
2.3632,27802
2.3689,27816
2.3743,27773
2.38,27780
2.3854,27761
2.3911,27740
2.3965,27743
2.4022,27747
2.4076,27717
2.4133,27703
2.4187,27746
2.4244,27746
2.4299,27745
2.4355,27732
2.4409,27724
2.4466,27688
2.4521,27686
2.4577,27689
2.4631,27661
2.4688,27686
2.4744,27623
2.4798,27640
2.4853,27638
2.491,27607
2.4967,27688
2.5021,27679
2.5078,27658
2.5132,27673
2.5189,27648
2.5243,27627
2.53,27623
2.5354,27602
2.5411,27615
2.5465,27600
2.5521,27581
2.5576,27577
2.5633,27575
2.5687,27572
2.5744,27612
2.5798,27598
2.5855,27612
2.5909,27599
2.5966,27589
2.602,27557
2.6077,27576
2.6131,27572
2.6188,27523
2.6242,27567
2.6299,27512
2.6353,27514
2.641,27517
2.6464,27493
2.6521,27567
2.6578,27552
2.6632,27546
2.6689,27532
2.6743,27526
2.68,27497
2.6854,27470
2.6911,27462
2.6965,27477
2.7022,27450
2.7078,27449
2.7132,27434
2.7187,27442
2.7243,27405
2.7298,27473
2.7355,27473
2.7409,27435
2.7466,27429
2.752,27416
2.7577,27400
2.7633,27383
2.7687,27360
2.7744,27350
2.7798,27349
2.7854,27316
2.7909,27324
2.7966,27300
2.802,27303
2.8077,27365
2.8131,27372
2.8188,27395
2.8242,27355
2.8299,27347
2.8354,27311
2.8411,27300
2.8464,27300
2.8521,27272
2.8578,27266
2.8632,27264
2.8689,27270
2.8743,27258
2.88,27250
2.8855,27322
2.8909,27338
2.8966,27327
2.902,27330
2.9076,27318
2.9133,27298
2.9187,27255
2.9244,27241
2.9298,27215
2.9355,27209
2.9409,27225
2.9466,27216
2.952,27179
2.9577,27175
2.9631,27258
2.9689,27262
2.9743,27268
2.9799,27276
2.9853,27242
2.991,27249
2.9964,27211
3.0021,27163
3.0075,27167
3.0132,27185
3.0188,27150
3.0243,27123
3.03,27152
3.0354,27149
3.0411,27208
3.0465,27233
3.052,27235
3.0576,27240
3.0633,27208
3.0687,27208
3.0744,27197
3.0798,27138
3.0855,27144
3.0909,27152
3.0966,27122
3.102,27106
3.1077,27091
3.1131,27098
3.1188,27181
3.1242,27209
3.1299,27175
3.1353,27209
3.141,27158
3.1467,27161
3.1521,27143
3.1578,27138
3.1632,27108
3.1689,27079
3.1742,27075
3.1799,27100
3.1854,27102
3.1911,27095
3.1965,27165
3.2022,27194
3.2076,27172
3.2133,27177
3.2187,27163
3.2244,27124
3.2298,27110
3.2354,27128
3.2411,27084
3.2465,27081
3.2522,27078
3.2576,27072
3.2633,27051
3.2688,27073
3.2742,27103
3.2799,27195
3.2853,27165
3.291,27117
3.2966,27106
3.3021,27082
3.3078,27082
3.3132,27059
3.3187,27057
3.3243,27052
3.33,27058
3.3354,27027
3.3409,26994
3.3465,27027
3.3522,27103
3.3576,27119
3.3633,27081
3.3687,27106
3.3743,27107
3.38,27063
3.3855,27083
3.3911,27060
3.3965,27059
3.4021,27050
3.4078,27026
3.4132,27073
3.4186,27059
3.4243,27021
3.43,27141
3.4354,27137
3.4411,27128
3.4465,27107
3.4521,27095
3.4578,27068
3.4632,27023
3.4689,27053
3.4743,27028
3.48,27029
3.4854,27027
3.4911,26994
3.4965,26985
3.5022,26978
3.5076,27067
3.5133,27095
3.5188,27116
3.5244,27079
3.5298,27061
3.5355,27058
3.5409,27027
3.5466,26995
3.5523,26995
3.5576,27008
3.5633,26973
3.5687,26977
3.5744,26937
3.5799,26957
3.5856,27029
3.591,27098
3.5964,27062
3.6021,27058
3.6077,27070
3.6132,27011
3.6189,26991
3.6243,26986
3.63,26995
3.6354,26939
3.641,26954
3.6467,26932
3.6522,26950
3.6576,26902
3.6633,27023
3.6687,27021
3.6745,27012
3.6798,27007
3.6855,26973
3.6909,26978
3.6966,26963
3.7023,26931
3.7077,26934
3.7134,26930
3.7187,26875
3.7244,26894
3.7298,26905
3.7355,26879
3.741,26967
3.7467,26995
3.7521,26994
3.7578,26980
3.7634,26948
3.7689,26937
3.7743,26926
3.78,26903
3.7854,26883
3.7911,26895
3.7967,26876
3.8021,26855
3.8076,26881
3.8133,26838
3.8187,26934
3.8244,26958
3.8298,26965
3.8355,26933
3.8412,26935
3.8466,26915
3.852,26903
3.8577,26878
3.8634,26869
3.8688,26866
3.8744,26840
3.8799,26809
3.8856,26805
3.891,26815
3.8965,26870
3.9022,26920
3.9076,26932
3.9132,26891
3.9189,26884
3.9243,26879
3.93,26845
3.9354,26835
3.9411,26828
3.9467,26826
3.9521,26818
3.9578,26839
3.9632,26807
3.9689,26764
3.9744,26897
3.9801,26911
3.9855,26897
3.9912,26897
3.9965,26828
4.0022,26867
4.0077,26841
4.0133,26812
4.0188,26827
4.0244,26790
4.0301,26772
4.0355,26790
4.0412,26770
4.0466,26747
4.0523,26852
4.0577,26851
4.0631,26853
4.0688,26830
4.0745,26810
4.0799,26802
4.0856,26780
4.091,26771
4.0967,26758
4.1023,26726
4.1077,26721
4.1131,26737
4.1188,26759
4.1245,26739
4.13,26808
4.1354,26841
4.1411,26803
4.1465,26811
4.1521,26800
4.1578,26779
4.1633,26757
4.1689,26760
4.1744,26749
4.18,26742
4.1854,26745
4.1911,26744
4.1968,26729
4.2022,26703
4.2079,26777
4.2133,26868
4.2187,26832
4.2244,26818
4.2301,26801
4.2355,26778
4.2412,26779
4.2466,26752
4.2523,26757
4.2576,26741
4.2633,26730
4.2687,26717
4.2744,26731
4.2799,26758
4.2856,26823
4.291,26861
4.2967,26859
4.3021,26816
4.3077,26806
4.3131,26772
4.3188,26751
4.3245,26725
4.3299,26699
4.3356,26683
4.341,26707
4.3467,26687
4.3521,26724
4.3578,26670
4.3633,26787
4.369,26806
4.3744,26831
4.38,26772
4.3854,26770
4.3911,26771
4.3966,26742
4.4022,26695
4.4076,26702
4.4133,26688
4.4189,26697
4.4244,26675
4.4301,26623
4.4355,26674
4.4412,26756
4.4466,26769
4.4523,26761
4.4577,26739
4.4634,26740
4.4688,26764
4.4745,26681
4.4799,26681
4.4856,26683
4.491,26639
4.4966,26640
4.502,26629
4.5078,26638
4.5132,26618
4.5189,26690
4.5243,26773
4.53,26786
4.5354,26720
4.5411,26702
4.5465,26706
4.5522,26677
4.5578,26679
4.5633,26672
4.5689,26624
4.5743,26628
4.58,26611
4.5854,26606
4.5909,26580
4.5966,26705
4.6021,26707
4.6078,26722
4.6132,26698
4.6187,26673
4.6245,26665
4.6299,26634
4.6356,26626
4.641,26607
4.6466,26617
4.6523,26582
4.6577,26599
4.6634,26541
4.6688,26563
4.6743,26598
4.68,26688
4.6857,26696
4.6911,26689
4.6967,26679
4.7022,26609
4.7079,26618
4.7132,26584
4.7189,26603
4.7243,26596
4.73,26533
4.7354,26538
4.7411,26542
4.7466,26544
4.7523,26590
4.7577,26661
4.7634,26629
4.7688,26645
4.7744,26664
4.7799,26575
4.7856,26591
4.7912,26574
4.7967,26542
4.8023,26538
4.8077,26521
4.8134,26511
4.8188,26523
4.8245,26525
4.8299,26597
4.8356,26665
4.8411,26596
4.8467,26643
4.8521,26587
4.8578,26574
4.8632,26542
4.8689,26567
4.8743,26499
4.88,26523
4.8856,26469
4.891,26519
4.8965,26453
4.9022,26459
4.9076,26564
4.9133,26592
4.919,26604
4.9244,26583
4.93,26606
4.9354,26557
4.9412,26565
4.9465,26508
4.9522,26512
4.9576,26507
4.9633,26469
4.9687,26482
4.9744,26517
4.9798,26492
4.9855,26543
4.991,26575
4.9967,26595
5.0021,26581
5.0077,26526
5.0134,26533
5.0189,26514
5.0245,26494
5.0299,26483
5.0356,26441
5.041,26448
5.0467,26437
5.0521,26454
5.0578,26419
5.0632,26517
5.0689,26573
5.0743,26590
5.08,26513
5.0856,26516
5.0911,26491
5.0968,26515
5.1022,26461
5.1079,26493
5.1133,26435
5.1189,26450
5.1244,26441
5.1301,26458
5.1355,26461
5.1412,26540
5.1467,26577
5.1524,26571
5.1577,26541
5.1634,26528
5.1688,26489
5.1745,26495
5.1799,26466
5.1856,26438
5.191,26399
5.1966,26397
5.2023,26388
5.2077,26416
5.2132,26399
5.2189,26490
5.2243,26564
5.23,26533
5.2354,26545
5.2411,26493
5.2468,26484
5.2522,26471
5.2579,26417
5.2633,26456
5.2689,26396
5.2743,26383
5.28,26390
5.2855,26384
5.2912,26390
5.2966,26448
5.3023,26532
5.3077,26506
5.3134,26463
5.3188,26454
5.3245,26408
5.3299,26426
5.3355,26409
5.3412,26428
5.3466,26392
5.3523,26392
5.3577,26378
5.3634,26393
5.3688,26390
5.3745,26475
5.3799,26511
5.3856,26511
5.391,26480
5.3967,26454
5.4021,26431
5.4078,26428
5.4134,26403
5.4188,26412
5.4245,26383
5.4299,26448
5.4356,26372
5.441,26386
5.4468,26390
5.4522,26433
5.4576,26458
5.4633,26488
5.469,26456
5.4744,26462
5.4798,26482
5.4855,26418
5.4912,26410
5.4966,26403
5.5023,26372
5.5077,26348
5.5134,26325
5.5188,26368
5.5245,26335
5.5299,26433
5.5356,26470
5.541,26504
5.5467,26477
5.5523,26449
5.5578,26436
5.5635,26396
5.5689,26392
5.5746,26315
5.5799,26369
5.5856,26346
5.5911,26304
5.5968,26358
5.6022,26343
5.6076,26424
5.6134,26432
5.6188,26408
5.6245,26447
5.6301,26404
5.6355,26348
5.6412,26345
5.6466,26373
5.6523,26351
5.6577,26325
5.6634,26350
5.6688,26349
5.6745,26321
5.6799,26326
5.6856,26419
5.691,26438
5.6967,26444
5.7021,26388
5.7077,26417
5.7132,26386
5.7189,26383
5.7245,26318
5.73,26362
5.7356,26312
5.741,26335
5.7467,26280
5.7521,26268
5.7578,26312
5.7633,26363
5.769,26404
5.7744,26403
5.7801,26375
5.7854,26366
5.7911,26396
5.7968,26355
5.8022,26331
5.8079,26326
5.8133,26297
5.8189,26322
5.8244,26305
5.8301,26273
5.8355,26304
5.8412,26385
5.8466,26395
5.8523,26390
5.8577,26388
5.8633,26355
5.8688,26350
5.8744,26343
5.8801,26342
5.8855,26335
5.8912,26321
5.8965,26307
5.9022,26317
5.9077,26260
5.9134,26262
5.9188,26354
5.9245,26392
5.9299,26383
5.9356,26351
5.9409,26338
5.9467,26344
5.9521,26328
5.9578,26312
5.9635,26313
5.9688,26297
5.9745,26277
5.9799,26239
5.9856,26246
5.9911,26285
5.9968,26327
6.0022,26392
6.0076,26347
6.0133,26347
6.0189,26352
6.0244,26360
6.0299,26292
6.0355,26290
6.0412,26271
6.0466,26315
6.0523,26223
6.0577,26264
6.0634,26227
6.0689,26233
6.0746,26299
6.08,26363
6.0854,26345
6.0911,26368
6.0967,26359
6.1022,26285
6.1079,26346
6.1132,26265
6.1189,26279
6.1246,26285
6.13,26269
6.1357,26281
6.1411,26213
6.1468,26294
6.1522,26273
6.1579,26357
6.1633,26350
6.169,26368
6.1744,26286
6.1801,26304
6.1855,26307
6.1911,26283
6.1965,26302
6.2022,26248
6.2079,26240
6.2133,26236
6.219,26189
6.2244,26266
6.2299,26309
6.2356,26332
6.241,26320
6.2467,26271
6.2523,26300
6.2578,26276
6.2632,26262
6.2688,26262
6.2743,26299
6.2799,26279
6.2856,26250
6.291,26239
6.2967,26228
6.3021,26168
6.3079,26264
6.3133,26298
6.319,26303
6.3244,26296
6.33,26316
6.3354,26340
6.3411,26270
6.3468,26302
6.3522,26277
6.3579,26296
6.3633,26279
6.369,26236
6.3745,26248
6.3799,26186
6.3856,26257
6.391,26343
6.3967,26313
6.4024,26330
6.4078,26276
6.4135,26266
6.4189,26234
6.4246,26263
6.43,26281
6.4357,26254
6.441,26253
6.4468,26197
6.4522,26220
6.4579,26253
6.4633,26288
6.469,26281
6.4744,26286
6.4801,26338
6.4855,26326
6.4912,26272
6.4966,26260
6.5023,26305
6.5077,26175
6.5134,26261
6.519,26183
6.5244,26184
6.5301,26266
6.5356,26215
6.5413,26282
6.5467,26329
6.5524,26321
6.5577,26301
6.5634,26273
6.5688,26223
6.5745,26272
6.5799,26186
6.5856,26261
6.5909,26213
6.5966,26247
6.6023,26239
6.6077,26213
6.6134,26202
6.6189,26296
6.6246,26335
6.63,26394
6.6356,26263
6.641,26346
6.6467,26265
6.6521,26273
6.6578,26304
6.6632,26250
6.6689,26234
6.6745,26278
6.6799,26299
6.6856,26232
6.6911,26243
6.6968,26331
6.7022,26338
6.7079,26340
6.7133,26295
6.7189,26298
6.7244,26294
6.7301,26313
6.7354,26252
6.7411,26252
6.7465,26256
6.7522,26216
6.7579,26186
6.7633,26228
6.7687,26266
6.7744,26308
6.7801,26334
6.7855,26306
6.7912,26388
6.7966,26328
6.8023,26297
6.8077,26317
6.8134,26295
6.8188,26318
6.8244,26267
6.8301,26255
6.8355,26232
6.8412,26283
6.8466,26230
6.8523,26322
6.8578,26336
6.8632,26353
6.8688,26326
6.8745,26260
6.8799,26226
6.8856,26247
6.8913,26290
6.8967,26279
6.9023,26275
6.9077,26266
6.9134,26220
6.9189,26239
6.9246,26193
6.93,26318
6.9357,26354
6.9411,26295
6.9468,26319
6.9521,26367
6.9578,26278
6.9632,26229
6.9689,26257
6.9743,26230
6.98,26250
6.9856,26198
6.991,26232
6.9967,26227
7.0021,26194
7.0078,26263
7.0133,26320
7.019,26337
7.0246,26327
7.03,26344
7.0357,26284
7.0411,26316
7.0467,26258
7.0522,26260
7.0578,26248
7.0632,26193
7.0689,26275
7.0744,26227
7.0801,26235
7.0855,26336
7.0912,26343
7.0966,26334
7.1022,26302
7.1079,26306
7.1134,26324
7.1188,26241
7.1244,26304
7.1299,26305
7.1355,26315
7.1412,26270
7.1466,26292
7.1523,26249
7.1577,26268
7.1634,26283
7.1688,26328
7.1745,26323
7.1799,26359
7.1855,26364
7.191,26296
7.1967,26355
7.2023,26311
7.2078,26273
7.2134,26307
7.2188,26273
7.2245,26324
7.2299,26265
7.2356,26266
7.2411,26291
7.2468,26347
7.2522,26398
7.2578,26328
7.2635,26292
7.2689,26355
7.2743,26321
7.28,26312
7.2857,26243
7.2911,26299
7.2967,26281
7.302,26291
7.3078,26223
7.3135,26268
7.3189,26348
7.3243,26322
7.3299,26353
7.3355,26322
7.3412,26319
7.3466,26300
7.3523,26287
7.3577,26318
7.3634,26315
7.3688,26256
7.3744,26269
7.3801,26246
7.3855,26273
7.3912,26244
7.3966,26342
7.4023,26336
7.4078,26362
7.4133,26360
7.419,26351
7.4244,26335
7.4301,26338
7.4355,26324
7.4411,26301
7.4468,26301
7.4522,26329
7.4579,26284
7.4633,26273
7.469,26277
7.4743,26353
7.48,26323
7.4855,26319
7.4911,26309
7.4968,26303
7.5022,26294
7.5079,26310
7.5133,26369
7.519,26282
7.5244,26283
7.53,26303
7.5355,26192
7.5412,26157
7.5466,26239
7.5523,26291
7.5577,26344
7.5634,26328
7.5688,26332
7.5744,26294
7.5799,26319
7.5856,26297
7.5912,26297
7.5967,26261
7.6023,26234
7.6077,26239
7.6134,26224
7.6189,26251
7.6246,26243
7.63,26283
7.6357,26309
7.6411,26337
7.6468,26336
7.6521,26249
7.6578,26314
7.6632,26312
7.6689,26254
7.6746,26274
7.6799,26261
7.6856,26288
7.691,26303
7.6967,26237
7.7022,26230
7.7078,26247
7.7133,26355
7.719,26368
7.7243,26359
7.73,26338
7.7354,26322
7.7411,26360
7.7468,26298
7.7522,26252
7.7578,26273
7.7635,26303
7.7689,26276
7.7746,26254
7.78,26246
7.7854,26357
7.7911,26427
7.7965,26335
7.8022,26384
7.8078,26327
7.8133,26338
7.819,26330
7.8244,26325
7.8301,26285
7.8357,26260
7.8411,26307
7.8468,26281
7.8522,26255
7.8579,26268
7.8634,26325
7.8688,26370
7.8745,26400
7.8801,26378
7.8855,26379
7.8912,26333
7.8967,26316
7.9023,26300
7.9078,26351
7.9134,26341
7.9188,26289
7.9245,26319
7.9299,26293
7.9356,26337
7.941,26373
7.9467,26378
7.9521,26328
7.9578,26436
7.9635,26321
7.9689,26348
7.9743,26298
7.98,26290
7.9857,26363
7.991,26270
7.9967,26275
8.0078,26284
8.0135,26318
8.0188,26348
8.0245,26402
8.0299,26418
8.0356,26416
8.0412,26375
8.0466,26357
8.0521,26268
8.0577,26354
8.0634,26296
8.0691,26316
8.0744,26323
8.0802,26304
8.0855,26298
8.0912,26330
8.0967,26358
8.1024,26355
8.1078,26420
8.1135,26391
8.1188,26427
8.1245,26397
8.13,26367
8.1356,26339
8.1411,26319
8.1467,26282
8.1524,26286
8.1578,26320
8.1634,26325
8.1689,26327
8.1746,26363
8.18,26430
8.1857,26388
8.1911,26401
8.1967,26364
8.2021,26358
8.2079,26374
8.2135,26308
8.2189,26361
8.2246,26335
8.2299,26356
8.2356,26363
8.241,26289
8.2467,26319
8.2521,26385
8.2578,26370
8.2632,26434
8.2689,26426
8.2745,26402
8.2799,26416
8.2856,26386
8.291,26368
8.2967,26373
8.3024,26332
8.3078,26339
8.3135,26381
8.3189,26318
8.3246,26357
8.33,26366
8.3357,26468
8.3411,26453
8.3468,26452
8.3522,26395
8.3579,26417
8.3633,26419
8.369,26357
8.3744,26380
8.38,26321
8.3855,26329
8.3912,26378
8.3968,26293
8.4022,26333
8.4079,26403
8.4134,26445
8.4188,26429
8.4245,26415
8.4301,26427
8.4355,26416
8.4413,26378
8.4466,26421
8.4523,26402
8.4577,26372
8.4634,26350
8.4688,26344
8.4745,26338
8.4802,26338
8.4856,26409
8.4913,26426
8.4967,26403
8.5024,26425
8.5077,26405
8.5134,26473
8.5189,26396
8.5245,26445
8.5299,26369
8.5356,26419
8.5413,26393
8.5467,26342
8.5523,26434
8.5578,26385
8.5635,26476
8.5689,26517
8.5746,26516
8.5799,26494
8.5856,26499
8.591,26490
8.5967,26461
8.6024,26471
8.6078,26500
8.6134,26499
8.6188,26454
8.6245,26426
8.6302,26434
8.6356,26419
8.6413,26446
8.6467,26509
8.6522,26517
8.6578,26527
8.6635,26484
8.6689,26537
8.6746,26457
8.68,26459
8.6857,26491
8.6911,26474
8.6967,26421
8.7022,26460
8.7078,26454
8.7135,26517
8.7189,26498
8.7244,26480
8.7301,26513
8.7357,26535
8.7411,26549
8.7468,26479
8.7522,26434
8.7579,26471
8.7633,26467
8.7688,26471
8.7745,26455
8.7799,26459
8.7856,26444
8.7913,26367
8.7966,26453
8.8023,26502
8.8078,26523
8.8134,26490
8.8191,26523
8.8243,26488
8.8301,26489
8.8357,26470
8.8412,26451
8.8468,26453
8.8522,26421
8.8579,26437
8.8635,26398
8.869,26364
8.8744,26468
8.88,26471
8.8857,26482
8.8911,26445
8.8967,26486
8.9021,26402
8.9078,26483
8.9135,26488
8.9189,26440
8.9245,26407
8.9302,26397
8.9356,26387
8.9413,26409
8.9467,26380
8.9524,26430
8.9578,26482
8.9634,26532
8.9688,26491
8.9745,26510
8.9802,26497
8.9856,26477
8.9912,26474
8.9966,26473
9.008,26412
9.0134,26453
9.019,26403
9.0244,26382
9.0301,26482
9.0355,26481
9.0412,26530
9.0466,26517
9.0523,26499
9.0577,26531
9.0634,26513
9.0688,26412
9.0745,26478
9.0802,26429
9.0856,26400
9.0913,26466
9.0966,26439
9.1023,26368
9.1078,26516
9.1135,26549
9.1189,26532
9.1245,26504
9.1302,26483
9.1356,26476
9.1411,26503
9.1467,26467
9.1524,26453
9.1578,26335
9.1635,26455
9.1689,26450
9.1746,26423
9.18,26401
9.1857,26460
9.1911,26540
9.1968,26575
9.2022,26534
9.2079,26503
9.2133,26555
9.219,26450
9.2244,26435
9.2301,26466
9.2357,26479
9.2411,26423
9.2468,26402
9.2522,26447
9.2579,26401
9.2633,26449
9.2691,26567
9.2745,26531
9.2801,26547
9.2855,26488
9.2912,26492
9.2967,26487
9.3023,26491
9.3077,26457
9.3134,26487
9.3191,26437
9.3245,26424
9.3301,26427
9.3356,26416
9.3412,26505
9.3467,26517
9.3523,26484
9.3577,26565
9.3634,26510
9.3691,26529
9.3745,26466
9.3802,26452
9.3856,26466
9.3913,26505
9.3966,26433
9.4023,26450
9.4077,26438
9.4134,26442
9.4189,26527
9.4246,26544
9.43,26546
9.4356,26557
9.4413,26566
9.4467,26533
9.4524,26467
9.4578,26469
9.4635,26466
9.4689,26515
9.4745,26449
9.4799,26418
9.4856,26445
9.4913,26461
9.4967,26491
9.5022,26516
9.5079,26553
9.5135,26516
9.5189,26518
9.5246,26495
9.53,26483
9.5357,26476
9.5411,26465
9.5468,26475
9.5524,26462
9.5578,26401
9.5635,26470
9.5689,26474
9.5746,26455
9.5801,26523
9.5858,26546
9.5912,26548
9.5968,26525
9.6023,26564
9.608,26514
9.6133,26443
9.619,26521
9.6244,26479
9.6301,26533
9.6355,26439
9.6412,26468
9.6468,26401
9.6523,26489
9.6577,26545
9.6634,26551
9.6691,26503
9.6744,26563
9.6802,26538
9.6856,26552
9.6913,26542
9.6967,26513
9.7023,26493
9.708,26476
9.7134,26531
9.7191,26493
9.7245,26480
9.7302,26555
9.7356,26618
9.7413,26630
9.7467,26548
9.7523,26571
9.7578,26571
9.7635,26551
9.7688,26523
9.7746,26484
9.7802,26535
9.7856,26462
9.791,26492
9.7967,26461
9.8024,26370
9.8078,26570
9.8135,26544
9.819,26588
9.8246,26596
9.83,26569
9.8357,26564
9.8411,26484
9.8468,26540
9.8522,26534
9.8578,26554
9.8635,26491
9.8689,26486
9.8746,26503
9.88,26473
9.8858,26531
9.8912,26564
9.8969,26612
9.9023,26618
9.9079,26604
9.9134,26603
9.9191,26526
9.9245,26536
9.9302,26563
9.9355,26557
9.9412,26522
9.9466,26548
9.9523,26478
9.958,26537
9.9634,26537
9.9688,26584
9.9745,26605
9.9802,26556
9.9856,26565
9.9913,26573
9.9967,26567
10.0023,26587
10.0078,26523
10.0135,26517
10.0191,26514
10.0245,26494
10.0302,26536
10.0356,26501
10.0413,26580
10.0467,26531
10.0524,26626
10.0578,26630
10.0635,26601
10.0689,26629
10.0746,26577
10.08,26611
10.0856,26605
10.0913,26558
10.0967,26520
10.1024,26515
10.1078,26554
10.1135,26541
10.1189,26589
10.1246,26595
10.13,26674
10.1357,26628
10.1411,26642
10.1468,26630
10.1522,26632
10.1579,26608
10.1633,26588
10.169,26534
10.1746,26584
10.1801,26558
10.1857,26521
10.1911,26568
10.1968,26605
10.2023,26650
10.208,26590
10.2133,26629
10.219,26623
10.2244,26592
10.2301,26650
10.2358,26585
10.2412,26570
10.2469,26572
10.2522,26533
10.2579,26530
10.2633,26513
10.269,26478
10.2744,26604
10.2802,26644
10.2856,26554
10.2912,26622
10.2966,26608
10.3023,26563
10.3078,26637
10.3134,26593
10.3188,26540
10.3245,26562
10.3301,26548
10.3356,26534
10.3412,26497
10.3466,26555
10.3523,26542
10.3578,26571
10.3635,26645
10.3691,26616
10.3744,26596
10.3801,26552
10.3856,26635
10.3912,26583
10.3966,26570
10.4022,26588
10.4079,26526
10.4133,26544
10.419,26554
10.4244,26521
10.4301,26582
10.4358,26642
10.4412,26630
10.4469,26636
10.4523,26671
10.4579,26620
10.4633,26566
10.469,26646
10.4744,26626
10.4801,26619
10.4857,26617
10.4911,26552
10.4968,26567
10.5022,26582
10.5079,26586
10.5134,26589
10.5191,26688
10.5244,26636
10.5301,26614
10.5355,26646
10.5413,26575
10.5466,26601
10.5523,26559
10.558,26574
10.5634,26553
10.5691,26573
10.5744,26554
10.5801,26553
10.5856,26607
10.5913,26636
10.5967,26662
10.6024,26633
10.608,26615
10.6135,26568
10.6189,26594
10.6245,26617
10.6302,26630
10.6356,26581
10.6413,26651
10.6467,26554
10.6524,26618
10.6578,26592
10.6635,26622
10.6689,26627
10.6746,26630
10.68,26653
10.6857,26653
10.6911,26634
10.6968,26640
10.7022,26642
10.7079,26624
10.7135,26543
10.7189,26611
10.7246,26602
10.73,26567
10.7357,26603
10.7411,26615
10.7468,26670
10.7522,26663
10.7579,26710
10.7636,26671
10.769,26688
10.7744,26630
10.7801,26599
10.7855,26592
10.7912,26573
10.7968,26606
10.8022,26610
10.8079,26587
10.8133,26594
10.819,26649
10.8244,26659
10.8301,26659
10.8358,26657
10.8412,26709
10.8469,26665
10.8523,26648
10.8579,26594
10.8634,26620
10.869,26626
10.8747,26579
10.8801,26630
10.8858,26591
10.8912,26590
10.8966,26612
10.9023,26653
10.9078,26722
10.9134,26674
10.9191,26649
10.9245,26686
10.9302,26648
10.9356,26655
10.9413,26648
10.9466,26607
10.9523,26588
10.958,26600
10.9634,26592
10.9691,26557
10.9745,26626
10.9802,26657
10.9856,26669
10.9913,26678
10.9967,26671
11.0024,26640
11.0078,26639
11.0134,26684
11.0189,26652
11.0245,26637
11.0302,26636
11.0356,26605
11.0413,26632
11.0467,26598
11.0524,26699
11.0578,26643
11.0635,26701
11.0689,26686
11.0746,26656
11.08,26691
11.0857,26661
11.0911,26628
11.0968,26657
11.1022,26646
11.1078,26628
11.1133,26615
11.1189,26587
11.1246,26647
11.1301,26705
11.1358,26654
11.1412,26679
11.1468,26701
11.1522,26719
11.1579,26705
11.1634,26673
11.169,26670
11.1744,26660
11.1801,26673
11.1858,26669
11.1912,26648
11.1969,26579
11.2023,26609
11.208,26692
11.2134,26701
11.2191,26732
11.2245,26729
11.2302,26693
11.2356,26659
11.2413,26671
11.2466,26684
11.2523,26666
11.258,26644
11.2634,26614
11.269,26647
11.2747,26646
11.2801,26639
11.2858,26666
11.2912,26670
11.2967,26722
11.3023,26695
11.308,26704
11.3134,26756
11.3191,26683
11.3245,26682
11.3302,26667
11.3356,26651
11.3412,26656
11.3466,26642
11.3523,26615
11.3577,26599
11.3634,26690
11.3689,26719
11.3746,26748
11.38,26707
11.3856,26694
11.3913,26684
11.3967,26662
11.4024,26674
11.4078,26674
11.4135,26621
11.4189,26623
11.4246,26656
11.4302,26610
11.4357,26682
11.4411,26637
11.4468,26713
11.4522,26714
11.4579,26717
11.4635,26703
11.469,26697
11.4747,26695
11.48,26681
11.4858,26653
11.4912,26699
11.4968,26661
11.5022,26692
11.5079,26663
11.5133,26641
11.519,26686
11.5244,26767
11.5301,26717
11.5358,26726
11.5412,26649
11.5469,26693
11.5523,26660
11.5579,26681
11.5634,26645
11.569,26668
11.5747,26641
11.5801,26637
11.5858,26607
11.5912,26667
11.5966,26666
11.6023,26701
11.6078,26651
11.6134,26670
11.6191,26726
11.6245,26696
11.6302,26683
11.6356,26673
11.6413,26701
11.6467,26637
11.6523,26640
11.658,26650
11.6634,26580
11.6691,26624
11.6745,26679
11.6802,26675
11.6856,26662
11.6913,26705
11.6967,26710
11.7024,26684
11.7078,26672
11.7135,26641
11.7189,26686
11.7245,26626
11.7302,26638
11.7357,26631
11.7413,26572
11.7467,26626
11.7521,26651
11.7579,26718
11.7636,26720
11.769,26674
11.7746,26654
11.78,26720
11.7856,26680
11.7912,26664
11.7966,26690
11.8023,26623
11.8079,26616
11.8134,26645
11.819,26650
11.8244,26655
11.8301,26703
11.8356,26692
11.8411,26771
11.8468,26744
11.8524,26704
11.8578,26772
11.8635,26749
11.8689,26773
11.8746,26735
11.88,26749
11.8856,26670
11.8914,26669
11.8967,26606
11.9024,26642
11.9079,26682
11.9136,26728
11.919,26782
11.9246,26771
11.9302,26790
11.9357,26745
11.9414,26708
11.9468,26751
11.9524,26719
11.9578,26686
11.9634,26668
11.9689,26696
11.9745,26682
11.9802,26690
11.9856,26730
11.9914,26711
11.9968,26733
12.0024,26785
12.0078,26734
12.0135,26749
12.019,26793
12.0247,26746
12.0301,26741
12.0357,26733
12.0411,26756
12.0468,26724
12.0525,26678
12.0579,26705
12.0633,26750
12.069,26722
12.0745,26815
12.0801,26777
12.0858,26791
12.0912,26799
12.0969,26703
12.1023,26703
12.108,26721
12.1133,26701
12.119,26716
12.1244,26721
12.1301,26702
12.1358,26727
12.1412,26728
12.1466,26750
12.1523,26803
12.158,26797
12.1634,26807
12.1691,26778
12.1745,26801
12.1802,26748
12.1856,26737
12.1912,26739
12.1969,26750
12.2023,26710
12.208,26716
12.2134,26694
12.2191,26736
12.2245,26717
12.2303,26788
12.2356,26797
12.2413,26748
12.2467,26797
12.2524,26694
12.2578,26746
12.2635,26699
12.2689,26701
12.2746,26730
12.28,26699
12.2857,26708
12.2911,26675
12.2968,26732
12.3022,26742
12.3079,26830
12.3133,26826
12.319,26755
12.3244,26744
12.3301,26721
12.3358,26727
12.3412,26744
12.3469,26763
12.3523,26747
12.3579,26699
12.3636,26689
12.369,26721
12.3747,26767
12.3802,26769
12.3856,26805
12.3912,26790
12.3969,26782
12.4023,26760
12.408,26759
12.4134,26746
12.4191,26710
12.4245,26721
12.4302,26729
12.4356,26719
12.4412,26719
12.4467,26695
12.4524,26742
12.4578,26775
12.4635,26773
12.4691,26748
12.4745,26780
12.4802,26763
12.4857,26763
12.4913,26713
12.4967,26749
12.5024,26729
12.5081,26723
12.5135,26721
12.5191,26702
12.5245,26679
12.5302,26772
12.5357,26750
12.5414,26790
12.5467,26749
12.5524,26777
12.5578,26793
12.5635,26769
12.5689,26762
12.5746,26713
12.58,26707
12.5856,26723
12.5911,26733
12.5967,26706
12.6024,26705
12.6079,26760
12.6136,26778
12.619,26788
12.6247,26787
12.6301,26748
12.6358,26797
12.6412,26787
12.6469,26718
12.6523,26695
12.658,26709
12.6633,26742
12.669,26698
12.6747,26695
12.6801,26676
12.6856,26725
12.6913,26765
12.6967,26744
12.7024,26768
12.708,26800
12.7135,26744
12.7189,26734
12.7245,26714
12.7303,26734
12.7356,26723
12.7413,26728
12.7467,26707
12.7524,26648
12.7578,26691
12.7635,26786
12.7689,26802
12.7746,26791
12.7803,26813
12.7857,26822
12.7914,26803
12.7968,26767
12.8025,26767
12.8079,26771
12.8136,26761
12.8189,26753
12.8246,26721
12.8303,26693
12.8357,26681
12.8411,26703
12.8468,26726
12.8522,26786
12.8579,26761
12.8635,26766
12.8689,26806
12.8746,26794
12.8803,26719
12.8857,26733
12.8914,26746
12.8968,26714
12.9025,26698
12.9078,26698
12.9135,26743
12.9188,26715
12.9245,26822
12.9302,26804
12.9359,26756
12.9412,26801
12.9469,26765
12.9523,26752
12.958,26779
12.9634,26690
12.9691,26730
12.9745,26745
12.9802,26709
12.9858,26730
12.9912,26712
12.9966,26788
13.0023,26794
13.0078,26808
13.0135,26790
13.0191,26804
13.0245,26765
13.0302,26752
13.0356,26764
13.0413,26748
13.047,26770
13.0523,26707
13.058,26772
13.0634,26711
13.0691,26730
13.0744,26792
13.0801,26797
13.0858,26787
13.0912,26781
13.0969,26777
13.1023,26770
13.108,26768
13.1134,26764
13.119,26774
13.1247,26740
13.13,26708
13.1357,26722
13.1411,26712
13.1468,26702
13.1522,26787
13.1579,26786
13.1636,26785
13.169,26792
13.1745,26787
13.1802,26750
13.1856,26796
13.1912,26755
13.1967,26775
13.2023,26717
13.2078,26722
13.2135,26803
13.2189,26706
13.2245,26707
13.23,26769
13.2356,26830
13.2412,26813
13.2467,26808
13.2523,26811
13.2578,26810
13.2634,26805
13.269,26787
13.2745,26785
13.2801,26780
13.2856,26799
13.2912,26765
13.2967,26736
13.3023,26730
13.3078,26793
13.3134,26802
13.319,26774
13.3246,26791
13.3301,26816
13.3357,26798
13.3412,26827
13.3468,26801
13.3523,26745
13.3579,26780
13.3634,26770
13.369,26747
13.3746,26760
13.3801,26720
13.3856,26814
13.3912,26820
13.3968,26795
13.4024,26838
13.4079,26823
13.4135,26801
13.419,26835
13.4246,26779
13.43,26797
13.4357,26737
13.4413,26749
13.4468,26729
13.4524,26727
13.4578,26748
13.4635,26812
13.4691,26754
13.4745,26795
13.4802,26852
13.4857,26838
13.4913,26809
13.4967,26788
13.5024,26777
13.508,26782
13.5134,26795
13.519,26743
13.5247,26747
13.5301,26745
13.5358,26761
13.5412,26819
13.5469,26816
13.5523,26820
13.558,26793
13.5634,26796
13.5691,26837
13.5745,26810
13.5802,26778
13.5856,26771
13.5912,26771
13.5969,26769
13.6024,26794
13.608,26771
13.6134,26773
13.6189,26852
13.6246,26830
13.6303,26804
13.6357,26857
13.6414,26794
13.6468,26844
13.6525,26838
13.6578,26858
13.6636,26792
13.669,26825
13.6746,26781
13.6803,26770
13.6857,26753
13.6914,26763
13.6968,26805
13.7025,26831
13.7079,26874
13.7136,26813
13.719,26835
13.7247,26852
13.7301,26827
13.7358,26820
13.7412,26785
13.7468,26808
13.7525,26780
13.7579,26763
13.7636,26754
13.769,26761
13.7747,26796
13.7801,26828
13.7858,26869
13.7912,26805
13.7969,26847
13.8023,26819
13.808,26814
13.8134,26807
13.8191,26812
13.8248,26808
13.8302,26777
13.8359,26793
13.8412,26745
13.847,26807
13.8524,26854
13.8581,26833
13.8635,26861
13.8691,26832
13.8745,26812
13.8802,26832
13.8856,26849
13.8913,26827
13.8967,26814
13.9024,26798
13.908,26752
13.9135,26801
13.9191,26786
13.9245,26795
13.9302,26805
13.9357,26832
13.9414,26843
13.9468,26870
13.9524,26842
13.9581,26837
13.9635,26801
13.9692,26814
13.9746,26769
13.9803,26762
13.9856,26809
13.9913,26780
13.9967,26793
14.0024,26738
14.0079,26798
14.0136,26838
14.019,26842
14.0247,26837
14.0303,26838
14.0358,26818
14.0412,26817
14.0468,26807
14.0523,26793
14.0579,26801
14.0636,26796
14.069,26829
14.0747,26743
14.0801,26755
14.0858,26811
14.0913,26810
14.097,26845
14.1023,26877
14.108,26828
14.1134,26846
14.1191,26820
14.1245,26826
14.1302,26791
14.1359,26793
14.1413,26771
14.147,26778
14.1523,26762
14.158,26753
14.1635,26793
14.1692,26858
14.1746,26827
14.1803,26843
14.1857,26803
14.1914,26811
14.1968,26786
14.2025,26767
14.2079,26788
14.2135,26790
14.2192,26803
14.2247,26801
14.2303,26740
14.2357,26777
14.2414,26808
14.2468,26835
14.2525,26833
14.2579,26848
14.2635,26827
14.269,26849
14.2747,26826
14.2803,26781
14.2857,26794
14.2914,26752
14.2968,26761
14.3025,26729
14.3079,26800
14.3136,26777
14.319,26819
14.3247,26847
14.3302,26874
14.3359,26844
14.3412,26829
14.3469,26832
14.3524,26820
14.358,26817
14.3634,26847
14.3691,26819
14.3747,26814
14.3802,26794
14.3858,26765
14.3913,26786
14.397,26825
14.4024,26807
14.4081,26850
14.4135,26840
14.4192,26807
14.4246,26866
14.4303,26837
14.4357,26819
14.4414,26799
14.4468,26783
14.4525,26797
14.4579,26760
14.4635,26757
14.469,26775
14.4747,26855
14.4801,26828
14.4858,26859
14.4912,26812
14.4969,26870
14.5023,26851
14.508,26849
14.5137,26818
14.5191,26830
14.5247,26822
14.5301,26781
14.5358,26796
14.5412,26775
14.5469,26764
14.5523,26841
14.558,26865
14.5635,26882
14.5691,26943
14.5748,26877
14.5802,26823
14.5856,26855
14.5913,26802
14.597,26800
14.6024,26822
14.608,26804
14.6135,26782
14.6191,26774
14.6245,26773
14.6302,26842
14.6357,26867
14.6414,26846
14.6468,26863
14.6524,26873
14.6581,26861
14.6635,26834
14.6692,26803
14.6746,26809
14.6803,26800
14.6857,26783
14.6914,26796
14.6968,26805
14.7025,26766
14.7079,26844
14.7136,26873
14.719,26824
14.7246,26873
14.7303,26848
14.7357,26854
14.7414,26872
14.7468,26816
14.7525,26812
14.7579,26827
14.7636,26777
14.769,26841
14.7746,26768
14.7803,26744
14.7858,26804
14.7915,26839
14.7969,26840
14.8025,26830
14.8078,26830
14.8135,26823
14.819,26850
14.8246,26845
14.8303,26783
14.8356,26809
14.8413,26753
14.847,26778
14.8524,26779
14.8581,26735
14.8635,26842
14.8692,26848
14.8746,26842
14.8803,26868
14.8856,26806
14.8913,26816
14.8968,26813
14.9024,26811
14.9078,26828
14.9134,26785
14.9191,26775
14.9248,26757
14.9302,26729
14.9359,26737
14.9413,26850
14.947,26807
14.9524,26809
14.958,26872
14.9634,26848
14.9691,26833
14.9748,26835
14.9802,26789
14.9858,26805
14.9912,26778
14.9969,26789
15.0023,26720
15.008,26749
15.0134,26773
15.0191,26756
15.0246,26847
15.0303,26822
15.0359,26853
15.0413,26841
15.047,26823
15.0524,26821
15.0581,26797
15.0635,26814
15.0692,26751
15.0746,26718
15.0803,26776
15.0857,26757
15.0914,26770
15.0968,26756
15.1025,26805
15.1079,26805
15.1136,26838
15.119,26850
15.1247,26821
15.1301,26783
15.1358,26779
15.1412,26740
15.1469,26723
15.1525,26718
15.1579,26724
15.1636,26727
15.169,26648
15.1747,26793
15.1802,26836
15.1859,26826
15.1912,26831
15.1969,26827
15.2023,26815
15.208,26818
15.2137,26809
15.2191,26695
15.2248,26722
15.2302,26727
15.2359,26715
15.2413,26531
15.2469,26582
15.2524,26792
15.2581,26789
15.2635,26859
15.2692,26845
15.2748,26811
15.2802,26801
15.2857,26755
15.2913,26776
15.2968,26725
15.3024,26771
15.3081,26762
15.3135,26610
15.3192,26677
15.3246,26740
15.3303,26769
15.3357,26804
15.3414,26869
15.3468,26830
15.3525,26783
15.3579,26788
15.3636,26848
15.3693,26780
15.3747,26817
15.3803,26737
15.3857,26775
15.3914,26758
15.3968,26738
15.4025,26729
15.4079,26824
15.4136,26852
15.419,26784
15.4247,26788
15.4303,26822
15.4358,26768
15.4412,26818
15.4469,26809
15.4526,26747
15.4579,26756
15.4636,26762
15.469,26731
15.4747,26721
15.4802,26732
15.4859,26827
15.4913,26842
15.4967,26852
15.5024,26816
15.5081,26798
15.5135,26752
15.5192,26748
15.5246,26772
15.5303,26769
15.5359,26752
15.5413,26791
15.547,26745
15.5524,26693
15.5581,26764
15.5635,26799
15.5692,26821
15.5746,26850
15.5803,26809
15.5857,26788
15.5914,26843
15.5968,26786
15.6024,26797
15.6081,26798
15.6135,26790
15.6192,26747
15.6246,26731
15.6303,26742
15.6357,26748
15.6414,26806
15.6468,26803
15.6525,26851
15.6579,26803
15.6636,26833
15.669,26771
15.6747,26839
15.6801,26836
15.6858,26815
15.6914,26784
15.6968,26777
15.7025,26782
15.7079,26767
15.7136,26750
15.719,26765
15.7247,26830
15.7301,26832
15.7358,26832
15.7414,26828
15.7469,26818
15.7526,26820
15.758,26810
15.7637,26840
15.769,26831
15.7747,26781
15.7801,26771
15.7858,26751
15.7912,26716
15.7969,26815
15.8023,26824
15.808,26835
15.8134,26857
15.8191,26849
15.8248,26828
15.8302,26829
15.8358,26801
15.8413,26821
15.8469,26776
15.8523,26729
15.858,26820
15.8637,26802
15.8691,26759
15.8746,26805
15.8803,26799
15.8857,26860
15.8913,26865
15.897,26848
15.9024,26863
15.9081,26819
15.9135,26787
15.9192,26830
15.9245,26809
15.9302,26798
15.9356,26777
15.9413,26767
15.947,26752
15.9524,26848
15.9578,26860
15.9635,26859
15.9692,26859
15.9746,26848
15.9803,26794
15.9857,26833
15.9914,26826
15.9968,26817
16.0025,26819
16.0079,26786
16.0136,26808
16.0192,26774
16.0247,26774
16.0304,26843
16.0358,26878
16.0412,26874
16.0469,26846
16.0525,26868
16.058,26818
16.0637,26830
16.069,26823
16.0748,26799
16.0801,26783
16.0858,26769
16.0912,26761
16.0969,26803
16.1023,26742
16.108,26836
16.1135,26850
16.1192,26856
16.1246,26863
16.1302,26804
16.1356,26844
16.1414,26832
16.147,26800
16.1525,26806
16.1581,26795
16.1635,26788
16.1692,26791
16.1746,26799
16.1803,26735
16.1857,26842
16.1914,26831
16.1968,26875
16.2025,26860
16.2081,26860
16.2134,26838
16.2191,26824
16.2245,26840
16.2302,26826
16.2359,26836
16.2412,26794
16.2469,26792
16.2523,26807
16.258,26789
16.2635,26844
16.2691,26848
16.2745,26813
16.2801,26880
16.2858,26862
16.2912,26819
16.2969,26882
16.3025,26849
16.3079,26798
16.3136,26788
16.3193,26801
16.3247,26806
16.3303,26816
16.3358,26796
16.3415,26833
16.3469,26845
16.3525,26886
16.3579,26859
16.3635,26895
16.3692,26795
16.3747,26797
16.3803,26814
16.3857,26824
16.3914,26797
16.3968,26741
16.4025,26751
16.4081,26751
16.4136,26780
16.4193,26831
16.4247,26847
16.4301,26873
16.4358,26878
16.4415,26836
16.4469,26842
16.4526,26845
16.458,26814
16.4634,26796
16.4691,26782
16.4747,26803
16.4802,26772
16.4858,26773
16.4912,26787
16.4969,26830
16.5023,26815
16.5081,26878
16.5137,26853
16.5191,26830
16.5248,26848
16.5302,26801
16.5359,26790
16.5413,26804
16.5469,26800
16.5525,26792
16.558,26824
16.5636,26783
16.5691,26742
16.5745,26857
16.5802,26851
16.5856,26823
16.5913,26834
16.597,26828
16.6024,26830
16.6081,26826
16.6135,26826
16.6192,26812
16.6246,26795
16.6302,26774
16.6357,26773
16.6413,26769
16.647,26763
16.6525,26826
16.6579,26822
16.6636,26825
16.6693,26844
16.6747,26840
16.6804,26849
16.6858,26857
16.6915,26831
16.6969,26829
16.7023,26771
16.708,26783
16.7137,26771
16.7191,26789
16.7248,26772
16.7301,26826
16.7358,26856
16.7412,26870
16.7469,26860
16.7526,26861
16.758,26834
16.7634,26824
16.7692,26807
16.7746,26809
16.7803,26765
16.7857,26780
16.7914,26787
16.7968,26780
16.8025,26730
16.8079,26830
16.8136,26826
16.819,26826
16.8247,26850
16.8304,26847
16.8358,26810
16.8412,26794
16.8469,26821
16.8526,26828
16.858,26788
16.8636,26768
16.8691,26761
16.8747,26772
16.8801,26799
16.8859,26836
16.8913,26794
16.897,26879
16.9024,26847
16.908,26843
16.9135,26847
16.9192,26821
16.9248,26854
16.9303,26811
16.9359,26769
16.9413,26782
16.947,26760
16.9524,26768
16.9581,26755
16.9635,26819
16.9692,26811
16.9747,26886
16.9803,26865
16.9857,26831
16.9914,26833
16.9968,26778
17.0024,26856
17.0079,26791
17.0136,26834
17.0193,26782
17.0247,26793
17.0304,26760
17.0358,26758
17.0412,26830
17.0469,26868
17.0523,26843
17.058,26844
17.0636,26811
17.0691,26851
17.0748,26834
17.0801,26786
17.0859,26789
17.0915,26776
17.0969,26805
17.1026,26768
17.108,26755
17.1137,26777
17.1191,26800
17.1248,26833
17.1303,26840
17.1359,26868
17.1413,26845
17.147,26829
17.1524,26797
17.1581,26809
17.1635,26810
17.1692,26805
17.1746,26788
17.1803,26774
17.1857,26748
17.1914,26764
17.1968,26831
17.2025,26796
17.2079,26861
17.2136,26851
17.2192,26859
17.2247,26842
17.2301,26816
17.2357,26812
17.2415,26806
17.2468,26758
17.2525,26798
17.2579,26761
17.2636,26772
17.269,26736
17.2747,26816
17.2802,26851
17.2859,26799
17.2913,26820
17.2969,26859
17.3024,26801
17.3081,26813
17.3137,26782
17.3191,26845
17.3248,26795
17.3302,26757
17.3359,26755
17.3413,26732
17.347,26735
17.3524,26806
17.3581,26812
17.3635,26863
17.3692,26827
17.3749,26860
17.3803,26828
17.3857,26820
17.3913,26803
17.3971,26803
17.4024,26776
17.4081,26758
17.4135,26766
17.4192,26754
17.4246,26763
17.4303,26800
17.4357,26823
17.4414,26852
17.4471,26836
17.4524,26837
17.4582,26852
17.4636,26815
17.4693,26797
17.4747,26807
17.4803,26797
17.4858,26776
17.4913,26770
17.497,26802
17.5024,26714
17.5081,26796
17.5135,26839
17.5192,26813
17.5246,26815
17.5302,26826
17.5359,26790
17.5414,26809
17.547,26801
17.5525,26792
17.5581,26816
17.5635,26782
17.5692,26751
17.5746,26761
17.5803,26777
17.5857,26806
17.5914,26828
17.5968,26827
17.6025,26806
17.6081,26848
17.6136,26815
17.619,26838
17.6247,26799
17.6304,26813
17.6357,26785
17.6414,26776
17.6471,26774
17.6525,26731
17.6582,26748
17.6636,26768
17.6693,26818
17.6747,26847
17.6804,26836
17.6858,26820
17.6915,26833
17.6969,26819
17.7026,26806
17.7079,26789
17.7136,26779
17.7193,26758
17.7247,26772
17.7303,26789
17.7358,26736
17.7415,26836
17.7469,26792
17.7526,26880
17.758,26822
17.7636,26832
17.7693,26815
17.7747,26792
17.7804,26789
17.7858,26768
17.7914,26781
17.7971,26754
17.8025,26753
17.8081,26799
17.8136,26745
17.8192,26765
17.8246,26794
17.8304,26810
17.8357,26800
17.8414,26803
17.8468,26790
17.8526,26781
17.8582,26756
17.8636,26772
17.8693,26772
17.8747,26743
17.8804,26757
17.8858,26769
17.8915,26734
17.8969,26798
17.9026,26797
17.908,26825
17.9137,26796
17.9191,26816
17.9248,26795
17.9301,26769
17.9358,26764
17.9415,26765
17.9469,26758
17.9525,26717
17.958,26719
17.9636,26707
17.9693,26736
17.9747,26788
17.9802,26819
17.9857,26772
17.9914,26825
17.9971,26794
18.0025,26838
18.0079,26777
18.0135,26772
18.0192,26768
18.0246,26739
18.0303,26728
18.036,26722
18.0414,26732
18.0471,26734
18.0525,26802
18.0582,26795
18.0636,26819
18.0692,26816
18.0748,26758
18.0803,26824
18.0857,26798
18.0914,26710
18.097,26758
18.1027,26755
18.108,26762
18.1137,26708
18.1191,26699
18.1248,26703
18.1302,26714
18.1359,26813
18.1413,26770
18.147,26763
18.1524,26834
18.1581,26783
18.1635,26769
18.1692,26772
18.1746,26755
18.1803,26763
18.1859,26732
18.1914,26707
18.197,26742
18.2024,26717
18.2081,26700
18.2136,26793
18.2193,26774
18.2246,26811
18.2303,26797
18.2357,26792
18.2414,26755
18.2471,26802
18.2525,26742
18.2582,26768
18.2636,26768
18.2693,26760
18.2747,26736
18.2804,26716
18.2858,26761
18.2915,26800
18.2969,26784
18.3026,26773
18.3082,26758
18.3137,26784
18.3191,26736
18.3248,26700
18.3302,26760
18.3358,26734
18.3415,26697
18.3469,26711
18.3526,26639
18.358,26698
18.3637,26653
18.3692,26734
18.3746,26800
18.3803,26799
18.3859,26778
18.3914,26772
18.3968,26744
18.4024,26765
18.4082,26759
18.4135,26683
18.4192,26719
18.4249,26702
18.4303,26726
18.436,26643
18.4414,26792
18.4471,26745
18.4525,26750
18.4582,26759
18.4636,26798
18.4693,26741
18.4747,26746
18.4804,26742
18.4858,26685
18.4914,26702
18.4971,26699
18.5025,26683
18.5082,26702
18.5136,26670
18.5191,26716
18.5248,26728
18.5302,26750
18.5359,26758
18.5415,26677
18.547,26736
18.5524,26752
18.558,26705
18.5637,26722
18.5691,26659
18.5748,26676
18.5802,26679
18.5859,26646
18.5913,26631
18.597,26746
18.6024,26729
18.6081,26739
18.6135,26743
18.6192,26737
18.6249,26706
18.6303,26699
18.636,26677
18.6414,26708
18.6471,26670
18.6524,26685
18.6581,26630
18.6635,26622
18.6692,26629
18.6746,26717
18.6803,26725
18.6858,26710
18.6914,26721
18.6971,26726
18.7025,26700
18.7082,26719
18.7136,26713
18.7193,26697
18.7247,26664
18.7303,26617
18.7358,26570
18.7414,26643
18.7471,26640
18.7525,26718
18.7582,26724
18.7636,26692
18.7693,26730
18.7747,26655
18.7804,26699
18.7858,26647
18.7915,26653
18.7969,26689
18.8026,26668
18.808,26606
18.8136,26649
18.8193,26563
18.8247,26651
18.8304,26699
18.8358,26746
18.8413,26732
18.8469,26730
18.8526,26739
18.858,26683
18.8637,26660
18.8691,26628
18.8748,26602
18.8802,26619
18.8859,26582
18.8913,26588
18.897,26630
18.9024,26592
18.9081,26636
18.9135,26683
18.9192,26727
18.9249,26659
18.9303,26726
18.936,26725
18.9414,26700
18.947,26666
18.9525,26663
18.9582,26620
18.9635,26662
18.9692,26602
18.9749,26611
18.9803,26602
18.9857,26695
18.9914,26702
18.9969,26717
19.0025,26713
19.008,26689
19.0137,26694
19.0191,26681
19.0247,26653
19.0302,26624
19.0358,26701
19.0415,26658
19.0469,26629
19.0526,26584
19.058,26602
19.0637,26656
19.0692,26664
19.0749,26729
19.0802,26764
19.0859,26641
19.0913,26705
19.097,26724
19.1027,26696
19.1081,26664
19.1138,26634
19.1192,26599
19.1249,26603
19.1303,26625
19.136,26594
19.1414,26652
19.1471,26661
19.1525,26648
19.1582,26696
19.1636,26688
19.1693,26666
19.1746,26657
19.1803,26605
19.1857,26658
19.1914,26577
19.197,26594
19.2024,26602
19.2081,26574
19.2135,26583
19.2193,26646
19.2247,26657
19.2303,26646
19.2359,26683
19.2413,26609
19.247,26600
19.2524,26643
19.2581,26646
19.2635,26582
19.2692,26581
19.2748,26588
19.2803,26575
19.2859,26565
19.2916,26567
19.297,26612
19.3025,26646
19.3082,26625
19.3135,26665
19.3192,26670
19.3249,26656
19.3303,26633
19.336,26613
19.3414,26581
19.3471,26565
19.3525,26563
19.3582,26607
19.3636,26502
19.3693,26514
19.3747,26583
19.3804,26653
19.3858,26619
19.3915,26630
19.3969,26668
19.4026,26673
19.408,26636
19.4137,26650
19.4191,26643
19.4248,26629
19.4304,26545
19.4359,26608
19.4415,26602
19.447,26598
19.4526,26605
19.4581,26662
19.4638,26699
19.4691,26671
19.4748,26641
19.4802,26708
19.4859,26667
19.4913,26642
19.497,26643
19.5027,26642
19.508,26629
19.5137,26623
19.5193,26572
19.5248,26568
19.5305,26670
19.5358,26563
19.5415,26713
19.5469,26676
19.5526,26665
19.558,26662
19.5636,26691
19.5693,26670
19.5747,26646
19.5804,26612
19.5858,26622
19.5914,26599
19.5971,26604
19.6025,26598
19.6082,26624
19.6136,26657
19.6193,26705
19.6246,26701
19.6303,26671
19.6357,26687
19.6415,26666
19.6471,26677
19.6525,26650
19.6582,26596
19.6635,26601
19.6692,26644
19.6749,26615
19.6803,26525
19.686,26670
19.6915,26662
19.6969,26667
19.7025,26649
19.7082,26691
19.7136,26704
19.7193,26673
19.7247,26623
19.7304,26610
19.7358,26556
19.7415,26614
19.7469,26576
19.7525,26555
19.758,26627
19.7637,26621
19.7691,26646
19.7748,26637
19.7802,26644
19.7859,26666
19.7916,26603
19.797,26644
19.8027,26591
19.8081,26614
19.8137,26610
19.8191,26585
19.8248,26575
19.8302,26522
19.8359,26573
19.8413,26608
19.847,26632
19.8525,26693
19.8581,26642
19.8638,26688
19.8692,26615
19.8747,26652
19.8803,26615
19.886,26600
19.8914,26611
19.8971,26568
19.9025,26580
19.9082,26528
19.9136,26576
19.9193,26648
19.9248,26640
19.9305,26662
19.9359,26638
19.9415,26638
19.947,26584
19.9527,26616
19.958,26597
19.9637,26606
19.9691,26592
19.9748,26588
19.9802,26538
19.9859,26556
19.9913,26521
19.997,26584
20.0025,26656
20.0082,26622
20.0136,26614
20.0193,26606
20.0247,26595
20.0304,26630
20.0358,26539
20.0415,26620
20.0469,26614
20.0525,26564
20.058,26607
20.0636,26581
20.0693,26535
20.0748,26546
20.0802,26639
20.0859,26651
20.0913,26682
20.097,26700
20.1024,26676
20.1081,26642
20.1138,26665
20.1192,26569
20.1249,26629
20.1302,26582
20.1359,26610
20.1416,26600
20.147,26602
20.1525,26632
20.1582,26669
20.1636,26665
20.1693,26695
20.1747,26671
20.1804,26650
20.1858,26649
20.1914,26641
20.1969,26616
20.2025,26631
20.2082,26617
20.2136,26600
20.2193,26597
20.2247,26598
20.2304,26687
20.2358,26707
20.2416,26696
20.2469,26663
20.2526,26707
20.258,26676
20.2637,26655
20.2691,26632
20.2748,26649
20.2802,26612
20.2859,26640
20.2916,26635
20.297,26584
20.3026,26615
20.3081,26703
20.3138,26708
20.3192,26701
20.3249,26730
20.3303,26691
20.336,26707
20.3414,26672
20.3471,26683
20.3525,26702
20.3581,26629
20.3635,26662
20.3692,26651
20.3749,26636
20.3803,26576
20.3858,26666
20.3915,26728
20.3969,26711
20.4026,26703
20.4082,26713
20.4137,26711
20.4191,26691
20.4248,26675
20.4305,26643
20.4358,26622
20.4415,26603
20.4469,26607
20.4526,26610
20.458,26627
20.4637,26669
20.4692,26673
20.4749,26698
20.4803,26726
20.4859,26706
20.4914,26659
20.4971,26655
20.5025,26613
20.5082,26638
20.5136,26606
20.5192,26628
20.5249,26579
20.5303,26586
20.536,26588
20.5414,26679
20.5471,26658
20.5526,26710
20.5582,26731
20.5636,26662
20.5693,26641
20.5747,26608
20.5804,26608
20.5858,26614
20.5914,26619
20.5971,26597
20.6025,26570
20.6082,26618
20.6136,26574
20.6193,26674
20.6248,26679
20.6302,26683
20.6358,26676
20.6415,26669
20.6469,26687
20.6526,26661
20.658,26673
20.6637,26657
20.6694,26632
20.6747,26609
20.6805,26661
20.6858,26641
20.6916,26606
20.6969,26640
20.7026,26708
20.708,26718
20.7137,26690
20.7194,26682
20.7247,26677
20.7302,26643
20.7359,26635
20.7416,26644
20.747,26655
20.7525,26646
20.7582,26643
20.7636,26635
20.7693,26610
20.7748,26652
20.7802,26694
20.7859,26701
20.7916,26697
20.797,26662
20.8027,26671
20.8081,26698
20.8138,26688
20.8192,26662
20.8248,26654
20.8302,26628
20.8359,26635
20.8413,26618
20.847,26631
20.8524,26688
20.8581,26755
20.8636,26713
20.8693,26694
20.8746,26669
20.8803,26690
20.8857,26657
20.8914,26672
20.8971,26673
20.9025,26671
20.9082,26647
20.9136,26597
20.9193,26589
20.9247,26600
20.9304,26709
20.9358,26666
20.9415,26699
20.9469,26680
20.9526,26660
20.958,26702
20.9637,26695
20.9691,26657
20.9748,26674
20.9805,26676
20.9859,26662
20.9916,26630
20.9969,26655
21.0026,26619
21.0081,26710
21.0136,26738
21.0193,26742
21.0247,26724
21.0304,26746
21.0358,26696
21.0415,26681
21.0471,26706
21.0526,26676
21.0582,26647
21.0636,26659
21.0693,26653
21.0749,26578
21.0804,26605
21.0858,26709
21.0915,26693
21.097,26713
21.1026,26722
21.108,26717
21.1137,26695
21.1192,26650
21.1248,26699
21.1302,26609
21.1359,26615
21.1416,26629
21.147,26601
21.1527,26609
21.1581,26600
21.1638,26657
21.1692,26649
21.1747,26676
21.1803,26659
21.186,26650
21.1914,26654
21.1971,26641
21.2025,26646
21.2082,26599
21.2136,26611
21.2193,26612
21.2247,26557
21.2304,26591
21.2358,26604
21.2415,26647
21.2469,26642
21.2527,26664
21.258,26659
21.2637,26690
21.2691,26594
21.2748,26635
21.2802,26600
21.2859,26647
21.2915,26556
21.2969,26517
21.3024,26560
21.3081,26541
21.3138,26522
21.3192,26574
21.3249,26569
21.3304,26673
21.336,26690
21.3414,26635
21.3471,26634
21.3525,26621
21.358,26578
21.3637,26550
21.3691,26589
21.3748,26533
21.3802,26504
21.3859,26516
21.3913,26489
21.397,26613
21.4024,26650
21.4082,26649
21.4135,26633
21.4192,26615
21.4249,26612
21.4303,26545
21.436,26551
21.4414,26517
21.4471,26563
21.4524,26572
21.4582,26555
21.4638,26531
21.4692,26472
21.4749,26629
21.4803,26626
21.486,26590
21.4914,26630
21.4971,26630
21.5025,26664
21.5082,26632
21.5136,26638
21.5193,26544
21.5248,26613
21.5304,26599
21.5359,26554
21.5415,26542
21.5469,26527
21.5527,26619
21.5581,26637
21.5638,26661
21.5692,26632
21.5749,26605
21.5803,26646
21.586,26630
21.5914,26600
21.5971,26564
21.6025,26636
21.6081,26591
21.6136,26641
21.6192,26531
21.6247,26557
21.6304,26611
21.6358,26637
21.6415,26675
21.6469,26662
21.6526,26637
21.658,26647
21.6637,26587
21.6694,26579
21.6748,26586
21.6805,26590
21.6859,26590
21.6916,26571
21.6969,26587
21.7026,26581
21.7081,26617
21.7135,26661
21.7192,26676
21.7249,26652
21.7303,26664
21.736,26679
21.7415,26635
21.7471,26605
21.7526,26606
21.7583,26617
21.7636,26569
21.7693,26604
21.7747,26552
21.7804,26553
21.7858,26655
21.7916,26724
21.797,26696
21.8027,26701
21.808,26633
21.8137,26675
21.8192,26684
21.8248,26620
21.8303,26635
21.8359,26594
21.8416,26605
21.847,26611
21.8527,26623
21.8581,26534
21.8638,26702
21.8692,26682
21.8747,26678
21.8803,26681
21.886,26667
21.8914,26661
21.8971,26632
21.9025,26628
21.9082,26611
21.9136,26646
21.9193,26616
21.9247,26594
21.9304,26610
21.9358,26590
21.9415,26706
21.9469,26743
21.9527,26692
21.958,26713
21.9637,26697
21.9691,26659
21.9748,26657
21.9802,26676
21.9859,26641
21.9913,26618
21.997,26646
22.0024,26617
22.0081,26617
22.0136,26543
22.0193,26650
22.0247,26671
22.0304,26672
22.0358,26688
22.0415,26721
22.0469,26630
22.0526,26638
22.058,26675
22.0637,26641
22.0691,26646
22.0748,26645
22.0802,26579
22.0859,26587
22.0916,26606
22.097,26656
22.1025,26700
22.1082,26698
22.1136,26681
22.1193,26680
22.1247,26663
22.1304,26641
22.1358,26677
22.1415,26601
22.1469,26661
22.1525,26642
22.158,26607
22.1636,26599
22.1694,26589
22.1748,26686
22.1802,26701
22.1859,26696
22.1915,26654
22.1969,26673
22.2026,26658
22.2081,26656
22.2137,26647
22.2194,26628
22.2248,26635
22.2304,26616
22.2359,26579
22.2415,26541
22.2469,26603
22.2526,26679
22.2581,26707
22.2638,26676
22.2692,26685
22.2747,26698
22.2804,26655
22.2858,26673
22.2915,26625
22.2969,26587
22.3025,26614
22.3082,26623
22.3136,26602
22.3193,26588
22.3247,26603
22.3304,26693
22.3358,26711
22.3415,26691
22.3469,26682
22.3526,26685
22.358,26668
22.3637,26656
22.3694,26654
22.3748,26640
22.3805,26604
22.3858,26613
22.3916,26631
22.3969,26607
22.4026,26601
22.4081,26628
22.4138,26665
22.4192,26704
22.4249,26696
22.4303,26728
22.436,26659
22.4414,26638
22.4471,26675
22.4525,26631
22.4582,26597
22.4638,26673
22.4693,26602
22.4749,26638
22.4804,26592
22.4858,26641
22.4915,26684
22.497,26708
22.5026,26717
22.508,26630
22.5137,26681
22.5191,26629
22.5248,26617
22.5302,26617
22.5359,26583
22.5416,26641
22.547,26585
22.5527,26608
22.5582,26560
22.5636,26617
22.5693,26637
22.5747,26647
22.5804,26640
22.5858,26641
22.5915,26624
22.5969,26611
22.6026,26615
22.608,26629
22.6136,26580
22.6193,26560
22.6247,26598
22.6304,26640
22.6358,26573
22.6415,26616
22.6469,26709
22.6527,26681
22.658,26633
22.6637,26650
22.6691,26610
22.6748,26574
22.6805,26655
22.6859,26596
22.6916,26659
22.697,26588
22.7026,26568
22.708,26558
22.7137,26580
22.7191,26598
22.7248,26640
22.7303,26655
22.7359,26646
22.7416,26625
22.747,26588
22.7524,26606
22.7581,26532
22.7638,26577
22.7692,26560
22.7748,26557
22.7803,26593
22.7859,26526
22.7916,26474
22.797,26562
22.8025,26629
22.8082,26672
22.8138,26665
22.8192,26563
22.8249,26631
22.8304,26576
22.836,26541
22.8415,26624
22.8471,26504
22.8525,26536
22.8582,26523
22.8636,26558
22.8693,26488
22.8747,26608
22.8804,26676
22.8859,26682
22.8915,26657
22.8969,26616
22.9026,26590
22.908,26637
22.9137,26617
22.9191,26609
22.9248,26600
22.9304,26589
22.9359,26569
22.9415,26513
22.9469,26505
22.9526,26618
22.9581,26633
22.9638,26637
22.9691,26666
22.9748,26647
22.9802,26640
22.9859,26634
22.9916,26654
22.997,26623
23.0027,26590
23.0081,26594
23.0138,26585
23.0192,26584
23.0249,26532
23.0303,26629
23.036,26666
23.0414,26681
23.0471,26648
23.0525,26650
23.0582,26647
23.0636,26610
23.0692,26577
23.0747,26633
23.0803,26574
23.086,26575
23.0914,26564
23.0971,26588
23.1025,26595
23.1082,26677
23.1136,26655
23.1193,26681
23.1247,26629
23.1303,26649
23.136,26638
23.1415,26680
23.1471,26657
23.1525,26601
23.1582,26624
23.1636,26585
23.1693,26661
23.1749,26570
23.1804,26542
23.1858,26661
23.1915,26661
23.1969,26693
23.2026,26695
23.2083,26678
23.2137,26625
23.2194,26639
23.2248,26626
23.2305,26627
23.2358,26562
23.2415,26640
23.2469,26578
23.2526,26559
23.2583,26587
23.2637,26572
23.2691,26655
23.2748,26654
23.2805,26669
23.2859,26679
23.2916,26659
23.297,26667
23.3027,26610
23.3081,26643
23.3138,26642
23.3192,26612
23.3249,26596
23.3305,26602
23.3359,26568
23.3414,26693
23.3471,26666
23.3525,26671
23.3582,26651
23.3636,26633
23.3693,26668
23.3747,26594
23.3804,26584
23.3861,26576
23.3914,26585
23.3971,26565
23.4025,26535
23.4082,26560
23.4136,26548
23.4193,26580
23.4247,26603
23.4304,26694
23.4358,26663
23.4415,26634
23.4469,26615
23.4526,26567
23.4583,26561
23.4637,26572
23.4694,26564
23.4747,26558
23.4804,26569
23.4858,26558
23.4915,26547
23.497,26626
23.5027,26605
23.5081,26592
23.5138,26649
23.5192,26583
23.5249,26593
23.5303,26647
23.536,26593
23.5414,26589
23.5469,26568
23.5525,26575
23.5582,26535
23.5636,26561
23.5693,26532
23.5748,26590
23.5805,26572
23.5859,26654
23.5915,26607
23.5969,26598
23.6026,26617
23.6081,26565
23.6137,26580
23.6191,26599
23.6248,26559
23.6305,26566
23.6359,26491
23.6416,26514
23.647,26513
23.6527,26587
23.658,26607
23.6637,26595
23.6691,26587
23.6748,26570
23.6805,26507
23.6858,26489
23.6915,26525
23.6969,26544
23.7026,26453
23.7083,26527
23.7136,26489
23.7193,26458
23.7247,26467
23.7304,26572
23.7359,26652
23.7415,26629
23.7471,26609
23.7525,26596
23.7582,26598
23.7636,26565
23.7693,26556
23.7747,26480
23.7803,26504
23.786,26518
23.7914,26550
23.7971,26531
23.8025,26436
23.8082,26580
23.8136,26575
23.8193,26645
23.8247,26667
23.8303,26541
23.836,26630
23.8414,26578
23.8472,26506
23.8526,26540
23.8582,26533
23.8636,26478
23.8693,26541
23.8747,26521
23.8804,26485
23.8858,26568
23.8915,26629
23.8972,26567
23.9026,26647
23.9082,26569
23.9136,26588
23.9193,26513
23.9248,26567
23.9305,26564
23.9358,26531
23.9415,26581
23.9469,26542
23.9526,26532
23.958,26508
23.9637,26626
23.9694,26613
23.9748,26542
23.9805,26599
23.9858,26591
23.9916,26554
23.997,26590
24.0027,26598
24.0081,26566
24.0138,26523
24.0192,26555
24.0249,26490
24.0303,26530
24.036,26545
24.0414,26588
24.0471,26619
24.0525,26648
24.0581,26623
24.0638,26637
24.0692,26601
24.0749,26588
24.0804,26621
24.0861,26580
24.0914,26514
24.0971,26580
24.1025,26556
24.1082,26545
24.1136,26547
24.1193,26602
24.1247,26623
24.1304,26589
24.136,26680
24.1414,26640
24.1471,26590
24.1526,26602
24.158,26585
24.1637,26596
24.1694,26568
24.1748,26543
24.1802,26564
24.1858,26559
24.1915,26541
24.1969,26571
24.2026,26635
24.2083,26600
24.2137,26662
24.2193,26625
24.2248,26618
24.2305,26583
24.2359,26627
24.2416,26588
24.247,26602
24.2526,26538
24.2581,26594
24.2637,26544
24.2692,26540
24.2749,26638
24.2802,26618
24.2859,26633
24.2916,26658
24.297,26641
24.3026,26588
24.3081,26608
24.3138,26598
24.3192,26574
24.3249,26575
24.3302,26594
24.3359,26611
24.3416,26523
24.347,26557
24.3527,26572
24.3581,26643
24.3638,26678
24.3692,26658
24.3748,26621
24.3802,26658
24.386,26606
24.3914,26556
24.3971,26625
24.4025,26579
24.4081,26578
24.4136,26538
24.4192,26552
24.4249,26547
24.4304,26632
24.436,26644
24.4414,26658
24.4471,26689
24.4525,26620
24.4582,26641
24.4636,26622
24.4693,26626
24.4747,26580
24.4804,26590
24.4861,26601
24.4915,26592
24.4971,26520
24.5026,26585
24.508,26604
24.5137,26638
24.5194,26629
24.5248,26658
24.5304,26628
24.5358,26687
24.5415,26614
24.547,26624
24.5527,26608
24.558,26608
24.5637,26554
24.5694,26555
24.5748,26631
24.5805,26584
24.5859,26574
24.5916,26663
24.597,26701
24.6027,26664
24.608,26627
24.6137,26660
24.6191,26649
24.6248,26633
24.6303,26605
24.6359,26602
24.6416,26578
24.647,26564
24.6527,26551
24.6581,26542
24.6638,26634
24.6692,26653
24.6749,26658
24.6803,26661
24.6859,26650
24.6913,26637
24.697,26616
24.7027,26578
24.7081,26630
24.7138,26612
24.7192,26571
24.7249,26591
24.7303,26582
24.736,26545
24.7416,26574
24.747,26657
24.7527,26680
24.7581,26677
24.7638,26666
24.7692,26680
24.7749,26627
24.7803,26588
24.786,26654
24.7914,26593
24.797,26569
24.8025,26582
24.8081,26606
24.8135,26554
24.8192,26618
24.8249,26668
24.8303,26663
24.8359,26644
24.8416,26612
24.847,26629
24.8525,26613
24.8582,26603
24.8636,26604
24.8693,26564
24.8749,26562
24.8804,26553
24.886,26575
24.8915,26579
24.8972,26599
24.9025,26604
24.9082,26650
24.9136,26623
24.9193,26578
24.9247,26604
24.9304,26590
24.9358,26564
24.9415,26575
24.9469,26471
24.9526,26480
24.9583,26511
24.9636,26542
24.9691,26528
24.9748,26546
24.9804,26655
24.9859,26643
24.9915,26563
24.9972,26605
25.0026,26510
25.0081,26585
25.0138,26503
25.0192,26537
25.0249,26571
25.0302,26532
25.0359,26486
25.0416,26473
25.047,26536
25.0527,26648
25.0581,26670
25.0638,26621
25.0692,26620
25.0748,26557
25.0803,26576
25.086,26527
25.0914,26528
25.0971,26546
25.1025,26553
25.1081,26531
25.1136,26472
25.1192,26450
25.1249,26468
25.1304,26583
25.136,26626
25.1414,26608
25.1471,26588
25.1525,26597
25.1582,26573
25.1636,26528
25.1693,26553
25.1747,26552
25.1802,26519
25.1859,26550
25.1913,26475
25.197,26529
25.2027,26497
25.2081,26507
25.2137,26527
25.2191,26568
25.2248,26599
25.2305,26549
25.2359,26629
25.2416,26539
25.247,26581
25.2527,26510
25.2581,26466
25.2637,26458
25.2694,26500
25.2748,26494
25.2805,26496
25.2859,26521
25.2915,26661
25.2969,26572
25.3026,26569
25.3082,26552
25.3136,26554
25.3193,26544
25.3247,26574
25.3304,26484
25.3358,26476
25.3415,26543
25.3469,26507
25.3526,26519
25.3583,26475
25.3637,26557
25.3693,26555
25.3748,26656
25.3804,26566
25.3858,26570
25.3915,26564
25.3969,26561
25.4026,26525
25.4081,26558
25.4137,26529
25.4194,26526
25.4248,26518
25.4305,26455
25.4359,26492
25.4416,26557
25.447,26609
25.4527,26559
25.458,26622
25.4637,26588
25.4694,26576
25.4748,26564
25.4805,26550
25.4859,26490
25.4916,26478
25.497,26508
25.5027,26509
25.5081,26517
25.5138,26498
25.5192,26622
25.5249,26574
25.5303,26626
25.5359,26591
25.5416,26531
25.547,26516
25.5527,26537
25.5581,26499
25.5636,26512
25.5692,26510
25.5749,26536
25.5803,26451
25.586,26399
25.5914,26493
25.5971,26557
25.6028,26565
25.6082,26534
25.6138,26589
25.6192,26582
25.6249,26510
25.6304,26557
25.6361,26540
25.6415,26511
25.6472,26523
25.6525,26504
25.6582,26473
25.6636,26514
25.6693,26507
25.6748,26567
25.6804,26565
