0.0017,36.86702812114375
0.0067,36.952897317411136
0.0124,37.12463570994591
0.018,37.06738957910098
0.0233,36.9815203828336
0.0289,36.83840505572129
0.0346,37.038766513678524
0.0402,37.15325877536837
0.0456,37.15325877536837
2.857,37.09601264452345
2.8626,36.80978199029882
2.8679,36.86702812114375
2.8737,37.06738957910098
2.879,37.18188184079084
2.8847,37.038766513678524
2.8903,36.83840505572129
2.8957,36.92427425198868
2.9013,37.15325877536837
2.9069,37.18188184079084
2.9126,36.9815203828336
2.9179,36.89565118656621
2.9236,36.92427425198868
2.9293,37.12463570994591
2.9346,37.15325877536837
2.9403,37.01014344825606
2.9459,36.80978199029882
2.9513,36.92427425198868
2.9569,37.15325877536837
2.9625,37.15325877536837
2.9679,36.92427425198868
2.9735,36.86702812114375
2.9792,37.09601264452345
2.9848,37.15325877536837
2.9901,37.06738957910098
2.9958,36.86702812114375
3.0014,36.83840505572129
3.0068,37.15325877536837
3.0125,37.15325877536837
3.0182,36.92427425198868
3.0235,36.80978199029882
3.0292,36.9815203828336
3.0348,37.15325877536837
3.0402,37.12463570994591
3.0458,36.89565118656621
3.0513,36.83840505572129
3.057,37.01014344825606
3.0626,37.23912797163576
3.0679,37.15325877536837
3.0736,36.89565118656621
3.0791,36.83840505572129
3.0847,37.01014344825606
3.0904,37.18188184079084
3.0957,37.01014344825606
3.1013,36.83840505572129
3.1069,36.83840505572129
3.1126,37.12463570994591
3.1179,37.18188184079084
3.1235,36.9815203828336
3.1291,36.80978199029882
3.1348,36.952897317411136
3.1404,37.12463570994591
3.1457,37.12463570994591
3.1514,36.80978199029882
3.157,36.83840505572129
3.1626,37.038766513678524
3.1679,37.15325877536837
3.1735,36.9815203828336
3.1792,36.83840505572129
3.1848,36.952897317411136
3.1902,37.09601264452345
3.1958,37.15325877536837
3.2014,36.92427425198868
3.2068,36.86702812114375
3.2124,37.01014344825606
3.218,37.15325877536837
3.2237,37.09601264452345
3.229,36.86702812114375
3.2346,36.83840505572129
3.2403,37.06738957910098
3.246,37.18188184079084
3.2513,37.01014344825606
3.2569,36.83840505572129
3.2626,36.92427425198868
3.2679,37.12463570994591
3.2735,37.09601264452345
3.2792,36.92427425198868
3.2848,36.89565118656621
3.2901,37.038766513678524
3.2958,37.15325877536837
3.3014,37.01014344825606
3.307,36.86702812114375
3.3124,36.86702812114375
3.318,37.12463570994591
3.3236,37.15325877536837
3.3292,36.9815203828336
3.3349,36.83840505572129
3.3402,36.92427425198868
3.3458,37.09601264452345
3.3515,37.18188184079084
3.3571,36.92427425198868
3.3624,36.80978199029882
3.3681,37.01014344825606
3.3737,37.18188184079084
3.3793,37.09601264452345
3.3846,36.89565118656621
3.3903,36.89565118656621
3.3959,37.038766513678524
3.4013,37.09601264452345
3.4069,36.9815203828336
3.4125,36.86702812114375
3.4182,36.952897317411136
3.4235,37.12463570994591
3.4291,37.15325877536837
3.4348,36.89565118656621
3.4404,36.86702812114375
3.4458,37.038766513678524
3.4514,37.15325877536837
3.457,37.01014344825606
3.4624,36.83840505572129
3.468,36.89565118656621
3.4736,37.12463570994591
3.4792,37.15325877536837
3.4846,37.01014344825606
3.4902,36.781158924876365
3.4958,36.952897317411136
3.5014,37.09601264452345
3.5068,37.15325877536837
3.5124,36.92427425198868
3.518,36.86702812114375
3.5237,37.038766513678524
3.529,37.15325877536837
3.5346,37.038766513678524
3.5402,36.86702812114375
3.5459,36.89565118656621
3.5515,37.15325877536837
3.5568,37.15325877536837
3.5624,36.89565118656621
3.5681,36.80978199029882
3.5737,36.9815203828336
3.579,37.18188184079084
3.5846,37.15325877536837
3.5902,36.89565118656621
3.5959,36.781158924876365
3.6015,36.92427425198868
3.6068,37.18188184079084
3.6125,37.15325877536837
3.618,36.92427425198868
3.6237,36.89565118656621
3.6293,37.06738957910098
3.6346,37.15325877536837
3.6403,36.9815203828336
3.6458,36.80978199029882
3.6515,36.89565118656621
3.6571,37.09601264452345
3.6624,37.15325877536837
3.668,36.952897317411136
3.6736,36.83840505572129
3.6793,36.952897317411136
3.6846,37.18188184079084
3.6903,37.09601264452345
3.6959,36.89565118656621
3.7012,36.86702812114375
3.7069,37.01014344825606
3.7125,37.15325877536837
3.7181,37.09601264452345
3.7234,36.86702812114375
3.7291,36.86702812114375
3.7347,37.038766513678524
3.7403,37.15325877536837
3.746,36.9815203828336
3.7513,36.86702812114375
3.7569,36.92427425198868
3.7625,37.09601264452345
3.7682,37.12463570994591
3.7735,36.89565118656621
3.7791,36.86702812114375
3.7848,36.952897317411136
3.7904,37.12463570994591
3.7957,37.06738957910098
3.8013,36.89565118656621
3.807,36.86702812114375
3.8126,37.12463570994591
3.8182,37.12463570994591
3.8235,36.952897317411136
3.8292,36.86702812114375
3.8348,36.952897317411136
3.8404,37.15325877536837
3.8458,37.06738957910098
3.8514,36.89565118656621
3.8571,36.86702812114375
3.8624,37.09601264452345
3.868,37.09601264452345
3.8737,36.92427425198868
3.879,36.781158924876365
3.8846,36.9815203828336
3.8903,37.15325877536837
3.8959,37.09601264452345
3.9015,36.86702812114375
3.9069,36.86702812114375
3.9125,37.06738957910098
3.9181,37.18188184079084
3.9237,37.038766513678524
3.9291,36.83840505572129
3.9347,36.89565118656621
3.9403,37.12463570994591
3.946,37.12463570994591
3.9513,36.92427425198868
3.957,36.83840505572129
3.9626,36.952897317411136
3.9679,37.09601264452345
3.9736,37.09601264452345
3.9792,36.83840505572129
3.9848,36.80978199029882
3.9902,36.952897317411136
3.9958,37.12463570994591
4.0014,37.06738957910098
4.0071,36.83840505572129
4.0124,36.86702812114375
4.018,37.038766513678524
4.0237,37.12463570994591
4.0293,37.01014344825606
4.0346,36.80978199029882
4.0403,36.86702812114375
4.0459,37.12463570994591
4.0512,37.12463570994591
4.0569,36.92427425198868
4.0625,36.80978199029882
4.0681,36.92427425198868
4.0735,37.15325877536837
4.0791,37.06738957910098
4.0847,36.86702812114375
4.0903,36.86702812114375
4.096,37.038766513678524
4.1013,37.15325877536837
4.107,37.01014344825606
4.1126,36.83840505572129
4.118,36.89565118656621
4.1236,37.18188184079084
4.1292,37.18188184079084
4.1349,36.952897317411136
4.1402,36.83840505572129
4.1458,36.9815203828336
4.1515,37.12463570994591
4.1571,37.06738957910098
4.1625,36.83840505572129
4.1681,36.83840505572129
4.1737,37.06738957910098
4.1791,37.15325877536837
4.1847,37.06738957910098
4.1904,36.83840505572129
4.1957,36.89565118656621
4.2014,37.15325877536837
4.207,37.12463570994591
4.2126,36.86702812114375
4.218,36.781158924876365
4.2236,36.952897317411136
4.2293,37.15325877536837
4.2346,37.18188184079084
4.2403,36.86702812114375
4.2459,36.83840505572129
4.2515,37.038766513678524
4.2569,37.18188184079084
4.2625,37.038766513678524
4.2679,36.80978199029882
4.2736,36.89565118656621
4.2792,37.06738957910098
4.2848,37.210504906213295
4.2902,36.952897317411136
4.2957,36.86702812114375
4.3014,36.9815203828336
4.307,37.15325877536837
4.3127,37.09601264452345
4.318,36.89565118656621
4.3236,36.86702812114375
4.3292,36.9815203828336
4.3348,37.18188184079084
4.3402,37.01014344825606
4.3458,36.86702812114375
4.3514,36.89565118656621
4.357,37.15325877536837
4.3626,37.12463570994591
4.368,36.952897317411136
4.3736,36.80978199029882
4.3792,36.9815203828336
4.3848,37.15325877536837
4.3902,37.09601264452345
4.3958,36.92427425198868
4.4014,36.86702812114375
4.407,37.12463570994591
4.4124,37.15325877536837
4.418,36.9815203828336
4.4236,36.83840505572129
4.4293,36.9815203828336
4.4346,37.15325877536837
4.4403,37.06738957910098
4.4459,36.86702812114375
4.4515,36.80978199029882
4.4569,37.06738957910098
4.4625,37.15325877536837
4.4681,37.038766513678524
4.4738,36.80978199029882
4.4791,36.9815203828336
4.4847,37.12463570994591
4.4904,37.12463570994591
4.4957,36.9815203828336
4.5014,36.83840505572129
4.507,36.92427425198868
4.5126,37.12463570994591
4.518,37.18188184079084
4.5236,36.92427425198868
4.5292,36.86702812114375
4.5349,37.01014344825606
4.5402,37.18188184079084
4.5458,37.06738957910098
4.5515,36.86702812114375
4.5568,36.89565118656621
4.5625,37.09601264452345
4.5681,37.210504906213295
4.5737,37.038766513678524
4.5791,36.86702812114375
4.5847,36.89565118656621
4.5903,37.12463570994591
4.596,37.15325877536837
4.6013,36.952897317411136
4.607,36.80978199029882
4.6126,36.9815203828336
4.618,37.18188184079084
4.6236,37.15325877536837
4.6292,36.89565118656621
4.6348,36.80978199029882
4.6402,37.038766513678524
4.6458,37.15325877536837
4.6515,37.038766513678524
4.6571,36.86702812114375
4.6624,36.952897317411136
4.6681,37.12463570994591
4.6737,37.15325877536837
4.6791,36.92427425198868
4.6847,36.86702812114375
4.6904,36.9815203828336
4.696,37.18188184079084
4.7013,37.038766513678524
4.7069,36.86702812114375
4.7126,36.89565118656621
4.7182,37.15325877536837
4.7236,37.15325877536837
4.7292,37.01014344825606
4.7349,36.86702812114375
4.7402,36.9815203828336
4.7458,37.15325877536837
4.7515,37.12463570994591
4.7571,36.89565118656621
4.7625,36.83840505572129
4.7681,37.01014344825606
4.7737,37.18188184079084
4.7791,37.12463570994591
4.7847,36.86702812114375
4.7903,36.83840505572129
4.7959,37.038766513678524
4.8013,37.18188184079084
4.8069,37.06738957910098
4.8126,36.86702812114375
4.8182,36.89565118656621
4.8235,37.09601264452345
4.8292,37.15325877536837
4.8348,36.9815203828336
4.8404,36.86702812114375
4.8458,36.9815203828336
4.8514,37.18188184079084
4.857,37.15325877536837
4.8624,36.92427425198868
4.868,36.86702812114375
4.8737,36.9815203828336
4.8793,37.12463570994591
4.8846,37.12463570994591
4.8903,36.89565118656621
4.8959,36.89565118656621
4.9015,37.06738957910098
4.9069,37.18188184079084
4.9125,37.038766513678524
4.9181,36.92427425198868
4.9238,36.92427425198868
4.9291,37.12463570994591
4.9347,37.12463570994591
4.9404,36.952897317411136
4.9457,36.86702812114375
4.9514,37.01014344825606
4.957,37.18188184079084
4.9626,37.06738957910098
4.968,36.86702812114375
4.9736,36.86702812114375
4.9792,37.038766513678524
4.9849,37.210504906213295
4.9902,37.038766513678524
4.9959,36.83840505572129
5.0015,36.92427425198868
5.0071,37.15325877536837
5.0125,37.09601264452345
5.0181,37.01014344825606
5.0237,36.86702812114375
5.0291,36.9815203828336
5.0347,37.15325877536837
5.0403,37.01014344825606
5.0459,36.86702812114375
5.0513,36.9815203828336
5.0569,37.12463570994591
5.0626,37.09601264452345
5.0682,36.89565118656621
5.0736,36.86702812114375
5.0792,37.12463570994591
5.0848,37.210504906213295
5.0904,37.01014344825606
5.0958,36.86702812114375
5.1014,36.9815203828336
5.107,37.15325877536837
5.1124,37.15325877536837
5.118,36.89565118656621
5.1236,36.89565118656621
5.1293,37.038766513678524
5.1346,37.12463570994591
5.1402,37.06738957910098
5.1459,36.86702812114375
5.1515,36.92427425198868
5.1568,37.12463570994591
5.1625,37.12463570994591
5.1681,36.92427425198868
5.1737,36.89565118656621
5.1793,37.038766513678524
5.1847,37.12463570994591
5.1903,37.06738957910098
5.1958,36.83840505572129
5.2014,36.952897317411136
5.207,37.15325877536837
5.2126,37.12463570994591
5.218,36.952897317411136
5.2236,36.83840505572129
5.2292,36.952897317411136
5.2348,37.18188184079084
5.2402,37.15325877536837
5.2458,36.83840505572129
5.2514,36.86702812114375
5.257,37.06738957910098
5.2626,37.18188184079084
5.268,36.952897317411136
5.2736,36.7525358594539
5.2792,36.952897317411136
5.2848,37.09601264452345
5.2902,37.12463570994591
5.2958,36.86702812114375
5.3014,36.86702812114375
5.307,37.09601264452345
5.3124,37.18188184079084
5.318,36.9815203828336
5.3236,36.781158924876365
5.3293,36.89565118656621
5.3348,37.15325877536837
5.3404,37.12463570994591
5.3458,36.952897317411136
5.3514,36.86702812114375
5.357,36.9815203828336
5.3624,37.15325877536837
5.368,37.12463570994591
5.3736,36.86702812114375
5.3793,36.86702812114375
5.3846,37.038766513678524
5.3902,37.12463570994591
5.3959,37.01014344825606
5.4015,36.83840505572129
5.4071,36.952897317411136
5.4124,37.12463570994591
5.418,37.09601264452345
5.4237,36.86702812114375
5.4293,36.80978199029882
5.4346,37.01014344825606
5.4403,37.09601264452345
5.4459,37.01014344825606
5.4515,36.83840505572129
5.4569,36.83840505572129
5.4625,37.12463570994591
5.4681,37.15325877536837
5.4738,37.01014344825606
5.4791,36.781158924876365
5.4847,36.92427425198868
5.4904,37.12463570994591
5.4957,37.12463570994591
5.5013,36.92427425198868
5.507,36.83840505572129
5.5126,36.9815203828336
5.518,37.12463570994591
5.5236,37.18188184079084
5.5292,36.83840505572129
5.5349,36.80978199029882
5.5402,37.01014344825606
5.5458,37.210504906213295
5.5514,37.06738957910098
5.5571,36.83840505572129
5.5624,36.92427425198868
5.568,37.12463570994591
5.5736,37.15325877536837
5.5792,36.9815203828336
5.5849,36.83840505572129
5.5902,36.952897317411136
5.5958,37.18188184079084
5.6014,37.06738957910098
5.607,36.89565118656621
5.6124,36.89565118656621
5.618,37.01014344825606
5.6236,37.15325877536837
5.6292,37.038766513678524
5.6349,36.86702812114375
5.6402,36.86702812114375
5.6458,37.06738957910098
5.6514,37.15325877536837
5.657,36.92427425198868
5.6624,36.83840505572129
5.668,36.86702812114375
5.6736,37.09601264452345
5.6792,37.09601264452345
5.6848,36.92427425198868
5.6902,36.86702812114375
5.6958,37.01014344825606
5.7014,37.12463570994591
5.707,37.038766513678524
5.7124,36.89565118656621
5.718,36.89565118656621
5.7236,37.12463570994591
5.7293,37.12463570994591
5.7346,36.952897317411136
5.7403,36.86702812114375
5.7459,36.952897317411136
5.7515,37.15325877536837
5.7568,37.09601264452345
5.7625,36.89565118656621
5.7681,36.83840505572129
5.7737,36.952897317411136
5.7793,37.23912797163576
5.7847,37.06738957910098
5.7903,36.86702812114375
5.796,36.83840505572129
5.8013,37.01014344825606
5.8069,37.12463570994591
5.8126,37.038766513678524
5.8179,36.80978199029882
5.8236,36.89565118656621
5.8292,37.15325877536837
5.8348,37.18188184079084
5.8402,36.9815203828336
5.8459,36.83840505572129
5.8515,36.89565118656621
5.8569,37.15325877536837
5.8625,37.06738957910098
5.8682,36.89565118656621
5.8738,36.86702812114375
5.8791,37.06738957910098
5.8848,37.18188184079084
5.8904,37.038766513678524
5.896,36.83840505572129
5.9013,36.86702812114375
5.907,37.06738957910098
5.9126,37.18188184079084
5.9182,36.9815203828336
5.9236,36.83840505572129
5.9292,36.9815203828336
5.9348,37.12463570994591
5.9404,37.12463570994591
5.9458,36.92427425198868
5.9514,36.89565118656621
5.957,36.9815203828336
5.9624,37.18188184079084
5.968,37.06738957910098
5.9736,36.86702812114375
5.9793,36.89565118656621
5.9849,37.06738957910098
5.9902,37.12463570994591
5.9959,37.01014344825606
6.0015,36.86702812114375
6.0068,36.952897317411136
6.0125,37.15325877536837
6.0181,37.12463570994591
6.0237,36.89565118656621
6.0291,36.86702812114375
6.0347,36.9815203828336
6.0404,37.15325877536837
6.046,37.01014344825606
6.0513,36.86702812114375
6.057,36.781158924876365
6.0626,37.12463570994591
6.068,37.15325877536837
6.0736,36.89565118656621
6.0792,36.89565118656621
6.0848,37.01014344825606
6.0902,37.23912797163576
6.0958,37.038766513678524
6.1015,36.86702812114375
6.1071,36.83840505572129
6.1124,37.12463570994591
6.1181,37.210504906213295
6.1237,36.952897317411136
6.129,36.80978199029882
6.1347,36.952897317411136
6.1403,37.15325877536837
6.1459,37.09601264452345
6.1513,36.86702812114375
6.1569,36.92427425198868
6.1625,37.09601264452345
6.1681,37.15325877536837
6.1738,36.9815203828336
6.1791,36.80978199029882
6.1848,36.952897317411136
6.1904,37.12463570994591
6.1957,37.15325877536837
6.2014,36.92427425198868
6.207,36.83840505572129
6.2126,36.952897317411136
6.218,37.210504906213295
6.2236,37.06738957910098
6.2292,36.86702812114375
6.2348,36.89565118656621
6.2402,37.09601264452345
6.2458,37.18188184079084
6.2514,36.92427425198868
6.2571,36.781158924876365
6.2624,36.9815203828336
6.268,37.15325877536837
6.2737,37.09601264452345
6.2793,36.92427425198868
6.2847,36.86702812114375
6.2903,37.038766513678524
6.2959,37.09601264452345
6.3015,37.038766513678524
6.3069,36.86702812114375
6.3125,36.86702812114375
6.3181,37.06738957910098
6.3238,37.18188184079084
6.3291,36.952897317411136
6.3347,36.781158924876365
6.3404,36.92427425198868
6.3457,37.15325877536837
6.3514,37.06738957910098
6.357,36.86702812114375
6.3626,36.83840505572129
6.368,36.9815203828336
6.3736,37.210504906213295
6.3792,37.06738957910098
6.3848,36.86702812114375
6.3902,36.89565118656621
6.3958,37.12463570994591
6.4014,37.09601264452345
6.4071,36.92427425198868
6.4124,36.86702812114375
6.4181,37.01014344825606
6.4237,37.15325877536837
6.4293,37.01014344825606
6.4347,36.80978199029882
6.4403,36.92427425198868
6.4459,37.15325877536837
6.4513,37.18188184079084
6.4569,36.952897317411136
6.4625,36.86702812114375
6.4681,37.01014344825606
6.4738,37.15325877536837
6.4791,37.038766513678524
6.4848,36.83840505572129
6.4904,36.92427425198868
6.496,37.09601264452345
6.5014,37.18188184079084
6.507,37.038766513678524
6.5126,36.83840505572129
6.5182,36.952897317411136
6.5236,37.12463570994591
6.5292,37.15325877536837
6.5348,36.92427425198868
6.5404,36.83840505572129
6.5458,36.952897317411136
6.5514,37.18188184079084
6.557,37.09601264452345
6.5627,36.92427425198868
6.568,36.83840505572129
6.5736,37.038766513678524
6.5793,37.18188184079084
6.5849,37.038766513678524
6.5902,36.83840505572129
6.5959,36.89565118656621
6.6015,37.01014344825606
6.6068,37.23912797163576
6.6124,37.06738957910098
6.6181,36.86702812114375
6.6237,36.89565118656621
6.6293,37.15325877536837
6.6347,37.18188184079084
6.6403,36.9815203828336
6.6459,36.83840505572129
6.6515,36.952897317411136
6.6569,37.18188184079084
6.6625,37.09601264452345
6.6681,36.92427425198868
6.6738,36.89565118656621
6.6791,37.06738957910098
6.6848,37.12463570994591
6.6902,36.952897317411136
6.6958,36.86702812114375
6.7015,36.9815203828336
6.7071,37.15325877536837
6.7124,37.09601264452345
6.718,36.83840505572129
6.7236,36.89565118656621
6.7293,37.06738957910098
6.7349,37.09601264452345
6.7402,36.9815203828336
6.7458,36.89565118656621
6.7514,36.952897317411136
6.7569,37.15325877536837
6.7625,37.15325877536837
6.7681,36.89565118656621
6.7736,36.89565118656621
6.7792,37.038766513678524
6.7847,37.18188184079084
6.7903,37.06738957910098
6.796,36.83840505572129
6.8013,36.92427425198868
6.8069,37.12463570994591
6.8125,37.210504906213295
6.8181,36.952897317411136
6.8237,36.83840505572129
6.8291,37.06738957910098
6.8347,37.23912797163576
6.8403,37.12463570994591
6.8459,36.86702812114375
6.8513,36.86702812114375
6.857,37.06738957910098
6.8626,37.15325877536837
6.868,37.01014344825606
6.8736,36.89565118656621
6.8792,36.952897317411136
6.8848,37.12463570994591
6.8904,37.12463570994591
6.8958,36.952897317411136
6.9014,36.89565118656621
6.9071,37.01014344825606
6.9124,37.210504906213295
6.9181,37.01014344825606
6.9237,36.86702812114375
6.9293,36.92427425198868
6.9347,37.12463570994591
6.9403,37.12463570994591
6.9459,36.952897317411136
6.9515,36.83840505572129
6.9569,36.9815203828336
6.9625,37.210504906213295
6.9682,37.09601264452345
6.9738,36.89565118656621
6.9791,36.83840505572129
6.9848,37.06738957910098
6.9904,37.09601264452345
6.9957,37.01014344825606
7.0014,36.86702812114375
7.007,36.9815203828336
7.0126,37.18188184079084
7.018,37.09601264452345
7.0236,36.89565118656621
7.0292,36.83840505572129
7.0349,37.038766513678524
7.0402,37.12463570994591
7.0458,37.038766513678524
7.0515,36.86702812114375
7.0571,36.89565118656621
7.0624,37.09601264452345
7.0681,37.15325877536837
7.0737,36.952897317411136
7.0793,36.80978199029882
7.0846,37.01014344825606
7.0903,37.15325877536837
7.0959,37.038766513678524
7.1015,36.83840505572129
7.1069,36.89565118656621
7.1125,37.12463570994591
7.1181,37.12463570994591
7.1237,37.038766513678524
7.1291,36.86702812114375
7.1347,36.92427425198868
7.1403,37.210504906213295
7.146,37.09601264452345
7.1513,36.89565118656621
7.157,36.89565118656621
7.1626,37.038766513678524
7.1682,37.12463570994591
7.1735,37.01014344825606
7.1792,36.86702812114375
7.1848,36.92427425198868
7.1904,37.12463570994591
7.1958,37.12463570994591
7.2014,36.92427425198868
7.207,36.89565118656621
7.2127,37.12463570994591
7.218,37.06738957910098
7.2237,36.952897317411136
7.2293,36.86702812114375
7.2349,37.09601264452345
7.2402,37.18188184079084
7.2459,37.06738957910098
7.2515,36.83840505572129
7.2569,36.86702812114375
7.2625,37.12463570994591
7.2681,37.09601264452345
7.2737,36.952897317411136
7.2791,36.83840505572129
7.2847,37.06738957910098
7.2903,37.12463570994591
7.296,37.038766513678524
7.3013,36.83840505572129
7.3069,36.89565118656621
7.3126,37.09601264452345
7.3182,37.09601264452345
7.3238,36.92427425198868
7.3292,36.92427425198868
7.3348,36.9815203828336
7.3404,37.15325877536837
7.3458,36.9815203828336
7.3514,36.80978199029882
7.357,37.01014344825606
7.3627,37.09601264452345
7.368,37.038766513678524
7.3736,36.86702812114375
7.3793,36.89565118656621
7.3846,37.09601264452345
7.3903,37.15325877536837
7.3959,36.89565118656621
7.4015,36.89565118656621
7.4071,37.06738957910098
7.4125,37.210504906213295
7.4181,37.038766513678524
7.4238,36.80978199029882
7.4291,36.92427425198868
7.4347,37.12463570994591
7.4404,37.15325877536837
7.446,36.92427425198868
7.4513,36.83840505572129
7.457,36.9815203828336
7.4626,37.210504906213295
7.4682,37.15325877536837
7.4736,36.92427425198868
7.4792,36.80978199029882
7.4848,36.952897317411136
7.4905,37.210504906213295
7.4958,37.09601264452345
7.5014,36.83840505572129
7.507,36.86702812114375
7.5127,37.06738957910098
7.518,37.18188184079084
7.5236,37.01014344825606
7.5293,36.86702812114375
7.5346,37.038766513678524
7.5403,37.09601264452345
7.5459,37.038766513678524
7.5515,36.83840505572129
7.5571,36.89565118656621
7.5625,37.18188184079084
7.5681,37.18188184079084
7.5737,36.952897317411136
7.5791,36.86702812114375
7.5847,37.06738957910098
7.5903,37.18188184079084
7.596,37.038766513678524
7.6013,36.83840505572129
7.607,36.89565118656621
7.6126,37.15325877536837
7.618,37.210504906213295
7.6236,36.92427425198868
7.6292,36.80978199029882
7.6349,37.038766513678524
7.6402,37.12463570994591
7.6459,36.9815203828336
7.6515,36.89565118656621
7.6571,37.01014344825606
7.6625,37.15325877536837
7.6681,36.9815203828336
7.6737,36.80978199029882
7.6791,36.9815203828336
7.6847,37.18188184079084
7.6904,37.06738957910098
7.696,36.86702812114375
7.7013,36.89565118656621
7.707,37.09601264452345
7.7126,37.15325877536837
7.7182,36.9815203828336
7.7236,36.86702812114375
7.7292,37.06738957910098
7.7348,37.15325877536837
7.7405,37.01014344825606
7.7458,36.89565118656621
7.7514,37.01014344825606
7.757,37.12463570994591
7.7627,37.06738957910098
7.768,36.92427425198868
7.7737,36.89565118656621
7.7793,37.12463570994591
7.7846,37.12463570994591
7.7903,36.952897317411136
7.7959,36.89565118656621
7.8015,37.038766513678524
7.8069,37.15325877536837
7.8125,37.01014344825606
7.8181,36.86702812114375
7.8237,36.86702812114375
7.8294,37.15325877536837
7.8347,37.038766513678524
7.8403,36.89565118656621
7.846,36.86702812114375
7.8516,37.06738957910098
7.857,37.18188184079084
7.8626,37.01014344825606
7.8682,36.952897317411136
7.8736,37.06738957910098
7.8792,37.12463570994591
7.8848,37.01014344825606
7.8902,36.86702812114375
7.8958,36.92427425198868
7.9014,37.15325877536837
7.9071,37.038766513678524
7.9127,36.89565118656621
7.918,36.92427425198868
7.9236,37.12463570994591
7.9292,37.09601264452345
7.9348,36.86702812114375
7.9402,36.86702812114375
7.9458,37.038766513678524
7.9514,37.15325877536837
7.9571,36.9815203828336
7.9624,36.86702812114375
7.9681,36.9815203828336
7.9736,37.15325877536837
7.9792,37.06738957910098
7.9849,36.86702812114375
7.9902,36.89565118656621
7.9959,37.12463570994591
8.0014,37.06738957910098
8.007,36.92427425198868
8.0124,36.89565118656621
8.018,37.038766513678524
8.0237,37.12463570994591
8.0292,37.01014344825606
8.0349,36.83840505572129
8.0402,36.9815203828336
8.0459,37.09601264452345
8.0515,37.06738957910098
8.0569,36.86702812114375
8.0625,36.89565118656621
8.0681,37.12463570994591
8.0737,37.09601264452345
8.0794,36.89565118656621
8.0847,36.86702812114375
8.0903,37.09601264452345
8.096,37.09601264452345
8.1013,36.9815203828336
8.1069,36.86702812114375
8.1126,37.01014344825606
8.1182,37.15325877536837
8.1235,37.06738957910098
8.1291,36.92427425198868
8.1347,36.89565118656621
8.1403,37.09601264452345
8.146,37.18188184079084
8.1516,36.89565118656621
8.1569,36.86702812114375
8.1625,37.09601264452345
8.1681,37.18188184079084
8.1738,37.01014344825606
8.1791,36.89565118656621
8.1847,36.92427425198868
8.1903,37.210504906213295
8.196,37.09601264452345
8.2013,36.89565118656621
8.2069,36.952897317411136
8.2125,37.09601264452345
8.2181,37.09601264452345
8.2238,36.92427425198868
8.2291,36.86702812114375
8.2347,37.09601264452345
8.2403,37.18188184079084
8.246,37.01014344825606
8.2513,36.89565118656621
8.2569,36.952897317411136
8.2626,37.15325877536837
8.2681,37.09601264452345
8.2738,36.83840505572129
8.2791,36.89565118656621
8.2847,37.06738957910098
8.2904,37.15325877536837
8.2959,36.9815203828336
8.3013,36.80978199029882
8.3069,36.9815203828336
8.3125,37.210504906213295
8.3182,37.15325877536837
8.3235,36.86702812114375
8.3291,36.92427425198868
8.3348,37.038766513678524
8.3404,37.12463570994591
8.3458,37.06738957910098
8.3514,36.89565118656621
8.357,36.952897317411136
8.3626,37.12463570994591
8.368,37.18188184079084
8.3736,37.038766513678524
8.3792,36.80978199029882
8.3849,36.86702812114375
8.3902,37.09601264452345
8.3958,37.18188184079084
8.4015,36.9815203828336
8.4071,36.89565118656621
8.4124,36.92427425198868
8.4181,37.12463570994591
8.4237,37.18188184079084
8.4293,36.952897317411136
8.4347,36.83840505572129
8.4403,37.038766513678524
8.4459,37.15325877536837
8.4516,37.06738957910098
8.4569,36.86702812114375
8.4625,36.92427425198868
8.4682,37.09601264452345
8.4738,37.15325877536837
8.4791,36.952897317411136
8.4848,36.86702812114375
8.4904,37.01014344825606
8.4958,37.210504906213295
8.5014,37.06738957910098
8.507,36.92427425198868
8.5126,36.86702812114375
8.5182,37.15325877536837
8.5236,37.15325877536837
8.5292,36.9815203828336
8.5348,36.89565118656621
8.5402,36.83840505572129
8.5458,37.12463570994591
8.5514,37.15325877536837
8.5571,36.952897317411136
8.5624,36.86702812114375
8.568,37.01014344825606
8.5736,37.210504906213295
8.5793,37.06738957910098
8.5846,36.83840505572129
8.5902,36.83840505572129
8.5959,37.09601264452345
8.6015,37.18188184079084
8.6071,37.01014344825606
8.6125,36.80978199029882
8.6181,36.92427425198868
8.6237,37.15325877536837
8.6293,37.15325877536837
8.6347,36.9815203828336
8.6403,36.89565118656621
8.6459,37.01014344825606
8.6515,37.18188184079084
8.6569,37.06738957910098
8.6625,36.86702812114375
8.6682,36.89565118656621
8.6738,37.09601264452345
8.6791,37.15325877536837
8.6847,37.01014344825606
8.6904,36.86702812114375
8.696,37.01014344825606
8.7013,37.18188184079084
8.707,37.01014344825606
8.7126,36.89565118656621
8.718,36.86702812114375
8.7236,37.09601264452345
8.7292,37.09601264452345
8.7348,36.9815203828336
8.7402,36.86702812114375
8.7458,37.06738957910098
8.7514,37.15325877536837
8.7571,37.06738957910098
8.7627,36.89565118656621
8.768,36.86702812114375
8.7737,37.12463570994591
8.7793,37.15325877536837
8.7849,36.9815203828336
8.7903,36.83840505572129
8.7959,36.92427425198868
8.8015,37.12463570994591
8.8069,37.038766513678524
8.8125,36.86702812114375
8.8181,36.952897317411136
8.8238,37.15325877536837
8.8291,37.15325877536837
8.8347,37.038766513678524
8.8403,36.83840505572129
8.846,36.92427425198868
8.8513,37.18188184079084
8.857,37.15325877536837
8.8624,36.9815203828336
8.8681,36.80978199029882
8.8736,37.01014344825606
8.8792,37.18188184079084
8.8848,37.09601264452345
8.8905,36.86702812114375
8.8958,36.92427425198868
8.9014,37.09601264452345
8.9071,37.23912797163576
8.9124,37.038766513678524
8.918,36.80978199029882
8.9237,36.92427425198868
8.9293,37.15325877536837
8.9346,37.210504906213295
8.9403,36.952897317411136
8.9459,36.83840505572129
8.9515,37.038766513678524
8.9569,37.15325877536837
8.9625,37.01014344825606
8.9681,36.83840505572129
8.9738,36.92427425198868
8.9791,37.12463570994591
8.9848,37.18188184079084
8.9904,36.9815203828336
8.9957,36.83840505572129
9.0014,36.89565118656621
9.007,37.12463570994591
9.0126,37.12463570994591
9.0182,36.89565118656621
9.0236,36.89565118656621
9.0292,37.06738957910098
9.0349,37.18188184079084
9.0402,37.038766513678524
9.0458,36.83840505572129
9.0514,36.92427425198868
9.0571,37.12463570994591
9.0627,37.06738957910098
9.0681,36.86702812114375
9.0738,36.89565118656621
9.0791,37.038766513678524
9.0848,37.15325877536837
9.0904,36.9815203828336
9.096,36.89565118656621
9.1013,36.952897317411136
9.1069,37.15325877536837
9.1126,37.038766513678524
9.1182,36.89565118656621
9.1235,36.83840505572129
9.1292,37.038766513678524
9.1348,37.210504906213295
9.1404,37.01014344825606
9.1458,36.83840505572129
9.1514,36.92427425198868
9.1571,37.09601264452345
9.1624,37.15325877536837
9.1681,36.9815203828336
9.1737,36.80978199029882
9.1793,36.9815203828336
9.1847,37.15325877536837
9.1903,37.12463570994591
9.1959,36.86702812114375
9.2015,36.89565118656621
9.2071,37.038766513678524
9.2125,37.18188184079084
9.2181,37.038766513678524
9.2237,36.80978199029882
9.2293,36.89565118656621
9.2346,37.12463570994591
9.2403,37.09601264452345
9.2459,36.952897317411136
9.2515,36.83840505572129
9.2569,36.92427425198868
9.2625,37.15325877536837
9.2681,37.18188184079084
9.2737,36.9815203828336
9.2793,36.83840505572129
9.2847,36.9815203828336
9.2903,37.15325877536837
9.2959,37.12463570994591
9.3015,36.92427425198868
9.3069,36.89565118656621
9.3125,36.9815203828336
9.3181,37.15325877536837
9.3237,37.06738957910098
9.3293,36.83840505572129
9.3347,36.83840505572129
9.3403,37.09601264452345
9.3459,37.18188184079084
9.3515,37.038766513678524
9.3569,36.83840505572129
9.3625,36.86702812114375
9.3681,37.12463570994591
9.3737,37.18188184079084
9.3791,37.038766513678524
9.3847,36.83840505572129
9.3903,36.89565118656621
9.396,37.15325877536837
9.4013,37.12463570994591
9.4069,36.952897317411136
9.4125,36.80978199029882
9.4182,37.038766513678524
9.4238,37.09601264452345
9.4292,37.06738957910098
9.4348,36.86702812114375
9.4404,36.92427425198868
9.446,37.12463570994591
9.4514,37.09601264452345
9.457,37.01014344825606
9.4626,36.781158924876365
9.4682,36.9815203828336
9.4736,37.15325877536837
9.4792,37.038766513678524
9.4848,36.89565118656621
9.4905,36.89565118656621
9.4958,37.038766513678524
9.5015,37.210504906213295
9.5071,37.06738957910098
9.5125,36.72391279403144
9.5181,36.86702812114375
9.5237,37.09601264452345
9.5291,37.12463570994591
9.5348,36.89565118656621
9.5404,36.781158924876365
9.546,36.9815203828336
9.5514,37.18188184079084
9.557,37.12463570994591
9.5626,36.89565118656621
9.5682,36.83840505572129
9.5736,37.06738957910098
9.5792,37.15325877536837
9.5848,37.038766513678524
9.5905,36.83840505572129
9.5958,36.89565118656621
9.6014,37.12463570994591
9.607,37.12463570994591
9.6126,36.952897317411136
9.618,36.83840505572129
9.6236,37.01014344825606
9.6292,37.210504906213295
9.6348,37.038766513678524
9.6404,36.89565118656621
9.6458,36.89565118656621
9.6514,37.09601264452345
9.657,37.12463570994591
9.6626,36.9815203828336
9.668,36.86702812114375
9.6736,36.9815203828336
9.6792,37.15325877536837
9.6848,37.12463570994591
9.6904,36.9815203828336
9.696,36.83840505572129
9.7014,36.952897317411136
9.707,37.09601264452345
9.7126,37.09601264452345
9.7182,36.80978199029882
9.7236,36.92427425198868
9.7292,37.06738957910098
9.7348,37.15325877536837
9.7404,36.92427425198868
9.7458,36.83840505572129
9.7514,36.952897317411136
9.757,37.18188184079084
9.7626,37.09601264452345
9.7682,36.86702812114375
9.7736,36.86702812114375
9.7792,37.038766513678524
9.7849,37.210504906213295
9.7902,37.038766513678524
9.7959,36.86702812114375
9.8015,36.89565118656621
9.8071,37.09601264452345
9.8125,37.12463570994591
9.8181,36.92427425198868
9.8237,36.89565118656621
9.8293,37.09601264452345
9.8347,37.18188184079084
9.8403,37.01014344825606
9.8459,36.86702812114375
9.8516,36.9815203828336
9.8569,37.15325877536837
9.8626,37.038766513678524
9.8682,36.89565118656621
9.8736,36.89565118656621
9.8792,37.12463570994591
9.8848,37.18188184079084
9.8904,37.01014344825606
9.8958,36.80978199029882
9.9014,36.92427425198868
9.907,37.09601264452345
9.9127,37.09601264452345
9.918,36.952897317411136
9.9236,36.89565118656621
9.9292,37.01014344825606
9.9349,37.18188184079084
9.9402,37.06738957910098
9.9458,36.86702812114375
9.9515,36.86702812114375
9.9571,37.038766513678524
9.9624,37.15325877536837
9.968,36.952897317411136
9.9737,36.86702812114375
9.9793,37.01014344825606
9.9849,37.15325877536837
9.9902,36.9815203828336
9.9959,36.83840505572129
10.0015,36.952897317411136
10.0071,37.09601264452345
10.0125,37.06738957910098
10.0181,36.92427425198868
10.0237,36.89565118656621
10.0291,37.12463570994591
10.0347,37.15325877536837
10.0403,36.952897317411136
10.0459,36.86702812114375
10.0516,37.01014344825606
10.0569,37.18188184079084
10.0625,37.06738957910098
10.0682,36.80978199029882
10.0738,36.89565118656621
10.0791,37.09601264452345
10.0848,37.15325877536837
10.0904,36.952897317411136
10.096,36.781158924876365
10.1013,36.952897317411136
10.107,37.18188184079084
10.1126,37.15325877536837
10.1182,36.86702812114375
10.1235,36.92427425198868
10.1292,37.038766513678524
10.1348,37.210504906213295
10.1404,37.01014344825606
10.1458,36.86702812114375
10.1514,36.9815203828336
10.157,37.12463570994591
10.1627,37.09601264452345
10.168,36.86702812114375
10.1736,36.83840505572129
10.1793,37.038766513678524
10.1849,37.15325877536837
10.1902,37.01014344825606
10.1959,36.86702812114375
10.2015,36.89565118656621
10.2071,37.15325877536837
10.2124,37.12463570994591
10.2181,36.9815203828336
10.2237,36.83840505572129
10.2293,36.92427425198868
10.2346,37.12463570994591
10.2403,37.06738957910098
10.2459,36.86702812114375
10.2515,36.92427425198868
10.2569,37.09601264452345
10.2625,37.15325877536837
10.2681,37.01014344825606
10.2737,36.83840505572129
10.2793,36.952897317411136
10.2847,37.18188184079084
10.2903,37.06738957910098
10.2957,36.89565118656621
10.3014,36.89565118656621
10.307,37.09601264452345
10.3126,37.15325877536837
10.3182,37.038766513678524
10.3236,36.83840505572129
10.3292,36.9815203828336
10.3348,37.09601264452345
10.3404,37.038766513678524
10.3458,36.83840505572129
10.3514,36.92427425198868
10.357,37.15325877536837
10.3626,37.15325877536837
10.368,36.92427425198868
10.3736,36.80978199029882
10.3792,37.038766513678524
10.3848,37.18188184079084
10.3905,37.038766513678524
10.3958,36.86702812114375
10.4014,36.92427425198868
10.407,37.15325877536837
10.4124,37.09601264452345
10.418,36.86702812114375
10.4236,36.86702812114375
10.4293,37.12463570994591
10.4348,37.09601264452345
10.4402,37.01014344825606
10.4458,36.952897317411136
10.4514,37.01014344825606
10.4571,37.12463570994591
10.4624,37.01014344825606
10.468,36.89565118656621
10.4736,37.038766513678524
10.4793,37.18188184079084
10.4847,37.01014344825606
10.4903,36.92427425198868
10.4959,36.9815203828336
10.5016,37.12463570994591
10.5069,37.038766513678524
10.5126,36.89565118656621
10.5182,36.952897317411136
10.5235,37.12463570994591
10.5292,37.038766513678524
10.5348,36.86702812114375
10.5404,36.92427425198868
10.5458,37.12463570994591
10.5514,37.06738957910098
10.557,36.86702812114375
10.5627,36.86702812114375
10.568,37.09601264452345
10.5736,37.09601264452345
10.5793,36.9815203828336
10.5849,36.92427425198868
10.5902,36.92427425198868
10.5959,37.12463570994591
10.6015,37.12463570994591
10.6069,36.89565118656621
10.6125,36.80978199029882
10.6181,37.01014344825606
10.6237,37.18188184079084
10.6294,37.038766513678524
10.6347,36.86702812114375
10.6403,36.89565118656621
10.646,37.06738957910098
10.6514,37.15325877536837
10.657,37.06738957910098
10.6626,36.86702812114375
10.668,36.92427425198868
10.6736,37.210504906213295
10.6792,37.12463570994591
10.6849,36.86702812114375
10.6902,36.89565118656621
10.6959,37.06738957910098
10.7015,37.12463570994591
10.7071,36.9815203828336
10.7125,36.86702812114375
10.7181,36.952897317411136
10.7238,37.12463570994591
10.7291,37.12463570994591
10.7347,36.89565118656621
10.7404,36.89565118656621
10.746,37.01014344825606
10.7513,37.09601264452345
10.757,37.01014344825606
10.7626,36.83840505572129
10.7682,36.952897317411136
10.7738,37.09601264452345
10.7792,37.09601264452345
10.7848,36.86702812114375
10.7904,36.89565118656621
10.7958,37.038766513678524
10.8014,37.15325877536837
10.8071,36.9815203828336
10.8124,36.86702812114375
10.818,36.9815203828336
10.8237,37.12463570994591
10.8293,37.15325877536837
10.8347,36.952897317411136
10.8403,36.83840505572129
10.8459,37.06738957910098
10.8515,37.15325877536837
10.8569,37.12463570994591
10.8626,36.83840505572129
10.8682,36.89565118656621
10.8735,37.09601264452345
10.8792,37.210504906213295
10.8848,37.06738957910098
10.8904,36.83840505572129
10.8958,36.92427425198868
10.9014,37.12463570994591
10.907,37.12463570994591
10.9126,36.9815203828336
10.9183,36.86702812114375
10.9236,37.038766513678524
10.9292,37.18188184079084
10.9348,37.01014344825606
10.9405,36.86702812114375
10.9458,36.92427425198868
10.9514,37.09601264452345
10.9571,37.15325877536837
10.9624,36.952897317411136
10.9681,36.89565118656621
10.9737,37.038766513678524
10.9793,37.18188184079084
10.9846,37.038766513678524
10.9903,36.80978199029882
10.9959,36.89565118656621
11.0015,37.09601264452345
11.0069,37.12463570994591
11.0125,36.89565118656621
11.0181,36.92427425198868
11.0238,37.09601264452345
11.0291,37.12463570994591
11.0348,36.92427425198868
11.0404,36.89565118656621
11.046,37.09601264452345
11.0513,37.09601264452345
11.057,36.952897317411136
11.0626,36.92427425198868
11.0682,37.038766513678524
11.0736,37.15325877536837
11.0792,37.01014344825606
11.0848,36.83840505572129
11.0902,36.952897317411136
11.0958,37.18188184079084
11.1015,37.06738957910098
11.1071,36.86702812114375
11.1124,36.83840505572129
11.118,37.12463570994591
11.1237,37.18188184079084
11.1293,37.038766513678524
11.1349,36.86702812114375
11.1403,36.952897317411136
11.1458,37.09601264452345
11.1515,37.15325877536837
11.1571,36.89565118656621
11.1624,36.86702812114375
11.168,37.09601264452345
11.1736,37.15325877536837
11.1793,37.06738957910098
11.1849,36.83840505572129
11.1902,36.952897317411136
11.1959,37.12463570994591
11.2014,37.15325877536837
11.2071,36.952897317411136
11.2124,36.86702812114375
11.2181,36.9815203828336
11.2237,37.18188184079084
11.2293,37.09601264452345
11.2349,36.83840505572129
11.2402,36.83840505572129
11.2459,37.06738957910098
11.2515,37.15325877536837
11.2571,37.06738957910098
11.2627,36.89565118656621
11.268,37.01014344825606
11.2737,37.15325877536837
11.2793,37.06738957910098
11.2847,36.83840505572129
11.2903,36.89565118656621
11.2959,37.18188184079084
11.3015,37.09601264452345
11.3069,36.92427425198868
11.3125,36.89565118656621
11.3181,37.038766513678524
11.3238,37.12463570994591
11.3291,37.01014344825606
11.3347,36.86702812114375
11.3403,36.9815203828336
11.346,37.06738957910098
11.3516,37.038766513678524
11.3569,36.89565118656621
11.3625,36.92427425198868
11.3682,37.12463570994591
11.3738,37.12463570994591
11.3791,36.952897317411136
11.3848,36.86702812114375
11.3904,37.06738957910098
11.396,37.18188184079084
11.4013,37.12463570994591
11.4069,36.83840505572129
11.4126,36.92427425198868
11.4182,37.12463570994591
11.4238,37.15325877536837
11.4291,36.89565118656621
11.4347,36.80978199029882
11.4404,37.09601264452345
11.446,37.18188184079084
11.4513,37.06738957910098
11.4569,36.89565118656621
11.4626,36.952897317411136
11.4682,37.12463570994591
11.4735,37.15325877536837
11.4792,36.89565118656621
11.4847,36.89565118656621
11.4904,37.09601264452345
11.496,37.01014344825606
11.5014,36.9815203828336
11.507,36.86702812114375
11.5125,37.01014344825606
11.5182,37.09601264452345
11.5238,37.01014344825606
11.5291,36.83840505572129
11.5348,36.89565118656621
11.5404,37.12463570994591
11.546,37.18188184079084
11.5513,36.89565118656621
11.5569,36.89565118656621
11.5626,37.038766513678524
11.5682,37.09601264452345
11.5735,36.952897317411136
11.5792,36.80978199029882
11.5848,37.01014344825606
11.5904,37.15325877536837
11.5958,36.952897317411136
11.6014,36.86702812114375
11.607,37.01014344825606
11.6127,37.12463570994591
11.618,37.06738957910098
11.6236,36.86702812114375
11.6293,37.01014344825606
11.6349,37.09601264452345
11.6403,36.9815203828336
11.6459,36.83840505572129
11.6515,36.9815203828336
11.6569,37.15325877536837
11.6625,37.09601264452345
11.6681,36.86702812114375
11.6737,36.86702812114375
11.6794,37.12463570994591
11.6847,37.15325877536837
11.6903,36.952897317411136
11.6959,36.83840505572129
11.7016,37.01014344825606
11.7069,37.06738957910098
11.7125,37.06738957910098
11.7181,36.86702812114375
11.7238,36.86702812114375
11.7291,37.15325877536837
11.7348,37.18188184079084
11.7404,37.06738957910098
11.746,36.781158924876365
11.7514,36.89565118656621
11.757,37.06738957910098
11.7626,37.18188184079084
11.7682,37.01014344825606
11.7736,36.80978199029882
11.7792,36.86702812114375
11.7849,37.12463570994591
11.7903,37.15325877536837
11.7959,37.01014344825606
11.8015,36.80978199029882
11.8071,36.92427425198868
11.8124,37.12463570994591
11.8181,37.09601264452345
11.8237,37.01014344825606
11.8293,36.80978199029882
11.8347,36.9815203828336
11.8403,37.18188184079084
11.846,37.06738957910098
11.8516,36.89565118656621
11.8569,36.89565118656621
11.8626,37.18188184079084
11.8682,37.18188184079084
11.8738,36.92427425198868
11.8791,36.86702812114375
11.8848,36.9815203828336
11.8904,37.15325877536837
11.8958,37.038766513678524
11.9014,36.86702812114375
11.907,36.89565118656621
11.9126,37.09601264452345
11.918,37.210504906213295
11.9236,37.09601264452345
11.9293,36.83840505572129
11.9349,36.89565118656621
11.9402,37.12463570994591
11.9459,37.18188184079084
11.9515,37.038766513678524
11.9571,36.86702812114375
11.9625,36.92427425198868
11.9681,37.12463570994591
11.9737,37.18188184079084
11.9793,36.92427425198868
11.9847,36.83840505572129
11.9903,37.01014344825606
11.996,37.18188184079084
12.0013,37.12463570994591
12.0069,36.89565118656621
12.0126,36.86702812114375
12.0182,37.06738957910098
12.0238,37.12463570994591
12.0292,37.038766513678524
12.0348,36.86702812114375
12.0404,36.952897317411136
12.0458,37.18188184079084
12.0514,37.12463570994591
12.057,36.952897317411136
12.0627,36.80978199029882
12.068,37.06738957910098
12.0736,37.15325877536837
12.0793,37.06738957910098
12.0849,36.83840505572129
12.0903,36.92427425198868
12.0959,37.12463570994591
12.1016,37.12463570994591
12.1069,37.01014344825606
12.1125,36.89565118656621
12.1182,36.952897317411136
12.1238,37.18188184079084
12.1291,37.12463570994591
12.1347,36.92427425198868
12.1404,36.92427425198868
12.146,37.15325877536837
12.1514,37.09601264452345
12.157,37.01014344825606
12.1626,36.80978199029882
12.1683,36.9815203828336
12.1736,37.210504906213295
12.1792,37.06738957910098
12.1848,36.781158924876365
12.1905,36.89565118656621
12.1958,37.15325877536837
12.2014,37.09601264452345
12.207,36.92427425198868
12.2127,36.86702812114375
12.218,37.09601264452345
12.2237,37.15325877536837
12.2293,36.9815203828336
12.2347,36.83840505572129
12.2403,37.06738957910098
12.246,37.18188184079084
12.2516,37.09601264452345
12.2569,36.92427425198868
12.2626,36.952897317411136
12.2682,37.12463570994591
12.2736,37.09601264452345
12.2792,36.952897317411136
12.2848,36.781158924876365
12.2904,37.01014344825606
12.2958,37.15325877536837
12.3014,37.038766513678524
12.3071,36.89565118656621
12.3127,37.01014344825606
12.318,37.09601264452345
12.3237,37.06738957910098
12.3293,36.92427425198868
12.3349,36.952897317411136
12.3403,37.12463570994591
12.3459,37.09601264452345
12.3515,36.89565118656621
12.3569,36.89565118656621
12.3625,37.06738957910098
12.3681,37.12463570994591
12.3737,36.92427425198868
12.3791,36.86702812114375
12.3847,37.06738957910098
12.3903,37.15325877536837
12.396,36.9815203828336
12.4013,36.89565118656621
12.407,36.92427425198868
12.4126,37.12463570994591
12.4182,37.15325877536837
12.4236,36.952897317411136
12.4292,36.89565118656621
12.4348,37.06738957910098
12.4405,37.15325877536837
12.4458,37.01014344825606
12.4514,36.86702812114375
12.4571,37.038766513678524
12.4627,37.15325877536837
12.468,37.09601264452345
12.4737,36.89565118656621
12.4793,36.89565118656621
12.4847,37.12463570994591
12.4903,37.15325877536837
12.4959,36.9815203828336
12.5016,36.86702812114375
12.5069,37.01014344825606
12.5125,37.12463570994591
12.5181,37.01014344825606
12.5238,36.86702812114375
12.5291,37.01014344825606
12.5348,37.09601264452345
12.5404,37.038766513678524
12.546,36.781158924876365
12.5514,37.01014344825606
12.5569,37.09601264452345
12.5625,37.15325877536837
12.5681,36.86702812114375
12.5738,36.86702812114375
12.5791,37.06738957910098
12.5847,37.15325877536837
12.5903,36.9815203828336
12.5959,36.86702812114375
12.6016,37.01014344825606
12.6069,37.15325877536837
12.6125,37.038766513678524
12.618,36.83840505572129
12.6236,36.9815203828336
12.6293,37.18188184079084
12.6349,37.12463570994591
12.6402,36.86702812114375
12.6458,36.86702812114375
12.6515,37.12463570994591
12.6571,37.15325877536837
12.6627,36.9815203828336
12.668,36.83840505572129
12.6736,37.06738957910098
12.6793,37.18188184079084
12.6849,36.9815203828336
12.6902,36.83840505572129
12.6958,36.9815203828336
12.7014,37.12463570994591
12.7071,37.09601264452345
12.7124,36.92427425198868
12.718,36.86702812114375
12.7237,37.09601264452345
12.7293,37.09601264452345
12.7349,36.92427425198868
12.7403,36.83840505572129
12.7459,37.01014344825606
12.7515,37.15325877536837
12.7571,37.038766513678524
12.7625,36.86702812114375
12.7681,36.952897317411136
12.7737,37.12463570994591
12.7793,37.12463570994591
12.7847,36.89565118656621
12.7903,36.952897317411136
12.796,37.15325877536837
12.8016,37.15325877536837
12.8069,36.952897317411136
12.8125,36.86702812114375
12.8182,37.038766513678524
12.8238,37.210504906213295
12.8291,37.09601264452345
12.8348,36.83840505572129
12.8404,36.89565118656621
12.846,37.18188184079084
12.8514,37.12463570994591
12.8571,36.9815203828336
12.8627,36.83840505572129
12.868,36.9815203828336
12.8736,37.12463570994591
12.8793,37.06738957910098
12.8849,36.86702812114375
12.8902,36.89565118656621
12.8959,37.09601264452345
12.9015,37.18188184079084
12.9071,36.952897317411136
12.9125,36.86702812114375
12.9181,36.952897317411136
12.9237,37.12463570994591
12.9293,37.09601264452345
12.9347,36.86702812114375
12.9403,36.89565118656621
12.9459,37.12463570994591
12.9516,37.15325877536837
12.9569,37.01014344825606
12.9625,36.80978199029882
12.9682,36.952897317411136
12.9738,37.12463570994591
12.9791,37.18188184079084
12.9847,36.92427425198868
12.9904,36.89565118656621
12.996,36.89565118656621
13.0016,37.18188184079084
13.007,37.15325877536837
13.0126,36.92427425198868
13.0182,36.80978199029882
13.0236,37.06738957910098
13.0292,37.15325877536837
13.0348,37.06738957910098
13.0404,36.89565118656621
13.0458,36.89565118656621
13.0514,37.15325877536837
13.0571,37.09601264452345
13.0627,36.9815203828336
13.068,36.86702812114375
13.0737,36.83840505572129
13.0793,37.15325877536837
13.0849,37.12463570994591
13.0903,36.92427425198868
13.0959,36.86702812114375
13.1016,36.9815203828336
13.1069,37.15325877536837
13.1126,37.038766513678524
13.1182,36.86702812114375
13.1236,36.89565118656621
13.1292,37.12463570994591
13.1348,37.09601264452345
13.1404,36.952897317411136
13.1458,36.86702812114375
13.1515,37.06738957910098
13.1571,37.09601264452345
13.1624,37.038766513678524
13.1681,36.80978199029882
13.1737,37.01014344825606
13.1793,37.15325877536837
13.1847,37.038766513678524
13.1903,36.92427425198868
13.1959,36.92427425198868
13.2015,37.06738957910098
13.2069,37.15325877536837
13.2125,36.92427425198868
13.2181,36.86702812114375
13.2238,37.06738957910098
13.2294,37.15325877536837
13.2347,36.9815203828336
13.2403,36.86702812114375
13.246,37.01014344825606
13.2516,37.09601264452345
13.257,37.038766513678524
13.2626,36.89565118656621
13.2682,36.86702812114375
13.2736,37.15325877536837
13.2792,37.09601264452345
13.2848,36.9815203828336
13.2905,36.86702812114375
13.2958,36.9815203828336
13.3014,37.15325877536837
13.3071,37.09601264452345
13.3127,36.952897317411136
13.3181,36.92427425198868
13.3237,37.09601264452345
13.3293,37.09601264452345
13.3347,36.86702812114375
13.3403,36.92427425198868
13.3459,37.09601264452345
13.3516,37.210504906213295
13.3569,36.9815203828336
13.3625,36.83840505572129
13.3682,36.952897317411136
13.3738,37.12463570994591
13.3792,37.038766513678524
13.3848,36.89565118656621
13.3904,36.92427425198868
13.396,37.09601264452345
13.4014,37.12463570994591
13.407,37.01014344825606
13.4126,36.86702812114375
13.418,36.92427425198868
13.4236,37.15325877536837
13.4293,37.06738957910098
13.4349,36.92427425198868
13.4402,36.86702812114375
13.4458,37.12463570994591
13.4515,37.12463570994591
13.4571,37.038766513678524
13.4625,36.86702812114375
13.4681,37.01014344825606
13.4737,37.18188184079084
13.4791,37.06738957910098
13.4848,36.89565118656621
13.4904,36.92427425198868
13.496,37.09601264452345
13.5013,37.15325877536837
13.5069,36.952897317411136
13.5126,36.80978199029882
13.5182,37.06738957910098
13.5236,37.09601264452345
13.5292,36.9815203828336
13.5348,36.89565118656621
13.5404,36.9815203828336
13.5458,37.18188184079084
13.5514,36.9815203828336
13.557,36.89565118656621
13.5627,36.952897317411136
13.568,37.12463570994591
13.5736,37.038766513678524
13.5793,36.92427425198868
13.5849,36.952897317411136
13.5905,37.18188184079084
13.5959,37.09601264452345
13.6015,36.92427425198868
13.6072,36.89565118656621
13.6125,37.038766513678524
13.6181,37.12463570994591
13.6238,37.01014344825606
13.6291,36.86702812114375
13.6348,36.9815203828336
13.6404,37.15325877536837
13.646,37.01014344825606
13.6514,36.86702812114375
13.657,36.952897317411136
13.6626,37.210504906213295
13.668,37.06738957910098
13.6736,36.89565118656621
13.6792,36.89565118656621
13.6849,37.12463570994591
13.6902,37.09601264452345
13.6959,37.01014344825606
13.7015,36.80978199029882
13.7071,36.952897317411136
13.7125,37.12463570994591
13.7181,37.06738957910098
13.7237,36.89565118656621
13.7294,36.952897317411136
13.7347,37.18188184079084
13.7403,37.06738957910098
13.746,36.86702812114375
13.7513,36.952897317411136
13.757,37.12463570994591
13.7626,37.038766513678524
13.7682,36.92427425198868
13.7735,36.86702812114375
13.7791,37.09601264452345
13.7848,37.09601264452345
13.7904,36.9815203828336
13.796,36.83840505572129
13.8014,37.01014344825606
13.807,37.12463570994591
13.8126,37.06738957910098
13.8182,36.92427425198868
13.8236,36.952897317411136
13.8292,37.12463570994591
13.8348,37.09601264452345
13.8404,36.86702812114375
13.8457,36.83840505572129
13.8514,37.038766513678524
13.857,37.15325877536837
13.8626,36.9815203828336
13.8682,36.86702812114375
13.8736,36.9815203828336
13.8792,37.12463570994591
13.8849,36.92427425198868
13.8904,36.83840505572129
13.8959,36.89565118656621
13.9016,37.12463570994591
13.9069,37.12463570994591
13.9126,36.92427425198868
13.9182,36.86702812114375
13.9236,37.038766513678524
13.9292,37.15325877536837
13.9348,37.038766513678524
13.9404,36.86702812114375
13.9458,36.952897317411136
13.9514,37.18188184079084
13.9571,37.09601264452345
13.9627,36.92427425198868
13.968,36.92427425198868
13.9737,37.06738957910098
13.9793,37.18188184079084
13.9849,37.01014344825606
13.9903,36.83840505572129
13.9959,36.952897317411136
14.0016,37.09601264452345
14.0069,37.12463570994591
14.0126,36.86702812114375
14.0182,36.89565118656621
14.0238,37.12463570994591
14.0291,37.15325877536837
14.0348,36.9815203828336
14.0404,36.80978199029882
14.046,37.01014344825606
14.0513,37.15325877536837
14.057,37.038766513678524
14.0626,36.89565118656621
14.0682,36.86702812114375
14.0736,37.06738957910098
14.0791,37.09601264452345
14.0848,37.01014344825606
14.0904,36.86702812114375
14.096,36.9815203828336
14.1014,37.18188184079084
14.107,37.18188184079084
14.1126,36.9815203828336
14.1182,36.83840505572129
14.1236,36.952897317411136
14.1292,37.18188184079084
14.1348,37.06738957910098
14.1404,36.89565118656621
14.146,36.89565118656621
14.1514,37.09601264452345
14.157,37.12463570994591
14.1626,36.89565118656621
14.1682,36.83840505572129
14.1735,36.9815203828336
14.1792,37.15325877536837
14.1848,37.038766513678524
14.1904,36.89565118656621
14.196,36.92427425198868
14.2014,37.06738957910098
14.207,37.06738957910098
14.2126,36.86702812114375
14.218,36.86702812114375
14.2236,37.09601264452345
14.2293,37.15325877536837
14.2349,36.952897317411136
14.2402,36.80978199029882
14.2459,37.01014344825606
14.2515,37.15325877536837
14.2571,37.038766513678524
14.2625,36.92427425198868
14.2681,36.83840505572129
14.2738,37.038766513678524
14.2791,37.18188184079084
14.2847,37.06738957910098
14.2904,36.86702812114375
14.296,36.89565118656621
14.3016,37.06738957910098
14.3069,37.15325877536837
14.3126,37.01014344825606
14.3182,36.83840505572129
14.3238,36.9815203828336
14.3292,37.15325877536837
14.3348,37.18188184079084
14.3404,36.89565118656621
14.3458,36.86702812114375
14.3514,37.01014344825606
14.3571,37.12463570994591
14.3624,37.038766513678524
14.368,36.89565118656621
14.3737,36.9815203828336
14.3793,37.12463570994591
14.3849,37.12463570994591
14.3903,36.952897317411136
14.396,36.80978199029882
14.4016,36.89565118656621
14.4069,37.15325877536837
14.4126,37.09601264452345
14.4182,36.86702812114375
14.4238,36.86702812114375
14.4292,37.06738957910098
14.4348,37.12463570994591
14.4404,37.06738957910098
14.4458,36.83840505572129
14.4514,36.86702812114375
14.457,37.18188184079084
14.4627,37.15325877536837
14.4683,37.01014344825606
14.4736,36.83840505572129
14.4793,37.01014344825606
14.4849,37.18188184079084
14.4903,37.09601264452345
14.4959,36.89565118656621
14.5015,36.86702812114375
14.5071,37.038766513678524
14.5125,37.18188184079084
14.5181,37.06738957910098
14.5237,36.86702812114375
14.5291,36.89565118656621
14.5347,37.12463570994591
14.5403,37.12463570994591
14.546,36.92427425198868
14.5516,36.83840505572129
14.557,36.9815203828336
14.5626,37.15325877536837
14.5682,37.06738957910098
14.5738,36.86702812114375
14.5792,36.89565118656621
14.5848,37.15325877536837
14.5905,37.15325877536837
14.5958,36.9815203828336
14.6014,36.83840505572129
14.6071,36.9815203828336
14.6124,37.210504906213295
14.618,37.038766513678524
14.6237,36.89565118656621
14.6293,36.89565118656621
14.6349,37.01014344825606
14.6403,37.18188184079084
14.6459,37.09601264452345
14.6515,36.86702812114375
14.6572,36.92427425198868
14.6625,37.12463570994591
14.6681,37.15325877536837
14.6737,36.952897317411136
14.6794,36.86702812114375
14.6847,36.952897317411136
14.6903,37.18188184079084
14.696,37.09601264452345
14.7013,36.89565118656621
14.707,36.9815203828336
14.7126,37.09601264452345
14.7182,37.15325877536837
14.7236,36.9815203828336
14.7292,36.72391279403144
14.7348,36.9815203828336
14.7405,37.18188184079084
14.7458,37.09601264452345
14.7514,36.86702812114375
14.757,36.83840505572129
14.7627,37.038766513678524
14.7681,37.210504906213295
14.7737,37.038766513678524
14.7793,36.86702812114375
14.7847,36.92427425198868
14.7903,37.15325877536837
14.7959,37.12463570994591
14.8015,36.9815203828336
14.8069,36.86702812114375
14.8125,36.9815203828336
14.8181,37.09601264452345
14.8238,37.12463570994591
14.8291,36.86702812114375
14.8347,36.83840505572129
14.8404,37.15325877536837
14.846,37.12463570994591
14.8516,37.06738957910098
14.857,36.83840505572129
14.8626,36.9815203828336
14.868,37.09601264452345
14.8736,37.06738957910098
14.8793,36.86702812114375
14.8849,36.86702812114375
14.8902,37.09601264452345
14.8959,37.18188184079084
14.9015,36.952897317411136
14.9071,36.86702812114375
14.9124,36.89565118656621
14.9181,37.18188184079084
14.9237,37.12463570994591
14.9293,36.952897317411136
14.9349,36.86702812114375
14.9403,37.01014344825606
14.9459,37.210504906213295
14.9515,37.06738957910098
14.9571,36.86702812114375
14.9625,36.89565118656621
14.9681,37.01014344825606
14.9737,37.15325877536837
14.9793,37.01014344825606
14.9847,36.86702812114375
14.9903,36.89565118656621
14.9959,37.12463570994591
15.0015,37.18188184079084
15.0072,36.92427425198868
15.0125,36.89565118656621
15.0181,37.038766513678524
15.0237,37.18188184079084
15.0293,36.9815203828336
15.0347,36.80978199029882
15.0404,36.86702812114375
15.046,37.06738957910098
15.0514,37.18188184079084
15.057,36.9815203828336
15.0626,36.83840505572129
15.0682,36.9815203828336
15.0736,37.15325877536837
15.0792,37.18188184079084
15.0849,36.9815203828336
15.0905,36.86702812114375
15.0958,36.9815203828336
15.1015,37.18188184079084
15.1071,37.038766513678524
15.1125,36.89565118656621
15.1181,36.92427425198868
15.1237,37.09601264452345
15.1293,37.23912797163576
15.1349,36.9815203828336
15.1403,36.86702812114375
15.1459,36.92427425198868
15.1515,37.15325877536837
15.1569,37.12463570994591
15.1625,36.9815203828336
15.1682,36.86702812114375
15.1738,36.9815203828336
15.1791,37.15325877536837
15.1848,37.06738957910098
15.1904,36.83840505572129
15.1958,36.83840505572129
15.2014,37.01014344825606
15.2071,37.15325877536837
15.2127,37.038766513678524
15.218,36.86702812114375
15.2236,36.952897317411136
15.2293,37.12463570994591
15.2349,37.15325877536837
15.2403,36.952897317411136
15.2459,36.781158924876365
15.2515,37.01014344825606
15.2572,37.18188184079084
15.2625,37.06738957910098
15.2681,36.83840505572129
15.2737,36.92427425198868
15.2794,37.06738957910098
15.2847,37.18188184079084
15.2904,37.01014344825606
15.296,36.80978199029882
15.3013,36.9815203828336
15.3069,37.12463570994591
15.3126,37.18188184079084
15.3182,37.01014344825606
15.3235,36.83840505572129
15.3292,36.9815203828336
15.3348,37.18188184079084
15.3404,37.18188184079084
15.3461,36.9815203828336
15.3514,36.83840505572129
15.357,37.01014344825606
15.3627,37.12463570994591
15.3683,37.038766513678524
15.3736,36.86702812114375
15.3793,36.92427425198868
15.3849,37.12463570994591
15.3903,37.09601264452345
15.3959,36.86702812114375
15.4015,36.952897317411136
15.4071,37.09601264452345
15.4125,37.12463570994591
15.4181,36.952897317411136
15.4238,36.89565118656621
15.4294,37.01014344825606
15.4347,37.12463570994591
15.4404,37.06738957910098
15.446,36.83840505572129
15.4514,36.9815203828336
15.457,37.12463570994591
15.4626,37.12463570994591
15.4683,36.92427425198868
15.4736,36.86702812114375
15.4792,37.038766513678524
15.4849,37.12463570994591
15.4902,36.952897317411136
15.4958,36.86702812114375
15.5015,37.038766513678524
15.5071,37.12463570994591
15.5127,37.01014344825606
15.518,36.86702812114375
15.5236,36.9815203828336
15.5293,37.12463570994591
15.5349,37.06738957910098
15.5402,36.89565118656621
15.5458,36.952897317411136
15.5515,37.15325877536837
15.5571,37.12463570994591
15.5624,36.92427425198868
15.5681,36.89565118656621
15.5736,37.038766513678524
15.5793,37.15325877536837
15.5849,37.038766513678524
15.5902,36.83840505572129
15.5959,36.89565118656621
15.6014,37.12463570994591
15.6071,37.038766513678524
15.6125,36.92427425198868
15.6181,36.86702812114375
15.6237,37.06738957910098
15.6292,37.18188184079084
15.6349,37.01014344825606
15.6402,36.86702812114375
15.6458,37.01014344825606
15.6515,37.15325877536837
15.6571,37.06738957910098
15.6627,36.86702812114375
15.668,36.92427425198868
15.6736,37.12463570994591
15.6793,37.15325877536837
15.6849,36.92427425198868
15.6905,36.83840505572129
15.6959,36.9815203828336
15.7015,37.18188184079084
15.7071,37.09601264452345
15.7127,36.92427425198868
15.7181,36.86702812114375
15.7237,37.12463570994591
15.7293,37.12463570994591
15.7349,36.92427425198868
15.7403,36.89565118656621
15.7459,37.06738957910098
15.7515,37.038766513678524
15.7569,37.01014344825606
15.7625,36.83840505572129
15.7682,36.89565118656621
15.7738,37.18188184079084
15.7791,37.15325877536837
15.7848,36.952897317411136
15.7904,36.89565118656621
15.7961,36.9815203828336
15.8014,37.15325877536837
15.807,37.038766513678524
15.8126,36.83840505572129
15.818,36.952897317411136
15.8236,37.18188184079084
15.8292,37.15325877536837
15.8349,36.89565118656621
15.8402,36.86702812114375
15.8459,37.038766513678524
15.8515,37.18188184079084
15.8571,37.038766513678524
15.8625,36.80978199029882
15.8682,36.9815203828336
15.8738,37.18188184079084
15.8791,37.12463570994591
15.8847,36.89565118656621
15.8903,36.83840505572129
15.896,37.06738957910098
15.9016,37.18188184079084
15.9069,36.952897317411136
15.9126,36.89565118656621
15.9182,37.01014344825606
15.9235,37.15325877536837
15.9292,37.06738957910098
15.9348,36.92427425198868
15.9404,36.89565118656621
15.9458,37.12463570994591
15.9514,37.09601264452345
15.9571,36.89565118656621
15.9627,36.92427425198868
15.968,37.06738957910098
15.9737,37.15325877536837
15.9793,37.038766513678524
15.9847,36.83840505572129
15.9903,36.9815203828336
15.9959,37.12463570994591
16.0016,37.038766513678524
16.0069,36.89565118656621
16.0125,36.92427425198868
16.0182,37.12463570994591
16.0238,37.12463570994591
16.0291,36.89565118656621
16.0348,36.89565118656621
16.0404,37.09601264452345
16.046,37.15325877536837
16.0514,36.92427425198868
16.057,36.86702812114375
16.0626,37.01014344825606
16.068,37.15325877536837
16.0736,37.01014344825606
16.0792,36.86702812114375
16.0848,36.9815203828336
16.0904,37.15325877536837
16.0958,37.09601264452345
16.1014,36.92427425198868
16.107,36.92427425198868
16.1126,37.09601264452345
16.1182,37.15325877536837
16.1236,37.01014344825606
16.1292,36.86702812114375
16.1348,36.9815203828336
16.1404,37.15325877536837
16.1461,37.15325877536837
16.1514,36.86702812114375
16.157,36.83840505572129
16.1626,37.06738957910098
16.1683,37.12463570994591
16.1736,37.01014344825606
16.1792,36.83840505572129
16.1848,36.9815203828336
16.1904,37.15325877536837
16.196,37.038766513678524
16.2014,36.86702812114375
16.207,36.86702812114375
16.2126,37.09601264452345
16.2182,37.09601264452345
16.2236,36.92427425198868
16.2292,36.80978199029882
16.2348,36.952897317411136
16.2404,37.15325877536837
16.2458,37.09601264452345
16.2514,36.86702812114375
16.257,36.86702812114375
16.2627,37.09601264452345
16.2682,37.23912797163576
16.2736,37.09601264452345
16.2792,36.80978199029882
16.2849,36.86702812114375
16.2905,37.06738957910098
16.2959,37.18188184079084
16.3015,37.038766513678524
16.3071,36.86702812114375
16.3127,36.9815203828336
16.3181,37.09601264452345
16.3237,37.15325877536837
16.3293,36.952897317411136
16.3347,36.89565118656621
16.3403,37.038766513678524
16.3459,37.15325877536837
16.3516,37.038766513678524
16.3569,36.83840505572129
16.3625,36.9815203828336
16.3682,37.15325877536837
16.3738,37.09601264452345
16.3791,36.86702812114375
16.3848,36.86702812114375
16.3904,37.09601264452345
16.396,37.18188184079084
16.4014,37.01014344825606
16.407,36.86702812114375
16.4126,36.952897317411136
16.4182,37.12463570994591
16.4236,37.09601264452345
16.4292,36.92427425198868
16.4349,36.781158924876365
16.4405,36.9815203828336
16.4458,37.18188184079084
16.4515,37.09601264452345
16.4571,36.86702812114375
16.4624,36.83840505572129
16.4681,37.06738957910098
16.4737,37.210504906213295
16.4793,37.01014344825606
16.4847,36.89565118656621
16.4903,36.92427425198868
16.4959,37.12463570994591
16.5016,37.09601264452345
16.5072,36.89565118656621
16.5125,36.89565118656621
16.5182,37.038766513678524
16.5238,37.15325877536837
16.5291,36.9815203828336
16.5347,36.86702812114375
16.5404,36.952897317411136
16.546,37.15325877536837
16.5513,37.06738957910098
16.557,36.952897317411136
16.5626,36.86702812114375
16.5682,37.09601264452345
16.5736,37.15325877536837
16.5792,36.952897317411136
16.5849,36.86702812114375
16.5905,37.06738957910098
16.5958,37.18188184079084
16.6015,37.06738957910098
16.6071,36.80978199029882
16.6127,36.89565118656621
16.6181,37.06738957910098
16.6237,37.12463570994591
16.6293,37.01014344825606
16.6347,36.83840505572129
16.6404,36.9815203828336
16.646,37.12463570994591
16.6516,37.06738957910098
16.657,36.89565118656621
16.6626,36.86702812114375
16.6682,37.09601264452345
16.6736,37.18188184079084
16.6792,37.01014344825606
16.6849,36.781158924876365
16.6902,36.952897317411136
16.6959,37.18188184079084
16.7015,37.09601264452345
16.7071,36.9815203828336
16.7128,36.89565118656621
16.7181,37.12463570994591
16.7237,37.15325877536837
16.7294,37.038766513678524
16.7347,36.83840505572129
16.7403,36.89565118656621
16.7459,37.15325877536837
16.7516,37.12463570994591
16.7569,36.92427425198868
16.7626,36.86702812114375
16.7682,37.06738957910098
16.7735,37.09601264452345
16.7792,36.92427425198868
16.7848,36.83840505572129
16.7905,36.952897317411136
16.7958,37.12463570994591
16.8015,37.038766513678524
16.8071,36.86702812114375
16.8127,36.89565118656621
16.818,37.12463570994591
16.8237,37.09601264452345
16.8293,36.952897317411136
16.8347,36.89565118656621
16.8403,36.9815203828336
16.8459,37.15325877536837
16.8516,37.038766513678524
16.857,36.89565118656621
16.8626,36.92427425198868
16.8682,37.12463570994591
16.8736,37.038766513678524
16.8792,36.92427425198868
16.8848,36.89565118656621
16.8905,37.06738957910098
16.8958,37.15325877536837
16.9015,37.038766513678524
16.9071,36.89565118656621
16.9125,36.952897317411136
16.9181,37.12463570994591
16.9237,37.12463570994591
16.9294,36.89565118656621
16.9347,36.92427425198868
16.9404,37.06738957910098
16.946,37.09601264452345
16.9514,36.92427425198868
16.957,36.92427425198868
16.9626,37.12463570994591
16.9683,37.12463570994591
16.9736,36.92427425198868
16.9792,36.89565118656621
16.9849,37.06738957910098
16.9902,37.12463570994591
16.9958,36.9815203828336
17.0015,36.83840505572129
17.0071,37.01014344825606
17.0124,37.09601264452345
17.0181,37.01014344825606
17.0237,36.83840505572129
17.0293,37.01014344825606
17.035,37.15325877536837
17.0403,37.09601264452345
17.0459,36.86702812114375
17.0515,36.86702812114375
17.0572,37.12463570994591
17.0625,37.12463570994591
17.0681,36.9815203828336
17.0737,36.89565118656621
17.0794,37.09601264452345
17.0847,37.18188184079084
17.0904,37.06738957910098
17.0959,36.86702812114375
17.1015,36.952897317411136
17.1072,37.09601264452345
17.1125,37.06738957910098
17.1182,36.952897317411136
17.1237,36.89565118656621
17.1294,37.12463570994591
17.1347,37.15325877536837
17.1404,36.92427425198868
17.146,36.86702812114375
17.1514,37.06738957910098
17.157,37.12463570994591
17.1626,37.01014344825606
17.1683,36.89565118656621
17.1736,36.9815203828336
17.1792,37.12463570994591
17.1849,37.06738957910098
17.1905,36.86702812114375
17.1959,36.92427425198868
17.2015,37.06738957910098
17.2069,37.09601264452345
17.2125,36.89565118656621
17.2181,36.83840505572129
17.2238,37.038766513678524
17.2291,37.18188184079084
17.2347,36.9815203828336
17.2403,36.86702812114375
17.246,36.9815203828336
17.2516,37.23912797163576
17.2569,37.12463570994591
17.2625,36.92427425198868
17.2681,36.80978199029882
17.2738,37.06738957910098
17.2791,37.18188184079084
17.2847,37.01014344825606
17.2903,36.86702812114375
17.2959,36.92427425198868
17.3016,37.15325877536837
17.3069,37.15325877536837
17.3126,36.89565118656621
17.3181,36.92427425198868
17.3238,37.09601264452345
17.3294,37.15325877536837
17.3347,37.01014344825606
17.3404,36.86702812114375
17.346,36.92427425198868
17.3516,37.15325877536837
17.3569,37.06738957910098
17.3625,36.92427425198868
17.3682,36.89565118656621
17.3738,37.038766513678524
17.3794,37.15325877536837
17.3848,37.01014344825606
17.3904,36.83840505572129
17.396,36.952897317411136
17.4014,37.12463570994591
17.407,37.09601264452345
17.4126,36.7525358594539
17.4182,36.89565118656621
17.4236,37.09601264452345
17.4292,37.210504906213295
17.4348,37.06738957910098
17.4404,36.86702812114375
17.4458,36.92427425198868
17.4514,37.09601264452345
17.457,37.12463570994591
17.4627,36.952897317411136
17.468,36.86702812114375
17.4736,37.01014344825606
17.4793,37.12463570994591
17.4849,37.01014344825606
17.4905,36.86702812114375
17.4959,37.01014344825606
17.5015,37.12463570994591
17.5071,37.038766513678524
17.5125,36.86702812114375
17.5181,36.92427425198868
17.5237,37.18188184079084
17.5294,37.12463570994591
17.5347,36.86702812114375
17.5403,36.86702812114375
17.546,37.01014344825606
17.5513,37.12463570994591
17.5569,37.01014344825606
17.5626,36.80978199029882
17.5682,37.038766513678524
17.5736,37.210504906213295
17.5792,37.06738957910098
17.5848,36.89565118656621
17.5905,36.92427425198868
17.5958,37.12463570994591
17.6015,37.12463570994591
17.6071,36.9815203828336
17.6124,36.83840505572129
17.6181,37.01014344825606
17.6237,37.15325877536837
17.6293,37.09601264452345
17.6347,36.86702812114375
17.6403,36.952897317411136
17.6459,37.12463570994591
17.6516,37.12463570994591
17.6569,37.038766513678524
17.6625,36.83840505572129
17.6682,36.952897317411136
17.6738,37.18188184079084
17.6792,37.18188184079084
17.6848,36.952897317411136
17.6904,36.89565118656621
17.6958,36.9815203828336
17.7014,37.12463570994591
17.707,37.12463570994591
17.7126,36.86702812114375
17.7183,36.9815203828336
17.7236,37.09601264452345
17.7292,37.06738957910098
17.7349,36.92427425198868
17.7405,36.92427425198868
17.7458,37.12463570994591
17.7514,37.210504906213295
17.7571,37.038766513678524
17.7627,36.89565118656621
17.768,36.952897317411136
17.7737,37.18188184079084
17.7793,37.12463570994591
17.7849,36.89565118656621
17.7903,36.89565118656621
17.7959,37.18188184079084
17.8015,37.12463570994591
17.8069,36.92427425198868
17.8125,36.86702812114375
17.8181,37.038766513678524
17.8238,37.210504906213295
17.8291,37.038766513678524
17.8348,36.83840505572129
17.8404,36.952897317411136
17.846,37.09601264452345
17.8514,37.12463570994591
17.8571,36.89565118656621
17.8627,36.89565118656621
17.8681,37.06738957910098
17.8737,37.18188184079084
17.8793,37.038766513678524
17.885,36.89565118656621
17.8903,37.09601264452345
17.8959,37.12463570994591
17.9016,36.9815203828336
17.9069,36.92427425198868
17.9126,37.038766513678524
17.9183,37.15325877536837
17.9236,37.038766513678524
17.9293,36.86702812114375
17.9349,36.89565118656621
17.9405,37.12463570994591
17.9459,37.18188184079084
17.9515,37.01014344825606
17.9571,36.83840505572129
17.9627,37.01014344825606
17.9681,37.18188184079084
17.9737,37.038766513678524
17.9793,36.89565118656621
17.9847,36.86702812114375
17.9903,37.09601264452345
17.996,37.18188184079084
18.0016,36.952897317411136
18.007,36.83840505572129
18.0126,37.038766513678524
18.0182,37.15325877536837
18.0238,37.038766513678524
18.0294,36.86702812114375
18.0348,36.92427425198868
18.0404,37.12463570994591
18.046,37.12463570994591
18.0514,36.92427425198868
18.057,36.86702812114375
18.0627,37.038766513678524
18.0683,37.12463570994591
18.0736,36.952897317411136
18.0793,36.86702812114375
18.0849,36.9815203828336
18.0905,37.15325877536837
18.0959,37.06738957910098
18.1015,36.83840505572129
18.1072,36.86702812114375
18.1125,37.15325877536837
18.1182,37.15325877536837
18.1238,36.9815203828336
18.1292,36.86702812114375
18.1348,36.9815203828336
18.1403,37.210504906213295
18.1459,37.12463570994591
18.1514,36.89565118656621
18.157,36.92427425198868
18.1625,37.12463570994591
18.1681,37.15325877536837
18.1738,36.92427425198868
18.1794,36.83840505572129
18.185,37.038766513678524
18.1903,37.15325877536837
18.1959,37.038766513678524
18.2014,36.83840505572129
18.207,36.92427425198868
18.2125,37.12463570994591
18.2181,37.12463570994591
18.2236,36.89565118656621
18.2292,36.89565118656621
18.2347,37.09601264452345
18.2403,37.18188184079084
18.2459,36.952897317411136
18.2514,36.86702812114375
18.2571,36.952897317411136
18.2625,37.18188184079084
18.2681,37.038766513678524
18.2737,36.86702812114375
18.2792,36.83840505572129
18.2848,37.12463570994591
18.2903,37.09601264452345
18.2959,36.952897317411136
18.3014,36.86702812114375
18.307,36.9815203828336
18.3126,37.15325877536837
18.3181,37.12463570994591
18.3237,36.89565118656621
18.3292,36.83840505572129
18.3348,37.09601264452345
18.3404,37.09601264452345
18.3459,37.01014344825606
18.3515,36.83840505572129
18.357,36.89565118656621
18.3626,37.15325877536837
18.3681,37.15325877536837
18.3737,36.92427425198868
18.3793,36.89565118656621
18.3848,36.9815203828336
18.3904,37.210504906213295
18.3959,37.09601264452345
18.4015,36.83840505572129
18.4071,36.83840505572129
18.4126,37.12463570994591
18.4182,37.09601264452345
18.4237,36.9815203828336
18.4293,36.80978199029882
18.4349,37.01014344825606
18.4404,37.18188184079084
18.446,37.12463570994591
18.4515,36.83840505572129
18.4571,36.83840505572129
18.4627,37.06738957910098
18.4682,37.18188184079084
18.4738,37.06738957910098
18.4793,36.83840505572129
18.4849,36.92427425198868
18.4904,37.01014344825606
18.496,37.18188184079084
18.5016,36.89565118656621
18.5071,36.86702812114375
18.5127,37.01014344825606
18.5182,37.18188184079084
18.5238,37.09601264452345
18.5294,36.86702812114375
18.5349,36.89565118656621
18.5405,37.12463570994591
18.546,37.15325877536837
18.5516,36.9815203828336
18.5572,36.80978199029882
18.5627,36.952897317411136
18.5683,37.15325877536837
18.5738,37.12463570994591
18.5794,36.89565118656621
18.5849,36.89565118656621
18.5905,37.06738957910098
18.5961,37.15325877536837
18.6016,37.09601264452345
18.6072,36.89565118656621
18.6127,36.952897317411136
18.6183,37.15325877536837
18.6239,37.15325877536837
18.6294,36.92427425198868
18.635,36.86702812114375
18.6405,37.09601264452345
18.6461,37.18188184079084
18.6516,37.01014344825606
18.6572,36.80978199029882
18.6628,36.952897317411136
18.6681,37.15325877536837
18.6738,37.15325877536837
18.6794,36.89565118656621
18.685,36.92427425198868
18.6903,37.038766513678524
18.696,37.15325877536837
18.7016,37.12463570994591
18.7072,36.86702812114375
18.7128,36.9815203828336
18.7181,37.15325877536837
18.7238,37.12463570994591
18.7294,36.92427425198868
18.735,36.86702812114375
18.7404,37.038766513678524
18.746,37.18188184079084
18.7516,37.12463570994591
18.7573,36.86702812114375
18.7626,36.86702812114375
18.7683,37.06738957910098
18.7739,37.15325877536837
18.7795,37.01014344825606
18.7848,36.83840505572129
18.7905,36.952897317411136
18.7961,37.15325877536837
18.8017,37.09601264452345
18.8071,36.92427425198868
18.8127,36.89565118656621
18.8183,37.06738957910098
18.824,37.12463570994591
18.8293,36.9815203828336
18.8349,36.86702812114375
18.8405,37.01014344825606
18.8462,37.12463570994591
18.8515,37.06738957910098
18.8572,36.86702812114375
18.8629,36.86702812114375
18.8682,37.12463570994591
18.8738,37.12463570994591
18.8794,36.92427425198868
18.8851,36.89565118656621
18.8904,36.9815203828336
18.8961,37.18188184079084
18.9017,37.12463570994591
18.9071,36.83840505572129
18.9127,36.92427425198868
18.9183,37.12463570994591
18.9239,37.15325877536837
18.9296,36.9815203828336
18.9349,36.86702812114375
18.9405,36.952897317411136
18.9462,37.15325877536837
18.9518,37.06738957910098
18.9572,36.80978199029882
18.9628,36.83840505572129
18.9684,37.06738957910098
18.9738,37.18188184079084
18.9794,37.01014344825606
18.985,36.80978199029882
18.9907,36.9815203828336
18.996,37.18188184079084
19.0016,37.15325877536837
19.0073,36.781158924876365
19.0129,36.89565118656621
19.0182,37.01014344825606
19.0239,37.15325877536837
19.0295,37.038766513678524
19.0349,36.86702812114375
19.0405,36.952897317411136
19.0461,37.12463570994591
19.0518,37.12463570994591
19.0571,36.952897317411136
19.0627,36.83840505572129
19.0684,37.01014344825606
19.074,37.18188184079084
19.0793,37.038766513678524
19.085,36.86702812114375
19.0906,36.92427425198868
19.0962,37.06738957910098
19.1016,37.18188184079084
19.1072,36.952897317411136
19.1128,36.80978199029882
19.1185,36.9815203828336
19.1238,37.18188184079084
19.1295,37.12463570994591
19.1351,36.86702812114375
19.1404,36.86702812114375
19.1461,37.01014344825606
19.1517,37.15325877536837
19.1573,37.038766513678524
19.1627,36.86702812114375
19.1683,36.83840505572129
19.174,37.038766513678524
19.1793,37.15325877536837
19.185,36.9815203828336
19.1906,36.86702812114375
19.1962,36.952897317411136
19.2016,37.15325877536837
19.2072,37.18188184079084
19.2128,36.952897317411136
19.2185,36.83840505572129
19.2238,36.9815203828336
19.2294,37.12463570994591
19.2351,37.09601264452345
19.2404,36.89565118656621
19.2461,36.83840505572129
19.2517,37.038766513678524
19.2573,37.15325877536837
19.2627,37.038766513678524
19.2684,36.80978199029882
19.2738,36.92427425198868
19.2794,37.09601264452345
19.2851,37.15325877536837
19.2907,37.01014344825606
19.2961,36.781158924876365
19.3017,36.86702812114375
19.3071,37.12463570994591
19.3127,37.15325877536837
19.3184,36.92427425198868
19.324,36.80978199029882
19.3294,37.01014344825606
19.335,37.18188184079084
19.3407,37.06738957910098
19.3461,36.89565118656621
19.3517,36.89565118656621
19.3573,37.12463570994591
19.3627,37.15325877536837
19.3684,36.9815203828336
19.3741,36.86702812114375
19.3794,36.9815203828336
19.3851,37.18188184079084
19.3904,37.09601264452345
19.3962,36.92427425198868
19.4016,36.89565118656621
19.4073,37.01014344825606
19.4126,37.18188184079084
19.4183,37.06738957910098
19.424,36.83840505572129
19.4293,36.89565118656621
19.435,37.09601264452345
19.4406,37.15325877536837
19.4463,36.9815203828336
19.4517,36.83840505572129
19.4573,36.952897317411136
19.4629,37.18188184079084
19.4683,37.12463570994591
19.4739,36.86702812114375
19.4796,36.83840505572129
19.4849,37.01014344825606
19.4906,37.210504906213295
19.4962,37.09601264452345
19.5016,36.89565118656621
19.5072,36.89565118656621
19.5129,37.09601264452345
19.5185,37.210504906213295
19.5239,37.01014344825606
19.5296,36.86702812114375
19.5349,36.952897317411136
19.5406,37.15325877536837
19.5463,37.06738957910098
19.5516,36.92427425198868
19.5571,36.83840505572129
19.5628,37.12463570994591
19.5684,37.12463570994591
19.5741,37.038766513678524
19.5794,36.83840505572129
19.585,36.92427425198868
19.5906,37.12463570994591
19.5963,37.15325877536837
19.6017,36.952897317411136
19.6073,36.83840505572129
19.613,36.9815203828336
19.6183,37.210504906213295
19.624,37.06738957910098
19.6296,36.89565118656621
19.6349,36.86702812114375
19.6406,37.038766513678524
19.6462,37.15325877536837
19.6516,37.01014344825606
19.6572,36.83840505572129
19.6628,36.89565118656621
19.6685,37.15325877536837
19.6738,37.23912797163576
19.6795,37.038766513678524
19.6851,36.80978199029882
19.6905,36.89565118656621
19.6961,37.12463570994591
19.7017,37.15325877536837
19.7074,36.952897317411136
19.7127,36.83840505572129
19.7183,36.89565118656621
19.724,37.18188184079084
19.7296,37.15325877536837
19.735,36.92427425198868
19.7406,36.86702812114375
19.7463,36.9815203828336
19.7516,37.18188184079084
19.7572,37.09601264452345
19.7629,36.83840505572129
19.7685,36.89565118656621
19.7739,37.15325877536837
19.7795,37.18188184079084
19.7851,36.9815203828336
19.7905,36.83840505572129
19.7962,36.9815203828336
19.8018,37.15325877536837
19.8072,37.06738957910098
19.8128,36.86702812114375
19.8184,36.952897317411136
19.8241,37.09601264452345
19.8294,37.15325877536837
19.835,36.92427425198868
19.8406,36.86702812114375
19.846,36.9815203828336
19.8517,37.210504906213295
19.8573,37.09601264452345
19.863,36.86702812114375
19.8683,36.89565118656621
19.874,37.12463570994591
19.8796,37.06738957910098
19.885,36.9815203828336
19.8905,36.86702812114375
19.8961,36.9815203828336
19.9018,37.15325877536837
19.9074,37.06738957910098
19.9128,36.83840505572129
19.9183,36.86702812114375
19.9239,37.038766513678524
