Experiment: Mar_2_Turb_expt vial 5, Tue Mar  2 18:45:49 2021
0.0056,28192
0.0113,28178
0.0166,28185
0.0223,28190
0.0279,28173
0.0333,28196
0.0389,28200
0.0446,28171
0.0499,28188
0.0556,28194
0.0612,28175
0.0666,28206
0.0723,28204
0.0779,28204
0.0833,28211
0.0889,28212
0.0946,28213
0.0999,28211
0.1056,28213
0.1112,28215
0.1166,28217
0.1222,28210
0.1279,28222
0.1333,28211
0.1389,28227
0.1445,28198
0.1502,28219
0.1555,28190
0.1611,28215
0.1668,28214
0.1721,28224
0.1777,28231
0.1834,28169
0.189,28232
0.1944,28226
0.2,28228
0.2056,28222
0.2113,28226
0.2166,28222
0.2223,28229
0.2279,28235
0.2332,28231
0.2389,28231
0.2445,28232
0.2501,28234
0.2555,28229
0.2611,28234
0.2668,28227
0.2721,28228
0.2778,28238
0.2834,28225
0.289,28231
0.2944,28228
0.2999,28218
0.3056,28227
0.3112,28226
0.3165,28224
0.3222,28223
0.3277,28238
0.3333,28221
0.339,28237
0.3446,28225
0.3499,28218
0.3555,28231
0.3611,28230
0.3668,28223
0.3721,28224
0.3778,28217
0.3833,28230
0.3889,28225
0.3946,28230
0.3999,28234
0.4056,28229
0.4111,28229
0.4168,28226
0.4224,28229
0.4278,28231
0.4334,28228
0.4389,28222
0.4446,28210
0.4499,28221
0.4556,28222
0.4612,28225
0.4666,28223
0.4722,28216
0.4778,28203
0.4835,28214
0.4888,28226
0.4945,28221
0.5001,28223
0.5055,28223
0.5111,28230
0.5168,28229
0.5221,28228
0.5278,28224
0.5334,28228
0.5388,28226
0.5444,28225
0.5501,28226
0.5557,28218
0.5611,28223
0.5667,28228
0.5723,28223
0.5777,28233
0.5833,28242
0.589,28230
0.5943,28231
0.6,28237
0.6056,28241
0.6112,28248
0.6166,28245
0.6222,28248
0.6279,28248
0.6332,28245
0.6389,28243
0.6445,28252
0.6501,28240
0.6555,28240
0.6611,28249
0.6668,28246
0.6721,28258
0.6777,28257
0.6834,28270
0.689,28261
0.6944,28259
0.7,28267
0.7056,28252
0.7113,28256
0.7166,28263
0.7222,28260
0.7279,28251
0.7332,28255
0.7388,28259
0.7445,28247
0.7501,28260
0.7555,28254
0.7611,28240
0.7667,28254
0.7721,28251
0.7777,28260
0.7833,28268
0.789,28252
0.7946,28277
0.8,28263
0.8056,28261
0.811,28269
0.8166,28266
0.8222,28262
0.8279,28265
0.8332,28259
0.8389,28265
0.8445,28263
0.8501,28265
0.8555,28266
0.8612,28264
0.8668,28265
0.8722,28269
0.8778,28266
0.8834,28267
0.8888,28268
0.8944,28263
0.9001,28272
0.9054,28265
0.9111,28277
0.9167,28269
0.9223,28274
0.9277,28282
0.9333,28284
0.939,28269
0.9443,28268
0.95,28276
0.9554,28275
0.961,28285
0.9667,28276
0.9723,28274
0.9777,28281
0.9833,28280
0.989,28280
0.9943,28280
1.0,28281
1.0056,28285
1.0113,28291
1.0167,28281
1.0223,28281
1.0277,28277
1.0333,28279
1.039,28283
1.0443,28288
1.05,28290
1.0556,28284
1.061,28284
1.0666,28292
1.0723,28280
1.0779,28283
1.0833,28286
1.0889,28288
1.0945,28286
1.0999,28291
1.1055,28295
1.1112,28288
1.1168,28293
1.1222,28287
1.1278,28285
1.1334,28288
1.1388,28295
1.1444,28286
1.15,28277
1.1557,28288
1.161,28285
1.1667,28282
1.1723,28276
1.1777,28284
1.1833,28288
1.1889,28286
1.1943,28286
1.1999,28299
1.2055,28292
1.2112,28287
1.2166,28284
1.2222,28288
1.2278,28291
1.2332,28286
1.2388,28295
1.2444,28292
1.2501,28294
1.2554,28304
1.2611,28303
1.2667,28304
1.2723,28294
1.2777,28297
1.2833,28290
1.2889,28281
1.2946,28295
1.2999,28287
1.3056,28290
1.3112,28297
1.3165,28304
1.3222,28286
1.3278,28305
1.3334,28295
1.3388,28284
1.3445,28280
1.3501,28291
1.3554,28281
1.3611,28300
1.3667,28297
1.3724,28295
1.3777,28296
1.3833,28294
1.389,28292
1.3944,28285
1.4,28271
1.4057,28286
1.411,28283
1.4166,28291
1.4223,28293
1.4279,28289
1.4333,28293
1.4389,28298
1.4446,28286
1.4499,28287
1.4555,28294
1.4612,28289
1.4666,28290
1.4722,28289
1.4778,28291
1.4835,28293
1.4888,28289
1.4945,28295
1.5001,28294
1.5055,28295
1.5111,28293
1.5168,28289
1.5221,28292
1.5278,28290
1.5334,28295
1.539,28306
1.5444,28308
1.5501,28306
1.5557,28307
1.561,28280
1.5667,28309
1.5723,28308
1.5777,28298
1.5833,28306
1.589,28308
1.5946,28304
1.6,28301
1.6056,28307
1.6112,28302
1.6166,28301
1.6222,28308
1.6279,28301
1.6333,28299
1.6389,28310
1.6445,28301
1.6499,28305
1.6555,28292
1.6612,28298
1.6668,28307
1.6722,28308
1.6778,28304
1.6835,28302
1.6888,28296
1.6945,28301
1.7001,28303
1.7057,28304
1.7111,28304
1.7167,28306
1.7224,28315
1.7277,28326
1.7333,28330
1.739,28327
1.7446,28328
1.7499,28315
1.7556,28321
1.7612,28314
1.7668,28321
1.7722,28324
1.7778,28316
1.7835,28319
1.7888,28323
1.7944,28325
1.8,28333
1.8056,28334
1.8113,28333
1.8166,28325
1.8222,28318
1.8278,28329
1.8335,28324
1.8391,28323
1.8445,28340
1.85,28334
1.8556,28333
1.8613,28325
1.8666,28345
1.8723,28353
1.8778,28346
1.8835,28338
1.8891,28339
1.8945,28342
1.9001,28333
1.9056,28342
1.9113,28339
1.9166,28343
1.9223,28332
1.9279,28349
1.9334,28349
1.9391,28348
1.9444,28335
1.9501,28337
1.9557,28328
1.9611,28336
1.9668,28338
1.9724,28327
1.9778,28327
1.9834,28328
1.989,28317
1.9944,28331
2.0001,28332
2.0057,28329
2.0111,28331
2.0167,28321
2.0224,28324
2.0277,28322
2.0334,28317
2.039,28314
2.0447,28313
2.05,28304
2.0557,28316
2.061,28324
2.0667,28311
2.0722,28327
2.0778,28320
2.0835,28321
2.0889,28306
2.0945,28316
2.1,28302
2.1057,28318
2.1113,28297
2.1167,28296
2.1223,28304
2.1278,28313
2.1335,28320
2.1391,28291
2.1445,28302
2.1501,28296
2.1556,28298
2.1613,28294
2.1666,28285
2.1723,28298
2.1779,28294
2.1833,28289
2.1889,28283
2.1946,28293
2.2002,28274
2.2056,28289
2.2112,28293
2.2169,28280
2.2223,28294
2.2279,28282
2.2335,28292
2.2389,28280
2.2445,28267
2.2502,28268
2.2555,28272
2.2612,28277
2.2668,28279
2.2724,28287
2.2778,28264
2.2834,28278
2.2891,28265
2.2944,28270
2.3001,28272
2.3057,28275
2.3111,28257
2.3167,28256
2.3224,28258
2.328,28246
2.3334,28250
2.339,28255
2.3447,28235
2.3501,28255
2.3557,28244
2.3611,28252
2.3667,28233
2.3723,28236
2.378,28228
2.3833,28221
2.389,28223
2.3946,28244
2.4003,28221
2.4056,28214
2.4112,28225
2.4169,28230
2.4223,28220
2.4279,28222
2.4335,28217
2.4389,28211
2.4446,28206
2.4502,28207
2.4556,28199
2.4612,28204
2.4669,28220
2.4722,28192
2.4779,28202
2.4835,28193
2.4892,28196
2.4945,28201
2.5002,28199
2.5055,28185
2.5112,28190
2.5169,28184
2.5222,28180
2.5279,28183
2.5335,28176
2.5389,28182
2.5445,28167
2.5502,28175
2.5555,28169
2.5612,28159
2.5669,28167
2.5722,28149
2.5779,28162
2.5835,28164
2.5889,28162
2.5945,28164
2.6002,28163
2.6058,28161
2.6112,28140
2.6168,28165
2.6225,28152
2.6278,28155
2.6335,28157
2.6391,28130
2.6445,28129
2.6501,28150
2.6558,28143
2.6611,28147
2.6668,28117
2.6724,28134
2.678,28140
2.6834,28133
2.689,28140
2.6947,28138
2.7,28116
2.7057,28120
2.7113,28132
2.7167,28124
2.7223,28094
2.728,28119
2.7333,28106
2.739,28106
2.7446,28100
2.7503,28118
2.7556,28117
2.7613,28104
2.7669,28083
2.7722,28080
2.7779,28088
2.7835,28087
2.7891,28078
2.7945,28078
2.8001,28063
2.8058,28078
2.8111,28062
2.8168,28075
2.8224,28068
2.8281,28069
2.8334,28080
2.8391,28060
2.8447,28057
2.85,28056
2.8557,28063
2.8613,28046
2.8669,28049
2.8723,28054
2.8779,28055
2.8836,28034
2.8889,28053
2.8946,28037
2.9002,28026
2.9056,28041
2.9112,28049
2.9169,28039
2.9225,28037
2.9279,28036
2.9336,28040
2.939,28019
2.9446,28009
2.95,28025
2.9556,27999
2.9613,27986
2.9667,27998
2.9723,27993
2.978,27987
2.9836,27981
2.989,27985
2.9947,27970
3.0,27988
3.0057,27979
3.0114,27965
3.0167,27954
3.0224,27975
3.028,27994
3.0334,27966
3.039,27970
3.0447,27978
3.05,27974
3.0557,27967
3.0613,27965
3.0669,27967
3.0723,27992
3.0779,27976
3.0835,27970
3.0889,27969
3.0946,27965
3.1002,27976
3.1056,27980
3.1112,27973
3.1168,27977
3.1225,27969
3.1278,27956
3.1335,27964
3.1391,27958
3.1445,27963
3.1501,27962
3.1557,27964
3.1614,27945
3.1668,27927
3.1724,27938
3.178,27952
3.1834,27948
3.1891,27951
3.1947,27937
3.2001,27928
3.2057,27927
3.2113,27916
3.2167,27921
3.2223,27917
3.228,27908
3.2336,27922
3.239,27900
3.2446,27918
3.2502,27907
3.2556,27911
3.2612,27893
3.2668,27902
3.2724,27901
3.2781,27914
3.2834,27882
3.289,27900
3.2946,27905
3.3002,27878
3.3059,27895
3.3112,27883
3.3168,27882
3.3224,27876
3.328,27890
3.3334,27862
3.339,27866
3.3446,27874
3.3502,27872
3.3556,27882
3.3612,27855
3.3669,27865
3.3724,27865
3.378,27872
3.3834,27854
3.389,27856
3.3947,27859
3.4001,25011
3.4058,27267
3.4111,27833
3.4168,27858
3.4224,27761
3.4278,27957
3.4335,27978
3.4391,27984
3.4447,27974
3.4501,27989
3.4558,28007
3.4614,27986
3.4668,27982
3.4724,28023
3.4781,28024
3.4834,27945
3.489,28046
3.4947,28014
3.5,28026
3.5057,28033
3.5113,28047
3.517,28041
3.5223,28008
3.528,28040
3.5336,28032
3.539,28008
3.5446,27998
3.5503,28013
3.5556,28031
3.5613,28021
3.5669,27984
3.5723,28007
3.5779,28016
3.5835,27985
3.5892,27987
3.5945,27992
3.6002,27972
3.6058,27997
3.6112,28020
3.6168,27998
3.6225,28035
3.6279,28007
3.6335,27994
3.6391,28004
3.6445,28012
3.6501,27967
3.6558,28001
3.6614,28005
3.6668,27988
3.6724,27931
3.678,28024
3.6834,28007
3.689,28022
3.6947,28027
3.7,28008
3.7057,28027
3.7113,28003
3.717,28011
3.7223,28022
3.728,28009
3.7336,27992
3.739,27997
3.7446,27994
3.7503,27979
3.7556,27986
3.7611,27986
3.7668,27966
3.7724,27996
3.778,27995
3.7834,28002
3.7889,27977
3.7946,27961
3.8002,27978
3.8056,27982
3.8112,27994
3.8168,27968
3.8224,27986
3.828,27973
3.8334,27953
3.839,27967
3.8446,27969
3.8502,27960
3.8556,27976
3.8612,27946
3.8669,27962
3.8724,27966
3.878,27963
3.8834,27959
3.889,27955
3.8946,27961
3.9002,27943
3.9058,27952
3.9112,27958
3.9168,27950
3.9225,27932
3.9278,27952
3.9335,27943
3.9391,27934
3.9447,27938
3.9501,27947
3.9557,27933
3.9614,27953
3.9667,27946
3.9724,27949
3.978,27942
3.9836,27934
3.989,27938
3.9946,27951
4.0003,27930
4.0057,27932
4.0113,27952
4.0169,27928
4.0223,27937
4.028,27930
4.0336,27918
4.039,27939
4.0446,27914
4.0502,27927
4.0556,27919
4.0613,27907
4.0669,27908
4.0723,27915
4.0779,27913
4.0835,27909
4.0892,27911
4.0945,27901
4.1002,27892
4.1058,27894
4.1112,27900
4.1168,27913
4.1225,27895
4.1278,27890
4.1335,27905
4.1391,27909
4.1445,27910
4.1501,27900
4.1558,27898
4.1614,27902
4.1668,27881
4.1724,27878
4.178,27877
4.1834,27890
4.189,27873
4.1947,27867
4.2003,27870
4.2057,27873
4.2113,27883
4.217,27894
4.2223,27859
4.228,27869
4.2336,27868
4.239,27859
4.2446,27859
4.2503,27865
4.2556,27863
4.2613,27866
4.2669,27853
4.2723,27857
4.2779,27863
4.2836,27864
4.2889,27864
4.2946,27862
4.3002,27851
4.3058,27844
4.3112,27851
4.3168,27860
4.3225,27860
4.3278,27871
4.3335,27857
4.3391,27854
4.3447,27860
4.3501,27858
4.3557,27869
4.3614,27843
4.367,27858
4.3723,27846
4.378,27859
4.3836,27837
4.389,27844
4.3946,27839
4.4002,27850
4.4059,27844
4.4112,27813
4.4169,27825
4.4223,27259
4.4279,27601
4.4336,27801
4.439,27847
4.4447,27910
4.4503,27951
4.4557,27967
4.4613,27988
4.467,28018
4.4723,27982
4.478,28027
4.4836,28029
4.489,28031
4.4946,28052
4.5002,28052
4.5056,28071
4.5113,28073
4.5169,28030
4.5223,28065
4.5279,28062
4.5335,28072
4.5392,28072
4.5445,28073
4.5502,28084
4.5556,28081
4.5612,28062
4.5669,28069
4.5725,28077
4.5779,28064
4.5835,28074
4.5892,28070
4.5945,28069
4.6002,28077
4.6058,28071
4.6112,28076
4.6169,28077
4.6225,28080
4.6279,28075
4.6335,28084
4.6392,28085
4.6445,28081
4.6502,28080
4.6558,28071
4.6612,28078
4.6668,28062
4.6725,28064
4.6778,28071
4.6835,28068
4.6891,28065
4.6945,28056
4.7002,28056
4.7058,28054
4.7112,28045
4.7168,28047
4.7225,28048
4.7278,28052
4.7335,28046
4.7391,28069
4.7448,28059
4.7501,28055
4.7558,28050
4.7611,28057
4.7668,28052
4.7724,28054
4.778,28058
4.7834,28046
4.789,28057
4.7947,28048
4.8003,28059
4.8057,28049
4.8112,28044
4.8168,28054
4.8225,28048
4.8281,28048
4.8334,28042
4.839,28056
4.8446,28060
4.8503,28052
4.8556,28060
4.8613,28055
4.8668,28070
4.8725,28063
4.8778,28050
4.8835,28064
4.8891,28050
4.8946,28051
4.9003,28051
4.9056,28059
4.9113,28057
4.917,28057
4.9223,28048
4.928,28058
4.9336,28060
4.939,28034
4.9446,28037
4.9503,28031
4.9556,28033
4.9613,28051
4.9669,28037
4.9725,28048
4.9779,28045
4.9835,28039
4.9892,28031
4.9945,28044
5.0002,28041
5.0059,28053
5.0112,28050
5.0169,28047
5.0222,28051
5.0279,28047
5.0336,28044
5.0389,28045
5.0446,28045
5.0502,28046
5.0559,28041
5.0612,28042
5.0669,28042
5.0723,28051
5.0779,28050
5.0836,28033
5.0889,28040
5.0946,28044
5.1002,28045
5.1056,28038
5.1113,28055
5.1169,28059
5.1223,28051
5.1279,28046
5.1336,28051
5.139,28041
5.1446,28052
5.1503,28052
5.1557,28041
5.1613,28046
5.1667,28036
5.1723,28041
5.178,28056
5.1836,28044
5.189,28049
5.1946,28046
5.2002,28047
5.2056,28056
5.2113,28046
5.2169,28045
5.2223,28037
5.2279,28044
5.2336,28037
5.2389,28039
5.2446,28040
5.2502,28036
5.2558,28033
5.2612,28031
5.2669,28034
5.2725,28036
5.2779,28030
5.2835,28035
5.2891,28041
5.2945,28039
5.3001,28040
5.3058,28040
5.3114,28042
5.3167,28035
5.3223,28025
5.328,28038
5.3336,28040
5.339,28033
5.3446,28033
5.3502,28049
5.3556,28046
5.3612,28038
5.3669,28035
5.3725,28045
5.3778,28048
5.3835,28052
5.3891,28045
5.3945,28042
5.4001,28040
5.4057,28038
5.4114,28041
5.4167,28049
5.4223,28045
5.4279,28035
5.4336,28030
5.4389,28033
5.4446,28024
5.4501,28029
5.4557,28038
5.4614,28019
5.4667,28021
5.4724,28032
5.4779,28024
5.4835,28019
5.4892,28023
5.4945,28026
5.5002,28030
5.5057,28023
5.5113,28037
5.5167,28029
5.5223,28022
5.528,28031
5.5335,28024
5.5391,28035
5.5445,28024
5.5501,28035
5.5558,28030
5.5611,28029
5.5668,28025
5.5724,28026
5.5778,28029
5.5834,28027
5.5891,28034
5.5947,28035
5.6001,28045
5.6057,28031
5.6114,28033
5.6167,28035
5.6224,28036
5.628,28038
5.6334,28042
5.6424,28032
5.6445,28052
5.6501,28037
5.6556,28036
5.6614,28034
5.6668,28036
5.6723,28029
5.6806,28029
5.6834,28028
5.6891,28022
5.6947,28031
5.7034,28033
5.7057,28025
5.7112,28028
5.7169,28025
5.7255,28017
5.7298,28027
5.7336,28026
5.739,28025
5.7446,28027
5.7503,28027
5.7556,28018
5.7613,28016
5.7669,28020
5.7723,28026
5.778,28023
5.7834,28018
5.7891,28034
5.7947,28012
5.8001,28024
5.8057,28025
5.8114,28026
5.8167,28029
5.8224,28027
5.8281,28019
5.8334,28015
5.8391,28011
5.8447,28018
5.8501,28024
5.8557,28020
5.8614,28012
5.8668,28023
5.8724,28029
5.878,28020
5.8835,28026
5.8892,28037
5.8946,28033
5.9002,28028
5.9056,28017
5.9113,28026
5.9167,28025
5.9224,28018
5.928,28013
5.9335,28010
5.9389,28027
5.9446,28029
5.95,28021
5.9557,28011
5.9613,28025
5.9667,28015
5.9723,28014
5.978,28010
5.9836,28019
5.989,28016
5.9946,28013
6.0003,28018
6.0057,28022
6.0113,28024
6.017,28017
6.0223,28016
6.028,28018
6.0334,28017
6.0391,28022
6.0447,28026
6.0501,28018
6.0557,28030
6.0614,28024
6.0667,28026
6.0724,28006
6.078,28010
6.0834,28017
6.089,28008
6.0947,28024
6.1,28000
6.1057,28016
6.1113,28007
6.117,28009
6.1223,28012
6.128,28008
6.1333,28008
6.139,28016
6.1446,28006
6.1503,28018
6.1556,28008
6.1613,28011
6.1667,28006
6.1723,28007
6.178,28002
6.1833,28015
6.189,27997
6.1946,28008
6.2003,28011
6.2056,27999
6.2113,28003
6.2169,27998
6.2222,27993
6.2279,28003
6.2335,27993
6.2392,27992
6.2446,27991
6.25,27997
6.2557,27992
6.2613,27988
6.2668,28001
6.2724,27995
6.2778,27986
6.2835,27997
6.2891,27995
6.2945,28000
6.3001,27993
6.3056,27932
6.3113,27985
6.3169,27984
6.3223,27973
6.3279,27972
6.3334,27979
6.3391,27966
6.3447,27967
6.3501,27983
6.3557,27986
6.3613,27975
6.3669,27985
6.3723,27983
6.3779,27988
6.3836,27980
6.3889,27973
6.3946,27963
6.4002,27973
6.4058,27972
6.4112,27976
6.4168,27958
6.4224,27951
6.4278,27978
6.4334,27972
6.4391,27976
6.4444,27972
6.4501,27960
6.4557,27972
6.4614,27963
6.4668,27966
6.4724,27967
6.4781,27968
6.4834,27983
6.4891,27975
6.4944,27976
6.5001,27969
6.5058,27965
6.5111,27971
6.5168,27963
6.5224,27966
6.5278,27966
6.5334,27963
6.5391,27964
6.5444,27965
6.5501,27970
6.5557,27962
6.5614,27975
6.5668,27969
6.5724,27978
6.5778,27981
6.5834,27976
6.5891,27964
6.5947,27970
6.6001,27976
6.6057,27971
6.6114,27979
6.6168,27974
6.6224,27989
6.628,27978
6.6334,27988
6.639,27984
6.6447,27988
6.6501,27987
6.6557,27996
6.6613,27988
6.6667,27992
6.6723,27980
6.678,27992
6.6834,27986
6.689,27984
6.6947,27981
6.7,27969
6.7057,27984
6.7113,27988
6.7169,27973
6.7223,27975
6.7279,27985
6.7333,27981
6.7389,27972
6.7446,27984
6.7502,27970
6.7556,27971
6.7613,27989
6.7669,27981
6.7723,27937
6.7779,27974
6.7836,27971
6.7889,27971
6.7946,27948
6.8002,27967
6.8056,27955
6.8112,27965
6.8169,27919
6.8222,27950
6.8279,27969
6.8335,27979
6.8392,27934
6.8445,27961
6.8502,27964
6.8558,27977
6.8612,27972
6.8668,27967
6.8725,27960
6.8778,27972
6.8835,27979
6.8891,27981
6.8945,27984
6.9001,27979
6.9058,27995
6.9111,27995
6.9168,27987
6.9224,27983
6.9278,27986
6.9335,27984
6.9391,27978
6.9445,27979
6.9501,27990
6.9558,27992
6.9611,27978
6.9668,27991
6.9724,27985
6.9778,27972
6.9834,27975
6.9891,27972
6.9947,27978
7.0001,27970
7.0058,27981
7.0111,27969
7.0168,27976
7.0223,27971
7.0279,27968
7.0333,27968
7.039,27976
7.0445,27977
7.0502,27980
7.0558,27973
7.0612,27985
7.0669,27968
7.0723,27973
7.078,27980
7.0833,27976
7.089,27966
7.0947,27962
7.1,27958
7.1057,27965
7.1112,27974
7.1168,27956
7.1224,27959
7.1278,27958
7.1334,27954
7.139,27957
7.1446,27952
7.1503,27958
7.1556,27966
7.1613,27963
7.1666,27958
7.1723,27955
7.1779,27949
7.1833,27964
7.189,27970
7.1946,27970
7.2002,27954
7.2056,27963
7.2112,27970
7.2169,27959
7.2223,27963
7.2279,27966
7.2336,27959
7.2389,27964
7.2446,27953
7.2502,27960
7.2556,27971
7.2612,27967
7.2669,27974
7.2722,27984
7.2779,27968
7.2835,27982
7.2889,27984
7.2946,27978
7.3002,27973
7.3056,27979
7.3113,27981
7.3169,27965
7.3223,27965
7.3279,27976
7.3336,27965
7.3389,27963
7.3446,27974
7.3502,27968
7.3556,27972
7.3612,27958
7.3669,27966
7.3723,27972
7.3779,27979
7.3836,27974
7.3889,27962
7.3945,27966
7.4002,27964
7.4055,27966
7.4112,27964
7.4168,27970
7.4225,27967
7.4278,27971
7.4335,27979
7.4391,27975
7.4445,27973
7.4502,27971
7.4555,27973
7.4612,27974
7.4668,27973
7.4725,27969
7.4778,27976
7.4835,27970
7.4888,27973
7.4945,27974
7.5001,27969
7.5058,27982
7.5111,27971
7.5168,27975
7.5224,27986
7.5278,27977
7.5335,27966
7.5391,27967
7.5445,27951
7.5501,27955
7.5558,27961
7.5611,27952
7.5668,27949
7.5724,27934
7.5778,27955
7.5834,27971
7.5891,27948
7.5945,27969
7.6001,27988
7.6058,27968
7.6111,27954
7.6168,27960
7.6224,27968
7.6278,27956
7.6334,27957
7.6391,27956
7.6444,27953
7.6501,27958
7.6557,27963
7.6611,27964
7.6667,27982
7.6724,27976
7.678,27966
7.6834,27966
7.6891,27973
7.6944,27965
7.7001,27969
7.7057,27958
7.7111,27969
7.7167,27953
7.7224,27961
7.7277,27952
7.7334,27959
7.739,27972
7.7447,27962
7.7501,27950
7.7557,27939
7.7611,27963
7.7668,27959
7.7724,27952
7.7778,27958
7.7834,27950
7.7891,27954
7.7944,27942
7.8,27944
7.8056,27951
7.8113,27952
7.8167,27949
7.8223,27951
7.8278,27960
7.8335,27947
7.8391,27947
7.8445,27951
7.8501,27947
7.8556,27947
7.8613,27945
7.8669,27948
7.8723,27955
7.8779,27955
7.8834,27966
7.8891,27955
7.8944,27946
7.9001,27949
7.9057,27947
7.9111,27943
7.9168,27945
7.9224,27953
7.9278,27937
7.9335,27928
7.939,27951
7.9447,27951
7.95,27941
7.9557,27936
7.9613,27938
7.9667,27948
7.9723,27937
7.978,27941
7.9834,27941
7.989,27938
7.9944,27945
8.0,27944
8.0057,27944
8.0111,27939
8.0167,27947
8.0223,27908
8.028,27926
8.0333,27926
8.039,27943
8.0446,27924
8.05,27926
8.0557,27929
8.0613,27932
8.0667,27924
8.0723,27923
8.078,27934
8.0833,27930
8.089,27939
8.0947,27928
8.1,27938
8.1057,27937
8.1113,27939
8.1167,27938
8.1223,27945
8.128,27935
8.1333,27947
8.139,27929
8.1446,27925
8.15,27928
8.1557,27934
8.1613,27938
8.1667,27943
8.1723,27938
8.178,27937
8.1833,27939
8.189,27937
8.1946,27928
8.2,27938
8.2056,27940
8.2113,27930
8.2167,27927
8.2223,27930
8.2279,27929
8.2333,27942
8.239,27922
8.2446,27939
8.25,27931
8.2556,27937
8.2613,27935
8.2667,27907
8.2723,27922
8.278,27919
8.2834,27912
8.289,27925
8.2944,27918
8.3,27919
8.3057,27918
8.3113,27912
8.3167,27932
8.3223,27931
8.328,27923
8.3334,27928
8.339,27870
8.3444,27890
8.35,27872
8.3557,27890
8.3613,27883
8.3667,27902
8.3724,27919
8.3777,27942
8.3834,27943
8.389,27928
8.3944,27930
8.4001,27921
8.4057,27935
8.4111,27938
8.4167,27933
8.4224,27942
8.4277,27935
8.4334,27924
8.439,27919
8.4444,27939
8.45,27925
8.4557,27933
8.4611,27924
8.4667,27928
8.4724,27941
8.4777,27941
8.4834,27936
8.489,27937
8.4944,27931
8.5001,27939
8.5057,27933
8.5111,27928
8.5168,27936
8.5221,27940
8.5278,27930
8.5334,27927
8.5391,27945
8.5444,27937
8.5501,27960
8.5557,27942
8.5611,27941
8.5667,27941
8.5724,27947
8.5778,27928
8.5834,27928
8.589,27936
8.5944,27932
8.6,27932
8.6057,27944
8.6113,27934
8.6167,27936
8.6223,27937
8.628,27934
8.6333,27925
8.639,27936
8.6444,27936
8.65,27938
8.6557,27931
8.6613,27926
8.6667,27930
8.6723,27937
8.6777,27929
8.6833,27926
8.689,27921
8.6946,27926
8.7,27792
8.7056,27929
8.7113,27927
8.7166,27924
8.7223,27920
8.7279,27925
8.7333,27930
8.7389,27929
8.7445,27916
8.7499,27927
8.7556,27937
8.7612,27924
8.7666,27921
8.7722,27925
8.7779,27927
8.7835,27941
8.7889,27938
8.7946,27941
8.7999,27939
8.8056,27928
8.8112,27946
8.8168,27934
8.8222,27931
8.8278,27939
8.8334,27927
8.8391,27926
8.8444,27936
8.8501,27936
8.8556,27915
8.8612,27929
8.8668,27913
8.8722,27920
8.8779,27932
8.8833,27933
8.8889,27927
8.8946,27931
8.9002,27938
8.9056,27926
8.9112,27929
8.9168,27927
8.9222,27937
8.9278,27928
8.9335,27931
8.9388,27923
8.9445,27926
8.9501,27915
8.9555,27932
8.9611,27917
8.9668,27914
8.9721,27926
8.9778,27928
8.9834,27919
8.9888,27922
8.9944,27926
9.0001,27923
9.0055,27918
9.0111,27912
9.0167,27916
9.0224,27916
9.0277,27921
9.0334,27926
9.039,27937
9.0444,27924
9.05,27929
9.0557,27927
9.0613,27917
9.0667,27922
9.0723,27920
9.0777,27936
9.0833,27931
9.089,27929
9.0946,27921
9.1,27915
9.1056,27925
9.111,27930
9.1167,27931
9.1223,27930
9.1277,27937
9.1333,27929
9.139,27929
9.1446,27926
9.15,27932
9.1556,27911
9.161,27869
9.1667,27917
9.1723,27911
9.1779,27882
9.1833,27893
9.1889,27915
9.1946,27915
9.1999,27915
9.2056,27932
9.2112,27913
9.2169,27930
9.2222,27926
9.2279,27921
9.2332,27924
9.2389,27931
9.2445,27920
9.2502,27921
9.2555,27934
9.2612,27924
9.2665,27922
9.2722,27922
9.2778,27917
9.2835,27897
9.2888,27925
9.2945,27893
9.3001,27900
9.3054,27928
9.3111,27914
9.3167,27920
9.3224,27926
9.3277,27926
9.3334,27931
9.339,27915
9.3444,27923
9.3501,27922
9.3557,27921
9.3611,27917
9.3667,27918
9.3724,27915
9.3777,27917
9.3833,27931
9.389,27913
9.3944,27909
9.4,27921
9.4055,27922
9.4111,27915
9.4168,27916
9.4222,27918
9.4278,27936
9.4333,27922
9.4389,27925
9.4446,27915
9.45,27909
9.4556,27921
9.4611,27913
9.4667,27917
9.4724,27921
9.4777,27915
9.4834,27916
9.4889,27911
9.4946,27916
9.4999,27909
9.5056,27911
9.5112,27915
9.5166,27905
9.5222,27897
9.5279,27899
9.5332,27907
9.5389,27904
9.5445,27908
9.5499,27907
9.5555,27908
9.5612,27902
9.5668,27898
9.5722,27910
9.5778,27907
9.5832,27909
9.5889,27903
9.5945,27907
9.6001,27914
9.6055,27891
9.6112,27898
9.6168,27899
9.6222,27897
9.6279,27901
9.6332,27912
9.6389,27898
9.6445,27906
9.6502,27909
9.6555,27919
9.6612,27898
9.6665,27904
9.6722,27896
9.6779,27900
9.6832,27906
9.6889,27907
9.6945,27897
9.7002,27903
9.7055,27908
9.7112,27920
9.7166,27910
9.7222,27911
9.7278,27905
9.7334,27917
9.7388,27919
9.7444,27910
9.7501,27901
9.7555,27899
9.7611,27905
9.7668,27907
9.7721,27899
9.7778,27864
9.7834,27877
9.7888,27887
9.7944,27893
9.8001,27892
9.8057,27900
9.8111,27895
9.8167,27900
9.8224,27905
9.8277,27912
9.8334,27906
9.839,27894
9.8444,27901
9.85,27903
9.8557,27906
9.8611,27892
9.8667,27889
9.8721,27899
9.8777,27912
9.8834,27902
9.889,27903
9.8944,27899
9.9001,27905
9.9057,27922
9.9111,27897
9.9167,27891
9.9224,27901
9.9277,27901
9.9334,27899
9.939,27907
9.9444,27915
9.95,27907
9.9557,27898
9.961,27883
9.9667,27899
9.9723,27893
9.9777,27892
9.9833,27895
9.989,27894
9.9943,27891
10.0,27900
10.0057,27896
10.011,27902
10.0167,27895
10.0223,27888
10.0277,27894
10.0334,27904
10.039,27884
10.0444,27902
10.05,27894
10.0554,27892
10.0611,27906
10.0667,27896
10.0723,27901
10.0777,27898
10.0833,27897
10.089,27893
10.0944,27886
10.1,27889
10.1056,27892
10.111,27900
10.1167,27891
10.1223,27905
10.1277,27891
10.1333,27895
10.139,27898
10.1444,27897
10.15,27882
10.1557,27895
10.1611,27892
10.1667,27899
10.1724,27894
10.1777,27893
10.1834,27889
10.1888,27909
10.1944,27891
10.2001,27892
10.2057,27897
10.2111,27901
10.2167,27901
10.2221,27911
10.2277,27889
10.2334,27900
10.2388,27901
10.2444,27915
10.2501,27906
10.2557,27910
10.2611,27894
10.2667,27889
10.2721,27890
10.2777,27888
10.2834,27899
10.289,27893
10.2944,27891
10.3,27895
10.3057,27895
10.311,27894
10.3167,27890
10.3223,27887
10.3277,27893
10.3333,27900
10.339,27888
10.3444,27892
10.35,27891
10.3557,27896
10.3611,27903
10.3667,27901
10.3723,27887
10.3777,27880
10.3833,27899
10.389,27895
10.3944,27899
10.4,27902
10.4057,27896
10.411,27892
10.4167,27900
10.4223,27906
10.4277,27885
10.4333,27883
10.439,27886
10.4443,27894
10.45,27894
10.4556,27892
10.4613,27891
10.4666,27892
10.4723,27875
10.4776,27881
10.4833,27888
10.4888,27901
10.4944,27894
10.5001,27895
10.5055,27890
10.5111,27898
10.5166,27890
10.5223,27898
10.5279,27891
10.5333,27894
10.5389,27903
10.5444,27901
10.5501,27893
10.5557,27883
10.5611,27883
10.5667,27884
10.5722,27885
10.5779,27887
10.5832,27888
10.5889,27875
10.5945,27881
10.5999,27879
10.6055,27884
10.6112,27888
10.6168,27889
10.6222,27878
10.6278,27883
10.6335,27874
10.6388,27888
10.6445,27888
10.6502,27890
10.6555,27894
10.6612,27879
10.6666,27876
10.6722,27852
10.6779,27861
10.6835,27876
10.6888,27878
10.6945,27853
10.7001,27879
10.7055,27890
10.7111,27889
10.7168,27875
10.7222,27878
10.7278,27889
10.7334,27885
10.7388,27896
10.7445,27890
10.7501,27890
10.7555,27893
10.7611,27886
10.7668,27887
10.7724,27884
10.7778,27896
10.7834,27888
10.7891,27502
10.7944,27855
10.8001,27875
10.8057,27878
10.8111,27870
10.8167,27854
10.8224,27847
10.8277,27873
10.8334,27875
10.839,27871
10.8444,27873
10.8501,27885
10.8557,27875
10.8611,27889
10.8667,27881
10.8724,27881
10.8777,27871
10.8834,27881
10.8891,27873
10.8944,27858
10.9,27857
10.9057,27863
10.9111,27854
10.9167,27844
10.9224,27851
10.9277,27846
10.9334,27853
10.939,27835
10.9444,27861
10.95,27842
10.9555,27850
10.9612,27858
10.9668,27842
10.9722,27840
10.9778,27844
10.9833,27843
10.989,27835
10.9946,27846
11.0,27848
11.0057,27840
11.0111,27844
11.0168,27841
11.0224,27843
11.0278,27850
11.0334,27844
11.0389,27841
11.0446,27842
11.0502,27852
11.0556,27847
11.0613,27850
11.0667,27850
11.0723,27847
11.078,27851
11.0833,27840
11.089,27850
11.0946,27843
11.0999,27843
11.1056,27844
11.1112,27862
11.1166,27860
11.1223,27853
11.1279,27863
11.1336,27861
11.1389,27858
11.1446,27859
11.1499,27861
11.1556,27873
11.1612,27861
11.1669,27868
11.1723,27865
11.1779,27859
11.1833,27865
11.189,27862
11.1946,27859
11.2,27854
11.2056,27858
11.2113,27863
11.2167,27857
11.2223,27855
11.228,27868
11.2334,27849
11.239,27858
11.2446,27860
11.25,27871
11.2557,27864
11.2613,27863
11.2667,27858
11.2723,27867
11.278,27877
11.2833,27859
11.289,27853
11.2946,27871
11.3,27855
11.3056,27788
11.3113,27851
11.3167,27871
11.3223,27863
11.328,27853
11.3333,27858
11.339,27856
11.3446,27840
11.35,27848
11.3556,27863
11.3613,27849
11.3666,27864
11.3723,27849
11.3779,27850
11.3836,27856
11.3889,27853
11.3946,27871
11.4,27867
11.4056,27839
11.4113,27854
11.4166,27850
11.4223,27854
11.4279,27857
11.4336,27851
11.4389,27862
11.4446,27862
11.4502,27862
11.4556,27855
11.4612,27857
11.4669,27849
11.4722,27858
11.4779,27853
11.4835,27857
11.4889,27855
11.4946,27858
11.5002,27849
11.5056,27853
11.5112,27849
11.5169,27848
11.5223,27853
11.5279,27841
11.5336,27841
11.5389,27839
11.5446,27840
11.5502,27851
11.5556,27852
11.5612,27843
11.5669,27831
11.5722,27846
11.5779,27839
11.5835,27840
11.5892,27840
11.5945,27842
11.6002,27841
11.6055,27848
11.6112,27839
11.6168,27830
11.6222,27843
11.6279,27836
11.6335,27841
11.6392,27835
11.6445,27839
11.6502,27839
11.6558,27837
11.6611,27835
11.6668,27842
11.6724,27840
11.6778,27832
11.6835,27828
11.6891,27838
11.6945,27834
11.7001,27828
11.7058,27831
11.7111,27832
11.7168,27830
11.7224,27839
11.7278,27831
11.7335,27838
11.7391,27827
11.7445,27827
11.7501,27846
11.7558,27822
11.7614,27826
11.7668,27816
11.7724,27842
11.7778,27838
11.7834,27830
11.7891,27832
11.7947,27838
11.8001,27838
11.8057,27839
11.8114,27821
11.8167,27812
11.8224,27837
11.828,27828
11.8334,27829
11.839,27831
11.8447,27825
11.85,27828
11.8557,27833
11.8613,27829
11.8667,27837
11.8723,27820
11.878,27829
11.8836,27828
11.889,27836
11.8946,27830
11.9,27831
11.9056,27820
11.9113,27822
11.9169,27819
11.9223,27825
11.9279,27835
11.9336,27820
11.9389,27820
11.9446,27831
11.9503,27815
11.9556,27821
11.9613,27839
11.9669,27822
11.9723,27831
11.9779,27836
11.9836,27815
11.9889,27813
11.9946,27834
12.0002,27817
12.0056,27822
12.0112,27825
12.0169,27824
12.0223,27824
12.0279,27828
12.0336,27829
12.0389,27830
12.0446,27828
12.0502,27828
12.0556,27824
12.0612,27829
12.0669,27821
12.0725,27820
12.0779,27832
12.0835,27821
12.0889,27831
12.0945,27827
12.1,27813
12.1057,27818
12.1113,27730
12.1167,27795
12.1223,27784
12.1278,22987
12.1335,26863
12.1391,27235
12.1445,27454
12.15,27751
12.1556,27917
12.1613,27966
12.1669,27925
12.1723,27915
12.1778,27854
12.1835,27918
12.1891,27919
12.1948,27949
12.2001,27930
12.2056,27969
12.2113,27999
12.2169,27770
12.2223,27893
12.228,27944
12.2334,27965
12.2391,27809
12.2447,27825
12.2501,28006
12.2558,28000
12.2611,28014
12.2668,27996
12.2724,28034
12.2781,27988
12.2834,27991
12.2891,28011
12.2947,27942
12.3001,27976
12.3057,28030
12.3114,27869
12.3167,27977
12.3224,27995
12.328,28073
12.3334,28038
12.339,28013
12.3447,28065
12.35,28084
12.3557,28082
12.3613,28031
12.367,28073
12.3723,28066
12.378,27896
12.3836,28086
12.389,28048
12.3946,28054
12.4003,28071
12.4056,28099
12.4113,28071
12.4169,28073
12.4223,28088
12.4279,28019
12.4336,28080
12.4392,28058
12.4446,28033
12.4502,28022
12.4556,28010
12.4612,28037
12.4669,28003
12.4723,28047
12.4778,28094
12.4834,28077
12.4891,28082
12.4947,28068
12.5001,28080
12.5056,28032
12.5113,27974
12.5169,28056
12.5223,27961
12.5279,28091
12.5334,28097
12.5391,28073
12.5447,28053
12.5501,28059
12.5557,28078
12.5612,28093
12.5669,28061
12.5725,28093
12.5779,28107
12.5835,28098
12.5889,28047
12.5946,27982
12.6002,28105
12.6058,27938
12.6112,28021
12.6168,28063
12.6225,28096
12.6278,28111
12.6335,28086
12.6391,28080
12.6445,27997
12.6501,28067
12.6558,28089
12.6611,28103
12.6668,28106
12.6724,28065
12.6781,28068
12.6834,28092
12.6891,28117
12.6947,28055
12.7001,28052
12.7057,28079
12.7114,28080
12.7167,28082
12.7224,28072
12.728,28099
12.7334,28096
12.739,28082
12.7447,28066
12.75,28089
12.7557,27996
12.7613,28012
12.767,28003
12.7723,28004
12.778,28094
12.7836,28011
12.789,28081
12.7946,28067
12.8003,28100
12.8056,28105
12.8113,28123
12.8169,28025
12.8223,28104
12.8279,28111
12.8335,28080
12.8392,28035
12.8446,28040
12.8502,27999
12.8558,28088
12.8612,27894
12.8669,28129
12.8725,28020
12.8779,28110
12.8835,28073
12.8892,28098
12.8945,28082
12.9002,28071
12.9058,28106
12.9112,28072
12.9168,28046
12.9225,28075
12.9278,28099
12.9335,28067
12.9391,28098
12.9445,28072
12.9501,28102
12.9558,28057
12.9614,28103
12.9668,28096
12.9724,28072
12.978,28068
12.9834,27974
12.9891,28099
12.9947,28082
13.0001,28054
13.0058,28068
13.0114,28049
13.0168,28070
13.0224,28083
13.028,28087
13.0334,28093
13.039,28111
13.0447,28096
13.0501,28023
13.0557,28093
13.0614,28089
13.0667,28104
13.0724,28047
13.078,28080
13.0837,28083
13.089,28106
13.0947,28131
13.1,28083
13.1057,28131
13.1113,28122
13.117,28122
13.1223,28122
13.128,28121
13.1336,28137
13.139,28137
13.1446,28119
13.1503,28124
13.1556,28127
13.1613,28121
13.1669,28131
13.1723,28112
13.1779,28125
13.1836,28121
13.1889,28135
13.1946,28128
13.2003,28140
13.2056,28143
13.2113,28130
13.2169,28137
13.2223,28123
13.2279,28128
13.2335,28128
13.2392,28135
13.2445,28136
13.2502,28136
13.2558,28137
13.2612,28128
13.2668,28130
13.2725,28142
13.2778,28138
13.2835,28132
13.2891,28136
13.2945,28138
13.3001,28144
13.3058,28131
13.3114,28136
13.3168,28145
13.3224,28142
13.3281,28132
13.3334,28142
13.3391,28142
13.3447,28137
13.3501,28142
13.3557,28138
13.3614,28134
13.367,28136
13.3724,28141
13.378,28145
13.3834,28138
13.389,28141
13.3947,28142
13.4003,28148
13.4057,28145
13.4113,28141
13.4167,28137
13.4223,28137
13.428,28140
13.4336,28128
13.439,28150
13.4446,28133
13.4503,28134
13.4556,28137
13.4613,28146
13.4669,28134
13.4723,28143
13.4779,28145
13.4836,28130
13.4892,28143
13.4946,28143
13.5002,28146
13.5059,28133
13.5112,28150
13.5169,28138
13.5225,28157
13.5279,28167
13.5335,28145
13.5392,28147
13.5445,28132
13.5502,28142
13.5558,28145
13.5612,28140
13.5668,28146
13.5725,28148
13.5778,28139
13.5835,28149
13.5891,28144
13.5948,28140
13.6001,28142
13.6058,28140
13.6114,28136
13.6168,28142
13.6224,28128
13.6278,28128
13.6335,28129
13.6391,28132
13.6448,28139
13.6501,28126
13.6557,28130
13.6614,28136
13.6668,28127
13.6724,28133
13.678,28125
13.6834,28129
13.689,28130
13.6947,28139
13.7,28134
13.7057,28133
13.7113,28134
13.717,28131
13.7223,28144
13.728,28144
13.7336,28131
13.739,28134
13.7446,28133
13.7502,28142
13.7559,28144
13.7612,28145
13.7669,28142
13.7723,28133
13.7779,28135
13.7834,28139
13.789,28149
13.7946,28142
13.8003,28146
13.8056,28140
13.8112,28147
13.8168,28154
13.8225,28139
13.8281,28142
13.8335,28141
13.839,28132
13.8446,28139
13.8503,28135
13.8556,28135
13.8613,28144
13.8668,28154
13.8724,28142
13.8781,28138
13.8834,28131
13.8891,28133
13.8946,28127
13.9003,28135
13.9056,28146
13.9113,28141
13.9169,28139
13.9223,28154
13.9279,28146
13.9336,28140
13.9392,28148
13.9446,28132
13.9502,28139
13.9556,28132
13.9612,28132
13.9669,28130
13.9725,28139
13.9779,28144
13.9835,28143
13.9891,28138
13.9945,28134
14.0001,28143
14.0058,28141
14.0114,28135
14.0168,28138
14.0224,28131
14.0278,28134
14.0335,28133
14.0391,28129
14.0447,28135
14.0501,28135
14.0558,28140
14.0614,28135
14.0668,28138
14.0724,28145
14.0781,28130
14.0834,28137
14.0891,28146
14.0947,28131
14.1001,28153
14.1057,28134
14.1114,28138
14.1167,28129
14.1224,28142
14.128,28138
14.1334,28136
14.139,28127
14.1446,28133
14.1503,28131
14.1556,28134
14.1613,28142
14.1668,28131
14.1724,28148
14.1781,28142
14.1834,28151
14.1891,28156
14.1946,28143
14.2002,28137
14.2058,28139
14.2112,28135
14.2169,28147
14.2224,28134
14.228,28133
14.2334,28130
14.2391,28136
14.2447,28144
14.2501,28131
14.2557,28135
14.2614,28130
14.2667,28142
14.2724,28132
14.278,28136
14.2836,28133
14.289,28132
14.2946,28131
14.3003,28132
14.3056,28127
14.3113,28140
14.3169,28124
14.3223,28137
14.328,28127
14.3336,28145
14.339,28134
14.3446,28138
14.3503,28128
14.3556,28129
14.3613,28132
14.3669,28139
14.3723,28130
14.3779,28132
14.3836,28134
14.3889,28126
14.3946,28126
14.4002,28143
14.4056,28140
14.4112,28147
14.4169,28134
14.4225,28137
14.4279,28129
14.4335,28133
14.4392,28135
14.4445,28120
14.4502,28124
14.4558,28120
14.4612,28127
14.4668,28129
14.4725,28120
14.4779,28125
14.4835,28120
14.4892,28121
14.4945,28118
14.5002,28125
14.5058,28114
14.5112,28123
14.5168,28119
14.5225,28109
14.5278,28116
14.5335,28114
14.5391,28124
14.5445,28139
14.5501,28137
14.5558,28131
14.5612,28131
14.5668,28144
14.5725,28123
14.5778,28140
14.5835,28139
14.5891,28134
14.5945,28134
14.6002,28132
14.6058,28127
14.6112,28134
14.6168,28132
14.6225,28132
14.6278,28130
14.6335,28129
14.6392,28137
14.6445,28136
14.6502,28134
14.6558,28146
14.6612,28125
14.6668,28130
14.6725,28141
14.6778,28133
14.6835,28138
14.6891,28130
14.6945,28129
14.7001,28135
14.7058,28129
14.7111,28126
14.7168,28138
14.7224,28135
14.7281,28134
14.7334,28132
14.7391,28151
14.7447,28140
14.7501,28132
14.7557,28127
14.7614,28127
14.7668,28135
14.7724,28136
14.778,28134
14.7834,28119
14.789,28134
14.7947,28137
14.8001,28124
14.8057,28141
14.8114,28132
14.817,28134
14.8224,28134
14.828,28141
14.8334,28130
14.839,28127
14.8447,28131
14.85,28141
14.8557,28131
14.8613,28132
14.8667,28124
14.8723,28110
14.878,28129
14.8836,28123
14.889,28140
14.8946,28126
14.9003,28126
14.9056,28122
14.9113,28130
14.9169,28127
14.9223,28125
14.9279,28123
14.9336,28110
14.9391,28120
14.9445,28119
14.9501,28117
14.9557,28114
14.9614,28117
14.9667,28101
14.9724,28116
14.978,28128
14.9836,28119
14.989,28113
14.9946,28114
15.0003,28119
15.0056,28119
15.0113,28110
15.0169,28111
15.0278,28077
15.0334,28067
15.039,28069
15.0446,28070
15.0502,28057
15.0556,28059
15.0612,28054
15.0669,28052
15.0725,28045
15.0778,28038
15.0835,28041
15.0891,28036
15.0947,28025
15.1001,28016
15.1058,28006
15.1114,28014
15.1168,28008
15.1224,28003
15.128,27993
15.1334,27993
15.139,27986
15.1446,27982
15.1503,27981
15.1556,27975
15.1613,27973
15.167,27967
15.1723,27950
15.178,27951
15.1836,27945
15.1889,27941
15.1946,27938
15.2002,27932
15.2058,27930
15.2112,27927
15.2169,27920
15.2225,27914
15.2279,27907
15.2335,27900
15.2391,27899
15.2445,27898
15.2501,27886
15.2557,27880
15.2614,27879
15.2667,27878
15.2723,27868
15.278,27855
15.2836,27863
15.289,27859
15.2946,27856
15.3003,27855
15.3056,27848
15.3113,27841
15.3169,27834
15.3222,27833
15.3279,27826
15.3335,27819
15.3392,27819
15.3445,27818
15.3502,27813
15.3558,27805
15.3612,27798
15.3669,27798
15.3725,27791
15.3778,27789
15.3835,27783
15.3891,27783
15.3945,27777
15.4001,27777
15.4057,27770
15.4114,27768
15.4167,27760
15.4223,27753
15.428,27754
15.4336,27747
15.439,27744
