Experiment: Feb_24_Turb_expt vial 4, Wed Feb 24 18:13:37 2021
0.0013,0.0
0.0067,-0.00029412021982633263
0.0121,0.0002716391357171499
0.0177,0.000821169313566017
0.0233,0.0003449361855103472
0.0287,-0.0005352603755082175
0.0343,-0.00044878702219208755
0.04,0.016116481554299344
0.0456,0.01583960039825616
0.051,0.016690337096575414
0.0566,0.01566480953186411
0.0622,0.015700067842097543
0.0676,0.015846917815265593
0.0732,0.01599628208211068
0.0789,0.015619346279270419
0.0845,0.015459928756351715
0.0899,0.015490828521532052
0.0955,0.015425823764328106
0.1011,0.01560303344631131
0.1065,0.015806123599861888
0.1121,0.01575790301698876
0.1177,0.015897646595017134
0.1234,0.015585248200510327
0.1288,0.01582710501606943
0.1344,0.015335960133109783
0.14,0.015129044623660715
0.1454,0.015226993132732014
0.151,0.016327146298506845
0.1567,0.015709888875929945
0.162,0.015193123481964443
0.1677,0.015222676928431156
0.1733,0.015895397120754273
0.1789,0.015217506030931416
0.1843,0.015404378967197818
0.1899,0.015142205699626432
0.1955,0.015069403570513895
0.2012,0.015218780866426806
0.2065,0.015151542005626295
0.2122,0.015310452063174163
0.2178,0.015319043138752653
0.2232,0.015453511419630583
0.2288,0.01503381806298143
0.2344,0.015355395699805374
0.2401,0.015186311386161
0.2454,0.015161165223847473
0.2511,0.01483062497161991
0.2567,0.015041214852701712
0.2621,0.015003915569612891
0.2677,0.01487383103773876
0.2733,0.015441186628926795
0.2787,0.01491763995105333
0.2844,0.015054044248246745
0.29,0.015058531599558389
0.2956,0.015257528408401111
0.301,0.015206760637175742
0.3066,0.015456280929482258
0.3123,0.014794311142521055
0.3176,0.014933889935055067
0.3233,0.0152648553209902
0.3289,0.015076639083294152
0.3343,0.015170771752943901
0.3399,0.014851356863000875
0.3456,0.014922228363743129
0.3509,0.015099174611095556
0.3566,0.014924589394564425
0.3622,0.014826987928164614
0.3676,0.014978884379615032
0.3732,0.014818745566664182
0.3789,0.014792611991124138
0.3845,0.01486576763912928
0.3899,0.01499035344185673
0.3955,0.015297581465121945
0.4011,0.014881951793429993
0.4065,0.014946437913112343
0.4121,0.014960116189932204
0.4178,0.01566120993299247
0.4231,0.01595175121579273
0.4288,0.015198187321586287
0.4345,0.016449701703915354
0.4398,0.015994034037329463
0.4454,0.015501413254431773
0.4511,0.015099258988466646
0.4567,0.015822039520946074
0.4621,0.015283653416064524
0.4677,0.01577142877646165
0.4733,0.015301196870177947
0.4787,0.015163601678012562
0.4843,0.016303305207444607
0.49,0.01566577971597516
0.4953,0.015254153017979277
0.501,0.014915260045080814
0.5066,0.015377318700107612
0.5122,0.015381736497346532
0.5176,0.015606199564451195
0.5232,0.015317621419814964
0.5289,0.015335175682706481
0.5345,0.015135600080957934
0.5399,0.015017886985545736
0.5455,0.015570386610552767
0.5512,0.015680376444417776
0.5565,0.01608315321783116
0.5622,0.015990146858065435
0.5678,0.01502008157359036
0.5732,0.014865932110919688
0.5788,0.014954691624921912
0.5844,0.01555472590560325
0.59,0.015468404516816303
0.5954,0.015586740880461303
0.601,0.015121070666459513
0.6067,0.015240910910283345
0.6121,0.016514517912748605
0.6177,0.016017372973075705
0.6233,0.014859299128782366
0.6289,0.015920871536098113
0.6343,0.01541248377885518
0.6399,0.015068488422801174
0.6456,0.014759747102088827
0.6509,0.01629500446759602
0.6565,0.015305907856949963
0.6622,0.01510313751855663
0.6678,0.014478490653736298
0.6732,0.014775469929852347
0.6788,0.014978970452349749
0.6844,0.015699065570667914
0.6898,0.01548380790820203
0.6954,0.015315970728098538
0.7011,0.01572923673612836
0.7067,0.015507018860295485
0.712,0.014686162229878175
0.7177,0.015670450770832955
0.7233,0.015152682451209376
0.7289,0.01674121039440646
0.7343,0.015343867988893756
0.7399,0.015257907405092475
0.7456,0.015212126905023826
0.7509,0.015593827622044865
0.7566,0.015717048409658485
0.7622,0.014873425791037453
0.7678,0.01485479826556202
0.7732,0.015657356549108936
0.7789,0.015590713677410939
0.7842,0.014566398286871785
0.7899,0.01479563976999776
0.7955,0.015358139524895176
0.8012,0.01520203366636319
0.8065,0.015638788973925788
0.8121,0.014903893239683219
0.8177,0.01574099461184053
0.8234,0.015242258429758238
0.8287,0.014847650915648325
0.8343,0.014958019875787487
0.8399,0.01568485341006376
0.8456,0.01485878215381109
0.8512,0.014577588955986709
0.8566,0.014462607893555246
0.8621,0.015235708349120802
0.8677,0.01511591202961049
0.8734,0.015376513082527188
0.8787,0.014987762540250138
0.8844,0.01593682878145386
0.8899,0.015388672742537413
0.8955,0.014995986642532433
0.9012,0.015257180034897733
0.9065,0.016282448624981294
0.9122,0.014916726038035177
0.9177,0.01465341513282925
0.9233,0.01541700950347491
0.9287,0.015552873624052665
0.9343,0.01512308712089161
0.94,0.014732207572233813
0.9455,0.01446045881199276
0.9511,0.016018309760688743
0.9565,0.014365479762838751
0.9622,0.014749695818069286
0.9678,0.01506003283523194
0.9732,0.014295809090796308
0.9788,0.015134726546115695
0.9844,0.016689702076619017
0.9898,0.015661014387990946
0.9954,0.015243794455531479
1.0067,0.015131106066409217
1.0121,0.01513281305503611
1.0177,0.014771095235233123
1.0234,0.014572948268188224
1.0287,0.014648973188008396
1.0344,0.015386528916664144
1.04,0.015183422765475019
1.0456,0.015671847398397665
1.051,0.015493354207904986
1.0566,0.014338277299242419
1.0622,0.014694891302853064
1.0676,0.014295365930261372
1.0732,0.015272232282514064
1.0788,0.014984609472038501
1.0842,0.015639940074947845
1.0898,0.014463697046563917
1.0955,0.015967216379636717
1.1011,0.014394657040604164
1.1065,0.014839367014440885
1.1121,0.015071032161289244
1.1178,0.014418750150898996
1.1231,0.014746185132330503
1.1288,0.014954457551339617
1.1344,0.01461438163782991
1.14,0.014662004437565601
1.1454,0.015175718652244763
1.151,0.014288032577048915
1.1566,0.014849037843945423
1.1623,0.014994220146942405
1.1676,0.014375028309737692
1.1733,0.015469418184033357
1.1789,0.014865555782041406
1.1842,0.01493436112873403
1.1899,0.014025998570357467
1.1955,0.01500073301114102
1.2011,0.014769966774561993
1.2065,0.014403083712484888
1.2122,0.01541160847414913
1.2178,0.014751618327769167
1.2231,0.014605233750023094
1.2288,0.015434871300213038
1.2344,0.014859172648271635
1.2398,0.014919031684001105
1.2454,0.01567742831673602
1.2511,0.01408866353672833
1.2567,0.015250720839695031
1.2621,0.014865325490013959
1.2677,0.014784719149004255
1.2734,0.016083216555514257
1.2787,0.015170041194849881
1.2844,0.015924127637024332
1.29,0.014917274777926925
1.2954,0.015054964741801014
1.301,0.014640705839128243
1.3067,0.014601570678545839
1.3121,0.0146889001680095
1.3177,0.015173705300817408
1.3234,0.015385009593986476
1.3287,0.014827206503608137
1.3343,0.014801165677297723
1.34,0.015510450155573396
1.3456,0.015352356222770425
1.351,0.015242088369635809
1.3566,0.01524227915422216
1.3622,0.014446904389658233
1.3676,0.01587389377127546
1.3732,0.014928561220032499
1.3789,0.0151613819483567
1.3845,0.014661913293650297
1.3899,0.015065160817900658
1.3955,0.014754205074472226
1.4011,0.014166669242717589
1.4065,0.015194758935789698
1.4121,0.01522085078595814
1.4178,0.01541591452067248
1.4234,0.01615977026928017
1.4288,0.015274243112594732
1.4344,0.015482618887174837
1.44,0.014949466296851233
1.4454,0.014660717938580925
1.451,0.015607258265634583
1.4567,0.015453294102663273
1.462,0.015241535626856706
1.4677,0.01544060506543432
1.4733,0.013980990059519582
1.4787,0.014488374314429953
1.4844,0.014747213143008864
1.49,0.014340316199908054
1.4954,0.014748954726646168
1.501,0.014780467469661884
1.5067,0.0164001983746902
1.5123,0.014959653511964932
1.5177,0.014712973642419191
1.5233,0.014701248734895422
1.5287,0.015533961159465592
1.5343,0.01542026966747212
1.54,0.015378955067374633
1.5454,0.015201054673955605
1.551,0.014941933540729258
1.5566,0.014367868747839685
1.562,0.015500941514225985
1.5676,0.014758902275950891
1.5733,0.014455275951318791
1.5789,0.014973195666950101
1.5843,0.015533436470127393
1.5899,0.014732865324770694
1.5955,0.01516402726928634
1.6012,0.015200578601238579
1.6065,0.015144251048441859
1.6121,0.014818151309605065
1.6178,0.014191404253714346
1.6231,0.01601084004595643
1.6288,0.01484746101617973
1.6344,0.015105330753785617
1.64,0.015726541467775634
1.6457,0.015590707261728953
1.651,0.014758805396998032
1.6566,0.014966516928032636
1.6622,0.014834626499471648
1.6676,0.014984798668779886
1.6732,0.01637924873363561
1.6788,0.01406088035871611
1.6845,0.0149498403055226
1.6898,0.014365341629529293
1.6954,0.015248649705642325
1.7011,0.014768996701738146
1.7067,0.014400223557057501
1.7121,0.015509269053260555
1.7177,0.014934697420454945
1.7233,0.014748638448855322
1.729,0.015286543769191363
1.7343,0.014801218982288145
1.7399,0.014638859933815418
1.7456,0.014450628072930849
1.7509,0.014284791056873969
1.7566,0.014242112525039152
1.7622,0.01465796984997314
1.7676,0.014703769191728666
1.7732,0.014737128174622471
1.7788,0.014783624108966498
1.7845,0.014447652795486654
1.7898,0.01516707690968766
1.7955,0.014502233155232469
1.8011,0.013955159696097175
1.8065,0.01431800273923578
1.8121,0.01606408249480551
1.8178,0.01537707670847932
1.8234,0.015348865972964365
1.8288,0.014356595689062335
1.8344,0.014759360864716742
1.84,0.014405894492578453
1.8454,0.014042879449345014
1.851,0.01436853760729817
1.8567,0.01510558157648667
1.862,0.014707334569915798
1.8677,0.014663268366150728
1.8733,0.014339961950898816
1.8787,0.01449640593806123
1.8843,0.014945278670372986
1.89,0.01617849009332617
1.8956,0.015256795840625115
1.901,0.014837969619998947
1.9066,0.014971448552859146
1.9122,0.014783197637602052
1.9176,0.014885796563241183
1.9232,0.015583903000248922
1.9289,0.014770651364993226
1.9343,0.014734199959993699
1.9399,0.015164123075253055
1.9455,0.014334585665730204
1.9512,0.015426046451675779
1.9565,0.01642818612689312
1.9622,0.015403709422787237
1.9678,0.014746650551871854
1.9732,0.014997680440275829
1.9788,0.0147183244976965
1.9844,0.016063423645187314
1.9898,0.014666388304087397
1.9955,0.01578151121164706
2.0065,0.01562765253223697
2.0122,0.014820186845360572
2.0178,0.015609584124515408
2.0231,0.014321417201602626
2.0288,0.015122843092609584
2.0344,0.014709495594643407
2.04,0.014370217268095287
2.0454,0.015560894273059622
2.051,0.015079858403268087
2.0566,0.014762084991313262
2.0623,0.015520280268345399
2.0676,0.015564382817158773
2.0733,0.015535305101447516
2.0789,0.015923424989931156
2.0843,0.014410772757793788
2.0899,0.01570174604264918
2.0956,0.014634463441232315
2.1012,0.014837804559239443
2.1065,0.015828283605475724
2.1122,0.01595663594730845
2.1178,0.015994535938756993
2.1234,0.015182886059125433
2.1288,0.015634350500865812
2.1344,0.015884278232727977
2.14,0.015309650893016169
2.1454,0.015998533334059983
2.151,0.015140821276151684
2.1566,0.015190571628679095
2.1623,0.016328453362961737
2.1676,0.01537932052593649
2.1733,0.0147616043454748
2.1789,0.014635878269668945
2.1843,0.01471602380125181
2.1899,0.014954733911902274
2.1956,0.014677420747087888
2.2009,0.015131634998067689
2.2066,0.015287559862208422
2.2122,0.015580823405844546
2.2178,0.015440159931569664
2.2232,0.014825128635805651
2.2288,0.015248684726310247
2.2344,0.015345762953641096
2.2398,0.014345976849604147
2.2455,0.01502980006066168
2.2511,0.01426907740697847
2.2567,0.014556378115143653
2.2621,0.014791783119303181
2.2677,0.014243555837959443
2.2734,0.014467781859999862
2.2787,0.015628406359317948
2.2844,0.01464507970372586
2.29,0.015395280659053157
2.2954,0.014474572323216028
2.301,0.015014248120595486
2.3066,0.015089887100473431
2.3123,0.015211970403017583
2.3176,0.016225352101788992
2.3233,0.015421493884698378
2.3289,0.014876522764050382
2.3343,0.014387270282715914
2.3399,0.014157668548052671
2.3455,0.014489126631038518
2.3512,0.014401437944204787
2.3565,0.014532502110333523
2.3621,0.015068249948120949
2.3678,0.016412261194215017
2.3731,0.015471844312951566
2.3788,0.016087641876800785
2.3843,0.015219435164514739
2.3899,0.014983324975589296
2.3955,0.015474588182484261
2.4012,0.014205228426925842
2.4065,0.015127289093280538
2.4121,0.01436420146884343
2.4177,0.015146107130906028
2.4234,0.014331110315406681
2.4287,0.015204314645112182
2.4344,0.014652289187433887
2.4398,0.015554790801986185
2.4454,0.014697949363627005
2.451,0.01639297529351369
2.4567,0.014753125297446656
2.4623,0.014869050067438883
2.4677,0.01441258942014545
2.4733,0.015776999897176625
2.4789,0.014754351384548947
2.4843,0.014158781832446676
2.49,0.015759002455620452
2.4955,0.014539040738534625
2.5011,0.015717735752506012
2.5065,0.01415017917531225
2.5121,0.01452639100774955
2.5178,0.016269464907625153
2.5231,0.01571095801011091
2.5288,0.01470807133447738
2.5344,0.01506015437152275
2.54,0.015125779146315299
2.5454,0.015999432643408307
2.551,0.014964349260939924
2.5566,0.014357682654349446
2.5623,0.014867671137074101
2.5676,0.015285329651879787
2.5733,0.014939196131138477
2.5789,0.015467971564061989
2.5842,0.015084758052965608
2.5899,0.014471250222727772
2.5955,0.015564382817158773
2.6011,0.015518893535077183
2.6065,0.016617244186470703
2.6121,0.01492697453559444
2.6177,0.015882415998072608
2.6233,0.015010884143339842
2.629,0.015540044853894264
2.6343,0.015299861702118944
2.64,0.015484661536795175
2.6456,0.014797264056732873
2.6509,0.015686316170380854
2.6566,0.01478788423997801
2.6622,0.015637467245761316
2.6676,0.014634888442719207
2.6732,0.014962358970573408
2.6789,0.014592905781717347
2.6845,0.014317539238202226
2.6898,0.014242442421235735
2.6955,0.015807202939045917
2.7011,0.014403435764067218
2.7065,0.015022202043956323
2.7121,0.014669623977231705
2.7178,0.015084042015031551
2.7234,0.015446923562056902
2.7288,0.014489126631038518
2.7344,0.015834555006722928
2.7401,0.014926976523961466
2.7454,0.015139513673908755
2.7511,0.0150715316608514
2.7567,0.015025019290737074
2.7621,0.015242781429958718
2.7677,0.015705969959270538
2.7733,0.015049638994750314
2.7787,0.014372038079044414
2.7843,0.015230780701841251
2.79,0.015034276927178736
2.7956,0.016338408085867284
2.801,0.015186972110209362
2.8066,0.015773514120880794
2.8122,0.015150005325878402
2.8176,0.015092636512999302
2.8233,0.01441258942014545
2.8289,0.01573496583244638
2.8343,0.014194269948595961
2.8399,0.014986254608222671
2.8455,0.014254766382333584
2.8509,0.014344394227971291
2.8566,0.015466524328394016
2.8622,0.015297620234560716
2.8678,0.014558132347382902
2.8733,0.014573551950405328
2.8789,0.014421436600265958
2.8842,0.01543665635789182
2.8899,0.015024864418201833
2.8955,0.014668026168398907
2.9012,0.01551654623058929
2.9065,0.014666240347982473
2.9122,0.015231113923986683
2.9178,0.014326339364603147
2.9232,0.014907295072660753
2.9288,0.014837828591609314
2.9344,0.01482531321803715
2.9401,0.01479980337882325
2.9455,0.016101748327628673
2.9511,0.014945439881939748
2.9565,0.014421945834067973
2.9621,0.0147093107541032
2.9678,0.014531597413371289
2.9734,0.014680895408628825
2.9788,0.01470926555272567
2.9844,0.01473291036639357
2.99,0.015637079902791395
2.9954,0.0153835770127293
3.001,0.015743286321972194
3.0067,0.016829485716484793
3.0121,0.015426527426912084
3.0177,0.015042209157883013
3.0233,0.014975593602578163
3.0287,0.01524150537880442
3.0343,0.015099481178277196
3.04,0.015048928327430877
3.0456,0.014657115912648955
3.051,0.014650940328237771
3.0566,0.015018936116571346
3.0622,0.014719256675458814
3.0676,0.014981050739081514
3.0732,0.01473291036639357
3.0789,0.015176133853968432
3.0845,0.014632950889529095
3.0898,0.015223100581732929
3.0955,0.014741274410856375
3.1011,0.015050026966955565
3.1067,0.015569314627023934
3.1121,0.01504274539073025
3.1177,0.014322254481887287
3.1234,0.014257381874170028
3.1287,0.015002248083284986
3.1344,0.014607551993352619
3.14,0.014710051118250744
3.1456,0.014641316091949408
3.151,0.014458847634969851
3.1567,0.014987346658115186
3.162,0.015612667133380498
3.1676,0.014953726049418137
3.1733,0.016080421757125096
3.1789,0.014001906525518137
3.1843,0.01515577595268991
3.1899,0.01628512778582558
3.1956,0.014544108901172192
3.2009,0.014660095878057833
3.2066,0.015413119426144206
3.2122,0.015395579571358287
3.2178,0.014707594986744343
3.2232,0.0144951692371591
3.2289,0.013900810378091322
3.2345,0.01468245950314051
3.2399,0.01529366206159155
3.2455,0.014045642466708363
3.2511,0.015932357983034162
3.2565,0.014336493509484294
3.2621,0.014289858093056829
3.2678,0.014147944735013018
3.2731,0.014208564503058962
3.2788,0.014956397192773307
3.2844,0.015574408718055821
3.29,0.014615089917406676
3.2954,0.01408595593845674
3.3011,0.01529218632211915
3.3067,0.013650584839894897
3.3121,0.014357781499473754
3.3177,0.013755172575369734
3.3233,0.015107609117697152
3.3287,0.014268725196903587
3.3344,0.014775176952083857
3.34,0.014025565513959393
3.3454,0.014240290969872893
3.351,0.015025718840264268
3.3566,0.01452779399154469
3.3623,0.014614617075147995
3.3676,0.01408757381166259
3.3733,0.014377937506424576
3.3789,0.014967162981981641
3.3843,0.013926297882433492
3.3899,0.014428838231885788
3.3956,0.014922751626036845
3.4009,0.013921984514892793
3.4066,0.014178445590526279
3.4122,0.014247662745626943
3.4176,0.013878671771446083
3.4232,0.01418254490267623
3.4289,0.014219240294782498
3.4345,0.015460504632905048
3.4398,0.014255305469596857
3.4455,0.014068822280160154
3.4511,0.013708968252092557
3.4565,0.01463389017791683
3.4621,0.014815926762371978
3.4678,0.013539539042273896
3.4731,0.014131364801871715
3.4788,0.01445792147712921
3.4844,0.014078846478191132
3.49,0.014084576726710374
3.4954,0.01370792274545174
3.501,0.013933078067306148
3.5067,0.015562407332449402
3.512,0.01554877466513882
3.5177,0.014496781700093608
3.5233,0.014892599255508676
3.5289,0.014873811488003819
3.5343,0.014792157902109304
3.5399,0.014900342173659764
3.5455,0.014324550437795791
3.5509,0.014344200080075309
3.5566,0.015185210588066766
3.5622,0.014490968571166496
3.5676,0.014695539039400574
3.5732,0.013979132002194916
3.5788,0.014061260058250813
3.5844,0.01478710151261553
3.5901,0.013825023822535476
3.5954,0.014766033994969563
3.6011,0.014520348974705
3.6067,0.014943767978093936
3.6121,0.014157915454064085
3.6177,0.013743824633484003
3.6233,0.014544257610769051
3.6287,0.014238212584708254
3.6343,0.015519566021709785
3.6399,0.013764434235262968
3.6456,0.014182662165061366
3.6509,0.014235438881656126
3.6566,0.014774671020990615
3.6622,0.014609465696193258
3.6676,0.013946583483095187
3.6732,0.014622294302071515
3.6789,0.014500622282445308
3.6842,0.014357781499473754
3.6899,0.014365633816109113
3.6955,0.013934973253285188
3.7009,0.01408946093816077
3.7065,0.015322699186340216
3.7122,0.014455176656421598
3.7178,0.013759251548792761
3.7232,0.01432472484488101
3.7288,0.015013634156969102
3.7344,0.01487972975722296
3.7398,0.013566011241653353
3.7455,0.014647333436971
3.7511,0.013901718919038686
3.7565,0.015145090519635085
3.7621,0.014726546885561964
3.7678,0.014777160825175217
3.7731,0.01447597720001692
3.7788,0.014686560812529281
3.7844,0.015276543420497779
3.7898,0.014262921102316639
3.7954,0.015344440505101531
3.8011,0.014290944976478093
3.8067,0.013994196975903428
3.8121,0.014585049045555909
3.8177,0.01360411675203621
3.8231,0.014268007259197635
3.8287,0.014328058085350426
3.8344,0.013885317982212486
3.84,0.014878519124660095
3.8454,0.014214211012564926
3.851,0.013698986052629536
3.8567,0.0142804543174615
3.862,0.014512863577542445
3.8677,0.014713737340198874
3.8733,0.01425295772516244
3.8789,0.013913954331698397
3.8843,0.0147118541912723
3.8899,0.014463308774812056
3.8953,0.014327426250716035
3.901,0.014297835585322272
3.9066,0.014292366332425033
3.9122,0.014368375780245524
3.9176,0.014581536036689657
3.9233,0.013960634473137778
3.9289,0.013697321419591457
3.9343,0.014586292381124855
3.9399,0.014005342303837764
3.9455,0.013980897614789045
3.9509,0.014241505579430047
3.9565,0.014278848326326532
3.9622,0.014050091846263157
3.9675,0.014013317662862734
3.9732,0.014510172157484957
3.9788,0.014040357582708829
3.9844,0.014276744862876445
3.9898,0.014149995696905115
3.9954,0.0143493043372247
4.0011,0.014892460995518997
4.0065,0.014237806996916458
4.0121,0.01429031671227099
4.0176,0.013982771685714823
4.0232,0.01442071929746036
4.0288,0.014137005583352735
4.0345,0.013938286956287183
4.0398,0.014544869538704486
4.0454,0.013866532139217291
4.051,0.01452738471998094
4.0566,0.014825143922999162
4.062,0.014496707877624804
4.0676,0.01402689977138527
4.0732,0.014341339527648822
4.0788,0.014905714489620081
4.0842,0.014395477814531432
4.0898,0.014257002856743473
4.0955,0.013779064403955044
4.101,0.015593827622044865
4.1066,0.014645057481133428
4.112,0.01445892434167062
4.1176,0.013811905112977918
4.1232,0.014678954619590012
4.1288,0.014246184151154972
4.1344,0.014542077056078018
4.1398,0.014395564057547494
4.1454,0.01446609705461177
4.1511,0.014020180531058912
4.1564,0.013437397050799715
4.1621,0.014355567240823985
4.1677,0.014582618587849927
4.1734,0.014046360348481501
4.1787,0.014243748195893247
4.1844,0.014203735820523589
4.19,0.014791200334946852
4.1953,0.015289720903759907
4.201,0.014214434093006822
4.2066,0.014156668307993225
4.212,0.01508725006478051
4.2176,0.015035794386946355
4.2233,0.013925287931473074
4.2287,0.01424265420333426
4.2343,0.014335085243143642
4.24,0.014177078659903364
4.2453,0.013922962066457378
4.251,0.014552780296786194
4.2566,0.015235708349120802
4.262,0.014573012782664208
4.2676,0.014930542064256258
4.2732,0.014230142673822721
4.2789,0.01452034876541819
4.2842,0.014017695789663609
4.2899,0.014938180210483543
4.2955,0.013903132943115626
4.3009,0.014376965268327657
4.3065,0.014334236598138483
4.3122,0.014496172869714608
4.3175,0.014378211108250216
4.3232,0.014066338551207647
4.3288,0.014207945390025456
4.3342,0.014039219770832112
4.3398,0.014571240216217918
4.3455,0.01494603595657118
4.3508,0.014603872544099783
4.3565,0.014687998642237021
4.3621,0.014699778621805937
4.3678,0.014318387935762678
4.3731,0.014128860209212224
4.3788,0.01393114352965208
4.3844,0.014812890441850968
4.3898,0.014705744740112658
4.3954,0.01434383192808375
4.401,0.014385738190260788
4.4067,0.013871068507166129
4.412,0.01418977019053691
4.4177,0.01463773137837543
4.423,0.014310156126931872
4.4287,0.01478997728691378
4.4343,0.01485273137427856
4.44,0.014195934340106797
4.4453,0.014070711939924596
4.451,0.014158004660114853
4.4566,0.014284576986205222
4.462,0.014663264248505392
4.4676,0.014575902381837036
4.4733,0.014182188700592402
4.4789,0.013824722488419816
4.4843,0.014564505086861024
4.4899,0.014585603740469022
4.4953,0.01406087527794897
4.5009,0.014123601948201614
4.5065,0.014457357597902787
4.5122,0.013625191850630936
4.5175,0.013881185794425432
4.5232,0.013885706419533017
4.5288,0.015116375428998907
4.5344,0.014665647922808667
4.5398,0.013717727327579254
4.5454,0.01450015759074974
4.5511,0.014910261420699511
4.5564,0.014758214044762186
4.5621,0.01440478703933823
4.5677,0.014420327213589657
4.5733,0.014703842826418567
4.5787,0.014023308188922057
4.5842,0.01571737194092737
4.5899,0.015144841970247125
4.5955,0.01431677627646688
4.6009,0.014235430386038361
4.6065,0.014596024379506911
4.6121,0.015496692859812367
4.6177,0.013960760370155256
4.6231,0.013613462618752514
4.6287,0.01411385823275868
4.6344,0.01562906373045747
4.6397,0.01476939419983414
4.6454,0.015443308723456672
4.651,0.014859106720797266
4.6566,0.014403691949776087
4.662,0.014643769156230002
4.6676,0.013828061893461419
4.6733,0.014362406757978396
4.6787,0.014492409587364863
4.6843,0.014641044354553712
4.6899,0.01427606438712048
4.6955,0.014430961553830945
4.7009,0.014371673181795552
4.7065,0.014057984550672087
4.7122,0.01531523702095039
4.7175,0.014879491189619953
4.7232,0.01385964827546915
4.7289,0.013982927642504084
4.7342,0.014112231618838456
4.7399,0.014679708723831064
4.7455,0.01395024904681863
4.7509,0.015089507227037169
4.7565,0.013967346861049057
4.7622,0.01468013932018497
4.7676,0.014966315457125123
4.7732,0.014563519982639717
4.7788,0.013747075966051625
4.7842,0.014689428177061536
4.7898,0.014013060755845297
4.7955,0.014072274910601701
4.8009,0.015488340504316023
4.8065,0.014788395128023657
4.8121,0.014690477100515409
4.8175,0.015126499797949666
4.8231,0.015018936116571346
4.8288,0.013954688777875868
4.8344,0.013898659391884838
4.8398,0.01432350910272584
4.8454,0.014156706539161679
4.8511,0.01498878592012498
4.8564,0.01503518345861976
4.8621,0.014188763494628054
4.8677,0.014251569388503915
4.8731,0.01405550597149463
4.8787,0.014714415338778375
4.8844,0.015054032684155283
4.8897,0.014135496694879901
4.8954,0.014001816974415826
4.901,0.014690890134466672
4.9067,0.014664176930852424
4.912,0.01562137793797369
4.9177,0.01525355250262117
4.9233,0.014237168952966783
4.9287,0.013729745973004803
4.9343,0.01391538480623078
4.94,0.013993605753145344
4.9456,0.014578912711309622
4.9509,0.014920768618207125
4.9566,0.01440444127813545
4.9622,0.01475354622158287
4.9676,0.014009818889320957
4.9733,0.014091125022900552
4.9789,0.013898886101121333
4.9843,0.01420847311921003
4.9899,0.014290606968990982
4.9955,0.014446591420891108
5.0009,0.014910261420699511
5.0066,0.014274811849098734
5.012,0.014585055059858743
5.0176,0.014592154564645465
5.0233,0.013974555473952766
5.0289,0.014632101815741372
5.0343,0.013973530766781206
5.0399,0.014134978302210222
5.0456,0.015938619877006177
5.0509,0.01468134188263126
5.0566,0.014249520144485439
5.0622,0.014919193995911462
5.0676,0.013837668623561505
5.0732,0.014639223872378038
5.0789,0.014106846966406739
5.0842,0.014282974592061404
5.0899,0.013674160413557956
5.0955,0.015561510640022647
5.1012,0.014621295120902378
5.1065,0.01344342149691835
5.1122,0.014199774510338159
5.1178,0.014241618465046013
5.1232,0.014333206988188518
5.1288,0.013871489245194102
5.1344,0.014412730097104642
5.1401,0.014833491978165192
5.1454,0.014763456088147775
5.151,0.014430494272054784
5.1567,0.014253396466985757
5.162,0.01442156459904842
5.1677,0.01376421226668767
5.1733,0.013919998634725594
5.1787,0.014003874439918462
5.1843,0.01411783503048114
5.19,0.014011602266553513
5.1956,0.014403688694438754
5.201,0.013945944397184551
5.2066,0.014153101397338608
5.2123,0.014196013878422953
5.2176,0.014617713999925952
5.2233,0.014018224604507967
5.2289,0.013977006235863954
5.2343,0.01449531532250492
5.2399,0.013985501026095637
5.2455,0.014660334037115419
5.2509,0.014312900971008569
5.2566,0.014314210884787792
5.2622,0.014524457259363244
5.2676,0.014573868951870406
5.2732,0.014137290526565982
5.2788,0.013903274725416859
5.2845,0.01390290382857895
5.2899,0.014251874810972787
5.2955,0.014301669824360985
5.3011,0.014517755877216043
5.3065,0.014370217268095287
5.3121,0.014227397392951424
5.3178,0.014087839717958905
5.3231,0.01456611155756371
5.3288,0.014597656559167671
5.3344,0.014374834062403252
5.3398,0.013967440756051497
5.3454,0.014131620178942317
5.3511,0.01411783503048114
5.3564,0.014234605882651019
5.3621,0.014109420882659762
5.3677,0.014122223814323709
5.3734,0.014839551342106239
5.3787,0.014614651288103131
5.3844,0.014333170733017875
5.39,0.014083677517942927
5.3954,0.01415790203407341
5.401,0.014238117393761351
5.4067,0.015259942156993889
5.412,0.014487645535621319
5.4177,0.013930377691865115
5.4233,0.014233634301051179
5.4287,0.014015582368062107
5.4343,0.014515330707213892
5.4399,0.014910814473467982
5.4456,0.014663982923837082
5.4509,0.014742984907833101
5.4566,0.014433726464441632
5.4622,0.014742731601332437
5.4676,0.014448432672003575
5.4732,0.0149818365270169
5.4788,0.014067944276594968
5.4844,0.014687103673569846
5.4898,0.01408534479678436
5.4954,0.013895882119256076
5.5011,0.013865355217459463
5.5067,0.014351082784830549
5.512,0.013908678325421198
5.5176,0.013807230149903482
5.5232,0.013997717330726633
5.5289,0.014420780341110051
5.5345,0.013928488305050557
5.5398,0.014300829323548259
5.5454,0.014141118506426853
5.5511,0.014769848169281286
5.5565,0.014841958293810187
5.5621,0.01449662467966073
5.5676,0.014757340238397587
5.5732,0.014831633702761415
5.5789,0.013820361706976758
5.5842,0.013808532419324226
5.5899,0.014254895738677442
5.5954,0.013790321015402673
5.601,0.013885433559673643
5.6067,0.014216390624661512
5.612,0.01427947581128075
5.6177,0.014407001374467931
5.6232,0.01492342516436529
5.6288,0.014501540327635176
5.6345,0.01396440743960814
5.6398,0.014581392255909265
5.6455,0.013839013084297802
5.651,0.013865119598530873
5.6566,0.014235321642134036
5.6623,0.013885047134158057
5.6676,0.013984748619377152
5.6733,0.014530740425536592
5.6788,0.013953009501000535
5.6845,0.014098691699137467
5.6898,0.014399464944606866
5.6955,0.013909043355520234
5.7011,0.01413948499547657
5.7065,0.01462868999121536
5.7121,0.013877334612247605
5.7178,0.01396347149362609
5.7231,0.014084792293317827
5.7288,0.016281116450534094
5.7344,0.014148146064611788
5.7398,0.013802992381996892
5.7454,0.01364184552682457
5.7511,0.014118772981649652
5.7567,0.01373352329368438
5.7621,0.014175285006296168
5.7677,0.01389426900818691
5.7734,0.014010426233525441
5.7787,0.013913804858344925
5.7844,0.013699844517929272
5.79,0.01372215342605454
5.7954,0.01418774368957565
5.801,0.014808528822742195
5.8067,0.013831230824987273
5.812,0.013946015032491266
5.8177,0.013720863857040522
5.8233,0.014092556487058872
5.8287,0.015813219657617728
5.8343,0.014220626289802807
5.84,0.013954521668276376
5.8456,0.014635878269668945
5.851,0.013915712524615431
5.8566,0.013867616964425844
5.8622,0.013859317862298548
5.8676,0.013802995555104225
5.8732,0.013962038847854963
5.8789,0.014896314578040748
5.8842,0.014212163658073207
5.8899,0.013799137173463372
5.8955,0.014212286402367713
5.9011,0.01413702370880765
5.9065,0.013759643309204206
5.9122,0.01443764537832859
5.9178,0.014067161055197897
5.9232,0.014370015689513904
5.9288,0.013911733603447107
5.9344,0.013965379841708092
5.9398,0.013784183406763129
5.9454,0.014074919832557153
5.9511,0.014592888383108571
5.9564,0.015154974757092043
5.9621,0.014115773107753915
5.9677,0.015045257332662265
5.9733,0.013645732196841065
5.9787,0.013681455613210769
5.9843,0.013857590277195797
5.99,0.013857499687190522
5.9956,0.014140180225082677
6.0009,0.014059245226100359
6.0066,0.01456169604498192
6.0122,0.013433379901839793
6.0176,0.013613865452092089
6.0232,0.015005475051750317
6.0289,0.014280852337911654
6.0342,0.013832674015824775
6.0399,0.01378762608195494
6.0455,0.01421004681924587
6.0511,0.014316652993025425
6.0565,0.014907227056018657
6.0621,0.01404725402128415
6.0678,0.014335727826533251
6.0731,0.014339955065641119
6.0788,0.014382479791985592
6.0844,0.014197881046090766
6.09,0.014089246400834421
6.0954,0.014002276522744328
6.101,0.014541518161974798
6.1067,0.014041733471450657
6.112,0.01382476208433836
6.1177,0.01392044213362098
6.1233,0.013774849015889545
6.1287,0.013929106143487635
6.1343,0.013900611599612755
6.14,0.01407394127098649
6.1453,0.014001845892750886
6.151,0.013906225428423014
6.1566,0.013910496822688634
6.162,0.0145990695593059
6.1676,0.013563451111337166
6.1733,0.01415951894620493
6.1789,0.013877334612247605
6.1843,0.014388495997372575
6.1899,0.014297379682000733
6.1956,0.014526739616930628
6.2009,0.013876320386912777
6.2066,0.01393619801937973
6.2122,0.013706652911630535
6.2176,0.01476726638151482
6.2232,0.014191427394225187
6.2288,0.013994200633184573
6.2342,0.013489321502747842
6.2399,0.014090076164505083
6.2455,0.013971639322398977
6.2511,0.014348927016980983
6.2565,0.014098180711503483
6.2621,0.014224841153597456
6.2675,0.014234243402437619
6.2732,0.014101436527218514
6.2788,0.013982375637828115
6.2844,0.014016621954361375
6.2898,0.013828082889725035
6.2954,0.014329290766436298
6.3011,0.014314898320515246
6.3064,0.014251874810972787
6.3121,0.013863472802387644
6.3177,0.015955549839773875
6.3233,0.014025898661689018
6.3287,0.013816209334107432
6.3344,0.013985220112338048
6.3397,0.013681341788926105
6.3454,0.014819319353682303
6.351,0.014380329314281237
6.3567,0.014365182804403576
6.362,0.01401202479797492
6.3677,0.014178128797842415
6.3733,0.014231964977922562
6.3787,0.013856565484895667
6.3843,0.014049178407699925
6.39,0.01396368956421945
6.3953,0.013903447421124149
6.401,0.014038892716462748
6.4066,0.013859604703208461
6.412,0.013817441362648397
6.4176,0.01417699046180898
6.4233,0.01395886345978714
6.4289,0.013946583483095187
6.4343,0.01415231907239578
6.4399,0.013937204627792577
6.4455,0.013755396652656682
6.4509,0.01395026090390572
6.4565,0.014216390624661512
6.4622,0.014381617577722716
6.4678,0.013868868623871933
6.4731,0.013681633069170474
6.4788,0.014938235265121946
6.4844,0.013967315682420267
6.4898,0.013942142909139976
6.4954,0.014165392874836424
6.501,0.013761681884330468
6.5067,0.014302158516503516
6.5121,0.013903666747065557
6.5177,0.014109478468411485
6.5233,0.013981101413854224
6.5287,0.01392681957150721
6.5343,0.014074969117736646
6.5399,0.01384188236366013
6.5453,0.014057838519882626
6.551,0.014049715114983874
6.5566,0.01386219181430226
6.562,0.014217736647923251
6.5676,0.013925808614318136
6.5733,0.014239596958501188
6.5786,0.013891274709027623
6.5843,0.013947355581307441
6.5899,0.014115543041121281
6.5955,0.013986889433750038
6.6009,0.013876137728009219
6.6065,0.013751981562536653
6.6122,0.014136117005578708
6.6175,0.01405484881196073
6.6232,0.013933564720889802
6.6288,0.013802340270597568
6.6345,0.014298033962653278
6.6398,0.014333170733017875
6.6454,0.013915710139999149
6.6508,0.013821880857925573
6.6565,0.013699946932169027
6.6621,0.014501888572016508
6.6677,0.01392681957150721
6.6731,0.013960367116768513
6.6787,0.014220993082766586
6.6844,0.014037115292971025
6.69,0.014703769191728666
6.6954,0.014752956547071205
6.701,0.014147941366280614
6.7066,0.013974498448875883
6.712,0.01385108168098359
6.7177,0.013669727542407584
6.723,0.014289579934394281
6.7287,0.013876320386912777
6.7343,0.014072274910601701
6.74,0.013968452652817431
6.7453,0.013956743901518243
6.751,0.013943854142710599
6.7566,0.013795580060956603
6.762,0.01372252862347767
6.7676,0.013761028256245478
6.7732,0.014147225556795817
6.7786,0.013913261541474542
6.7842,0.014132529006424921
6.7899,0.013774446607976776
6.7955,0.013975768711454783
6.8009,0.014031748986508497
6.8065,0.014043535639003402
6.8122,0.01400113263693692
6.8178,0.014026503820000258
6.8231,0.013874385585312066
6.8288,0.014015664187915
6.8344,0.013907315035749601
6.8398,0.014004367450251909
6.8454,0.013836890038418481
6.851,0.013830317854183649
6.8564,0.013893150222853645
6.862,0.013968166662370107
6.8676,0.013836890038418481
6.8733,0.014022100328982212
6.8786,0.013737234139792331
6.8843,0.014455109398340271
6.8899,0.013989576861972886
6.8955,0.013650473000615726
6.9009,0.013830619200570382
6.9065,0.013965158666094046
6.9122,0.01382598125373069
6.9175,0.01390378749183352
6.9232,0.013757395128027428
6.9288,0.013809033299057472
6.9344,0.013808741614043107
6.9398,0.013910986844926754
6.9454,0.014023827345263973
6.9511,0.01400644329259304
6.9565,0.01387012565072876
6.9621,0.013804405674299414
6.9677,0.013878509715217646
6.9731,0.01382002621981826
6.9787,0.013884734901685292
6.9844,0.013832674015824775
6.9897,0.013843792527893584
6.9953,0.013941947422386969
7.001,0.013492871335667456
7.0067,0.013793430658819439
7.012,0.013699615877901916
7.0177,0.013964542128110935
7.0233,0.013909043355520234
7.0287,0.01383179538540813
7.0343,0.013938307103827707
7.04,0.01383792413796403
7.0453,0.013965379841708092
7.051,0.01378381394667283
7.0567,0.013839021869182844
7.062,0.013683994529436028
7.0677,0.013704503363522802
7.0733,0.016109744556856098
7.0786,0.013884734901685292
7.0843,0.013789868248025083
7.0899,0.01383792413796403
7.0955,0.01390842145477933
7.1009,0.013736090289013125
7.1065,0.013797445652111051
7.1122,0.013697699508781414
7.1178,0.013785039836363477
7.1231,0.013761206194580877
7.1288,0.01357530513266525
7.1344,0.013826550777968905
7.1398,0.013834259909019764
7.1453,0.01380062604186616
7.151,0.013456671210192894
7.1566,0.013851939066318764
7.1622,0.013731543975979754
7.1676,0.013938395642388635
7.1731,0.013873513632026047
7.1788,0.01377396568944178
7.1844,0.01395886345978714
7.19,0.013851939066318764
7.1954,0.013795599287987237
7.2009,0.013935953768796638
7.2066,0.013775644364876882
7.2122,0.013943854142710599
7.2176,0.01383968577360073
7.2232,0.013872705310411515
7.2287,0.013824167593611492
7.2344,0.013858869596192758
7.24,0.013961417972483625
7.2454,0.013969907653176072
7.251,0.014096383550768143
7.2566,0.014011899840558506
7.2622,0.013915082387109257
7.2676,0.013664710202558217
7.2732,0.013890429116959258
7.2788,0.013765960971310998
7.2844,0.01379942839429038
7.29,0.013946578418141842
7.2954,0.013963226215522262
7.301,0.013812562828201536
7.3066,0.013800267254910459
7.312,0.01358648173328647
7.3176,0.013818089627981145
7.3233,0.01391898166499117
7.3289,0.013784253092008258
7.3343,0.013815661977794047
7.3399,0.013892180650101338
7.3455,0.013761681884330468
7.3509,0.013755359539231904
7.3565,0.01381167822784346
7.3622,0.013822896962414788
7.3678,0.013998520832989136
7.3732,0.01387412545498612
7.3788,0.013909268103653893
7.3844,0.013920917747009875
7.3898,0.013669575968658698
7.3954,0.013957479623747382
7.401,0.013711944452315716
7.4067,0.013879180404001046
7.412,0.013845112168894058
7.4177,0.01371531698825712
7.4233,0.013881972612627802
7.4289,0.014023827345263973
7.4343,0.013849689279449517
7.4399,0.013984636253873806
7.4455,0.013915898456300813
7.4512,0.013764434235262968
7.4565,0.013770503532354761
7.4621,0.013748510242172607
7.4678,0.013924487858603785
7.4731,0.013843979279094754
7.4788,0.013984767241687956
7.4844,0.013818347638279604
7.49,0.01378711872747651
7.4954,0.013860629718120299
7.501,0.013865942233053374
7.5067,0.013763426881986618
7.5121,0.013913717840861262
7.5177,0.01376826061065195
7.5233,0.013791182174258454
7.5287,0.01372145789079382
7.5343,0.01377732464323489
7.5399,0.013937132370536176
7.5456,0.01375888415720472
7.5509,0.013880023686708043
7.5566,0.013794918271986978
7.5622,0.01382598125373069
7.5676,0.013796477375409566
7.5732,0.013791182174258454
7.5789,0.013364310336830387
7.5842,0.013768987713577152
7.5899,0.013760531940481213
7.5955,0.013658955480705393
7.6011,0.013814361702711775
7.6067,0.01390201278678016
7.6121,0.01376733966240895
7.6177,0.013592373123953116
7.6233,0.014024114345197791
7.6287,0.013824747724808795
7.6343,0.014096580248476709
7.6399,0.01378164757850353
7.6456,0.013808741614043107
7.651,0.013773118580439503
7.6566,0.013770606792652185
7.6622,0.013814980024418944
7.6676,0.013885801407017562
7.6732,0.013957479623747382
7.6789,0.013956350314415111
7.6842,0.01401415487876112
7.6898,0.01381159552011546
7.6955,0.013819026108062182
7.7011,0.013919676650081092
7.7065,0.01383968577360073
7.7121,0.013809629284392777
7.7178,0.01488961382342846
7.7231,0.014015664187915
7.7288,0.013893150222853645
7.7344,0.013635130812167162
7.7401,0.01390842145477933
7.7454,0.013735648058919692
7.7511,0.013780753745257668
7.7567,0.013727315161248699
7.7621,0.013737234139792331
7.7677,0.01385108168098359
7.7733,0.01367074001691071
7.7787,0.013755359539231904
7.7844,0.013664787178830018
7.79,0.013902737415752098
7.7953,0.013776297569482843
7.801,0.013681668991600615
7.8066,0.013807243587637075
7.8123,0.013822217338355758
7.8176,0.013777880785277974
7.8232,0.013909983284384975
7.8289,0.01391898166499117
7.8342,0.01390985064733008
7.8399,0.013902737415752098
7.8455,0.013828082889725035
7.8511,0.013785523803764299
7.8565,0.013896792320702067
7.8621,0.013828774426031032
7.8678,0.013769454117562141
7.8734,0.013777880785277974
7.8788,0.013769579775899876
7.8844,0.013797016590096023
7.89,0.013834259909019764
7.8954,0.013915898456300813
7.9011,0.013991302366133995
7.9067,0.013637580388240478
7.9121,0.013939916791554152
7.9177,0.013988105884508606
7.9234,0.013462887277713831
7.9287,0.013652423019641757
7.9344,0.013793430658819439
7.94,0.013980362729747675
7.9454,0.013841611887392524
7.9511,0.01371049002269209
7.9567,0.013844367511387512
7.962,0.013835919570547972
7.9677,0.013637580388240478
7.9733,0.014143374177658652
7.9787,0.013729933630655333
7.9843,0.013863181448018347
7.99,0.013753785520302486
7.9956,0.013860738291693098
8.0009,0.01364251923349502
8.0066,0.01368648567305697
8.0123,0.01370069314206801
8.0176,0.013649032676559925
8.0231,0.013965379841708092
8.0287,0.013581696330591697
8.0344,0.013786329357727611
8.04,0.013745695039971473
8.0453,0.013788011636842512
8.051,0.013777794873730542
8.0566,0.01375888415720472
8.0622,0.013814323346955426
8.0676,0.013787154189447204
8.0732,0.014082382147075467
8.0789,0.014319623467614173
8.0845,0.01388328544624784
8.0898,0.013859493776562815
8.0953,0.013744825755938272
8.101,0.013767005077071959
8.1066,0.013755482152337128
8.1122,0.013816338392407701
8.1176,0.013878167338722491
8.1232,0.01417246000282324
8.1287,0.014168585181174809
8.1343,0.013837861678136942
8.1399,0.013830619200570382
8.1453,0.013690298297898362
8.151,0.013835919570547972
8.1566,0.013636126930385961
8.1622,0.013924106050644536
8.1676,0.013890611350297455
8.1732,0.01377053700066333
8.1787,0.013634737104206707
8.1843,0.013645719004968804
8.19,0.013734711835992064
8.1954,0.013855892727615116
8.201,0.013723731003417283
8.2066,0.013722357472805813
8.212,0.01390378749183352
8.2177,0.013788765297368277
8.2233,0.013738928840313802
8.2287,0.01393619801937973
8.2343,0.014425203629942818
8.24,0.01382476208433836
8.2454,0.013761028256245478
8.251,0.013708199434996793
8.2566,0.013641839496995711
8.262,0.013843792527893584
8.2676,0.01393722074576531
8.2733,0.014018045952581382
8.2787,0.013612570169632354
8.2844,0.013875860054314515
8.29,0.013791182174258454
8.2954,0.013901566350419614
8.301,0.013743824633484003
8.3066,0.013751484610525777
8.312,0.013827002012609002
8.3177,0.013625653350854527
8.3233,0.013658711624427111
8.3287,0.013977652874346047
8.3344,0.01375042945839855
8.34,0.01360278246514146
8.3454,0.013930820621580242
8.351,0.013802340270597568
8.3566,0.013867776299635537
8.362,0.013764645217243299
8.3676,0.013841408226651142
8.3733,0.013748827631755667
8.3787,0.013668595582323473
8.3843,0.013988868023947498
8.3899,0.013935238924663862
8.3954,0.013855259423937172
8.401,0.013945091549552702
8.4067,0.01383801418650421
8.412,0.013812888527660272
8.4177,0.01363340836709881
8.4233,0.014555999374956441
8.4286,0.013674069829198165
8.4343,0.013759251548792761
8.4399,0.013956350314415111
8.4454,0.013893529557269302
8.451,0.01377396568944178
8.4567,0.013771082578901694
8.462,0.013843979279094754
8.4677,0.013651587496056106
8.4733,0.014473413251573364
8.4786,0.01378051806766356
8.4843,0.013761943467150317
8.4899,0.013680952039363259
8.4954,0.013808741614043107
8.501,0.01386058626876352
8.5067,0.013932038862571439
8.512,0.013720718466103676
8.5177,0.013796043689333404
8.5233,0.014356989639514373
8.5287,0.013955133587981727
8.5343,0.014319065598701775
8.5399,0.013422784202734128
8.5454,0.013988868023947498
8.5511,0.013744728020889996
8.5567,0.013532905613009794
8.5621,0.014062652233946205
8.5677,0.014122859799623466
8.5733,0.013835012734356278
8.5787,0.014293022131005362
8.5843,0.0137786389733634
8.59,0.01407182110101024
8.5954,0.014079488569905596
8.601,0.013811056836150026
8.6066,0.013810580586413934
8.6121,0.013897428913129728
8.6178,0.013848571885144878
8.6231,0.013835396867053262
8.6288,0.01382476208433836
8.6344,0.013772068763835854
8.6398,0.013727332874952536
8.6454,0.013656890487172335
8.651,0.013709558722176052
8.6567,0.013722323139144343
8.662,0.013874640023088913
8.6675,0.013782651688660552
8.6732,0.013727719933288363
8.6788,0.013690079781168318
8.6844,0.01385997452018728
8.6898,0.01386219181430226
8.6953,0.01372395646474156
8.701,0.013737947255279437
8.7066,0.013711977561795985
8.712,0.013753979020298068
8.7176,0.014034372157449404
8.7231,0.014276281777545918
8.7288,0.014302756651334958
8.7344,0.01422689589477244
8.7398,0.013770503532354761
8.7454,0.013712797670316412
8.7509,0.013765483839784931
8.7566,0.013881972612627802
8.7621,0.013673238761274575
8.7678,0.013852816258624667
8.7731,0.013998069600761998
8.7787,0.013789988350607185
8.7844,0.013752603201326652
8.79,0.013746725690734873
8.7954,0.01362081456450226
8.801,0.013555063283306579
8.8065,0.013758601851870722
8.8121,0.013660786117789092
8.8178,0.013634441575978817
8.8231,0.013744728020889996
8.8288,0.014170410944957856
8.8343,0.013985501026095637
8.84,0.013755172575369734
8.8453,0.013676813994945247
8.851,0.013490619374674662
8.8566,0.014083580849371335
8.8622,0.013856598090018934
8.8678,0.01369424657435725
8.8731,0.013805257737437682
8.8788,0.013783807853599006
8.8844,0.013858464916039148
8.8898,0.013610619624868203
8.8954,0.013722357472805813
8.901,0.013866892639958106
8.9067,0.013603516647916702
8.912,0.013796043689333404
8.9176,0.013648531038075395
8.9233,0.013786308259391866
8.9286,0.013923092907182744
8.9343,0.013799493427739673
8.9399,0.0137429848777475
8.9455,0.013916801737083428
8.9511,0.013649433306408554
8.9565,0.013719303273711292
8.9621,0.013697244531364339
8.9677,0.013740561452926903
8.9733,0.013697699508781414
8.9787,0.013889653721896877
8.9843,0.013542512494412184
8.9899,0.014035616461859135
8.9955,0.01378164757850353
9.0009,0.013798653165354224
9.0065,0.01383801418650421
9.0122,0.01386558535689697
9.0177,0.013647866684478371
9.0231,0.01372499701503016
9.0287,0.013580974772164023
9.0343,0.013541533255670313
9.0399,0.013680326529443398
9.0453,0.013866892639958106
9.0509,0.013821089963249378
9.0566,0.013559741513854862
9.0622,0.01383801418650421
9.0675,0.014157915454064085
9.0731,0.013698637844304029
9.0788,0.014255439656144286
9.0844,0.013694666045414916
9.0897,0.013789988350607185
9.0954,0.013784253092008258
9.101,0.01380425901412563
9.1066,0.013683009112930522
9.1119,0.013789988350607185
9.1176,0.013803165626810499
9.1232,0.013688174508261985
9.1288,0.014002622780241447
9.1342,0.013661326179807087
9.1398,0.013669727542407584
9.1454,0.013692372581647128
9.151,0.013605683468361995
9.1564,0.01372145789079382
9.162,0.013699718199915223
9.1677,0.013627315819627395
9.1733,0.013744178952805441
9.1789,0.013922904463364638
9.1842,0.013716650609024272
9.1898,0.013990401194432067
9.1955,0.013706903779496349
9.2011,0.013700466111671306
9.2065,0.01364199132692212
9.2121,0.013600750414864748
9.2177,0.013789988350607185
9.2233,0.013769454117562141
9.2287,0.013534257967435792
9.2343,0.014365633816109113
9.2399,0.013769301104071374
9.2455,0.013730688310872985
9.2509,0.013983543278858868
9.2565,0.01422497304883974
9.2621,0.013812674085488696
9.2677,0.013644525873795388
9.2731,0.013753785520302486
9.2787,0.013718911045624393
9.2843,0.013798424445288449
9.29,0.013865351610470533
9.2953,0.01368789721300101
9.3009,0.013779018638424567
9.3066,0.014058550291073502
9.3122,0.013717942287052587
9.3176,0.013829506647407896
9.3232,0.013500231679559382
9.3288,0.013941669082408126
9.3344,0.013872599149625131
9.3398,0.013852816258624667
9.3454,0.013749438034447836
9.351,0.013595929967715747
9.3567,0.013569725879919892
9.362,0.013777880785277974
9.3676,0.013659980819455297
9.3732,0.013606497512544058
9.3789,0.01376406506399852
9.3842,0.013634606532295424
9.3899,0.013745376093723172
9.3955,0.014029860296976615
9.4008,0.013744178952805441
9.4065,0.014153915059835764
9.4121,0.01361301664017378
9.4177,0.013706100624677475
9.4233,0.013794705358237902
9.4287,0.013629184548349382
9.4343,0.013759151112963997
9.44,0.014144129213953027
9.4453,0.01363749294730443
9.451,0.013647637400565849
9.4566,0.013633410909698718
9.4622,0.013635699242539934
9.4676,0.01372917683992858
9.4732,0.013861742392641041
9.4788,0.013704675939102184
9.4844,0.013888446015648537
9.4898,0.013638302640772038
9.4954,0.014036245046277873
9.501,0.01378051806766356
9.5064,0.013489501450810515
9.512,0.013583902016779614
9.5176,0.01367410094768573
9.5233,0.013563810069960436
9.5286,0.01366900745669386
9.5342,0.013580463076576343
9.5399,0.01362081456450226
9.5455,0.01362576742530286
9.5511,0.013527567536471219
9.5565,0.01371740848290881
9.5621,0.013707536598752457
9.5677,0.013498775458973489
9.5733,0.013779018638424567
9.5787,0.013726169721820503
9.5843,0.013574433377766981
9.5899,0.013738243068080136
9.5956,0.013712304825793886
9.6009,0.013700862187196128
9.6065,0.013639097477771811
9.6122,0.013621435800503567
9.6175,0.013745376093723172
9.6232,0.013756341053279497
9.6288,0.013776806563805089
9.6344,0.013699801854575977
9.6398,0.01372082211254333
9.6454,0.013795844749162178
9.651,0.013677514733278606
9.6566,0.013840183232078473
9.662,0.01371740848290881
9.6676,0.013612284038715394
9.6733,0.013673259008428973
9.6789,0.013823408345135402
9.6842,0.013615619604626428
9.6899,0.013912054037143573
9.6955,0.013745376093723172
9.7011,0.013835396867053262
9.7065,0.013645665853964095
9.7121,0.01373262180422774
9.7177,0.01375424586047358
9.7233,0.013609018842699827
9.7287,0.013715568015429724
9.7343,0.01364199132692212
9.7399,0.013601969406978887
9.7455,0.013617911992695353
9.7509,0.013685880250619231
9.7565,0.013639097477771811
9.7621,0.013779546704673296
9.7678,0.013681668991600615
9.7731,0.013716618727151575
9.7788,0.013785248859860655
9.7844,0.013542309583245649
9.79,0.013787431290594343
9.7954,0.013645964509707786
9.801,0.013659002669535125
9.8066,0.013663543698116287
9.812,0.013639097477771811
9.8176,0.0135907066913048
9.8232,0.013610619624868203
9.8289,0.01363414292620102
9.8342,0.01373575551068007
9.8398,0.013606008173384643
9.8455,0.01357387140865951
9.8511,0.013537280485104608
9.8564,0.013672334974500044
9.862,0.013654112164405818
9.8676,0.013605683468361995
9.8732,0.013841408226651142
9.8789,0.013663543698116287
9.8842,0.013662422982553935
9.8898,0.013465454968769608
9.8954,0.013609500646537098
9.9011,0.013563810069960436
9.9067,0.013567301939032328
9.912,0.013701175963698686
9.9177,0.013592273485689255
9.9233,0.013692372581647128
9.9287,0.013694171649164089
9.9343,0.013730697378250722
9.9399,0.013530762213381342
9.9455,0.01366900745669386
9.9508,0.013667343937964871
9.9565,0.013718983069975321
9.9621,0.013639097477771811
9.9677,0.013675774453364431
9.9734,0.013762215699348879
9.9787,0.013672579514248717
9.9843,0.013612570169632354
9.99,0.013570536446830594
9.9956,0.01364906700114088
10.0009,0.013639343017155081
10.0066,0.01371740848290881
10.0122,0.013672334974500044
10.0176,0.013605628343655862
10.0232,0.01363900277025043
10.0288,0.013642560824659533
10.0342,0.013662735171831919
10.0398,0.013535402508498828
10.0454,0.013637319190554109
10.051,0.013674022898096494
10.0567,0.013720621288725976
10.062,0.013662361599975581
10.0676,0.013608129986198092
10.0732,0.013702613704493105
10.0788,0.013707536598752457
10.0842,0.013682458650854379
10.0898,0.013655836883213146
10.0954,0.013710651785101557
10.101,0.013738928840313802
10.1067,0.013723731003417283
10.112,0.013706903779496349
10.1176,0.013639097477771811
10.1232,0.01372985007623817
10.1289,0.01367917964396792
10.1342,0.013659980819455297
10.1399,0.01376468490495153
10.1455,0.01353542431733179
10.1511,0.013667130097266833
10.1564,0.013632650241531818
10.1621,0.013664000713842439
10.1677,0.013617392730802536
10.1731,0.01372145789079382
10.1787,0.013714099786375611
10.1843,0.013652423019641757
10.1899,0.013729053457552265
10.1953,0.013761206194580877
10.2009,0.013606008173384643
10.2066,0.01362576742530286
10.2122,0.013750199433063548
10.2175,0.01358577927970317
10.2232,0.013559049503933718
10.2288,0.013717942287052587
10.2344,0.013690079781168318
10.2398,0.013550643802557438
10.2454,0.013801822287671017
10.251,0.013602539220725518
10.2566,0.01375415674655156
10.262,0.01371659782181367
10.2676,0.013749438034447836
10.2733,0.013712946216169142
10.2789,0.013562518612549646
10.2842,0.013723731003417283
10.2899,0.013692794011619158
10.2955,0.013650896347188413
10.3009,0.013763426881986618
10.3065,0.013740026705878039
10.3121,0.013627728793374372
10.3178,0.013727332874952536
10.3231,0.013655836883213146
10.3287,0.013550424205119649
10.3343,0.013732145824971509
10.3399,0.013603940600896092
10.3453,0.013625958848691333
10.3509,0.013600645760994734
10.3565,0.013593903911743421
10.3621,0.013572377068838515
10.3678,0.013606173547495937
10.3731,0.01374737960832828
10.3788,0.013746636866316164
10.3843,0.013603940600896092
10.3899,0.013567161498153402
10.3953,0.013689325370871641
10.4009,0.01369576276877238
10.4066,0.013637580388240478
10.4121,0.013631221188544762
10.4177,0.01357586332587557
10.4231,0.013689325370871641
10.4288,0.013555728707463688
10.4344,0.01362733856358389
10.4399,0.013440353805944882
10.4456,0.013705671755671167
10.4509,0.013669575968658698
10.4565,0.013444802777098142
10.4622,0.013639407646898194
10.4677,0.013598503325656264
10.4731,0.01376826061065195
10.4787,0.01354275179407316
10.4843,0.013734607179490155
10.49,0.013751491050155495
10.4953,0.01378381394667283
10.5009,0.013721308431305035
10.5066,0.013665926822211016
10.5122,0.013747819973168207
10.5175,0.013713657487011144
10.5232,0.013620119188924917
10.5288,0.013662301196252669
10.5344,0.013703341056793938
10.5398,0.013700862187196128
10.5454,0.01368282089826578
10.551,0.013645964509707786
10.5566,0.01372777738304043
10.562,0.013692794011619158
10.5676,0.013555603915803793
10.5732,0.013671121712490741
10.5788,0.013698491377133415
10.5842,0.013652423019641757
10.5899,0.013749349306534375
10.5955,0.013547758606359928
10.6008,0.013675561910152734
10.6065,0.013730958266977344
10.6121,0.013594098468611815
10.6178,0.01363072898464579
10.6231,0.013722826760894868
10.6287,0.013550643802557438
10.6344,0.013757395128027428
10.64,0.013690079781168318
10.6453,0.01376468490495153
10.651,0.0135888986149868
10.6566,0.013676032526656723
10.6622,0.01371747119890987
10.6676,0.013716618727151575
10.6732,0.01357220480079735
10.6788,0.013718355420475614
10.6842,0.013662301196252669
10.6898,0.013587460946577812
10.6954,0.013777014405769172
10.7011,0.013140054074773033
10.7064,0.013768505814166332
10.7121,0.013766377882344027
10.7177,0.013632650241531818
10.7233,0.013587073806332173
10.7287,0.013652423019641757
10.7343,0.013599704624495557
10.7399,0.013640591756108433
10.7453,0.013627728793374372
10.7509,0.013580534960246915
10.7565,0.013791182174258454
10.7622,0.013490124423323868
10.7675,0.013896869150988422
10.7731,0.0135441954311184
10.7788,0.0136239716630151
10.7844,0.013650896347188413
10.79,0.013632324527797834
10.7954,0.013668397004001465
10.801,0.013627728793374372
10.8067,0.013567301939032328
10.812,0.013741797820654211
10.8176,0.013659274267279642
10.8233,0.013671121712490741
10.8286,0.013708199434996793
10.8343,0.013649032676559925
10.8399,0.013674613951702552
10.8455,0.01361301664017378
10.8509,0.01365153942939612
10.8565,0.013491263175620105
10.8621,0.013750800974156041
10.8675,0.013915816599008535
10.8732,0.013562058721555692
10.8788,0.01373914772333773
10.8844,0.013622816043759256
10.8898,0.013644217460046848
10.8954,0.013510239546973724
10.901,0.013765813175174113
10.9066,0.013606008173384643
10.912,0.013440979095789896
10.9176,0.013517029061033137
10.9232,0.01372981999868994
10.9289,0.014319638055201311
10.9342,0.01356690719979503
10.9399,0.013683994529436028
10.9455,0.013752603201326652
10.9508,0.013498137743712446
10.9565,0.013569527391252167
10.9621,0.01540196004976746
10.9677,0.013536439692077407
10.9731,0.014122758643661859
10.9787,0.013680952039363259
10.9843,0.013753979020298068
10.9899,0.013679060571579527
10.9953,0.013573934915997565
11.0009,0.014293113060130258
11.0066,0.013634606532295424
11.0122,0.013696286172854455
11.0176,0.013555603915803793
11.0232,0.013608072696129181
11.0288,0.01368282089826578
11.0344,0.013755172575369734
11.0398,0.013502824331111496
11.0454,0.01359111821911796
11.051,0.013608072696129181
11.0566,0.013657043162052629
11.062,0.013473866145744084
11.0676,0.013933511630270123
11.0733,0.01405802752270291
11.0786,0.013761028256245478
11.0843,0.013672852231773724
11.0899,0.01354289034791889
11.0955,0.01378051806766356
11.1011,0.013743097820060113
11.1065,0.013406947335610875
11.1121,0.013601969406978887
11.1177,0.013609757389141164
11.1231,0.013326539179942198
11.1287,0.013844978295653121
11.1343,0.01413073213375382
11.14,0.013537652856447702
11.1453,0.013377277118979958
11.1509,0.013841611887392524
11.1566,0.013755807874515025
11.1622,0.01352543153681851
11.1675,0.0136239716630151
11.1732,0.013634441575978817
11.1788,0.013611725849258072
11.1844,0.013763167078844951
11.1898,0.013583259626559707
11.1954,0.013752315983948105
11.201,0.013466593223767642
11.2066,0.013691778069225835
11.212,0.0152494864969559
11.2176,0.01354702631229876
11.2232,0.013741496261312491
11.2289,0.01371400456623384
11.2342,0.013703476708758267
11.2398,0.013833873105152383
11.2455,0.013997536837836444
11.2511,0.013729053457552265
11.2564,0.013698755322749445
11.262,0.013803052840563046
11.2677,0.01373914772333773
11.2733,0.013960367116768513
11.2786,0.013799465271361777
11.2843,0.013629511443880027
11.2899,0.01361577740616915
11.2952,0.01356147027547916
11.3009,0.013737234139792331
11.3065,0.013559740927482578
11.3121,0.014144426512915143
11.3178,0.012715492935059913
11.3231,0.013614431638459434
11.3287,0.01362249199093446
11.3343,0.013588670355773713
11.34,0.01372981999868994
11.3453,0.013730958266977344
11.3509,0.01356279030257812
11.3565,0.013835434592424756
11.3622,0.013913717840861262
11.3675,0.01362855397759244
11.3732,0.01356473232314026
11.3788,0.013833804451034215
11.3844,0.013638287169362995
11.3898,0.013690298297898362
11.3954,0.013635307526808083
11.401,0.013623983135791162
11.4064,0.013762523457159226
11.412,0.013634606532295424
11.4176,0.013633639256822816
11.4232,0.013677115376430793
11.4286,0.013856148536260937
11.4342,0.013584214509049897
11.4398,0.013692285739753896
11.4455,0.013553592926008662
11.4511,0.013784183406763129
11.4564,0.013753979020298068
11.4621,0.013496709941918539
11.4677,0.013575366793965982
11.4733,0.013564630103279685
11.4787,0.013699615877901916
11.4843,0.013481821954302031
11.4899,0.013765483839784931
11.4955,0.013805870817535038
11.5009,0.01366175003874015
11.5065,0.013579468967278796
11.5121,0.013653244922535057
11.5175,0.013700466111671306
11.5231,0.013785248859860655
11.5287,0.013587763997570335
11.5344,0.01352734352391205
11.5397,0.013686429574885084
11.5454,0.01364199132692212
11.551,0.013139487523535776
11.5566,0.013357328253247092
11.562,0.01371915523709899
11.5676,0.013614431638459434
11.5732,0.013924415675303559
11.5788,0.013475936244467412
11.5842,0.013746108655402267
11.5898,0.013750935830965316
11.5955,0.013703071169000935
11.6011,0.014126860625269577
11.6064,0.01357380683318854
11.6121,0.014808729477151727
11.6177,0.013898383092603828
11.6233,0.013885509047766087
11.6286,0.013383573480728606
11.6343,0.013898241558659485
11.6399,0.013551185797162857
11.6455,0.013795008249689156
11.6509,0.013691795990969702
11.6565,0.014187297303360324
11.6621,0.013786745928616284
11.6678,0.013865119598530873
11.6731,0.013613854202119802
11.6787,0.013586558191400533
11.6844,0.013502953786983518
11.69,0.013756695922240159
11.6953,0.013494244798407662
11.701,0.014190510220732477
11.7066,0.01349731589586356
11.712,0.014310388096912208
11.7176,0.013650783679147516
11.7232,0.013636204258757445
11.7288,0.01376025982386464
11.7342,0.013646095331834251
11.7398,0.013655385370100026
11.7455,0.014169742517580186
11.7511,0.014122669898959606
11.7564,0.013606497512544058
11.7621,0.014058210307343222
11.7677,0.013618433982150568
11.7733,0.013648531038075395
11.7787,0.01344668212320932
11.7843,0.013838055096783597
11.7899,0.01385501826821578
11.7953,0.013808066020214227
11.8009,0.013445632123637363
11.8065,0.013587728885301242
11.8122,0.01375528648924118
11.8175,0.013556949823160913
11.8231,0.01362703261859366
11.8288,0.013608846972478883
11.8344,0.013846666885396708
11.8397,0.013663927944362442
11.8453,0.014092107285088806
11.8509,0.013519848083243247
11.8565,0.013519875173313434
11.8621,0.013587073806332173
11.8677,0.013819569459739611
11.8731,0.01367458432871782
11.8787,0.013874640023088913
11.8843,0.01405680128037523
11.8899,0.014410218795389174
11.8955,0.013891570008212062
11.9009,0.013587763997570335
11.9065,0.013545038078713434
11.9121,0.014267570832103837
11.9178,0.013606822957541231
11.9231,0.01349798654048917
11.9287,0.013657480993780835
11.9343,0.013633410909698718
11.9399,0.013767774155939883
11.9455,0.013405084488595786
11.9509,0.013610731437480483
11.9565,0.01362855397759244
11.9621,0.013532019589689748
11.9677,0.013554950896577322
11.9731,0.013802995555104225
11.9787,0.01362498312880156
11.9843,0.013850880211689232
11.9899,0.013628742448436482
11.9955,0.013721310495496297
12.0009,0.01349683563972115
12.0065,0.013851006584416625
12.0121,0.013702357474245863
12.0177,0.013902800211154975
12.0233,0.013772068763835854
12.0287,0.013548783301020162
12.0343,0.013580216962979064
12.0399,0.0136239716630151
12.0453,0.0142804543174615
12.0509,0.01354074967169705
12.0565,0.01371531698825712
12.0621,0.013673354175525176
12.0677,0.014011154111513102
12.0731,0.013687411266976035
12.0787,0.013971691237154582
12.0843,0.013493694126590627
12.09,0.013651565441308744
12.0953,0.0134437220434096
12.1009,0.013427066017212663
12.1066,0.013741975565989772
12.1122,0.013600750414864748
12.1176,0.013743824633484003
12.1232,0.013559575328363271
12.1288,0.013531802951104677
12.1344,0.01354731700940004
12.1398,0.014495309997997863
12.1454,0.014075584842306199
12.151,0.013527389735797035
12.1566,0.013419008509025776
12.162,0.013904245540373283
12.1676,0.013647866684478371
12.1732,0.013444802777098142
12.1789,0.013326674713887376
12.1842,0.013500656332182226
12.1898,0.013612870429180912
12.1955,0.013690942991442245
12.2011,0.013996568340508109
12.2065,0.014139870610515803
12.2121,0.013508627391645378
12.2177,0.01367074001691071
12.223,0.01367074001691071
12.2287,0.013906272248400242
12.2343,0.013566011241653353
12.2399,0.013599455443846775
12.2455,0.01341024395635193
12.2508,0.013528362933198812
12.2565,0.013636989572661573
12.2621,0.013589203528600935
12.2677,0.013795599287987237
12.2731,0.014278867013647556
12.2787,0.013707102526667958
12.2843,0.013735707285763787
12.29,0.013317975397631354
12.2953,0.013592680373410104
12.301,0.013796477375409566
12.3066,0.013953009501000535
12.3122,0.013633345710945655
12.3176,0.01409223076820032
12.3232,0.01329596945818623
12.3288,0.013950455515578719
12.3342,0.013626141293340721
12.3398,0.013911724590751184
12.3454,0.013603252030775392
12.3511,0.013579348062833008
12.3564,0.013579468967278796
12.362,0.013397233553274601
12.3677,0.013510239546973724
12.3733,0.013581520817552928
12.3787,0.013859604703208461
12.3843,0.013623022460732548
12.3899,0.01375042945839855
12.3953,0.013485942446289867
12.4009,0.013801263909726913
12.4066,0.013360139780109526
12.4122,0.014031748986508497
12.4176,0.014070631076633422
12.4232,0.013402821392225928
12.4288,0.013681668991600615
12.4344,0.013455176906886246
12.4398,0.013587460946577812
12.4454,0.013728559659757833
12.451,0.013651565441308744
12.4567,0.013911205746838462
12.462,0.013542856001389048
12.4676,0.01383659712610985
12.4733,0.013829529594004963
12.4786,0.013903814664912861
12.4843,0.013555368802514733
12.4899,0.013427803046146103
12.4955,0.013632148346871542
12.5009,0.01352543153681851
12.5066,0.01379942839429038
12.5122,0.013860682605074892
12.5175,0.013716358225932535
12.5232,0.01359618073870883
12.5288,0.013612284038715394
12.5344,0.013552181848168976
12.5397,0.013634737104206707
12.5454,0.013542856001389048
12.551,0.013641041370771267
12.5566,0.013645719004968804
12.562,0.013414763926917317
12.5676,0.013661326179807087
12.5732,0.013271327064201532
12.5788,0.013973010738352887
12.5844,0.01367196769683221
12.5898,0.013516135643640625
12.5954,0.013323624577956883
12.6011,0.01353214337263453
12.6067,0.0135525105880403
12.612,0.01343173545219356
12.6177,0.013606822957541231
12.6233,0.01350354411487098
12.6287,0.013591541192165435
12.6344,0.013583827194534548
12.64,0.01340288199213946
12.6453,0.01384188236366013
12.651,0.013587292593798317
12.6566,0.013891274709027623
12.6622,0.012998729918584084
12.6676,0.013880023686708043
12.6732,0.013453268232399118
12.6788,0.013599595054423652
12.6844,0.01348378210928236
12.6898,0.013349016500174837
12.6954,0.013568964413429807
12.701,0.013560868478210919
12.7066,0.013502815087088171
12.712,0.013756994584864568
12.7176,0.013640591756108433
12.7233,0.013449516332052047
12.7286,0.013643072577647741
12.7343,0.013586221782326602
12.7399,0.013458426750862618
12.7455,0.013533076887090267
12.7509,0.013605628343655862
12.7565,0.01358674558100148
12.7621,0.013533690137675025
12.7677,0.013692893465044653
12.7731,0.013926850782225886
12.7787,0.013444802777098142
12.7843,0.013245789132967367
12.79,0.013470555265886697
12.7953,0.01329859034890446
12.8009,0.01402360397700897
12.8066,0.013339122520557467
12.8122,0.013337908087939887
12.8175,0.013291408635493163
12.8232,0.014369594605909697
12.8288,0.013199416750052873
12.8344,0.013244847764282586
12.8397,0.01357267384077021
12.8454,0.013653524934346128
12.851,0.013452448610974166
12.8566,0.013406101854013697
12.862,0.013347400126955788
12.8676,0.013360043131636523
12.8733,0.013622756669530167
12.8789,0.013400550877810113
12.8843,0.013327495342105644
12.8899,0.01351753528458044
12.8955,0.013450743376028473
12.9009,0.013355021100620368
12.9065,0.013401018166255607
12.9121,0.01343395716392215
12.9177,0.013330550201570146
12.923,0.013495806696320667
12.9287,0.01342288007748893
12.9343,0.013475624639807116
12.9399,0.013433322832346883
12.9453,0.013316878048194924
12.9509,0.013398131299733551
12.9565,0.013437756694059999
12.9621,0.013520243689416178
12.9678,0.01343911081243676
12.9731,0.013308850513387593
12.9787,0.013463462962838513
12.9844,0.014078071356949273
12.99,0.013420897358061623
12.9953,0.014360653821704261
13.001,0.013354825780173885
13.0066,0.0133159122209916
13.0122,0.01339386987219049
13.0176,0.013416928219392998
13.0232,0.01340075982771638
13.0288,0.013266355264643481
13.0344,0.013502856858840673
13.0398,0.01344210024999537
13.0454,0.013604399852842564
13.051,0.013370789071588618
13.0567,0.01355013935938909
13.062,0.013306390357711306
13.0676,0.013357166139208676
13.0733,0.0134717102268187
13.0786,0.013485414030124376
13.0843,0.013237485516312875
13.0899,0.01340413195044543
13.0955,0.013544856092427615
13.1011,0.01337092181161803
13.1065,0.013511825510978293
13.1121,0.013191367735031267
13.1177,0.01334569954891518
13.1233,0.012990652181324558
13.1287,0.013294960454935723
13.1343,0.013338671117413492
13.14,0.013455009837707532
13.1453,0.01343911081243676
13.151,0.013412221846292427
13.1566,0.013371702223724302
13.162,0.013349111518912382
13.1676,0.013372407208470216
13.1732,0.013404116308981529
13.1788,0.013458117457217478
13.1844,0.013271436205165577
13.1898,0.013398131299733551
13.1954,0.01317748866179591
13.2011,0.01327056775673463
13.2067,0.0134110670909251
13.212,0.013386133003058687
13.2176,0.013349278283733224
13.2233,0.013195766123968333
13.2289,0.013467085221656738
13.2342,0.013355088473681942
13.2398,0.01325901556112341
13.2455,0.013336529912407302
13.2511,0.013160403122092879
13.2564,0.013405305955386693
13.2621,0.013399553518390617
13.2677,0.013298795620457993
13.2733,0.013335345134522614
13.2787,0.013283583999067927
13.2843,0.013342184445777727
13.2899,0.013295442476640718
13.2953,0.013332020926412058
13.3009,0.013318982811693747
13.3066,0.013359494682070983
13.3122,0.013385789392108993
13.3176,0.01336750483653959
13.3232,0.01336835334630404
13.3288,0.013431615102603045
13.3342,0.013273189035603483
13.3398,0.013289607637145595
13.3454,0.013445349912784454
13.3511,0.013395069168296247
13.3564,0.013281597732484052
13.362,0.013387021068658411
13.3677,0.013271436205165577
13.3733,0.013608895406107768
13.3786,0.013412446812839152
13.3842,0.013227206028815885
13.3899,0.013402280757916829
13.3955,0.01328018704432532
13.4011,0.013464807999814754
13.4065,0.013341277556229825
13.4121,0.013338732974315315
13.4177,0.013297036245658367
13.4233,0.013349278283733224
13.4287,0.013495776105524548
13.4343,0.013225998506803949
13.4399,0.013269307296600585
13.4455,0.013193355754593794
13.4508,0.013214546291485663
13.4564,0.013341277556229825
13.462,0.013360043131636523
13.4676,0.013460456846858815
13.4733,0.013357279817632461
13.4786,0.013472488773049074
13.4842,0.013285988780407099
13.4898,0.01319610626724188
13.4955,0.013392862273986283
13.5011,0.013363082999807263
13.5064,0.013289607637145595
13.512,0.013452342550806629
13.5176,0.013314713288977265
13.5232,0.013425899395246743
13.5289,0.013473358346799413
13.5342,0.013263435727469242
13.5398,0.013269940133592506
13.5454,0.013388074740043221
13.5511,0.013281076530504476
13.5564,0.013435070022852935
13.562,0.013352422611844217
13.5676,0.013237263271788313
13.5732,0.013482043553451506
13.5789,0.013336949645502916
13.5842,0.013283781496201685
13.5898,0.013419842196993992
13.5954,0.013614505752197692
13.6011,0.013475624639807116
13.6064,0.013626042745290334
13.612,0.013259217059168327
13.6177,0.013275187564276036
13.6232,0.01308545630265967
13.6289,0.013417875781824629
13.6342,0.013357279817632461
13.6398,0.01344099107539698
13.6455,0.01329761834820653
13.651,0.013405305955386693
13.6564,0.013457469322942783
13.662,0.013364328339263265
13.6676,0.013353715904760088
13.6732,0.013424075401937019
13.6786,0.013318596255341708
13.6842,0.013406456447207171
13.6898,0.013336424800177715
13.6955,0.013211658314604469
13.7011,0.013318259614350625
13.7064,0.013237341480883957
13.7121,0.013701601295864174
13.7177,0.01320142426032822
13.7233,0.013274977387923714
13.7287,0.013235157202296621
13.7343,0.013395069168296247
13.7399,0.01331728021210754
13.7453,0.013348353989467432
13.7509,0.013324747152309913
13.7565,0.013288219585098737
13.7622,0.013450143704599737
13.7675,0.013106310305335711
13.7731,0.013287439579751315
13.7788,0.013277964053801883
13.7844,0.013248064945198257
13.7898,0.013209365200446133
13.7954,0.013255063510362097
13.801,0.013271031721257875
13.8066,0.013217306946961882
13.812,0.013399806874441644
13.8176,0.013344348998772793
13.8233,0.013220101031095943
13.8286,0.013352508941621766
13.8342,0.01324908199699748
13.8399,0.013331109733684787
13.8455,0.013467541638429337
13.8508,0.013294898834976143
13.8565,0.013263435727469242
13.8621,0.013273097882523954
13.8677,0.013197402355185517
13.873,0.013308850513387593
13.8787,0.012877894357395059
13.8843,0.01334834746668645
13.8899,0.013392862273986283
13.8953,0.013378416218953415
13.9009,0.013419574667222545
13.9065,0.01344657634294344
13.9122,0.013465413431673179
13.9175,0.013306684472640162
13.9232,0.013356554865890713
13.9288,0.013216572193191167
13.9344,0.013251663735541985
13.9398,0.013298756491865404
13.9454,0.013368894880535054
13.951,0.013219255661730989
13.9564,0.013229186078249855
13.962,0.013298795620457993
13.9676,0.013189416949238142
13.9733,0.01347124584636128
13.9786,0.013312657042781728
13.9842,0.01319031967201334
13.9899,0.013251718684847758
13.9955,0.013199460936216711
14.0011,0.013309282710196602
14.0065,0.0133938097799422
14.0121,0.013334154074388538
14.0177,0.013283583999067927
14.0231,0.013342184445777727
14.0287,0.013381289257720086
14.0344,0.01333253604256579
14.04,0.013425899158934884
14.0453,0.013235267349487989
14.051,0.013221340373476442
14.0566,0.01360854528281008
14.0622,0.013272921751698918
14.0676,0.013229352042948284
14.0732,0.013284915926157437
14.0788,0.013370137349164146
14.0844,0.013299149369921714
14.0898,0.013289055984882614
14.0954,0.013249166776968524
14.101,0.013390678900164099
14.1067,0.013506791142552155
14.112,0.013291135260047104
14.1176,0.01329275175596134
14.1233,0.013330626944494162
14.1289,0.013243283205568224
14.1342,0.013477086959598816
14.1399,0.01335452157222905
14.1455,0.013259556427647423
14.1508,0.013350776347253124
14.1565,0.013283890356071693
14.1621,0.013458001912914241
14.1677,0.013257741177599147
14.1731,0.013289055984882614
14.1787,0.013257741177599147
14.1843,0.013220101031095943
14.1899,0.013310651839826049
14.1955,0.013225249499871472
14.2009,0.013332918086791823
14.2065,0.013416112689081716
14.2121,0.01341582770650307
14.2178,0.013199514694383074
14.2231,0.013322673332830881
14.2287,0.013313573382654598
14.2344,0.013439444211702956
14.24,0.013281467140017433
14.2453,0.013609771972478146
14.2509,0.013210444005951727
14.2566,0.013254181238973706
14.2622,0.013574127750354936
14.2675,0.01326753784695578
14.2732,0.01330336522423159
14.2788,0.013221407003451535
14.2844,0.013342443257259973
14.2898,0.013266969960196606
14.2954,0.013279002555068642
14.301,0.013259128683951404
14.3064,0.013378971036939413
14.312,0.01332453040507331
14.3176,0.013346429263056292
14.3233,0.013320981866371984
14.3289,0.013273097882523954
14.3342,0.013314713288977265
14.3399,0.013364229539747363
14.3455,0.013352274003763931
14.3508,0.013441352919882688
14.3565,0.013234647798815447
14.3621,0.013140663043160972
14.3677,0.013310067798607328
14.3733,0.013300572024411483
14.3787,0.01335148533399999
14.3843,0.012883770953799667
14.39,0.01327730076652478
14.3953,0.013279437489259527
14.401,0.013199514694383074
14.4066,0.013067822593943568
14.412,0.013451450352719663
14.4176,0.01334569954891518
14.4232,0.013229412541694963
14.4289,0.013463689589181982
14.4342,0.013265580342352257
14.4398,0.013267201908523374
14.4455,0.013213270522138165
14.4511,0.013293290125564461
14.4564,0.013355969996009742
14.4621,0.013333004697507755
14.4677,0.013244554882062776
14.4733,0.01309311587763129
14.4787,0.01320207435775278
14.4843,0.013089284918992306
14.4899,0.013258317328889824
14.4955,0.0132378525167407
14.5009,0.013076938864542864
14.5065,0.013170673623730478
14.5121,0.013190388238414785
14.5178,0.012894623200510491
14.5231,0.013031343495973902
14.5287,0.012905826408911025
14.5344,0.013046921812035484
14.54,0.013169356596860249
14.5454,0.01318470874670119
14.551,0.013103271961829366
14.5566,0.013231329722197982
14.5622,0.01327486334727257
14.5676,0.013204274374893243
14.5732,0.013225051677799193
14.5788,0.013293150319180436
14.5842,0.013276200349526812
14.5898,0.013180991628347627
14.5955,0.013527105553484686
14.6011,0.013240036436411584
14.6065,0.013226173649855566
14.6121,0.014238250728519253
14.6177,0.013283583999067927
14.6233,0.013272155309946188
14.6287,0.01336759325960224
14.6343,0.013255436056170522
14.6399,0.013153897546288595
14.6456,0.013310178575755893
14.6509,0.01326056391788133
14.6566,0.013400746012499187
14.6622,0.013129498802457285
14.6676,0.01312913260011328
14.6732,0.013276656224125993
14.6788,0.013232890208261017
14.6842,0.013520243689416178
14.6898,0.012474972453417221
14.6955,0.013483427221871569
14.7011,0.013760531940481213
14.7067,0.013678129711407694
14.712,0.01382359334880312
14.7177,0.013807193693927466
14.7233,0.013770969008581657
14.7289,0.01378362058925986
14.7342,0.013990884418533911
14.7399,0.013498515179133141
14.7455,0.013609714064573453
14.7511,0.013541098013277963
14.7565,0.013474204252104993
14.7621,0.014163419139117117
14.7677,0.013585403454359213
14.7733,0.013088189700969366
14.7787,0.013317458924108738
14.7843,0.014204061278071611
14.7899,0.013495943786278497
14.7953,0.013569436360499454
14.8009,0.01343399930126532
14.8065,0.013529027420436046
14.8122,0.013369751035639199
14.8175,0.013385789392108993
14.8232,0.013583022905012454
14.8288,0.013401091988519243
14.8344,0.013452342550806629
14.8398,0.013364229539747363
14.8454,0.01333859583973629
14.851,0.013002907706386013
14.8567,0.013431615102603045
14.862,0.013138447398931774
14.8676,0.013412813650468536
14.8733,0.013330619246836983
14.8786,0.013308850513387593
14.8843,0.013221363411412002
14.8899,0.013332715816732676
14.8955,0.013247125546029581
14.9011,0.013130013195521872
14.9065,0.013276918054587972
14.9121,0.013279383367463149
14.9177,0.013247441654716807
14.9233,0.013229352042948284
14.9287,0.013133656868912658
14.9343,0.013266355264643481
14.9399,0.014069130578763245
14.9455,0.013358247607748952
14.9509,0.013307837071892425
14.9565,0.013271436205165577
14.9621,0.013324747152309913
14.9678,0.013380047344437873
14.9731,0.013187849432759524
14.9788,0.013262834027364168
14.9844,0.013313642189518138
14.9897,0.01336173306699906
14.9954,0.013186797235327674
15.001,0.013239323180276319
15.0066,0.013263351402415635
15.012,0.013486149734060815
15.0176,0.013758384669701806
15.0233,0.013332715816732676
15.0289,0.013384269901640433
15.0342,0.0132097472927597
15.0398,0.013156190731902218
15.0455,0.013356626648387326
15.0511,0.013904014253273811
15.0564,0.013584201880938451
15.062,0.013187462257377325
15.0676,0.0131631758646229
15.0733,0.013385229656894593
15.0789,0.01327170599476335
15.0842,0.0134008530179337
15.0898,0.013374058647223297
15.0955,0.013492636335913799
15.1011,0.013147513839949276
15.1064,0.013817076317348409
15.1121,0.01360467674337773
15.1176,0.013714997186409894
15.1232,0.013432038921186606
15.1286,0.013493429272785962
15.1342,0.013363082999807263
15.1399,0.013184511610399019
15.1454,0.01396434274071856
15.1511,0.013287491630748827
15.1564,0.013186899634248794
15.162,0.013231189648173602
15.1676,0.013389294017211784
15.1733,0.014139323556873418
15.1789,0.013365282157931313
15.1842,0.013243249779649746
15.1899,0.013609283120633142
15.1955,0.013177542354066096
15.2009,0.013304287085843747
15.2065,0.013205198456230915
15.2121,0.013289055984882614
15.2178,0.013437512987713118
15.2232,0.013447129397657687
15.2288,0.013299708128396981
15.2344,0.013759594287385823
15.2398,0.013557166366282791
15.2454,0.013399854287041268
15.251,0.013550168625162895
15.2567,0.013408889007863856
15.262,0.013334424110729604
15.2676,0.013331202761100114
15.2733,0.013325563405214735
15.2789,0.013419229259507448
15.2843,0.013325278520417871
15.2899,0.012977867237736307
15.2955,0.013405510795348352
15.3011,0.013338671117413492
15.3065,0.013406378189940948
15.3121,0.013811912559718476
15.3177,0.013418431738362102
15.3231,0.013242243876575577
15.3287,0.013191746243408575
15.3343,0.01324324206888261
15.34,0.013199422571113173
15.3453,0.013703231067846211
15.351,0.013652423019641757
15.3566,0.013616137628303937
15.3622,0.012995519104114006
15.3675,0.01312119171147752
15.3732,0.013337709092032357
15.3788,0.013350591832701264
15.3844,0.0134800497297336
15.3898,0.013263169260083085
15.3954,0.013501258777791403
15.4011,0.013995322575000468
15.4064,0.013373294334258157
15.4121,0.01290519467219009
15.4177,0.013420192386438101
15.4233,0.013238854146994772
15.4287,0.01305768150433928
15.4343,0.01321763481330529
15.4399,0.01306796956178835
15.4455,0.01316494992989159
15.4509,0.013272138378354947
15.4565,0.013154450838802623
15.4621,0.013351588787738677
15.4677,0.013323105287766257
15.4731,0.013264413328046842
15.4787,0.01330371057651658
15.4844,0.013298756491865404
15.4897,0.013366280398330987
15.4953,0.013682688643571472
15.501,0.013060710082647864
15.5066,0.013209183340120001
15.5122,0.013355969996009742
15.5176,0.013085346647512042
15.5232,0.013369751035639199
15.5288,0.013163625671286372
15.5342,0.013170677397603248
15.5398,0.013289607637145595
15.5455,0.013180991628347627
15.5511,0.013338732974315315
15.5564,0.013225051677799193
15.5621,0.013321655319770365
15.5677,0.013309282710196602
15.573,0.01351593124623629
15.5787,0.013277964053801883
15.5843,0.014078490129199928
15.5899,0.013487122467467083
15.5956,0.013217306946961882
15.6009,0.013116635499778262
15.6065,0.013533400292556452
15.6121,0.013258354531427763
15.6178,0.013312322045812008
15.6231,0.013534571804378226
15.6287,0.013342798255865151
15.6344,0.013359494682070983
15.64,0.013227478772501744
15.6453,0.013709831810332807
15.651,0.013285988780407099
15.6566,0.013302919894884857
15.6619,0.013218044713770194
15.6676,0.013315127939007798
15.6732,0.013283583999067927
15.6788,0.013242243876575577
15.6842,0.01343147882641671
15.6898,0.013185571619969805
15.6954,0.013384872336438258
15.7011,0.01343861180146444
15.7064,0.013247525770199386
15.7121,0.013130391915257666
15.7177,0.013610731437480483
15.7231,0.013296252932273323
15.7287,0.013847765634735332
15.7343,0.013156907460725176
15.7399,0.013162936294654592
15.7453,0.01342805441393602
15.7509,0.013412221846292427
15.7566,0.013089994249975367
15.7619,0.013363741559774933
15.7676,0.013400746012499187
15.7732,0.01316597901753136
15.7788,0.013123897110129512
15.7842,0.013103124602048544
15.7899,0.013384553505809249
15.7955,0.013354496322890874
15.8009,0.01335798939360866
15.8065,0.013284896048077144
15.8121,0.013124713079199823
15.8175,0.013308697528833902
15.8231,0.013214602982286605
15.8288,0.013699670064811764
15.8344,0.013248927369329921
15.8398,0.013137514456891042
15.8454,0.013650696891705172
15.851,0.013271031721257875
15.8567,0.013235597019343182
15.862,0.013250280199533782
15.8676,0.013075234695910876
15.8732,0.013013363977230297
15.8788,12.11490556556759
15.8842,0.01395830334660575
