Experiment: Mar_9_turb3_expt vial 12, Tue Mar  9 17:54:12 2021
0.0019,181
0.0076,180
0.013,180
0.0187,178
0.0241,180
0.0299,181
0.0353,177
0.041,180
0.0464,179
0.052,178
0.0574,177
0.0631,179
0.0688,178
0.0742,180
0.0799,179
0.0853,179
0.091,179
0.0964,176
0.1021,178
0.1075,180
0.1131,181
0.1186,179
0.1242,179
0.1299,179
0.1353,180
0.141,182
0.1464,181
0.1521,178
0.1575,181
0.1632,180
0.1686,177
0.1742,178
0.1799,180
0.1853,176
0.191,180
0.1964,178
0.202,178
0.2077,180
0.2131,181
0.2188,177
0.2242,178
0.2298,177
0.2353,176
0.2409,179
0.2466,178
0.252,181
0.2577,180
0.263,175
0.2687,178
0.2744,178
0.2798,178
0.2855,178
0.2909,181
0.2966,182
0.302,178
0.3077,176
0.3131,180
0.3187,180
0.3241,180
0.3298,180
0.3352,176
0.3409,180
0.3466,175
0.352,176
0.3577,178
0.3631,178
0.3688,177
0.3742,179
0.3799,179
0.3853,179
0.391,181
0.3964,179
0.4021,181
0.4077,177
0.4131,181
0.4188,181
0.4242,178
0.4299,179
0.4354,181
0.441,183
0.4464,182
0.4521,183
0.4575,175
0.4632,180
0.4689,182
0.4743,180
0.4799,179
0.4853,179
0.491,177
0.4964,181
0.5021,176
0.5075,179
0.5132,177
0.5186,179
0.5243,179
0.5299,177
0.5353,179
0.541,178
0.5464,178
0.5521,178
0.5575,178
0.5632,177
0.5686,178
0.5743,178
0.5797,178
0.5854,178
0.5911,176
0.5965,175
0.6021,178
0.6075,178
0.6132,177
0.6186,179
0.6243,177
0.6297,178
0.6354,178
0.641,173
0.6465,177
0.6521,178
0.6575,178
0.6632,177
0.6686,177
0.6743,176
0.6797,177
0.6854,178
0.6908,179
0.6965,176
0.7022,177
0.7076,176
0.7133,178
0.7187,176
0.7243,178
0.7297,176
0.7354,177
0.7408,180
0.7465,176
0.7519,176
0.7576,176
0.7633,177
0.7687,178
0.7743,176
0.7797,177
0.7854,177
0.7908,177
0.7965,177
0.8022,175
0.8076,175
0.8132,179
0.8186,177
0.8243,178
0.83,177
0.8354,176
0.841,178
0.8464,177
0.8521,176
0.8575,178
0.8632,175
0.8686,177
0.8743,174
0.88,179
0.8854,179
0.8911,178
0.8965,177
0.9022,177
0.9076,179
0.9132,179
0.9186,179
0.9243,177
0.93,177
0.9354,177
0.9411,174
0.9465,175
0.9521,175
0.9575,178
0.9632,178
0.9686,178
0.9743,177
0.98,178
0.9854,176
0.9911,177
0.9965,176
1.0022,177
1.0075,176
1.0133,176
1.0186,177
1.0243,176
1.03,179
1.0354,179
1.0411,176
1.0465,179
1.0522,178
1.0576,179
1.0633,180
1.0687,178
1.0744,176
1.0798,177
1.0854,177
1.0911,178
1.0965,176
1.1022,177
1.1076,178
1.1133,177
1.1187,175
1.1244,176
1.1298,176
1.1355,176
1.1409,173
1.1466,175
1.152,177
1.1576,176
1.1633,175
1.1687,178
1.1744,178
1.1798,176
1.1855,178
1.1909,176
1.1965,176
1.2019,175
1.2076,176
1.2133,174
1.2187,176
1.2241,176
1.2298,176
1.2355,177
1.2409,179
1.2466,177
1.252,176
1.2577,178
1.2631,176
1.2687,176
1.2741,174
1.2798,179
1.2855,177
1.2909,178
1.2966,175
1.302,180
1.3077,176
1.3131,176
1.3188,176
1.3242,177
1.3298,176
1.3355,177
1.341,179
1.3466,178
1.352,178
1.3577,178
1.3631,178
1.3688,177
1.3742,177
1.3799,178
1.3853,178
1.391,179
1.3966,177
1.402,177
1.4077,178
1.4131,177
1.4188,178
1.4242,177
1.4299,178
1.4353,177
1.441,176
1.4467,178
1.4521,177
1.4575,177
1.4632,176
1.4689,177
1.4743,174
1.48,176
1.4854,178
1.4911,176
1.4965,177
1.5021,176
1.5076,175
1.5133,175
1.5186,176
1.5243,176
1.5298,178
1.5354,175
1.5411,175
1.5465,175
1.5522,177
1.5576,178
1.5633,175
1.5687,170
1.5744,175
1.5798,174
1.5855,174
1.5909,173
1.5966,175
1.602,175
1.6077,177
1.6131,178
1.6188,176
1.6242,177
1.6299,176
1.6356,177
1.641,174
1.6467,176
1.6521,174
1.6578,175
1.6632,177
1.6688,174
1.6742,177
1.6799,174
1.6853,176
1.691,176
1.6964,175
1.7021,175
1.7078,176
1.7132,176
1.7189,178
1.7242,177
1.7299,177
1.7353,175
1.741,180
1.7464,174
1.7521,176
1.7577,178
1.7632,176
1.7688,178
1.7742,177
1.7799,176
1.7856,178
1.791,178
1.7967,179
1.8021,177
1.8077,178
1.8131,177
1.8188,177
1.8242,177
1.8299,178
1.8355,177
1.8409,176
1.8466,178
1.852,177
1.8577,174
1.8631,178
1.8688,176
1.8742,176
1.8799,175
1.8853,174
1.891,177
1.8967,178
1.9021,178
1.9078,176
1.9132,177
1.9189,176
1.9243,181
1.9299,177
1.9354,178
1.9411,177
1.9465,177
1.9521,177
1.9575,177
1.9632,177
1.9689,178
1.9743,178
1.98,178
1.9854,177
1.9911,178
1.9965,178
2.0022,177
2.0076,178
2.0133,177
2.0187,176
2.0244,177
2.0298,176
2.0355,177
2.0409,178
2.0466,177
2.052,176
2.0577,177
2.0631,177
2.0688,176
2.0742,175
2.0799,175
2.0853,179
2.091,176
2.0964,178
2.1021,178
2.1075,179
2.1132,178
2.1189,179
2.1243,180
2.13,177
2.1354,176
2.1411,179
2.1465,178
2.1522,179
2.1576,177
2.1633,178
2.1687,179
2.1744,180
2.1798,178
2.1855,178
2.1909,180
2.1966,178
2.202,177
2.2077,178
2.2131,176
2.2188,180
2.2245,177
2.2299,178
2.2356,179
2.241,179
2.2467,180
2.2521,179
2.2578,179
2.2632,179
2.2689,179
2.2743,178
2.28,179
2.2854,177
2.2911,182
2.2965,180
2.3022,177
2.3076,179
2.3132,177
2.3186,176
2.3243,177
2.33,179
2.3354,178
2.3411,176
2.3465,178
2.3522,177
2.3576,178
2.3633,177
2.3687,177
2.3744,176
2.3798,179
2.3855,178
2.3909,177
2.3966,179
2.4022,179
2.4076,178
2.4133,175
2.4187,177
2.4244,179
2.4298,178
2.4355,177
2.4409,180
2.4466,175
2.452,178
2.4577,177
2.4631,180
2.4688,177
2.4745,176
2.4799,178
2.4853,175
2.491,177
2.4967,175
2.5021,179
2.5075,179
2.5132,175
2.5189,176
2.5244,176
2.53,176
2.5354,178
2.5411,177
2.5465,177
2.5522,177
2.5576,177
2.5633,177
2.5687,176
2.5744,177
2.5798,176
2.5855,177
2.5909,178
2.5966,178
2.602,176
2.6077,178
2.6134,178
2.6188,179
2.6245,178
2.6299,179
2.6356,177
2.641,178
2.6467,176
2.6521,177
2.6578,176
2.6632,177
2.6689,177
2.6743,177
2.68,179
2.6854,177
2.6911,178
2.6965,176
2.7022,178
2.7076,176
2.7133,178
2.7187,179
2.7244,179
2.7298,176
2.7355,176
2.7409,175
2.7466,174
2.752,176
2.7577,178
2.7634,175
2.7688,177
2.7745,176
2.7799,176
2.7856,176
2.791,176
2.7967,181
2.8021,177
2.8078,177
2.8132,177
2.8189,178
2.8243,176
2.83,178
2.8354,179
2.8411,177
2.8465,178
2.8522,177
2.8576,180
2.8633,178
2.8687,177
2.8744,179
2.88,177
2.8855,176
2.8911,177
2.8965,179
2.9022,177
2.9076,179
2.9133,176
2.9187,178
2.9244,175
2.9298,177
2.9355,176
2.9409,177
2.9466,175
2.9522,175
2.9576,177
2.9633,178
2.9687,177
2.9745,177
2.9799,176
2.9855,176
2.991,175
2.9966,177
3.0021,177
3.0077,176
3.0131,178
3.0188,179
3.0242,177
3.0299,176
3.0356,176
3.041,176
3.0467,174
3.0521,179
3.0578,178
3.0632,177
3.0689,177
3.0743,178
3.08,174
3.0854,177
3.091,177
3.0965,179
3.1021,178
3.1075,177
3.1132,176
3.1189,177
3.1243,177
3.13,177
3.1354,179
3.1411,177
3.1465,176
3.1521,178
3.1576,174
3.1632,177
3.1686,178
3.1743,176
3.18,178
3.1854,177
3.1911,174
3.1965,178
3.2022,176
3.2076,176
3.2133,174
3.2187,177
3.2244,177
3.2298,175
3.2355,177
3.2409,179
3.2466,174
3.252,177
3.2577,181
3.2634,179
3.2688,179
3.2745,179
3.2799,179
3.2855,177
3.2909,176
3.2966,177
3.302,177
3.3077,178
3.3131,176
3.3188,177
3.3245,177
3.3298,178
3.3355,177
3.3409,177
3.3467,177
3.3521,177
3.3577,178
3.3631,179
3.3688,175
3.3745,175
3.3799,176
3.3855,178
3.3912,180
3.3966,176
3.4023,176
3.4077,175
3.4133,178
3.4187,177
3.4244,176
3.4301,178
3.4355,176
3.4411,176
3.4465,177
3.4522,175
3.4576,176
3.4633,179
3.4687,177
3.4744,179
3.4801,176
3.4855,178
3.4912,177
3.4966,180
3.5022,177
3.5076,177
3.5133,177
3.5188,174
3.5244,178
3.5298,177
3.5355,178
3.5412,178
3.5466,175
3.552,180
3.5577,177
3.5631,177
3.5688,174
3.5742,175
3.5799,177
3.5853,177
3.591,178
3.5967,176
3.6021,176
3.6078,178
3.6132,178
3.6189,179
3.6243,178
3.63,178
3.6354,178
3.6411,176
3.6465,177
3.6522,178
3.6576,174
3.6633,178
3.6687,179
3.6744,177
3.6798,178
3.6855,178
3.6911,178
3.6965,179
3.7022,176
3.7076,175
3.7134,176
3.7188,177
3.7245,178
3.7299,176
3.7355,177
3.7409,178
3.7466,177
3.752,176
3.7577,179
3.7634,178
3.7688,178
3.7745,177
3.7799,178
3.7855,177
3.7909,176
3.7966,178
3.802,178
3.8077,178
3.8131,178
3.8188,177
3.8245,176
3.8299,180
3.8356,177
3.841,176
3.8467,179
3.8521,174
3.8578,176
3.8632,177
3.8688,176
3.8742,177
3.8799,180
3.8856,176
3.891,177
3.8967,179
3.9021,176
3.9078,179
3.9132,173
3.9189,178
3.9243,177
3.93,175
3.9354,174
3.9411,180
3.9465,172
3.9522,177
3.9576,176
3.9633,181
3.969,176
3.9744,178
3.98,176
3.9854,177
3.9911,178
3.9965,177
4.0022,179
4.0077,178
4.0133,178
4.0188,179
4.0244,179
4.0298,179
4.0355,178
4.041,177
4.0466,177
4.0521,177
4.0578,180
4.0632,173
4.0689,179
4.0743,179
4.08,178
4.0854,178
4.0911,176
4.0965,177
4.1022,178
4.1076,177
4.1133,177
4.1187,179
4.1244,178
4.13,177
4.1354,178
4.1411,178
4.1465,175
4.1523,179
4.1577,176
4.1633,178
4.1688,177
4.1744,174
4.1798,178
4.1855,180
4.1909,178
4.1966,178
4.2023,178
4.2077,179
4.2134,179
4.2188,179
4.2245,176
4.2299,178
4.2356,177
4.241,179
4.2467,177
4.2521,177
4.2578,178
4.2632,178
4.2689,176
4.2743,181
4.28,180
4.2854,182
4.2911,181
4.2965,181
4.3022,183
4.3076,183
4.3133,181
4.3187,180
4.3244,182
4.3298,180
4.3355,184
4.3412,180
4.3466,181
4.3523,181
4.3577,183
4.3631,180
4.3688,181
4.3745,182
4.3799,180
4.3856,179
4.391,178
4.3967,181
4.4021,181
4.4078,180
4.4132,184
4.4188,180
4.4243,181
4.4299,179
4.4353,177
4.441,178
4.4467,179
4.4521,179
4.4578,177
4.4632,179
4.4689,178
4.4743,175
4.48,182
4.4854,176
4.4911,176
4.4965,176
4.5022,178
4.5079,178
4.5133,176
4.519,176
4.5244,179
4.5301,177
4.5355,176
4.5412,176
4.5466,176
4.5521,177
4.5577,176
4.5634,177
4.5688,175
4.5745,176
4.5799,176
4.5856,176
4.591,176
4.5967,177
4.6021,176
4.6078,177
4.6132,177
4.6188,180
4.6242,176
4.6299,179
4.6356,178
4.641,178
4.6467,178
4.6521,177
4.6578,178
4.6632,177
4.6689,178
4.6743,178
4.68,173
4.6854,179
4.6911,174
4.6965,176
4.7022,178
4.7076,177
4.7133,176
4.719,179
4.7244,174
4.7301,177
4.7355,175
4.7412,177
4.7466,177
4.7523,175
4.7577,176
4.7634,178
4.7688,174
4.7745,176
4.7799,176
4.7856,177
4.791,174
4.7967,177
4.8021,175
4.8078,176
4.8132,178
4.8189,175
4.8243,176
4.8299,178
4.8356,176
4.8411,176
4.8468,180
4.8521,177
4.8578,174
4.8632,177
4.8689,177
4.8743,174
4.8799,175
4.8856,174
4.891,178
4.8967,176
4.9021,178
4.9077,176
4.9134,175
4.9188,178
4.9245,177
4.9299,176
4.9355,178
4.9409,176
4.9466,176
4.9523,174
4.9577,177
4.9633,174
4.969,175
4.9744,177
4.9801,179
4.9855,178
4.9911,176
4.9965,177
5.0022,177
5.0076,175
5.0133,177
5.0189,177
5.0244,176
5.03,179
5.0354,176
5.0411,183
5.0465,179
5.0522,177
5.0576,177
5.0633,177
5.0687,177
5.0744,178
5.0798,180
5.0855,178
5.0912,179
5.0966,177
5.1023,180
5.1077,179
5.1134,176
5.1188,179
5.1245,180
5.1299,179
5.1356,178
5.141,176
5.1467,178
5.1521,180
5.1578,179
5.1632,179
5.1689,179
5.1743,181
5.18,177
5.1854,180
5.1911,179
5.1965,178
5.2022,180
5.2078,178
5.2132,178
5.2189,178
5.2243,179
5.23,179
5.2355,179
5.2412,177
5.2466,179
5.2522,179
5.2576,178
5.2633,178
5.2687,178
5.2744,178
5.2798,177
5.2855,177
5.2909,175
5.2966,178
5.3023,179
5.3077,178
5.3131,175
5.3188,178
5.3242,179
5.3299,177
5.3353,178
5.341,175
5.3467,178
5.3521,178
5.3578,176
5.3632,178
5.3689,176
5.3743,175
5.38,179
5.3854,180
5.3911,178
5.3965,176
5.4021,177
5.4078,176
5.4132,176
5.4189,177
5.4243,178
5.43,178
5.4354,178
5.4411,177
5.4466,179
5.4522,177
5.4577,179
5.4633,176
5.4687,178
5.4744,177
5.4798,180
5.4855,179
5.4909,178
5.4966,179
5.5023,177
5.5077,177
5.5134,178
5.5188,178
5.5245,176
5.5299,178
5.5356,177
5.541,177
5.5467,175
5.5521,176
5.5578,175
5.5632,175
5.5689,178
5.5743,177
5.58,177
5.5854,177
5.5911,176
5.5966,176
5.6023,178
5.6077,178
5.6134,174
5.6188,177
5.6244,177
5.6298,178
5.6356,176
5.641,177
5.6467,178
5.6521,177
5.6578,178
5.6632,176
5.6689,177
5.6743,177
5.68,177
5.6854,178
5.6911,175
5.6965,180
5.7022,177
5.7079,178
5.7133,179
5.719,177
5.7244,178
5.7301,179
5.7355,174
5.7411,181
5.7466,177
5.7523,180
5.7577,177
5.7634,177
5.7688,178
5.7745,177
5.7799,177
5.7856,177
5.791,176
5.7967,174
5.8021,174
5.8078,178
5.8132,177
5.8189,177
5.8243,173
5.83,177
5.8354,178
5.8411,177
5.8468,178
5.8522,179
5.8579,177
5.8633,177
5.869,178
5.8744,174
5.8801,177
5.8855,177
5.8912,177
5.8966,175
5.9023,179
5.9077,180
5.9133,179
5.9187,178
5.9244,180
5.9299,180
5.9355,182
5.9409,180
5.9466,177
5.952,178
5.9577,181
5.9632,179
5.9689,179
5.9743,179
5.9799,180
5.9856,177
5.991,177
5.9967,178
6.0021,176
6.0078,178
6.0132,178
6.0189,180
6.0243,180
6.03,179
6.0354,181
6.041,179
6.0467,179
6.0521,178
6.0578,177
6.0632,179
6.0689,179
6.0743,178
6.08,180
6.0856,177
6.0911,178
6.0967,178
6.1021,176
6.1078,179
6.1132,177
6.1189,176
6.1243,180
6.13,179
6.1354,178
6.1411,179
6.1468,178
6.1522,177
6.1578,181
6.1632,179
6.1689,179
6.1743,177
6.18,174
6.1854,178
6.1911,177
6.1965,179
6.2022,176
6.2078,178
6.2132,178
6.219,178
6.2243,174
6.23,177
6.2354,178
6.2411,179
6.2465,176
6.2522,178
6.2576,176
6.2633,174
6.2687,177
6.2744,178
6.2798,176
6.2855,177
6.2909,178
6.2966,175
6.302,178
6.3077,179
6.3131,177
6.3188,174
6.3245,177
6.3299,179
6.3356,176
6.341,177
6.3467,176
6.3521,176
6.3578,178
6.3632,176
6.3689,177
6.3743,175
6.38,177
6.3854,179
6.391,176
6.3967,177
6.4021,181
6.4078,176
6.4132,177
6.4189,179
6.4243,178
6.4299,177
6.4356,178
6.4412,177
6.4466,179
6.4523,175
6.4577,176
6.4634,178
6.4688,177
6.4745,176
6.4799,177
6.4854,178
6.4911,174
6.4965,178
6.5022,176
6.5076,174
6.5133,177
6.5187,176
6.5244,175
6.5301,176
6.5355,177
6.5411,176
6.5465,176
6.5522,175
6.5576,177
6.5633,176
6.5687,174
6.5745,176
6.5799,176
6.5856,176
6.591,176
6.5967,178
6.6021,177
6.6078,177
6.6134,176
6.6188,178
6.6245,177
6.6299,177
6.6356,176
6.641,176
6.6467,177
6.6521,176
6.6578,176
6.6632,177
6.6689,177
6.6743,177
6.68,176
6.6854,177
6.6911,175
6.6966,176
6.7022,175
6.7076,177
6.7133,177
6.7187,178
6.7244,176
6.7298,174
6.7355,176
6.741,176
6.7467,176
6.7521,175
6.7578,176
6.7632,176
6.7689,178
6.7745,176
6.7799,178
6.7856,175
6.791,178
6.7967,175
6.8021,176
6.8078,177
6.8132,176
6.8189,177
6.8246,179
6.83,173
6.8354,177
6.8411,178
6.8465,177
6.8522,175
6.8579,175
6.8633,176
6.869,173
6.8744,175
6.8798,175
6.8855,175
6.8912,175
6.8966,174
6.9023,175
6.9077,177
6.9134,175
6.9188,176
6.9245,175
6.9299,175
6.9356,177
6.941,174
6.9466,177
6.9523,174
6.9577,176
6.9634,177
6.9688,176
6.9745,175
6.9799,173
6.9856,175
6.991,176
6.9967,176
7.0022,178
7.0076,173
7.0133,177
7.019,176
7.0244,177
7.0301,175
7.0355,174
7.0412,178
7.0466,174
7.0523,175
7.0577,177
7.0633,176
7.0688,175
7.0744,175
7.0799,176
7.0855,176
7.091,174
7.0967,174
7.1023,175
7.1078,174
7.1134,178
7.1188,176
7.1245,176
7.1299,175
7.1356,176
7.141,178
7.1467,176
7.1521,174
7.1578,173
7.1632,173
7.1689,175
7.1743,177
7.18,178
7.1854,173
7.1911,174
7.1965,177
7.2022,174
7.2079,175
7.2133,175
7.219,174
7.2244,175
7.2301,174
7.2355,173
7.2412,172
7.2466,174
7.2523,176
7.2577,176
7.2634,177
7.2688,176
7.2745,174
7.2799,173
7.2856,176
7.291,174
7.2967,173
7.3021,175
7.3078,177
7.3132,177
7.3189,175
7.3243,174
7.33,173
7.3354,176
7.3411,177
7.3465,177
7.3522,174
7.3576,176
7.3633,174
7.3687,173
7.3744,174
7.3798,175
7.3856,171
7.391,178
7.3967,176
7.4021,176
7.4078,175
7.4132,173
7.4189,173
7.4243,175
7.43,176
7.4354,174
7.4411,176
7.4467,175
7.4521,177
7.4579,175
7.4633,173
7.4689,175
7.4743,175
7.48,176
7.4854,176
7.4911,175
7.4965,177
7.5022,175
7.5076,173
7.5133,175
7.5187,177
7.5244,177
7.5301,174
7.5355,174
7.5412,176
7.5466,177
7.5523,177
7.5577,176
7.5634,176
7.5688,177
7.5745,174
7.5799,175
7.5856,177
7.591,178
7.5967,174
7.6021,175
7.6078,173
7.6132,177
7.6189,176
7.6243,173
7.63,176
7.6354,174
7.6411,176
7.6468,178
7.6522,177
7.6576,178
7.6633,176
7.669,173
7.6744,177
7.6801,175
7.6855,177
7.6912,175
7.6966,176
7.7022,177
7.7077,176
7.7134,175
7.7188,174
7.7244,176
7.7299,175
7.7355,177
7.741,176
7.7466,174
7.7523,174
7.7578,175
7.7634,178
7.7688,176
7.7745,176
7.7799,175
7.7856,174
7.791,174
7.7967,177
7.8021,173
7.8078,175
7.8132,175
7.8189,175
7.8243,173
7.83,177
7.8354,177
7.8411,179
7.8465,177
7.8522,177
7.8576,179
7.8633,176
7.869,181
7.8744,179
7.8801,178
7.8855,176
7.8912,179
7.8965,180
7.9022,179
7.9077,179
7.9134,177
7.9188,174
7.9245,177
7.93,174
7.9356,177
7.9411,178
7.9468,176
7.9521,175
7.9578,176
7.9632,175
7.9689,177
7.9743,178
7.9799,175
7.9856,173
7.991,176
7.9967,177
8.0021,174
8.0077,177
8.0134,175
8.0188,175
8.0245,176
8.0299,173
8.0355,176
8.0412,175
8.0466,175
8.0523,176
8.0577,175
8.0633,177
8.069,176
8.0744,174
8.0801,171
8.0855,174
8.0911,177
8.0965,176
8.1022,175
8.1076,175
8.1133,174
8.1187,176
8.1244,174
8.1301,178
8.1355,175
8.1412,175
8.1466,175
8.1523,177
8.1577,175
8.1634,174
8.1688,178
8.1745,175
8.1799,172
8.1856,173
8.191,178
8.1967,176
8.2023,176
8.2077,174
8.2134,178
8.2188,176
8.2245,178
8.2299,178
8.2356,178
8.241,177
8.2467,176
8.2521,176
8.2578,173
8.2632,179
8.2689,176
8.2743,176
8.28,176
8.2857,174
8.2911,182
8.2968,176
8.3022,175
8.3079,175
8.3133,173
8.319,175
8.3244,174
8.3301,175
8.3355,174
8.3412,174
8.3466,175
8.3523,175
8.3577,178
8.3634,176
8.3688,175
8.3745,173
8.3799,173
8.3856,174
8.391,173
8.3967,172
8.4021,175
8.4078,174
8.4132,175
8.4189,175
8.4243,176
8.43,173
8.4357,175
8.4411,177
8.4468,175
8.4522,174
8.4579,176
8.4633,173
8.469,174
8.4744,173
8.4801,175
8.4855,175
8.4912,174
8.4966,175
8.5023,174
8.5077,176
8.5134,176
8.5188,173
8.5245,174
8.5299,175
8.5356,175
8.541,175
8.5467,176
8.5521,174
8.5578,176
8.5632,176
8.5689,175
8.5743,174
8.58,174
8.5854,175
8.5911,176
8.5968,176
8.6022,175
8.6079,175
8.6133,176
8.619,175
8.6244,172
8.6301,176
8.6355,175
8.6412,176
8.6466,175
8.6523,176
8.6577,176
8.6634,175
8.6688,175
8.6745,175
8.6799,175
8.6856,172
8.691,173
8.6967,177
8.7021,176
8.7078,175
8.7135,173
8.7189,175
8.7246,173
8.73,174
8.7357,175
8.7411,172
8.7468,173
8.7522,176
8.7579,175
8.7633,174
8.769,176
8.7744,178
8.7801,177
8.7855,174
8.7912,176
8.7966,175
8.8023,177
8.8077,175
8.8134,175
8.8188,176
8.8245,175
8.8299,175
8.8356,173
8.841,176
8.8467,175
8.8521,174
8.8578,177
8.8632,177
8.8689,176
8.8746,175
8.88,178
8.8857,174
8.8911,178
8.8968,175
8.9022,170
8.9079,176
8.9133,175
8.919,174
8.9244,176
8.9301,176
8.9355,179
8.9412,174
8.9466,175
8.9523,176
8.9579,177
8.9633,177
8.969,175
8.9744,174
8.9801,179
8.9855,177
8.9912,176
8.9966,176
9.0023,177
9.0077,176
9.0134,178
9.0188,177
9.0245,176
9.0299,174
9.0356,175
9.041,174
9.0468,173
9.0522,175
9.0579,176
9.0633,176
9.069,175
9.0744,176
9.0801,176
9.0855,173
9.0912,173
9.0966,176
9.1023,175
9.1077,174
9.1134,173
9.1188,175
9.1245,176
9.1299,175
9.1356,176
9.1413,176
9.1467,178
9.1524,175
9.1578,177
9.1635,178
9.1689,176
9.1746,175
9.18,178
9.1857,175
9.1911,176
9.1968,176
9.2022,174
9.2079,174
9.2135,174
9.2189,176
9.2246,178
9.23,174
9.2357,177
9.2411,176
9.2468,174
9.2522,176
9.2579,170
9.2633,174
9.269,177
9.2744,173
9.2801,176
9.2855,171
9.2912,174
9.2966,174
9.3023,173
9.3077,175
9.3134,176
9.3188,176
9.3245,173
9.3302,176
9.3356,177
9.3413,176
9.3467,175
9.3524,176
9.3578,177
9.3635,175
9.3689,177
9.3746,175
9.38,175
9.3857,174
9.3911,175
9.3967,176
9.4021,176
9.4078,175
9.4135,174
9.4189,176
9.4246,175
9.43,175
9.4357,175
9.4411,178
9.4468,175
9.4522,174
9.4579,178
9.4633,174
9.469,175
9.4744,174
9.4801,176
9.4855,175
9.4912,172
9.4966,175
9.5023,173
9.5077,170
9.5134,175
9.5191,176
9.5245,173
9.5301,175
9.5355,178
9.5413,177
9.5467,173
9.5524,177
9.5577,178
9.5634,176
9.5688,178
9.5745,174
9.5799,174
9.5855,172
9.5912,171
9.5967,173
9.6023,172
9.6078,172
9.6134,174
9.619,176
9.6244,175
9.6301,174
9.6355,175
9.6412,175
9.6469,178
9.6523,174
9.658,176
9.6634,173
9.669,174
9.6747,174
9.6801,177
9.6858,177
9.6912,174
9.6968,176
9.7022,174
9.7079,176
9.7133,173
9.719,175
9.7244,175
9.7301,173
9.7355,173
9.7412,176
9.7466,175
9.7523,174
9.758,173
9.7634,175
9.7691,174
9.7745,177
9.7802,178
9.7856,175
9.7913,176
9.7967,177
9.8024,178
9.8078,173
9.8134,175
9.8188,175
9.8245,176
9.83,176
9.8356,176
9.8413,173
9.8467,176
9.8524,172
9.8578,175
9.8635,175
9.8689,178
9.8746,174
9.88,176
9.8856,175
9.8913,172
9.8967,177
9.9024,174
9.9078,175
9.9135,175
9.9189,175
9.9246,173
9.93,172
9.9357,173
9.9411,173
9.9468,178
9.9522,174
9.9579,176
9.9633,175
9.969,175
9.9747,177
9.9801,175
9.9857,176
9.9911,176
9.9968,174
10.008,177
10.0134,175
10.0189,175
10.0246,175
10.03,172
10.0357,174
10.0411,176
10.0468,176
10.0524,175
10.0578,173
10.0635,176
10.0689,176
10.0746,178
10.08,173
10.0857,175
10.0911,177
10.0968,176
10.1022,174
10.1079,174
10.1133,175
10.119,176
10.1247,177
10.1301,174
10.1358,176
10.1412,176
10.1469,175
10.1523,175
10.158,175
10.1634,174
10.1691,176
10.1745,174
10.1802,176
10.1856,175
10.1913,174
10.1967,174
10.2024,174
10.2078,174
10.2135,176
10.2191,174
10.2245,172
10.2302,173
10.2356,175
10.2413,175
10.2467,172
10.2522,176
10.2579,176
10.2633,176
10.269,175
10.2744,177
10.2801,177
10.2858,175
10.2912,172
10.2969,175
10.3023,173
10.308,175
10.3134,174
10.319,176
10.3245,177
10.3301,179
10.3355,179
10.3413,178
10.3467,179
10.3523,177
10.3577,176
10.3634,180
10.3688,178
10.3745,177
10.3802,177
10.3856,177
10.3913,176
10.3967,179
10.4024,179
10.4078,177
10.4135,177
10.4189,174
10.4246,177
10.43,173
10.4357,180
10.4411,177
10.4468,176
10.4525,175
10.4579,176
10.4636,178
10.469,176
10.4747,177
10.4801,176
10.4858,177
10.4912,175
10.4969,174
10.5023,177
10.508,176
10.5134,177
10.5191,177
10.5245,176
10.5301,175
10.5356,177
10.5412,177
10.5466,177
10.5523,178
10.558,175
10.5634,175
10.5691,177
10.5745,176
10.5802,178
10.5856,180
10.5913,174
10.5967,176
10.6024,180
10.608,177
10.6134,176
10.6191,175
10.6245,176
10.6302,180
10.6356,180
10.6413,177
10.6467,179
10.6524,176
10.6578,178
10.6635,176
10.6691,176
10.6745,177
10.6802,179
10.6856,176
10.6913,178
10.6967,177
10.7024,178
10.7078,178
10.7135,179
10.7189,179
10.7246,178
10.73,177
10.7357,177
10.7411,180
10.7468,179
10.7522,178
10.7579,178
10.7633,176
10.769,180
10.7744,177
10.7801,181
10.7855,177
10.7912,178
10.7966,181
10.8023,178
10.8077,177
10.8134,177
10.8191,179
10.8245,177
10.8302,178
10.8356,179
10.8413,176
10.8466,180
10.8523,177
10.8577,181
10.8634,177
10.8689,176
10.8745,177
10.8802,180
10.8855,177
10.8912,178
10.8966,179
10.9023,179
10.9077,180
10.9133,179
10.9189,179
10.9244,181
10.93,178
10.9356,178
10.9411,178
10.9467,178
10.9522,176
10.9578,180
10.9633,179
10.9689,177
10.9745,181
10.98,179
10.9856,179
10.9911,180
10.9967,176
11.0023,179
11.0078,177
11.0135,178
11.0189,179
11.0245,179
11.03,178
11.0356,179
11.0412,178
11.0467,177
11.0523,178
11.0578,180
11.0634,177
11.0689,177
11.0745,176
11.0801,179
11.0856,177
11.0912,180
11.0967,182
11.1023,176
11.1079,178
11.1134,178
11.119,179
11.1245,177
11.1301,178
11.1356,178
11.1412,178
11.1468,178
11.1523,176
11.1579,176
11.1633,176
11.169,179
11.1745,179
11.1801,178
11.1855,176
11.1912,176
11.1968,178
11.2023,175
11.2079,177
11.2134,177
11.219,178
11.2246,179
11.2301,176
11.2355,178
11.2412,178
11.2466,179
11.2523,178
11.2579,175
11.2635,179
11.269,181
11.2746,176
11.2801,176
11.2855,178
11.2912,176
11.2968,177
11.3024,178
11.3078,179
11.3135,178
11.3189,177
11.3246,178
11.3301,175
11.3356,177
11.3412,178
11.3467,176
11.3523,178
11.3578,176
11.3635,176
11.3689,175
11.3746,179
11.3802,177
11.3856,179
11.3913,181
11.3967,177
11.4024,176
11.4078,179
11.4135,178
11.4189,177
11.4246,179
11.43,176
11.4357,176
11.4411,178
11.4468,180
11.4524,179
11.4578,178
11.4635,178
11.4689,178
11.4746,179
11.48,179
11.4857,178
11.4911,178
11.4968,176
11.5022,179
11.5079,180
11.5136,178
11.519,178
11.5247,180
11.5301,178
11.5358,179
11.5412,178
11.5468,177
11.5522,179
11.5579,179
11.5634,178
11.5691,179
11.5745,174
11.5801,177
11.5858,177
11.5912,177
11.5969,179
11.6023,177
11.608,177
11.6134,178
11.6191,176
11.6245,176
11.6302,176
11.6356,175
11.6413,177
11.6469,178
11.6523,178
11.658,178
11.6634,176
11.6691,177
11.6745,177
11.6802,172
11.6856,173
11.6913,170
11.6967,170
11.7024,172
11.7078,171
11.7135,170
11.7189,172
11.7246,173
11.73,171
11.7357,173
11.7414,169
11.7468,172
11.7525,173
11.7579,169
11.7636,171
11.769,172
11.7747,172
11.7801,172
11.7857,170
11.7911,172
11.7968,173
11.8025,171
11.808,172
11.8134,172
11.8191,172
11.8245,172
11.8302,171
11.8356,170
11.8413,170
11.8469,172
11.8523,174
11.858,173
11.8634,174
11.8691,172
11.8745,173
11.8802,171
11.8856,172
11.8913,173
11.8967,176
11.9024,171
11.9078,171
11.9135,171
11.9189,172
11.9246,170
11.93,170
11.9357,173
11.9411,172
11.9468,170
11.9525,170
11.9579,172
11.9635,170
11.9689,170
11.9746,169
11.98,171
11.9857,172
11.9911,171
11.9968,172
12.0022,169
12.0079,170
12.0133,170
12.019,172
12.0247,171
12.0301,169
12.0358,172
12.0412,171
12.0469,172
12.0523,171
12.058,171
12.0634,169
12.0691,171
12.0745,169
12.0801,171
12.0858,170
12.0912,170
12.0969,170
12.1023,165
12.108,168
12.1134,169
12.1191,171
12.1245,172
12.1302,172
12.1356,171
12.1413,170
12.1469,171
12.1523,172
12.158,170
12.1634,172
12.1691,170
12.1745,169
12.1802,169
12.1856,171
12.1913,169
12.1967,171
12.2024,169
12.2078,169
12.2135,171
12.2189,170
12.2246,172
12.2303,168
12.2357,171
12.2414,172
12.2468,170
12.2524,169
12.2579,168
12.2635,170
12.2689,169
12.2747,172
12.28,171
12.2857,170
12.2914,169
12.2968,169
12.3025,170
12.3079,169
12.3134,170
12.3191,168
12.3245,171
12.3302,171
12.3356,169
12.3413,171
12.3469,168
12.3524,168
12.3578,169
12.3635,169
12.3692,168
12.3746,170
12.3803,171
12.3857,170
12.3914,170
12.3968,170
12.4024,169
12.4078,171
12.4135,168
12.4189,169
12.4246,169
12.43,171
12.4357,169
12.4411,169
12.4468,167
12.4522,170
12.4579,169
12.4633,169
12.469,169
12.4744,173
12.4801,167
12.4858,169
12.4912,168
12.4969,170
12.5024,171
12.508,169
12.5135,169
12.5191,169
12.5246,168
12.5302,170
12.5356,169
12.5414,170
12.5468,168
12.5525,168
12.5579,173
12.5636,171
12.569,167
12.5747,169
12.5801,169
12.5858,169
12.5912,169
12.5969,167
12.6023,167
12.608,173
12.6134,170
12.6191,171
12.6245,170
12.6302,175
12.6356,169
12.6413,172
12.6467,174
12.6524,172
12.6578,173
12.6635,172
12.6692,170
12.6746,171
12.6802,173
12.6857,172
12.6914,169
12.6968,170
12.7024,169
12.7078,170
12.7135,172
12.7189,169
12.7246,172
12.7303,171
12.7357,172
12.7414,170
12.7468,171
12.7525,169
12.7579,170
12.7636,168
12.7689,168
12.7746,170
12.7803,170
12.7857,174
12.7914,171
12.7967,169
12.8024,172
12.8078,171
12.8135,172
12.819,169
12.8245,170
12.8302,173
12.8356,171
12.8413,171
12.8467,167
12.8524,167
12.8581,165
12.8635,167
12.8692,170
12.8746,169
12.8802,170
12.8859,171
12.8913,169
12.897,168
12.9024,167
12.9078,170
12.9135,168
12.9189,170
12.9246,167
12.9303,167
12.9357,168
12.9414,168
12.9468,167
12.9525,170
12.9579,168
12.9636,167
12.969,166
12.9747,169
12.9801,168
12.9857,167
12.9911,167
12.9968,168
13.0022,170
13.008,169
13.0134,168
13.0189,167
13.0246,170
13.03,167
13.0357,167
13.0414,171
13.0468,167
13.0525,168
13.0579,167
13.0636,170
13.0689,167
13.0746,165
13.08,167
13.0857,165
13.0914,169
13.0968,168
13.1025,166
13.1079,167
13.1135,167
13.119,168
13.1246,169
13.13,167
13.1357,166
13.1414,167
13.1468,169
13.1525,167
13.1579,167
13.1636,167
13.169,168
13.1747,169
13.1801,166
13.1858,168
13.1912,167
13.1969,170
13.2023,168
13.208,168
13.2134,169
13.2191,168
13.2245,169
13.2302,168
13.2356,168
13.2413,168
13.2467,173
13.2524,167
13.2581,173
13.2635,168
13.2691,167
13.2745,168
13.2802,169
13.2856,169
13.2913,168
13.2967,168
13.3024,170
13.3078,169
13.3135,170
13.3189,168
13.3246,170
13.3303,169
13.3357,168
13.3414,170
13.3468,170
13.3525,167
13.3579,169
13.3636,170
13.369,168
13.3747,167
13.3801,169
13.3858,169
13.3911,169
13.3968,168
13.4025,167
13.4079,170
13.4136,170
13.419,169
13.4247,170
13.4301,171
13.4358,169
13.4412,170
13.4469,169
13.4523,168
13.458,170
13.4637,170
13.4691,170
13.4748,169
13.4802,172
13.4858,169
13.4913,170
13.497,170
13.5023,168
13.508,170
13.5134,168
13.5191,169
13.5245,169
13.5302,170
13.5356,168
13.5413,169
13.5468,170
13.5524,168
13.5579,170
13.5635,168
13.569,168
13.5747,169
13.5801,168
13.5857,171
13.5911,172
13.5968,168
13.6025,169
13.6079,169
13.6136,167
13.619,169
13.6247,167
13.6301,167
13.6358,168
13.6412,168
13.6469,167
13.6523,168
13.658,167
13.6634,167
13.6691,167
13.6745,167
13.6802,171
13.6856,168
13.6913,168
13.697,170
13.7024,167
13.708,167
13.7135,166
13.7191,168
13.7246,169
13.7303,171
13.7357,167
13.7414,170
13.7467,171
13.7524,169
13.7581,169
13.7635,167
13.7692,171
13.7746,168
13.7801,168
13.7857,167
13.7914,168
13.7968,170
13.8025,169
13.8079,169
13.8136,169
13.819,168
13.8247,169
13.8301,166
13.8358,171
13.8415,168
13.8468,169
13.8525,168
13.8579,168
13.8636,167
13.869,169
13.8747,170
13.8801,169
13.8858,167
13.8912,168
13.8969,169
13.9023,171
13.908,170
13.9134,172
13.9191,172
13.9245,169
13.9302,172
13.9356,170
13.9413,170
13.9467,171
13.9524,174
13.9581,171
13.9635,173
13.9692,171
13.9746,171
13.9803,171
13.9857,171
13.9914,173
13.9968,172
14.0025,171
14.0079,175
14.0133,173
14.019,172
14.0247,171
14.0301,170
14.0358,171
14.0412,171
14.0469,168
14.0523,172
14.058,171
14.0634,170
14.0691,170
14.0745,170
14.0802,169
14.0859,171
14.0913,170
14.097,170
14.1024,169
14.1081,173
14.1135,169
14.1192,171
14.1246,167
14.1303,169
14.1357,172
14.1414,171
14.1468,172
14.1525,171
14.1578,170
14.1635,169
14.1692,171
14.1746,170
14.1803,172
14.1857,170
14.1913,170
14.1967,172
14.2024,171
14.2078,173
14.2135,170
14.2192,171
14.2246,171
14.2303,170
14.2357,172
14.2414,171
14.2468,170
14.2525,171
14.2579,171
14.2636,172
14.269,169
14.2747,170
14.2801,172
14.2858,170
14.2912,172
14.2969,170
14.3023,168
14.308,170
14.3134,170
14.3191,172
14.3245,170
14.3302,169
14.3359,169
14.3413,170
14.347,171
14.3524,171
14.3581,171
14.3635,169
14.3691,173
14.3746,171
14.3802,174
14.3857,173
14.3914,172
14.3968,171
14.4025,170
14.4079,172
14.4135,170
14.4189,171
14.4246,171
14.43,169
14.4357,170
14.4414,173
14.4468,170
14.4525,171
14.4579,170
14.4635,171
14.4689,172
14.4747,171
14.4801,170
14.4857,171
14.4913,171
14.4967,171
14.5024,171
14.5078,170
14.5135,173
14.5192,168
14.5245,170
14.5302,171
14.5357,171
14.5413,170
14.547,171
14.5524,173
14.5581,170
14.5635,171
14.5691,171
14.5745,169
14.5802,173
14.5859,172
14.5913,169
14.5969,170
14.6023,170
14.608,171
14.6134,173
14.6191,170
14.6245,169
14.6302,175
14.6356,168
14.6413,171
14.647,170
14.6524,169
14.6581,171
14.6635,171
14.6692,172
14.6746,172
14.6803,167
14.6857,172
14.6914,171
14.6968,171
14.7025,175
14.7079,170
14.7136,170
14.7191,173
14.7247,172
14.7301,172
14.7358,172
14.7412,173
14.7469,175
14.7523,175
14.758,173
14.7634,175
14.7691,172
14.7745,172
14.7802,170
14.7856,174
14.7913,172
14.7967,173
14.8024,173
14.8081,171
14.8135,171
14.8192,173
14.8246,174
14.8303,167
14.8357,173
14.8414,173
14.8468,172
14.8524,172
14.8579,170
14.8636,173
14.869,173
14.8746,173
14.8801,172
14.8857,173
14.8914,170
14.8969,171
14.9025,172
14.9079,172
14.9136,173
14.919,173
14.9247,171
14.9301,171
14.9358,171
14.9412,171
14.9469,171
14.9523,173
14.958,172
14.9634,173
14.9691,173
14.9745,169
14.9802,172
14.9859,171
14.9913,174
14.997,170
15.0024,170
15.0081,172
15.0134,175
15.0191,172
15.0245,174
15.0302,173
15.0357,172
15.0413,173
15.0468,175
15.0525,174
15.0579,170
15.0636,172
15.0691,177
15.0747,174
15.0801,172
15.0858,175
15.0912,175
15.0969,175
15.1023,175
15.108,175
15.1134,173
15.1191,172
15.1245,173
15.1302,169
15.1356,173
15.1413,174
15.147,172
15.1524,173
15.1581,172
15.1635,170
15.1692,171
15.1746,171
15.1803,172
15.1857,172
15.1914,171
15.1968,174
15.2025,171
15.2079,171
15.2136,171
15.219,171
15.2247,173
15.2301,173
15.2358,172
15.2414,171
15.2469,169
15.2525,173
15.2579,171
15.2636,170
15.269,170
15.2747,171
15.2801,170
15.2856,171
15.2913,173
15.297,172
15.3024,169
15.3081,170
15.3135,170
15.3192,170
15.3246,171
15.3303,172
15.3356,170
15.3413,171
15.3467,171
15.3524,171
15.3578,173
15.3635,171
15.3692,171
15.3746,170
15.3803,168
15.3857,170
15.3914,171
15.3968,172
15.4025,173
15.4079,171
15.4136,170
15.419,170
15.4246,171
15.43,170
15.4357,168
15.4411,170
15.4468,172
15.4525,170
15.4579,172
15.4636,172
15.469,171
15.4747,171
15.4802,170
15.4859,173
15.4913,172
15.497,172
15.5023,170
15.508,171
15.5137,171
15.5191,168
15.5247,167
15.5301,171
15.5358,171
15.5412,167
15.5469,170
15.5523,170
15.558,171
15.5634,171
15.5691,173
15.5745,171
15.5802,168
15.5859,170
15.5913,169
15.597,171
15.6024,171
15.6081,171
15.6135,169
15.6192,170
15.6246,172
15.6301,166
15.6357,170
15.6414,172
15.6468,172
15.6525,170
15.6579,171
15.6636,169
15.669,169
15.6747,172
15.6802,171
15.6858,171
15.6912,171
15.6969,171
15.7023,171
15.708,173
15.7134,172
15.7191,173
15.7245,172
15.7302,171
15.7356,170
15.7413,172
15.7467,172
15.7524,169
15.7581,173
15.7635,172
15.7691,174
15.7746,172
15.7802,171
15.7856,172
15.7913,171
15.7967,173
15.8024,172
15.8078,171
15.8135,174
15.8189,171
15.8246,172
15.8303,171
15.8357,170
15.8414,170
15.8468,170
15.8525,172
15.858,169
15.8634,170
15.8691,170
15.8748,172
15.8802,171
15.8859,170
15.8913,170
15.897,172
15.9024,174
15.908,174
15.9135,171
15.9191,169
15.9245,170
15.9302,171
15.9356,171
15.9413,171
15.9467,171
15.9524,171
15.9579,174
15.9635,168
15.9689,169
15.9746,173
15.9801,171
15.9857,173
15.9911,170
15.9968,172
16.0023,173
16.008,174
16.0137,173
16.0191,173
16.0248,172
16.0302,172
16.0357,173
16.0414,171
16.0525,170
16.0579,169
16.0634,173
16.0691,172
16.0746,171
16.0803,171
16.0857,172
16.0912,171
16.0969,171
16.1023,172
16.108,175
16.1134,171
16.119,173
16.1247,175
16.1301,171
16.1358,173
16.1413,171
16.1469,170
16.1523,172
16.158,170
16.1634,171
16.1691,172
16.1745,172
16.1802,169
16.1856,174
16.1913,173
16.1967,171
16.2024,174
16.2078,172
16.2135,172
16.2192,173
16.2246,172
16.2303,175
16.2357,175
16.2414,173
16.2468,171
16.2525,174
16.2579,173
16.2636,172
16.269,174
16.2747,177
16.2801,172
16.2858,173
16.2912,173
16.2969,175
16.3024,174
16.308,173
16.3135,176
16.3192,172
16.3246,175
16.3303,171
16.3357,172
16.3414,174
16.3468,172
16.3525,171
16.3579,174
16.3636,173
16.369,174
16.3747,171
16.3801,173
16.3858,172
16.3912,172
16.3968,173
16.4025,171
16.4079,173
16.4136,173
16.4191,172
16.4248,175
16.4302,174
16.4358,174
16.4413,173
16.4469,175
16.4523,174
16.458,173
16.4634,172
16.4691,173
16.4745,175
16.4802,172
16.4859,174
16.4913,171
16.497,174
16.5024,174
16.5081,171
16.5135,172
16.5192,172
16.5246,172
16.5303,173
16.5357,173
16.5414,174
16.5468,175
16.5525,175
16.558,171
16.5637,174
16.569,173
16.5747,172
16.5801,172
16.5858,174
16.5912,172
16.5969,172
16.6023,175
16.608,173
16.6134,171
16.6191,173
16.6245,172
16.6302,174
16.6356,175
16.6413,171
16.6467,172
16.6524,175
16.6581,176
16.6635,172
16.6692,172
16.6746,171
16.6803,173
16.6857,171
16.6914,171
16.6968,173
16.7025,172
16.7079,171
16.7136,169
16.719,172
16.7247,171
16.7302,173
16.7359,170
16.7413,172
16.7469,171
16.7524,175
16.758,171
16.7634,173
16.7691,171
16.7746,171
16.7802,171
16.7857,173
16.7913,172
16.7967,173
16.8024,171
16.8078,173
16.8135,174
16.8189,172
16.8246,174
16.8303,173
16.8357,173
16.8414,173
16.8468,174
16.8525,173
16.8579,172
16.8636,171
16.869,173
16.8747,172
16.8801,173
16.8857,170
16.8914,173
16.8968,172
16.9025,170
16.9079,174
16.9136,172
16.919,173
16.9247,172
16.9301,172
16.9358,171
16.9412,171
16.9469,172
16.9523,170
16.958,171
16.9634,173
16.9691,172
16.9748,172
16.9802,173
16.9858,172
16.9913,173
16.9969,174
17.0023,174
17.008,174
17.0134,172
17.0191,173
17.0248,173
17.0302,171
17.0359,169
17.0413,172
17.047,173
17.0524,172
17.0578,170
17.0636,174
17.069,175
17.0747,175
17.0803,173
17.0857,169
17.0914,172
17.0968,173
17.1025,172
17.108,173
17.1137,172
17.1191,171
17.1248,173
17.1302,172
17.1359,174
17.1413,171
17.1469,170
17.1523,172
17.158,172
17.1634,173
17.1691,172
17.1745,171
17.1802,171
17.1856,172
17.1913,173
17.1967,173
17.2024,172
17.2081,173
17.2135,173
17.2192,173
17.2246,173
17.2303,173
17.2358,172
17.2414,174
17.2468,172
17.2525,173
17.2579,173
17.2636,173
17.269,174
17.2747,173
17.2801,172
17.2858,175
17.2913,174
17.2969,174
17.3024,173
17.308,172
17.3135,173
17.3191,175
17.3246,174
17.3303,174
17.3357,175
17.3414,172
17.3468,175
17.3525,176
17.3579,176
17.3635,173
17.3692,173
17.3746,172
17.3803,174
17.3857,173
17.3914,171
17.3968,173
17.4025,172
17.4079,174
17.4136,173
17.419,174
17.4247,173
17.4301,173
17.4358,172
17.4412,174
17.4469,173
17.4523,172
17.458,173
17.4634,176
17.4691,174
17.4748,172
17.4802,175
17.4859,173
17.4913,174
17.497,172
17.5025,173
17.5079,171
17.5136,171
17.519,170
17.5247,174
17.5304,171
17.5358,171
17.5415,174
17.5469,172
17.5526,172
17.558,172
17.5637,174
17.5691,173
17.5748,175
17.5802,171
17.5857,171
17.5914,169
17.597,171
17.6024,173
17.6081,175
17.6135,172
17.6192,173
17.6246,173
17.6303,172
17.6357,173
17.6413,172
17.647,173
17.6524,171
17.6581,172
17.6635,173
17.6691,171
17.6748,168
17.6802,173
17.6859,171
17.6913,171
17.6969,170
17.7026,173
17.708,172
17.7137,174
17.7191,174
17.7247,171
17.7304,170
17.7358,171
17.7415,175
17.7469,173
17.7525,172
17.7579,171
17.7636,171
17.769,171
17.7747,169
17.7803,171
17.7857,173
17.7913,170
17.797,172
17.8024,171
17.8081,170
17.8135,171
17.8192,173
17.8246,171
17.8303,170
17.8359,173
17.8414,173
17.847,173
17.8524,171
17.8581,171
17.8635,172
17.8692,170
17.8746,172
17.8803,173
17.8857,169
17.8914,171
17.8968,171
17.9025,174
17.9079,173
17.9136,172
17.919,172
17.9247,176
17.9304,172
17.9358,171
17.9415,172
17.9469,170
17.9526,170
17.958,172
17.9637,171
17.9691,172
17.9748,171
17.9802,172
17.9859,173
17.9913,173
17.997,172
18.0024,175
18.0081,171
18.0135,170
18.0192,173
18.0246,171
18.0303,172
18.0357,172
18.0414,171
18.0471,170
18.0525,172
18.0582,171
18.0636,175
18.0691,172
18.0746,171
18.0803,170
18.0857,169
18.0914,173
18.0968,170
18.1025,172
18.1082,172
18.1136,173
18.1193,174
18.1247,171
18.1304,175
18.1358,173
18.1415,172
18.1468,176
18.1525,172
18.1579,174
18.1636,172
18.169,171
18.1747,171
18.1804,173
18.1858,170
18.1915,172
18.1969,173
18.2026,173
18.208,172
18.2137,174
18.219,175
18.2247,176
18.2304,173
18.2358,175
18.2413,174
18.247,174
18.2524,175
18.2581,175
18.2635,172
18.2692,176
18.2749,172
18.2803,177
18.286,174
18.2914,175
18.297,176
18.3024,173
18.3081,171
18.3136,173
18.3192,175
18.3246,174
18.3303,175
18.3357,171
18.3414,173
18.3468,175
18.3525,172
18.3579,175
18.3636,174
18.3693,173
18.3747,173
18.3801,172
18.3858,173
18.3912,176
18.3969,173
18.4026,174
18.408,173
18.4137,173
18.4191,174
18.4248,173
18.4302,174
18.4359,176
18.4413,175
18.447,173
18.4524,174
18.4581,175
18.4635,174
18.4692,174
18.4749,176
18.4803,176
18.486,177
18.4914,176
18.4971,175
18.5025,171
18.5082,173
18.5136,176
18.5191,174
18.5248,176
18.5302,176
18.5359,172
18.5413,174
18.547,172
18.5525,177
18.5582,174
18.5636,175
18.5693,175
18.5747,175
18.5803,176
18.5858,172
18.5915,176
18.5969,177
18.6026,177
18.608,176
18.6137,174
18.6191,173
18.6248,175
18.6302,173
18.6359,173
18.6413,175
18.647,176
18.6524,175
18.6581,177
18.6636,176
18.6692,174
18.6746,175
18.6803,171
18.6857,174
18.6915,170
18.6969,173
18.7025,174
18.7079,173
18.7136,173
18.7191,174
18.7247,174
18.7304,170
18.7359,171
18.7415,174
18.747,174
18.7527,175
18.7581,173
18.7637,172
18.7692,174
18.7749,175
18.7803,171
18.786,171
18.7914,173
18.7971,172
18.8025,171
18.8082,172
18.8136,175
18.8192,174
18.8246,175
18.8304,174
18.8358,174
18.8415,174
18.8469,174
18.8526,174
18.858,170
18.8637,172
18.8691,173
18.8748,173
18.8802,173
18.8859,174
18.8913,172
18.8969,175
18.9025,172
18.9082,169
18.9136,171
18.9193,171
18.9247,173
18.9304,174
18.9358,171
18.9415,174
18.9469,172
18.9526,172
18.958,169
18.9637,173
18.9691,173
18.9748,174
18.9802,173
18.9859,172
18.9913,167
18.997,171
19.0024,170
19.0081,172
19.0138,173
19.0192,171
19.0246,175
19.0303,173
19.036,174
19.0414,172
19.0471,172
19.0525,174
19.0582,174
19.0636,173
19.0692,174
19.0749,172
19.0803,173
19.0857,174
19.0914,174
19.0968,168
19.1025,172
19.1082,175
19.1136,172
19.1193,173
19.1248,173
19.1305,175
19.1357,172
19.1414,171
19.1469,174
19.1525,173
19.1579,172
19.1636,171
19.1693,173
19.1747,171
19.1804,170
19.1858,173
19.1914,172
19.1971,172
19.2025,170
19.2082,172
19.2136,172
19.2192,171
19.2249,173
19.2303,172
19.236,170
19.2414,173
19.247,174
19.2527,171
19.2581,175
19.2638,173
19.2692,172
19.2748,172
19.2802,173
19.2859,173
19.2913,171
19.297,173
19.3026,169
19.308,174
19.3137,172
19.3191,174
19.3248,173
19.3302,173
19.3359,174
19.3413,171
19.347,170
19.3524,172
19.3581,171
19.3635,173
19.3692,173
19.3749,171
19.3803,170
19.386,172
19.3914,173
19.3971,172
19.4025,170
19.4082,174
19.4136,174
19.4193,170
19.4247,174
19.4304,172
19.4358,173
19.4415,173
19.4469,172
19.4526,172
19.4583,172
19.4637,171
19.4694,172
19.4748,172
19.4805,171
19.4858,172
19.4915,172
19.497,172
19.5026,171
19.5081,173
19.5137,170
19.5192,173
19.5248,173
19.5303,174
19.536,173
19.5414,171
19.5471,172
19.5525,170
19.5582,174
19.5636,171
19.5693,172
19.5747,174
19.5804,172
19.5858,172
19.5915,173
19.5969,171
19.6026,174
19.608,172
19.6137,173
19.6191,171
19.6246,170
19.6303,170
19.6358,173
19.6414,170
19.6471,170
19.6525,174
19.6582,172
19.6636,171
19.6693,171
19.6747,170
19.6804,171
19.6858,171
19.6915,173
19.697,171
19.7026,172
19.7081,171
19.7138,173
19.7192,174
19.7249,171
19.7303,172
19.736,173
19.7414,172
19.7471,171
19.7525,170
19.7582,170
19.7636,168
19.7693,170
19.7747,172
19.7804,171
19.7858,171
19.7915,171
19.7969,172
19.8026,173
19.8082,172
19.8137,175
19.8194,174
19.8248,172
19.8302,172
19.8359,171
19.8413,171
19.847,171
19.8527,174
19.8581,171
19.8638,172
19.8692,172
19.8749,171
19.8803,171
19.886,170
19.8914,171
19.8971,170
19.9025,172
19.9082,170
19.9136,171
19.9193,170
19.9247,170
19.9304,170
19.9358,171
19.9415,171
19.9469,173
19.9526,171
19.9583,172
19.9635,173
19.9692,170
19.9749,173
19.9803,172
19.986,172
19.9914,169
19.9971,170
20.0026,171
20.0083,172
20.0137,170
20.0194,170
20.0248,172
20.0305,170
20.0358,172
20.0415,172
20.0472,169
20.0526,170
20.058,171
20.0637,168
20.0694,172
20.0748,170
20.0805,171
20.0858,168
20.0915,171
20.0969,172
20.1026,171
20.108,171
20.1136,170
20.1193,172
20.1247,166
20.1304,174
20.1358,171
20.1416,170
20.147,172
20.1526,170
20.158,171
20.1637,170
20.1694,171
20.1748,171
20.1805,169
20.1859,171
20.1916,170
20.197,171
20.2027,169
20.2081,169
20.2138,169
20.2192,170
20.2249,171
20.2302,170
20.2359,172
20.2416,167
20.247,165
20.2527,170
20.2581,172
20.2638,170
20.2692,170
20.2749,169
20.2803,167
20.286,170
20.2914,171
20.2971,170
20.3025,174
20.3082,169
20.3136,171
20.3193,174
20.3247,173
20.3304,171
20.3358,170
20.3415,171
20.3472,170
20.3526,171
20.3583,171
20.3637,171
20.3694,170
20.3748,168
20.3805,172
20.3859,170
20.3913,173
20.397,172
20.4024,170
20.4081,171
20.4138,170
20.4192,170
20.4249,169
20.4303,168
20.436,171
20.4415,171
20.4471,171
20.4525,171
20.4582,171
20.4637,171
20.4694,170
20.4748,171
20.4805,173
20.4859,174
20.4916,172
20.497,171
20.5027,171
20.5081,170
20.5137,168
20.5191,171
20.5248,169
20.5302,169
20.5359,170
20.5413,170
20.547,171
20.5525,170
20.5582,169
20.5636,171
20.5693,172
20.5747,170
20.5804,173
20.5858,170
20.5915,170
20.597,172
20.6027,170
20.6081,171
20.6138,170
20.6192,170
20.6249,169
20.6303,170
20.636,168
20.6414,166
20.6471,168
20.6525,170
20.6582,169
20.6636,171
20.6693,172
20.6747,170
20.6804,171
20.6858,172
20.6915,171
20.6969,171
20.7026,173
20.7084,171
20.7136,169
20.7192,172
20.7247,172
20.7303,171
20.736,170
20.7414,169
20.7471,172
20.7525,167
20.7582,169
20.7636,170
20.7692,170
20.7749,170
20.7803,169
20.7858,170
20.7915,167
20.797,172
20.8027,170
20.8081,170
20.8138,170
20.8192,169
20.8248,169
20.8305,169
20.8359,172
20.8416,170
20.847,171
20.8526,172
20.858,170
20.8637,170
20.8691,170
20.8748,171
20.8805,171
20.8859,169
20.8915,168
20.897,169
20.9027,170
20.9081,172
20.9138,170
20.9192,170
20.9249,170
20.9303,168
20.9359,168
20.9416,168
20.947,172
20.9527,172
20.9581,171
20.9638,173
20.9692,171
20.9749,171
20.9802,171
20.9859,169
20.9916,172
20.997,171
21.0027,170
21.0081,170
21.0138,168
21.0192,171
21.0249,169
21.0303,168
21.036,170
21.0414,171
21.0471,169
21.0525,170
21.0582,167
21.0639,169
21.0693,169
21.075,169
21.0804,170
21.0861,171
21.0915,168
21.0972,171
21.1026,172
21.1083,169
21.1137,172
21.1194,171
21.1248,171
21.1305,172
21.1359,173
21.1413,173
21.147,172
21.1527,169
21.1581,169
21.1638,170
21.1692,172
21.1749,167
21.1804,172
21.1861,170
21.1915,172
21.1972,170
21.2026,169
21.2083,170
21.2137,169
21.2194,171
21.2248,171
21.2305,173
21.236,171
21.2414,167
21.2471,172
21.2525,171
21.2582,171
21.2636,170
21.2693,170
21.2747,171
21.2804,171
21.2858,171
21.2915,170
21.2969,171
21.3026,171
21.3081,171
21.3138,170
21.3192,170
21.3249,170
21.3303,172
21.336,172
21.3415,167
21.3472,169
21.3526,171
21.358,171
21.3637,170
21.3694,170
21.3749,170
21.3803,173
21.386,172
21.3914,169
21.3971,171
21.4025,171
21.4083,172
21.4137,171
21.4194,171
21.4248,171
21.4302,167
21.4359,172
21.4416,173
21.447,172
21.4528,171
21.4582,174
21.4636,173
21.4693,172
21.475,172
21.4804,172
21.4858,171
21.4915,171
21.497,171
21.5027,171
21.5081,169
21.5138,173
21.5192,169
21.5249,173
21.5304,170
21.536,172
21.5415,172
21.5469,171
21.5527,172
21.5581,171
21.5638,169
21.5692,172
21.5749,175
21.5803,173
21.586,172
21.5914,170
21.5971,173
21.6025,172
21.6082,170
21.6136,171
21.6193,172
21.625,172
21.6304,173
21.6361,172
21.6415,171
21.6472,172
21.6526,173
21.6583,174
21.6637,172
21.6694,172
21.6748,172
21.6805,173
21.6859,173
21.6916,172
21.697,172
21.7027,173
21.7081,171
21.7138,173
21.7193,174
21.7249,170
21.7304,171
21.7361,173
21.7415,170
21.7472,174
21.7526,173
21.7583,173
21.7637,170
21.7694,172
21.7748,172
21.7805,172
21.7859,172
21.7916,172
21.797,172
21.8027,172
21.8082,173
21.8139,173
21.8193,173
21.8249,171
21.8303,172
21.8361,174
21.8415,171
21.8472,171
21.8526,171
21.8583,172
21.8637,172
21.8694,170
21.8748,173
21.8805,172
21.8859,170
21.8916,171
21.897,169
21.9027,170
21.9081,170
21.9138,173
21.9192,172
21.9249,172
21.9303,170
21.936,169
21.9414,170
21.9471,170
21.9525,172
21.9582,170
21.9636,169
21.9693,169
21.9748,173
21.9803,172
21.9859,173
21.9914,170
21.9971,174
22.0028,171
22.0082,172
22.0139,171
22.0193,173
22.025,173
22.0304,173
22.0361,169
22.0415,172
22.0469,168
22.0527,170
22.0581,171
22.0638,171
22.0692,172
22.0749,172
22.0803,170
22.086,171
22.0914,172
22.0971,168
22.1025,173
22.1082,171
22.1136,173
22.1193,171
22.1248,171
22.1305,171
22.1359,172
22.1415,172
22.147,172
22.1527,171
22.1581,173
22.1638,170
22.1692,170
22.1748,172
22.1805,171
22.1859,170
22.1916,172
22.197,170
22.2027,170
22.2081,173
22.2138,172
22.2193,169
22.225,172
22.2304,171
22.2361,170
22.2414,171
22.2471,170
22.2527,172
22.2581,172
22.2636,171
22.2693,170
22.2747,172
22.2804,170
22.2858,171
22.2914,171
22.2971,171
22.3025,170
22.3082,172
22.3136,170
22.3193,175
22.325,173
22.3304,169
22.336,172
22.3415,170
22.3471,174
22.3525,171
22.3582,172
22.3636,173
22.3693,173
22.3747,171
22.3804,171
22.3858,173
22.3915,169
22.3969,173
22.4026,171
22.4081,170
22.4137,173
22.4194,171
22.4249,171
22.4305,172
22.4359,173
22.4416,172
22.447,172
22.4527,171
22.458,170
22.4637,173
22.4691,173
22.4748,169
22.4805,172
22.4859,171
22.4916,171
22.497,173
22.5027,175
22.5081,173
22.5138,172
22.5192,172
22.5249,172
22.5303,173
22.536,169
22.5413,174
22.547,174
22.5527,172
22.5581,170
22.5638,170
22.5692,173
22.5749,174
22.5803,171
22.586,173
22.5914,173
22.5971,172
22.6025,171
22.6082,170
22.6138,171
22.6192,171
22.6249,172
22.6303,173
22.636,174
22.6414,172
22.6471,169
22.6525,170
22.6582,171
22.6636,172
22.6693,173
22.675,173
22.6804,173
22.6861,169
22.6915,174
22.6971,174
22.7025,173
22.7082,171
22.7136,172
22.7193,173
22.7247,172
22.7304,170
22.7361,169
22.7415,174
22.7472,171
22.7526,170
22.7583,172
22.7637,171
22.7694,173
22.7748,172
22.7804,174
22.7859,171
22.7916,170
22.797,171
22.8027,174
22.8081,171
22.8138,172
22.8194,172
22.8249,171
22.8305,173
22.836,172
22.8417,171
22.847,171
22.8527,172
22.8581,172
22.8638,173
22.8692,173
22.8749,169
22.8806,173
22.886,171
22.8917,171
22.8971,172
22.9028,173
22.9082,172
22.9138,175
22.9193,176
22.9249,173
22.9304,172
22.936,173
22.9414,172
22.9471,172
22.9525,171
22.9582,172
22.9636,170
22.9693,170
22.9747,172
22.9804,173
22.9858,168
22.9915,169
22.9972,172
23.0026,169
23.0083,170
23.0137,171
23.0194,172
23.0248,171
23.0305,171
23.0359,173
23.0416,170
23.047,172
23.0527,171
23.0581,170
23.0638,174
23.0692,173
23.0749,174
23.0803,173
23.086,173
23.0914,172
23.0971,170
23.1025,171
23.1082,172
23.1139,171
23.1193,171
23.125,170
23.1304,170
23.1361,173
23.1415,172
23.1472,172
23.1526,172
23.1583,172
23.1637,171
23.1694,171
23.1748,172
23.1804,172
23.1859,172
23.1915,172
23.1972,171
23.2026,173
23.2083,173
23.2137,171
23.2194,172
23.2248,170
23.2305,170
23.2359,172
23.2416,170
23.247,172
23.2527,173
23.2581,171
23.2638,174
23.2692,172
23.2748,173
23.2805,173
23.2859,171
23.2916,172
23.297,171
23.3027,170
23.3081,168
23.3138,171
23.3192,168
23.3249,173
23.3303,172
23.336,172
23.3415,170
23.3472,170
23.3526,172
23.3583,170
23.3637,170
23.3694,171
23.3748,172
23.3805,172
23.3859,171
23.3916,171
23.397,171
23.4027,169
23.4081,171
23.4137,170
23.4191,170
23.4248,170
23.4305,171
23.4359,172
23.4416,172
23.4471,171
23.4528,170
23.4582,173
23.4639,172
23.4693,170
23.475,171
23.4804,170
23.4861,171
23.4915,171
23.4971,171
23.5026,171
23.5083,171
23.5137,169
23.5194,169
23.5248,171
23.5305,173
23.5359,169
23.5415,173
23.5469,171
23.5526,171
23.5583,169
23.5637,171
23.5694,172
23.5748,172
23.5805,171
23.5859,170
23.5916,171
23.597,171
23.6027,170
23.6081,172
23.6138,170
23.6192,171
23.6249,173
23.6303,168
23.636,170
23.6416,170
23.6471,171
23.6527,171
23.6581,168
23.6638,170
23.6692,171
23.6749,170
23.6803,173
23.686,172
23.6914,172
23.6971,171
23.7025,173
23.7082,172
23.7136,170
23.7193,168
23.7247,170
23.7304,172
23.7361,172
23.7415,170
23.7472,170
23.7526,170
23.7583,169
23.7637,170
23.7694,171
23.7748,172
23.7804,171
23.7858,171
23.7915,171
23.7972,171
23.8026,173
23.8083,170
23.8137,172
23.8194,173
23.8247,173
23.8304,171
23.8358,171
23.8415,169
23.8472,169
23.8526,171
23.8583,169
23.8637,173
23.8693,171
23.875,174
23.8804,168
23.8861,174
23.8915,172
23.8971,171
23.9028,169
23.9082,172
23.9139,170
23.9193,174
23.9249,172
23.9303,170
23.936,172
23.9414,172
23.9471,170
23.9527,172
23.9581,173
23.9638,173
23.9692,172
23.9749,173
23.9803,173
23.9858,172
23.9915,171
23.9972,173
24.0026,171
24.0083,171
24.0137,170
24.0194,172
24.0248,168
24.0305,170
24.0359,172
24.0416,171
24.047,171
24.0527,170
24.0581,171
24.0638,170
24.0692,170
24.0748,169
24.0805,172
24.0859,172
24.0916,172
24.097,172
24.1027,173
24.1081,174
24.1139,172
24.1193,173
24.1249,171
24.1303,173
24.136,173
24.1414,172
24.1471,171
24.1526,172
24.1582,171
24.1637,173
24.1693,172
24.175,174
24.1804,173
24.1859,173
24.1916,172
24.1972,171
24.2027,171
24.2083,171
24.2138,172
24.2195,172
24.2249,169
24.2306,170
24.236,171
24.2417,172
24.2471,169
24.2528,169
24.2582,172
24.2636,173
24.2693,172
24.275,172
24.2804,171
24.2861,173
24.2915,173
24.2972,171
24.3026,171
24.3083,171
24.3136,170
24.3193,170
24.3247,173
24.3304,172
24.3358,173
24.3415,171
24.347,171
24.3526,172
24.3583,171
24.3637,173
24.3694,172
24.3748,172
24.3805,172
24.3859,171
24.3916,171
24.397,172
24.4027,171
24.4081,172
24.4138,169
24.4192,172
24.4249,171
24.4306,171
24.436,172
24.4417,171
24.4471,171
24.4528,171
24.4582,170
24.4639,172
24.4693,172
24.475,172
24.4804,171
24.4861,170
24.4915,173
24.4972,171
24.5026,172
24.5082,170
24.5137,170
24.5193,171
24.525,170
24.5304,172
24.5361,173
24.5414,171
24.5471,174
24.5528,174
24.5582,171
24.5639,172
24.5693,172
24.575,171
24.5804,173
24.5861,173
24.5915,172
24.5972,174
24.6026,171
24.6083,173
24.6137,172
24.6194,173
24.6248,170
24.6305,173
24.6359,173
24.6416,171
24.647,172
24.6527,172
24.6581,170
24.6638,171
24.6692,171
24.6749,173
24.6803,172
24.686,174
24.6914,174
24.6971,171
24.7025,172
24.7082,173
24.7136,172
24.7193,171
24.725,171
24.7304,172
24.7361,173
24.7415,170
24.7472,172
24.7526,171
24.7583,171
24.7637,170
24.7694,170
24.7748,172
24.7805,171
24.7858,173
24.7915,170
24.7972,172
24.8026,172
24.8083,171
24.8137,172
24.8194,173
24.8248,170
24.8305,171
24.8359,174
24.8416,170
24.847,171
24.8527,171
24.8581,171
24.8638,172
24.8695,171
24.8749,171
24.8806,171
24.886,172
24.8917,169
24.8971,173
24.9028,171
24.9081,171
24.9138,171
24.9194,174
24.9249,172
24.9305,174
24.9359,171
24.9416,172
24.947,172
24.9527,174
24.9581,172
24.9638,170
24.9692,170
24.9749,175
24.9806,174
24.986,172
24.9917,171
24.9971,170
25.0027,172
25.0081,173
25.0138,173
25.0192,173
25.0249,170
25.0303,173
25.036,171
25.0414,172
25.0471,171
25.0526,170
25.0583,168
25.0637,171
25.0694,172
25.0748,172
25.0804,171
25.0859,171
25.0916,172
25.097,175
25.1027,172
25.1081,170
25.1138,171
25.1194,173
25.1249,172
25.1305,171
25.1359,170
25.1416,172
25.147,172
25.1527,171
25.1581,170
25.1638,172
25.1692,173
25.1749,172
25.1803,172
25.186,171
25.1915,169
25.1971,170
25.2026,170
25.2082,171
25.2136,173
25.2193,173
25.225,172
25.2304,169
25.2361,173
25.2415,169
25.2472,171
25.2526,173
25.2583,170
25.2637,172
25.2694,173
25.2747,171
25.2804,173
25.2861,177
25.2915,172
25.2972,172
25.3026,170
25.3083,171
25.3137,174
25.3194,172
25.3248,173
25.3305,174
25.3359,172
25.3415,172
25.3472,170
25.3526,172
25.3583,172
25.3637,172
25.3694,171
25.3748,173
25.3804,173
25.3859,172
25.3915,170
25.3972,170
25.4026,172
25.4083,173
25.4137,170
25.4193,171
25.425,172
25.4304,172
25.4361,171
25.4415,170
25.4471,167
25.4528,169
25.4582,171
25.4639,170
25.4693,170
25.4749,170
25.4803,173
25.486,171
25.4914,172
25.4971,173
25.5025,170
25.5082,170
25.5139,172
25.5193,169
25.5247,170
25.5304,170
25.5358,173
25.5416,171
25.547,172
25.5527,169
25.5581,174
25.5638,173
25.5692,170
25.5749,172
25.5803,168
25.586,171
25.5914,172
25.5971,169
25.6028,172
25.6082,173
25.6139,173
25.6193,172
25.6249,172
25.6303,166
25.636,170
25.6414,172
25.6471,173
25.6526,172
25.6582,170
25.6636,172
25.6693,172
25.675,169
25.6804,172
25.6861,171
25.6915,169
25.6972,170
25.7026,172
25.7083,173
25.7137,171
25.7194,171
25.7248,170
25.7305,173
25.7359,170
25.7416,170
25.747,172
25.7527,171
25.7581,173
25.7638,172
25.7692,174
25.7749,171
25.7806,173
25.786,174
25.7917,171
25.7971,168
25.8025,170
25.8082,175
25.8139,172
25.8193,169
25.825,170
25.8304,173
25.8361,170
25.8415,172
25.8472,170
25.8525,172
25.8582,173
25.8637,172
25.8692,173
25.8749,174
25.8806,170
25.886,172
25.8917,173
25.8971,174
25.9028,170
25.9082,173
25.9138,176
25.9192,174
25.9249,171
25.9303,171
25.936,175
25.9414,171
25.9471,172
25.9525,173
25.9582,173
25.9639,173
25.9693,173
25.975,174
25.9804,171
25.9861,173
25.9915,169
25.9972,171
26.0026,174
26.0118,170
26.0146,170
26.0194,171
26.0248,173
26.0305,172
26.0359,170
26.0416,173
26.047,173
26.0528,173
26.0582,170
26.0638,170
26.0729,172
26.0781,169
26.0804,169
26.0861,173
26.095,170
26.0987,172
26.1027,173
26.112,170
26.1188,171
26.1194,171
26.1248,170
26.1305,172
26.1359,170
26.1416,171
26.147,172
26.1527,172
26.1581,172
26.1638,171
26.1692,172
26.1749,170
26.1803,168
26.186,172
26.1914,172
26.1971,172
26.2025,173
26.2082,173
26.2137,172
26.2194,171
26.2248,172
26.2304,171
26.2359,171
26.2416,171
26.2472,168
26.2526,169
26.2583,171
26.2637,170
26.2694,171
26.2748,171
26.2805,170
26.2859,173
26.2916,171
26.297,171
26.3027,171
26.3081,171
26.3138,170
26.3195,172
26.3249,170
26.3306,172
26.336,171
26.3416,174
26.347,169
26.3527,172
26.3581,172
26.3638,169
26.3692,169
26.3749,170
26.3803,173
26.386,172
26.3917,171
26.3971,170
26.4028,171
26.4082,171
26.4139,173
26.4193,172
26.425,172
26.4304,173
26.4361,171
26.4415,172
26.4472,169
26.4526,171
26.4583,171
26.4637,176
26.4694,172
26.4748,172
26.4805,173
26.4859,172
26.4916,172
26.497,170
26.5027,173
26.5081,170
26.5138,173
26.5192,174
26.5249,174
26.5303,171
26.536,172
26.5417,173
26.5471,174
26.5528,175
26.5581,174
26.5638,172
26.5692,171
26.5749,171
26.5803,173
26.586,173
26.5914,173
26.5971,173
26.6025,172
26.6082,171
26.6139,170
26.6193,172
26.625,170
26.6304,171
26.6361,173
26.6415,173
26.6472,173
26.6526,172
26.6583,173
26.6637,173
26.6694,173
26.6748,171
26.6805,172
26.6859,171
26.6916,170
26.6973,170
26.7027,171
26.7081,171
26.7138,173
26.7195,171
26.7249,173
26.7306,168
26.736,172
26.7417,170
26.7471,171
26.7528,173
26.7582,171
26.7639,169
26.7693,170
26.775,172
26.7803,169
26.786,171
26.7915,172
26.7972,170
26.8026,170
26.8082,172
26.8139,173
26.8193,171
26.825,169
26.8304,170
26.8361,171
26.8415,171
26.8472,170
26.8526,170
26.8581,171
26.8638,170
26.8695,169
26.8749,172
26.8806,170
26.886,170
26.8917,172
26.8972,171
26.9026,171
26.9084,170
26.9138,172
26.9195,169
26.9248,170
26.9305,170
26.9362,169
26.9416,171
26.9473,173
26.9527,171
26.9584,171
26.9638,171
26.9694,172
26.9748,173
26.9805,170
26.9862,171
26.9916,170
26.997,170
27.0027,170
27.0084,172
27.0138,168
27.0195,170
27.0249,171
27.0306,170
27.036,170
27.0417,171
27.0471,172
27.0528,172
27.0582,171
27.0639,169
27.0693,172
27.0749,171
27.0806,172
27.0861,172
27.0917,173
27.0971,170
27.1028,170
27.1084,172
27.1139,171
27.1193,174
27.125,173
27.1305,173
27.1361,170
27.1416,169
27.1473,170
27.1527,169
27.1584,170
27.1638,170
27.1695,171
27.1749,173
27.1806,172
27.1862,173
27.1916,177
27.1973,169
27.2027,169
27.2084,173
27.2138,171
27.2195,170
27.2249,175
27.2304,174
27.2361,171
27.2415,172
27.2472,171
27.2528,171
27.2582,173
27.2639,169
27.2693,174
27.275,172
27.2804,170
27.2861,172
27.2916,172
27.2973,171
27.3027,170
27.3084,172
27.3138,171
27.3195,172
27.3249,170
27.3306,173
27.336,171
27.3417,170
27.3471,171
27.3528,172
27.3582,172
27.3639,170
27.3695,170
27.375,171
27.3806,173
27.386,171
27.3917,173
27.3972,173
27.4029,170
27.4083,170
27.4139,169
27.4194,173
27.4251,171
27.4305,169
27.4362,170
27.4416,172
27.4473,169
27.4527,172
27.4584,174
27.4638,174
27.4695,174
27.4749,173
27.4806,170
27.486,175
27.4917,172
27.4971,172
27.5028,171
27.5082,170
27.5139,174
27.5193,171
27.525,173
27.5304,173
27.5361,170
27.5415,172
27.5472,175
27.5529,171
27.5583,170
27.564,168
27.5694,169
27.5751,171
27.5805,172
27.5862,172
27.5916,172
27.5973,171
27.6027,172
27.6084,168
27.6138,169
27.6195,172
27.6249,174
27.6307,171
27.6361,170
27.6418,170
27.6472,172
27.6528,174
27.6583,170
27.664,170
27.6694,170
27.6751,169
27.6805,172
27.6862,172
27.6916,172
27.6973,164
27.7027,167
27.7084,170
27.7138,170
27.7195,170
27.7248,172
27.7305,172
27.7362,171
27.7416,171
27.7473,170
27.7527,173
27.7584,171
27.7638,171
27.7695,171
27.7749,171
27.7806,171
27.786,170
27.7917,172
27.7971,171
27.8028,171
27.8082,172
27.8139,171
27.8193,173
27.825,174
27.8307,173
27.8361,170
27.8418,171
27.8472,171
27.8529,173
27.8583,173
27.864,171
27.8693,170
27.875,170
27.8804,173
27.8861,166
27.8915,172
27.8972,173
27.9029,172
27.9083,173
27.914,172
27.9194,171
27.9251,172
27.9305,173
27.9362,172
27.9416,172
27.9473,170
27.9527,171
27.9584,170
27.9638,170
27.9695,171
27.975,172
27.9807,172
27.9861,172
27.9918,174
27.9972,173
28.0029,170
28.0083,170
28.014,170
28.0194,173
28.0251,174
28.0305,172
28.0362,172
28.0416,170
28.0473,171
28.0528,170
28.0582,174
28.0639,170
28.0694,172
28.0751,173
28.0805,173
28.0862,171
28.0916,174
28.0973,174
28.1027,172
28.1084,171
28.1138,173
28.1195,171
28.1249,172
28.1306,169
28.1362,171
28.1417,173
28.1473,173
28.1527,174
28.1584,172
28.1638,174
28.1695,170
28.1749,171
28.1806,172
28.186,166
28.1917,172
28.1971,175
28.2028,173
28.2082,171
28.2139,171
28.2193,171
28.225,172
28.2307,172
28.2361,171
28.2418,170
28.2472,171
28.2529,169
28.2583,171
28.264,173
28.2694,173
28.2751,169
28.2805,171
28.2862,172
28.2916,170
28.2973,171
28.3027,169
28.3084,172
28.3138,172
28.3195,171
28.3249,171
28.3306,170
28.336,174
28.3417,172
28.3471,172
28.3528,171
28.3583,170
28.364,173
28.3694,172
28.3751,172
28.3805,173
28.3862,172
28.3916,170
28.3973,171
28.4027,173
28.4084,172
28.4138,170
28.4195,172
28.4252,170
28.4306,172
28.4363,174
28.4417,174
28.4474,173
28.4528,173
28.4585,173
28.4639,171
28.4696,170
28.475,166
28.4807,174
28.4861,172
28.4916,171
28.4973,171
28.5027,172
28.5084,171
28.5138,173
28.5194,172
28.5251,171
28.5305,173
28.5362,173
28.5416,168
28.5472,172
28.5529,172
28.5583,170
28.564,172
28.5694,172
28.575,173
28.5807,173
28.5861,171
28.5918,172
28.5972,170
28.6028,173
28.6082,170
28.6139,170
28.6193,172
28.625,171
28.6305,168
28.6362,171
28.6416,172
28.6473,172
28.6527,170
28.6584,170
28.6638,170
28.6695,170
28.6752,170
28.6806,172
28.6862,173
28.6916,169
28.6973,172
28.7027,170
28.7084,173
28.7138,173
28.7195,171
28.7249,171
28.7306,172
28.736,173
28.7417,171
28.7471,171
28.7528,175
28.7582,174
28.7639,172
28.7693,171
28.775,174
28.7804,169
28.7861,170
28.7918,172
28.7972,171
28.8029,173
28.8083,174
28.814,170
28.8194,172
28.8251,172
28.8305,174
28.8362,174
28.8416,172
28.8473,171
28.8527,171
28.8584,173
28.8638,171
28.8695,171
28.8749,170
28.8806,171
28.886,172
28.8917,172
28.8971,172
28.9028,173
28.9085,171
28.9139,170
28.9196,170
28.925,170
28.9307,171
28.9361,171
28.9418,173
28.9472,169
28.9529,170
28.9583,171
28.964,171
28.9694,171
28.9751,172
28.9805,173
28.9862,172
28.9916,173
28.9973,172
29.0027,170
29.0084,171
29.0138,174
29.0195,172
29.0249,172
29.0306,174
29.036,172
29.0418,173
29.0472,172
29.0529,172
29.0583,173
29.064,174
29.0695,169
29.0749,173
29.0805,173
29.0862,171
29.0916,173
29.0973,174
29.1027,172
29.1084,171
29.1138,171
29.1195,172
29.1249,173
29.1306,171
29.136,174
29.1417,174
29.1474,172
29.1527,169
29.1584,170
29.164,173
29.1695,170
29.1752,170
29.1806,173
29.186,172
29.1917,175
29.1971,171
29.2028,171
29.2082,174
29.2139,170
29.2196,172
29.2249,172
29.2306,172
29.236,170
29.2417,172
29.2472,175
29.2528,170
29.2583,172
29.264,172
29.2694,172
29.2749,173
29.2806,171
29.286,174
29.2917,171
29.2972,172
29.3028,172
29.3083,170
29.3139,169
29.3194,170
29.3251,171
29.3305,171
29.3362,171
29.3416,172
29.3471,171
29.3528,169
29.3583,172
29.364,169
29.3694,172
29.375,173
29.3805,170
29.3862,170
29.3916,170
29.3973,172
29.4029,172
29.4084,170
29.414,173
29.4193,174
29.4251,169
29.4305,170
29.4361,169
29.4418,170
29.4472,173
29.4529,172
29.4583,170
29.464,172
29.4694,175
29.4751,173
29.4805,176
29.4862,175
29.4916,172
29.4973,172
29.5027,172
29.5084,172
29.5138,173
29.5195,173
29.5249,172
29.5306,175
29.5363,173
29.5417,172
29.5474,174
29.5528,173
29.5585,173
29.5638,175
29.5695,173
29.5749,169
29.5806,172
29.586,173
29.5917,172
29.5974,170
29.6028,172
29.6085,170
29.6139,170
29.6196,174
29.625,172
29.6307,171
29.636,169
29.6417,173
29.6471,174
29.6528,173
29.6585,175
29.6639,174
29.6696,173
29.675,173
29.6807,171
29.6861,171
29.6918,172
29.6972,170
29.7029,169
29.7083,171
29.714,172
29.7194,170
29.7251,172
29.7305,172
29.7362,175
29.7419,172
29.7473,174
29.753,173
29.7582,171
29.7639,173
29.7696,171
29.775,171
29.7807,170
29.7861,173
29.7918,169
29.7973,172
29.8029,173
29.8084,172
29.8141,173
29.8195,174
29.8252,173
29.8306,173
29.8362,172
29.8417,171
29.8473,170
29.8528,172
29.8585,173
29.8639,173
29.8696,172
29.875,173
29.8807,173
29.8861,172
29.8918,174
29.8972,172
29.9029,172
29.9083,173
29.914,172
29.9194,171
29.9251,173
29.9305,171
29.9362,173
29.9416,174
29.9473,173
29.9527,171
29.9584,173
29.9641,171
29.9695,173
29.9752,171
29.9806,171
29.9863,172
29.9917,171
29.9974,170
30.0028,168
30.0085,170
30.0139,170
30.0196,173
30.025,170
30.0307,168
30.0361,174
30.0416,170
30.0473,172
30.0527,173
30.0584,170
30.0638,174
30.0694,172
30.0751,170
30.0805,175
30.0862,173
30.0916,171
30.0972,171
30.1029,172
30.1083,171
30.114,171
30.1194,171
30.125,173
30.1307,168
30.1361,170
30.1418,172
30.1472,170
30.1528,173
30.1585,170
30.1639,170
30.1696,171
30.175,169
30.1806,171
30.186,169
30.1917,168
30.1974,172
30.2028,172
30.2085,171
30.2139,172
30.2195,172
30.225,173
30.2307,175
30.2361,174
30.2418,174
30.2472,171
30.2529,171
30.2583,170
30.264,170
30.2694,170
30.2751,174
30.2805,171
30.2862,171
30.2916,171
30.2973,171
30.3027,172
30.3084,169
30.3138,171
30.3195,173
30.3249,172
30.3306,173
30.336,173
30.3417,171
30.3472,172
30.3529,173
30.3583,172
30.3639,173
30.3696,171
30.375,171
30.3807,172
30.3861,172
30.3918,172
30.3972,172
30.4029,174
30.4083,174
30.414,171
30.4194,172
30.4252,172
30.4306,171
30.4362,172
30.4416,171
30.4474,173
30.4528,172
30.4585,173
30.4639,173
30.4696,170
30.475,172
30.4807,172
30.4861,171
30.4918,172
30.4972,173
30.5029,170
30.5083,172
30.514,172
30.5194,169
30.5251,173
30.5305,173
30.5362,172
30.5416,171
30.5473,173
30.5527,172
30.5584,171
30.5641,173
30.5695,173
30.5752,174
30.5806,172
30.5863,172
30.5917,171
30.5974,172
30.6028,172
30.6085,171
30.6139,172
30.6196,173
30.6251,176
30.6307,171
30.6362,172
30.6418,169
30.6473,170
30.653,171
30.6584,171
30.6641,172
30.6695,172
30.6752,172
30.6806,175
30.6863,171
30.6917,174
30.6974,173
30.7028,171
30.7085,171
30.7139,170
30.7196,170
30.7252,169
30.7306,173
30.7363,170
30.7417,170
30.7474,172
30.7527,168
30.7584,169
30.7638,171
30.7695,170
30.7749,170
30.7806,168
30.786,167
30.7917,169
30.7971,170
30.8028,173
30.8083,170
30.814,170
30.8197,168
30.8251,169
30.8305,168
30.8362,170
30.8416,169
30.8473,168
30.8527,170
30.8584,169
30.8638,170
30.8695,169
30.875,168
30.8806,172
30.8863,170
30.8917,171
30.8974,172
30.9028,170
30.9085,171
30.9138,169
30.9195,169
30.9249,170
30.9307,170
30.9361,171
30.9418,168
30.9472,170
30.9529,169
30.9583,172
30.964,170
30.9694,170
30.9751,169
30.9805,170
30.9862,170
30.9916,171
30.9973,169
31.003,169
31.0084,171
31.0141,170
31.0194,169
31.0251,170
31.0305,168
31.0362,170
31.0416,169
31.0473,169
31.0527,167
31.0584,171
31.0641,172
31.0695,172
31.0752,172
31.0806,172
31.0863,168
31.0916,168
31.0973,170
31.1027,170
31.1084,170
31.1138,169
31.1195,167
31.1249,168
31.1306,172
31.1363,170
31.1417,171
31.1474,172
31.1528,170
31.1585,171
31.1639,171
31.1696,170
31.175,168
31.1807,169
31.1861,171
31.1918,170
31.1973,171
31.203,172
31.2084,171
31.214,170
31.2194,171
31.2251,170
31.2305,169
31.2362,169
31.2416,170
31.2473,172
31.253,172
31.2584,171
31.2641,170
31.2695,171
31.2752,169
31.2806,169
31.2863,169
31.2917,169
31.2974,171
31.3028,168
31.3085,170
31.3139,169
31.3196,171
31.325,173
31.3307,170
31.3361,172
31.3418,172
31.3472,171
31.3529,169
31.3583,172
31.364,171
31.3694,169
31.3751,171
31.3805,173
31.3862,170
31.3919,172
31.3973,169
31.403,171
31.4083,171
31.414,172
31.4194,174
31.4251,172
31.4305,171
31.4362,170
31.4416,170
31.4473,168
31.453,173
31.4584,171
31.4641,169
31.4695,169
31.4752,173
31.4806,172
31.4863,170
31.4917,171
31.4974,170
31.5028,170
31.5085,169
31.5139,172
31.5196,174
31.525,172
31.5305,173
31.5362,171
31.5416,171
31.5473,170
31.553,172
31.5584,171
31.5638,173
31.5695,170
31.5752,170
31.5806,171
31.5863,169
31.5916,170
31.5973,170
31.6027,169
31.6084,170
31.6138,169
31.6195,171
31.6251,171
31.6306,171
31.6362,169
31.6417,172
31.6473,172
31.653,173
31.6584,172
31.6641,170
31.6695,170
31.6751,171
31.6808,170
31.6862,168
31.6919,173
31.6973,171
31.7029,171
31.7083,173
31.714,170
31.7197,172
31.7251,172
31.7305,169
31.7362,170
31.7416,171
31.7473,169
31.7527,170
31.7584,167
31.7638,171
31.7695,172
31.7752,170
31.7806,169
31.7863,168
31.7917,170
31.7974,169
31.8028,168
31.8085,167
31.8139,169
31.8196,171
31.825,169
31.8307,170
31.8361,170
31.8418,172
31.8472,171
31.8529,169
31.8586,170
31.864,174
31.8694,171
31.8751,171
31.8808,174
31.8862,172
31.8916,169
31.8973,172
31.903,170
31.9084,170
31.9141,168
31.9194,170
31.9251,169
31.9305,169
31.9362,169
31.9416,170
31.9473,171
31.9527,171
31.9584,170
31.9641,170
31.9695,170
31.9752,171
31.9807,173
31.9863,166
31.9916,171
31.9973,171
32.0027,170
32.0084,169
32.0138,170
32.0195,172
32.0249,172
32.0306,171
32.0363,171
32.0418,171
32.0475,170
32.0529,169
32.0583,171
32.0639,170
32.0695,171
32.075,174
32.0807,171
32.0861,170
32.0918,170
32.0975,170
32.1029,172
32.1086,169
32.114,172
32.1197,170
32.1251,168
32.1308,171
32.1361,171
32.1418,173
32.1472,171
32.1529,172
32.1585,167
32.1639,168
32.1696,169
32.1751,170
32.1808,169
32.1862,169
32.1919,170
32.1973,169
32.203,171
32.2084,171
32.2141,172
32.2195,172
32.2252,171
32.2306,171
32.2363,173
32.2417,172
32.2474,171
32.2528,169
32.2585,168
32.2639,173
32.2696,172
32.275,170
32.2807,170
32.2861,168
32.2919,171
32.2973,171
32.303,172
32.3084,171
32.3141,169
32.3195,170
32.3252,170
32.3306,171
32.3363,169
32.3417,170
32.3474,171
32.3528,169
32.3585,171
32.3639,170
32.3696,171
32.375,171
32.3807,171
32.3861,171
32.3918,169
32.3972,170
32.4029,169
32.4083,171
32.414,172
32.4194,170
32.4251,169
32.4306,172
32.4363,170
32.4417,170
32.4474,174
32.4528,168
32.4585,170
32.4639,169
32.4696,172
32.475,170
32.4807,172
32.4861,172
32.4918,172
32.4972,171
32.5029,170
32.5083,173
32.514,168
32.5194,172
32.5251,169
32.5306,170
32.5363,169
32.5417,173
32.5474,169
32.5528,170
32.5585,170
32.5639,169
32.5696,168
32.575,171
32.5807,168
32.5861,170
32.5918,169
32.5972,170
32.6029,171
32.6084,167
32.614,169
32.6195,169
32.6252,171
32.6306,168
32.6363,171
32.6417,176
32.6474,166
32.6528,169
32.6585,171
32.6639,171
32.6696,169
32.675,171
32.6806,171
32.6861,169
32.6917,170
32.6974,169
32.7028,172
32.7085,171
32.7139,172
32.7196,172
32.725,169
32.7307,170
32.7361,170
32.7418,172
32.7472,169
32.7529,171
32.7583,169
32.764,170
32.7694,172
32.7751,169
32.7806,171
32.7863,172
32.7917,172
32.7974,172
32.8028,171
32.8085,170
32.8139,169
32.8196,172
32.825,173
32.8307,170
32.8362,170
32.8418,169
32.8473,170
32.853,171
32.8584,169
32.864,168
32.8695,170
32.8751,169
32.8806,169
32.8863,168
32.8917,169
32.8974,169
32.9028,168
32.9085,169
32.9139,168
32.9196,170
32.925,167
32.9307,169
32.9361,168
32.9418,171
32.9475,169
32.9527,169
32.9584,169
32.9641,172
32.9695,171
32.9752,171
32.9806,171
32.9863,170
32.9917,169
32.9974,169
33.0027,170
33.0084,171
33.0138,169
33.0195,171
33.0252,170
33.0306,172
33.0363,170
33.0416,173
33.0473,171
33.0527,175
33.0584,172
33.0638,170
33.0696,169
33.075,170
33.0805,171
33.0862,171
33.0916,172
33.0973,169
33.1028,171
33.1083,170
33.1139,170
33.1194,171
33.125,168
33.1305,173
33.1361,171
33.1417,170
33.1472,170
33.1528,171
33.1583,167
33.1639,170
33.1695,172
33.175,172
33.1806,170
33.1861,169
33.1917,170
33.1973,170
33.2028,170
33.2084,168
33.2139,170
33.2195,169
33.225,169
33.2306,169
33.2361,170
33.2417,171
33.2473,170
33.2528,169
33.2584,169
33.2639,170
33.2695,171
33.2751,172
33.2806,170
33.2862,175
33.2917,177
33.2973,173
33.3028,175
33.3084,174
33.314,173
33.3195,175
33.3251,172
33.3306,172
33.3362,171
33.3417,169
33.3473,169
33.3529,171
33.3584,168
33.364,170
33.3694,169
33.3751,170
33.3805,170
33.3862,170
33.3916,171
33.3972,171
33.4029,169
33.4084,170
33.414,170
33.4196,169
33.4251,168
33.4305,171
33.4362,170
33.4416,168
33.4473,173
33.4527,171
33.4584,172
33.464,175
33.4694,171
33.4751,170
33.4805,172
33.4862,173
33.4917,174
33.4974,172
33.5027,172
33.5084,173
33.5138,175
33.5194,173
33.5251,172
33.5307,171
33.5361,169
33.5418,173
33.5472,172
33.5529,173
33.5583,168
33.564,171
33.5695,173
33.5752,173
33.5806,171
33.5863,171
33.5917,172
33.5973,172
33.6027,172
33.6084,173
33.6141,172
33.6195,171
33.6252,173
33.6306,172
33.6363,169
33.6417,171
33.6474,170
33.6528,173
33.6585,171
33.6639,171
33.6696,169
33.675,173
33.6807,171
33.6861,171
33.6918,171
33.6972,170
33.7029,171
33.7085,171
33.714,172
33.7196,171
33.7251,173
33.7308,171
33.7362,171
33.7419,171
33.7473,170
33.753,170
33.7584,172
33.7641,170
33.7695,169
33.7752,170
33.7806,169
33.7863,170
33.7917,170
33.7974,168
33.8028,166
33.8085,169
33.8139,169
33.8196,168
33.825,172
33.8307,170
33.8361,171
33.8418,171
33.8475,170
33.8529,171
33.8586,170
33.864,168
33.8697,171
33.8751,173
33.8808,170
33.8862,170
33.8919,173
33.8973,171
33.903,174
33.9084,171
33.9141,173
33.9195,169
33.9252,171
33.9305,169
33.9362,169
33.9416,169
33.9473,171
33.9527,172
33.9584,170
33.9639,171
33.9696,170
33.9753,169
33.9807,170
33.9864,172
33.9918,172
33.9975,172
34.0028,172
34.0085,171
34.0139,172
34.0195,170
34.025,171
34.0306,169
34.0361,173
34.0418,172
34.0475,170
34.0529,171
34.0583,172
34.064,170
34.0697,171
34.075,173
34.0807,172
34.0861,170
34.0918,173
34.0972,169
34.1029,168
34.1086,171
34.114,169
34.1197,169
34.1251,168
34.1308,167
34.1362,171
34.1419,168
34.1473,169
34.153,169
34.1584,170
34.1641,170
34.1695,171
34.1752,171
34.1806,170
34.1863,168
34.1917,171
34.1972,172
34.2029,171
34.2083,172
34.214,169
34.2194,169
34.2251,167
34.2305,168
34.2362,170
34.2419,171
34.2473,171
34.253,174
34.2584,169
34.2641,170
34.2695,170
34.2752,170
34.2806,170
34.2863,170
34.2917,169
34.2974,168
34.3029,170
34.3086,169
34.314,170
34.3194,170
34.3251,169
34.3305,168
34.3362,170
34.3416,172
34.3474,171
34.3528,171
34.3584,172
34.3641,169
34.3696,169
34.3752,169
34.3807,169
34.3864,171
34.3917,171
34.3974,171
34.4028,171
34.4085,172
34.4142,169
34.4196,171
34.4253,169
34.4307,170
34.4364,172
34.4418,171
34.4475,170
34.4529,171
34.4586,168
34.4639,169
34.4696,171
34.4753,169
34.4807,168
34.4864,168
34.4918,171
34.4975,170
34.5029,171
34.5086,170
34.514,171
34.5197,171
34.5251,167
34.5308,171
34.5362,172
34.5419,170
34.5473,170
34.553,170
34.5584,173
34.5641,171
34.5695,173
34.5752,172
34.5806,172
34.5863,169
34.5917,169
34.5974,167
34.6028,168
34.6085,170
34.6139,169
34.6196,168
34.625,168
34.6307,168
34.6361,170
34.6418,169
34.6472,171
34.6529,170
34.6583,171
34.664,169
34.6697,169
34.6752,170
34.6806,171
34.6863,169
34.6917,170
34.6974,170
34.7028,170
34.7085,171
34.7139,169
34.7194,169
34.7251,171
34.7305,169
34.7362,170
34.7419,171
34.7472,171
34.7529,168
34.7584,168
34.764,167
34.7695,170
34.775,169
34.7807,170
34.7861,169
34.7918,171
34.7972,171
34.8029,172
34.8085,170
34.814,169
34.8197,172
34.8251,171
34.8307,169
34.8364,170
34.8418,174
34.8475,170
34.8529,171
34.8585,173
34.8639,170
34.8696,170
34.875,169
34.8807,170
34.8861,167
34.8918,167
34.8973,170
34.9029,170
34.9083,170
34.914,170
34.9195,170
34.9251,169
34.9305,169
34.9363,170
34.9417,171
34.9474,173
34.9528,172
34.9585,169
34.9639,172
34.9696,172
34.9751,169
34.9807,170
34.9862,171
34.9918,172
34.9973,171
35.0029,169
35.0084,172
35.0141,170
35.0194,169
35.0251,169
35.0306,169
35.0362,170
35.0419,171
35.0473,168
35.0528,172
35.0585,170
35.0639,170
35.0696,172
35.075,170
35.0807,171
35.0861,172
35.0917,172
35.0974,171
35.1028,171
35.1085,171
35.1141,170
35.1196,170
35.1253,168
35.1307,171
35.1364,169
35.1418,169
35.1475,172
35.1529,167
35.1583,169
35.1639,170
35.1696,169
35.175,171
35.1807,170
35.1864,170
35.1918,173
35.1972,170
35.2029,171
35.2083,172
35.214,172
35.2194,168
35.2251,170
35.2306,170
35.2361,169
35.2418,170
35.2472,169
35.2529,169
35.2583,172
35.264,170
35.2694,165
35.2751,169
35.2805,170
35.2863,170
35.292,173
35.2974,169
35.3031,169
35.3083,170
35.314,169
35.3194,169
35.3251,168
35.3306,170
35.3362,170
35.3417,168
35.3473,167
35.353,169
35.3584,167
35.3641,169
35.3696,171
35.3753,170
35.3807,171
35.3863,170
35.3918,171
35.3974,169
35.4028,171
35.4085,170
35.4139,170
35.4197,168
35.4251,172
35.4306,169
35.4363,170
35.4417,170
35.4473,171
35.4528,173
35.4584,170
35.4641,171
35.4695,170
35.4752,171
35.4806,169
35.4863,171
35.4917,168
35.4974,170
35.5028,170
35.5085,170
35.5139,171
35.5196,168
35.525,171
35.5307,171
35.5364,170
35.5418,169
35.5475,171
35.5529,166
35.5586,171
35.564,169
35.5697,171
35.575,169
35.5807,169
35.5864,170
35.5918,170
35.5975,169
35.6029,171
35.6086,170
35.614,171
35.6197,169
35.6252,171
35.6306,166
35.6363,171
35.6417,167
35.6472,168
35.6529,170
35.6586,169
35.6641,170
35.6695,171
35.6752,172
35.6809,169
35.6863,170
35.692,170
35.6974,169
35.7031,168
35.7085,171
35.7142,172
35.7196,170
35.7253,170
35.7307,169
35.7364,171
35.7418,169
35.7475,170
35.7529,168
35.7586,168
35.764,171
35.7697,172
35.7751,172
35.7808,168
35.7862,164
35.7919,168
35.7973,170
35.803,170
35.8084,171
35.8141,171
35.8195,169
35.8252,167
35.8306,171
35.8363,171
35.8417,168
35.8474,169
35.8531,170
35.8585,170
35.8642,169
35.8696,169
35.8753,168
35.8807,170
35.8864,169
35.8918,170
35.8975,169
35.9029,172
35.9086,171
35.9139,170
35.9196,171
35.9253,170
35.9307,171
35.9364,168
35.9419,169
35.9475,171
35.953,171
35.9587,171
35.9641,168
35.9695,171
35.9752,169
35.9806,167
35.9863,168
35.9917,168
35.9974,172
36.0028,165
36.0085,170
36.0139,167
36.0196,171
36.025,169
36.0308,169
36.0362,169
36.0419,171
36.0475,171
36.053,171
36.0587,167
36.0641,168
36.0698,170
36.0752,167
36.0809,168
36.0863,170
36.092,169
36.0974,169
36.1031,170
36.1085,172
36.1142,169
36.1196,171
36.1253,171
36.1307,171
36.1364,169
36.1418,172
36.1475,171
36.1529,169
36.1586,170
36.164,169
36.1697,169
36.1751,169
36.1808,171
36.1862,170
36.1919,170
36.1973,169
36.203,171
36.2084,170
36.2141,170
36.2196,168
36.2253,173
36.2307,169
36.2364,173
36.2418,172
36.2474,171
36.2531,170
36.2586,171
36.264,172
36.2695,171
36.2752,168
36.2806,172
36.2863,169
36.2917,171
36.2973,171
36.303,170
36.3084,170
36.3141,169
36.3195,171
36.3251,170
36.3308,171
36.3362,170
36.3419,170
36.3473,171
36.3529,169
36.3586,170
36.364,172
36.3697,175
36.3751,170
36.3807,170
36.3864,173
36.3919,171
36.3976,170
36.403,169
36.4086,170
36.414,171
36.4197,171
36.4253,171
36.4308,171
36.4364,170
36.4418,171
36.4475,173
36.4529,171
36.4586,171
36.464,169
36.4697,171
36.4751,169
36.4808,171
36.4865,171
36.4919,171
36.4976,173
36.503,171
36.5087,169
36.5141,170
36.5198,168
36.5252,168
36.5309,170
36.5363,172
36.542,170
36.5474,170
36.5531,169
36.5585,168
36.5642,171
36.5696,173
36.5753,174
36.5807,174
36.5864,172
36.5918,170
36.5975,169
36.6029,172
36.6086,170
36.6141,170
36.6197,169
36.6252,171
36.6309,170
36.6363,172
36.642,169
36.6474,171
36.6531,169
36.6585,172
36.6642,170
36.6696,171
36.6753,169
36.6807,172
36.6864,170
36.6918,170
36.6975,169
36.7029,171
36.7086,168
36.714,171
36.7198,171
36.7252,169
36.7309,173
36.7363,169
36.7419,169
36.7474,171
36.753,171
36.7584,172
36.7641,172
36.7695,172
36.7752,171
36.7806,172
36.7863,170
36.792,172
36.7974,172
36.8031,171
36.8085,174
36.8142,172
36.8196,171
36.8253,172
36.8307,172
36.8364,172
36.8418,172
36.8475,172
36.8529,173
36.8586,175
36.8641,173
36.8698,173
36.8752,175
36.8809,169
36.8863,172
36.892,171
36.8974,173
36.9031,174
36.9085,172
36.9142,175
36.9196,170
36.9253,173
36.9306,170
36.9364,173
36.9418,170
36.9475,168
36.9529,172
36.9586,172
36.964,171
36.9697,173
36.9754,173
36.9807,175
36.9864,172
36.9918,170
36.9975,172
37.0029,171
37.0086,174
37.014,170
37.0197,173
37.0251,172
37.0308,174
37.0365,171
37.0419,170
37.0476,171
37.053,171
37.0587,172
37.0641,172
37.0696,172
37.0751,172
37.0808,167
37.0862,171
37.0919,172
37.0973,174
37.103,170
37.1084,173
37.1141,172
37.1198,173
37.1252,171
37.1309,172
37.1363,174
37.142,171
37.1474,175
37.1531,173
37.1585,173
37.1642,170
37.1696,176
37.1753,174
37.1807,175
37.1864,173
37.1918,171
37.1973,172
37.203,173
37.2084,171
37.2141,173
37.2195,175
37.2252,175
37.2306,172
37.2363,173
37.2418,174
37.2474,172
37.2531,172
37.2585,175
37.2642,172
37.2696,173
37.2753,171
37.2807,174
37.2863,170
37.2918,173
37.2974,175
37.3031,175
37.3085,173
37.3142,176
37.3196,174
37.3253,174
37.3307,172
37.3364,175
37.3418,174
37.3475,173
37.3529,175
37.3586,174
37.364,171
37.3697,172
37.3754,172
37.3808,173
37.3865,174
37.3919,173
37.3976,173
37.403,174
37.4087,173
37.4141,175
37.4198,173
37.4252,173
37.4308,173
37.4363,171
37.442,174
37.4474,176
37.4531,174
37.4585,171
37.464,173
37.4697,172
37.4751,173
37.4808,173
37.4865,173
37.4919,173
37.4976,170
37.503,173
37.5087,170
37.5141,173
37.5198,170
37.5252,175
37.5309,174
37.5362,172
37.5419,174
37.5473,174
37.553,175
37.5587,173
37.5641,172
37.5698,173
37.5752,173
37.5809,174
37.5863,170
37.592,173
37.5974,173
37.6031,174
37.6085,171
37.6142,171
37.6196,172
37.6253,172
37.6307,172
37.6364,174
37.6421,173
37.6475,174
37.6532,173
37.6586,172
37.6643,172
37.6697,173
37.6754,172
37.6808,172
37.6865,172
37.6919,173
37.6976,175
37.703,170
37.7087,173
37.7141,173
37.7198,174
37.7252,171
37.7307,173
37.7364,174
37.7418,173
37.7475,173
37.7532,173
37.7586,174
37.7643,173
37.7697,171
37.7754,173
37.7808,173
37.7865,174
37.7918,172
37.7975,172
37.8029,172
37.8086,172
37.814,172
37.8196,174
37.8253,171
37.8307,172
37.8364,172
37.8418,171
37.8474,174
37.8529,169
37.8586,172
37.864,171
37.8697,172
37.8751,171
37.8808,171
37.8865,169
37.8919,172
37.8976,173
37.903,172
37.9087,173
37.9141,173
37.9198,172
37.9251,170
37.9308,171
37.9362,171
37.9419,172
37.9476,175
37.953,172
37.9587,172
37.9641,170
37.9698,172
37.9752,173
37.9809,171
37.9863,170
37.992,173
37.9974,171
38.0031,171
38.0085,171
38.0142,173
38.0196,171
38.0253,171
38.031,172
38.0364,170
38.0421,173
38.0475,172
38.0532,173
38.0586,173
38.0643,174
38.0697,173
38.0754,173
38.0808,174
38.0865,174
38.0919,173
38.0976,176
38.103,172
38.1087,175
38.1141,175
38.1198,174
38.1252,177
38.1309,172
38.1363,176
38.142,171
38.1474,173
38.1531,175
38.1585,173
38.1642,173
38.1696,175
38.1753,175
38.1807,172
38.1864,171
38.1921,172
38.1975,174
38.2032,171
38.2086,174
38.2143,173
38.2197,174
38.2253,174
38.2308,174
38.2364,172
38.2419,174
38.2476,174
38.253,171
38.2586,171
38.2641,172
38.2697,173
38.2752,171
38.2809,175
38.2863,173
38.292,171
38.2974,171
38.3031,173
38.3085,172
38.3142,174
38.3196,172
38.3253,171
38.3307,172
38.3364,170
38.3418,172
38.3475,170
38.3532,173
38.3586,172
38.3643,173
38.3697,173
38.3754,173
38.3808,173
38.3865,173
38.3919,167
38.3976,173
38.403,176
38.4087,175
38.4141,171
38.4198,172
38.4252,172
38.4309,171
38.4363,174
38.442,171
38.4474,171
38.4531,173
38.4585,172
38.4642,173
38.4696,172
38.4753,172
38.4807,173
38.4864,174
38.4918,172
38.4975,175
38.5029,173
38.5086,173
38.5141,174
38.5198,172
38.5252,171
38.5309,174
38.5362,172
38.5419,173
38.5474,176
38.5531,173
38.5585,173
38.5642,174
38.5699,174
38.5753,174
38.581,171
38.5864,174
38.5921,171
38.5975,174
38.6032,172
38.6086,174
38.6143,171
38.6197,177
38.6254,173
38.6308,172
38.6365,174
38.6419,173
38.6476,173
38.653,172
38.6587,174
38.6641,172
38.6698,173
38.6752,172
38.6809,175
38.6865,175
38.6919,174
38.6976,172
38.703,174
38.7087,174
38.7141,175
38.7199,174
38.7253,174
38.731,172
38.7364,170
38.7421,171
38.7474,174
38.7531,174
38.7585,175
38.7642,175
38.7696,170
38.7753,177
38.7807,176
38.7864,178
38.7918,177
38.7975,178
38.8032,176
38.8086,174
38.8143,174
38.8197,169
38.8254,172
38.8308,173
38.8365,174
38.8419,172
38.8475,174
38.8529,171
38.8586,175
38.8643,172
38.8697,176
38.8754,172
38.8808,176
38.8865,170
38.8919,172
38.8976,174
38.903,173
38.9087,173
38.9141,174
38.9198,172
38.9252,172
38.9309,174
38.9363,173
38.942,171
38.9474,173
38.9531,172
38.9588,173
38.9642,173
38.9699,174
38.9753,174
38.981,172
38.9864,172
38.9921,173
38.9975,176
39.0031,173
39.0087,173
39.0141,173
39.0198,174
39.0252,171
39.0308,170
39.0363,174
39.0419,176
39.0474,171
39.0531,171
39.0588,170
39.0642,173
39.0699,172
39.0753,171
39.081,172
39.0864,175
39.0918,172
39.0975,171
39.1032,175
39.1086,172
39.1143,173
39.1197,175
39.1254,174
39.1308,173
39.1363,173
39.142,174
39.1474,173
39.1531,174
39.1585,170
39.1642,175
39.1696,174
39.1753,172
39.181,174
39.1864,174
39.1921,175
39.1975,173
39.2032,175
39.2085,173
39.2142,169
39.2196,173
39.2253,171
39.231,171
39.2364,170
39.2421,169
39.2475,171
39.2532,172
39.2586,170
39.2643,170
39.2697,172
39.2754,171
39.2807,172
39.2864,168
39.2921,172
39.2976,172
39.303,170
39.3087,169
39.3143,171
39.3197,170
39.3254,172
39.3308,172
39.3366,170
39.3418,171
39.3475,171
39.3532,169
39.3586,170
39.3643,170
39.3696,172
39.3753,169
39.3808,169
39.3865,169
39.3919,169
39.3974,170
39.4031,166
39.4085,169
39.4142,169
39.4196,170
39.4253,168
39.431,170
39.4364,170
39.4421,171
39.4475,173
39.4531,169
39.4588,171
39.4642,172
39.4699,172
39.4753,169
39.4809,172
39.4863,171
39.492,171
39.4977,170
39.5031,170
39.5087,167
39.5141,175
39.5198,170
39.5252,172
39.5309,170
39.5363,173
39.542,172
39.5474,173
39.5531,175
39.5585,170
39.5642,171
39.5697,175
39.5754,173
39.5808,173
39.5865,174
39.5919,172
39.5976,174
39.603,175
39.6087,171
39.6141,171
39.6198,173
39.6252,174
39.6309,173
39.6363,174
39.642,174
39.6474,174
39.6531,173
39.6585,173
39.6642,174
39.6696,173
39.6753,172
39.681,170
39.6864,172
39.6921,172
39.6975,173
39.7032,173
39.7086,172
39.7143,174
39.7197,170
39.7254,171
39.7308,173
39.7365,172
39.7419,174
39.7476,173
39.753,173
39.7587,173
39.7641,171
39.7698,175
39.7753,173
39.781,172
39.7864,173
39.7921,172
39.7975,170
39.8032,174
39.8086,171
39.8143,173
39.8197,172
39.8254,171
39.8308,172
39.8365,174
39.8419,174
39.8476,175
39.8533,173
39.8587,173
39.8643,173
39.8698,177
39.8754,173
39.8809,174
39.8863,174
39.892,173
39.8977,175
39.9031,172
39.9088,171
39.9142,173
39.9199,175
39.9253,175
39.931,172
39.9364,173
39.9421,172
39.9475,172
39.9532,173
39.9585,174
39.9642,172
39.9696,172
39.9753,172
39.9807,173
39.9864,171
39.9918,173
39.9975,173
40.0029,173
40.0086,173
40.0143,171
40.0197,174
40.0254,171
40.0307,171
40.0364,172
40.0421,175
40.0475,176
40.053,172
40.0587,174
40.0641,170
40.0698,169
40.0752,172
40.0809,168
40.0863,173
40.092,173
40.0974,170
40.103,170
40.1087,169
40.1141,174
40.1198,173
40.1252,171
40.1309,170
40.1365,170
40.1419,172
40.1476,172
40.153,172
40.1587,174
40.1641,171
40.1698,172
40.1752,174
40.1809,173
40.1863,173
40.192,172
40.1974,171
40.2031,171
40.2085,174
40.2142,175
40.2196,176
40.2252,173
40.2309,173
40.2366,174
40.242,174
40.2474,171
40.2531,172
40.2585,175
40.2642,172
40.2696,173
40.2753,171
40.2807,171
40.2864,172
40.2918,174
40.2974,173
40.3031,173
40.3088,173
40.3142,172
40.3199,173
40.3253,172
40.331,173
40.3364,166
40.3421,171
40.3475,175
40.3532,172
40.3586,171
40.3643,172
40.3696,172
40.3753,171
40.3808,172
40.3864,172
40.3918,172
40.3975,173
40.403,174
40.4087,170
40.4141,173
40.4198,170
40.4252,172
40.4309,173
40.4363,174
40.4419,173
40.4476,170
40.453,175
40.4587,170
40.4641,173
40.4698,173
40.4752,173
40.4809,173
40.4863,173
40.492,173
40.4974,173
40.5031,170
40.5088,172
40.5142,172
40.5199,172
40.5253,170
40.531,172
40.5364,171
40.5421,171
40.5475,174
40.5532,173
40.5586,174
40.5643,173
40.5697,174
40.5754,173
40.5808,173
40.5865,171
40.5919,170
40.5976,172
40.603,170
40.6087,171
40.6141,173
40.6198,172
40.6252,170
40.6309,172
40.6363,172
40.642,171
40.6474,173
40.6531,170
40.6585,171
40.6642,170
40.6697,175
40.6754,173
40.6808,171
40.6865,174
40.6919,174
40.6976,172
40.703,170
40.7087,171
40.7144,169
40.7198,173
40.7255,173
40.7309,172
40.7366,172
40.742,174
40.7477,173
40.7531,171
40.7588,171
40.7642,170
40.7699,169
40.7753,171
40.7808,172
40.7865,171
40.7919,173
40.7976,170
40.803,173
40.8087,173
40.8144,174
40.8198,171
40.8252,172
40.8309,172
40.8366,175
40.842,169
40.8477,171
40.853,168
40.8587,169
40.8641,170
40.8698,173
40.8755,172
40.8809,172
40.8866,172
40.892,172
40.8977,173
40.9031,173
40.9087,171
40.9142,170
40.9199,169
40.9252,173
40.9309,171
40.9366,170
40.942,174
40.9474,172
40.9531,173
40.9586,172
40.9643,170
40.9697,173
40.9753,174
40.9809,172
40.9864,175
40.9921,173
40.9975,174
41.0031,172
41.0087,170
41.0142,171
41.0198,174
41.0252,172
41.0309,170
41.0366,172
41.042,171
41.0477,172
41.0531,171
41.0587,171
41.0641,171
41.0698,171
41.0752,172
41.0809,173
41.0863,172
41.092,171
41.0974,172
41.1031,173
41.1085,172
41.1142,173
41.1196,171
41.1253,171
41.131,172
41.1364,172
41.1421,173
41.1475,171
41.1532,173
41.1586,175
41.1643,169
41.1697,174
41.1754,170
41.1808,171
41.1865,172
41.192,173
41.1976,172
41.2031,171
41.2088,171
41.2142,170
41.2199,171
41.2253,173
41.231,172
41.2364,171
41.2421,171
41.2475,174
41.2532,174
41.2586,170
41.2643,172
41.2697,172
41.2753,175
41.2808,171
41.2864,171
41.2919,171
41.2975,173
41.3032,173
41.3086,171
41.3143,172
41.3197,172
41.3254,173
41.3308,170
41.3363,170
41.342,173
41.3474,172
41.3531,173
41.3588,173
41.3642,171
41.3696,174
41.3753,171
41.3807,172
41.3864,171
41.3919,170
41.3975,173
41.403,172
41.4086,170
41.4142,173
41.4197,172
41.4254,171
41.4308,171
41.4365,173
41.4419,173
41.4476,170
41.453,169
41.4585,174
41.4642,173
41.4699,171
41.4753,170
41.4808,171
41.4864,172
41.4921,172
41.4976,172
41.503,169
41.5087,170
41.5141,172
41.5198,173
41.5252,174
41.5308,172
41.5365,171
41.5419,172
41.5476,173
41.553,169
41.5587,170
41.5644,170
41.5698,172
41.5755,173
41.5809,174
41.5863,170
41.592,171
41.5974,171
41.603,171
41.6087,172
41.6141,173
41.6198,175
41.6252,172
41.6309,174
41.6363,173
41.642,174
41.6474,173
41.6531,172
41.6585,170
41.6643,171
41.6697,174
41.6753,173
41.681,171
41.6864,174
41.6921,174
41.6976,173
41.7033,173
41.7087,175
41.7144,172
41.7198,173
41.7252,172
41.7309,171
41.7363,174
41.742,167
41.7474,173
41.7531,172
41.7585,171
41.7642,173
41.7699,172
41.7753,171
41.7807,172
41.7864,170
41.7919,170
41.7974,170
41.8031,174
41.8086,175
41.8142,172
41.8197,173
41.8254,170
41.8308,171
41.8365,173
41.8419,172
41.8476,172
41.853,171
41.8587,173
41.8644,172
41.8698,170
41.8755,173
41.8809,172
41.8866,172
41.892,173
41.8977,171
41.9031,172
41.9088,173
41.9142,172
41.9199,171
41.9253,172
41.931,171
41.9364,174
41.9421,172
41.9475,172
41.9532,170
41.9586,174
41.9643,171
41.9697,174
41.9754,173
41.9808,172
41.9865,171
41.9919,173
41.9976,173
42.003,173
42.0087,174
42.0141,172
42.0198,172
42.0253,171
42.031,170
42.0364,173
42.0421,170
42.0475,172
42.0532,174
42.0586,171
42.0643,170
42.0697,170
42.0754,174
42.0808,172
42.0865,172
42.092,173
42.0977,171
42.1031,171
42.1088,172
42.1142,171
42.1199,175
42.1253,172
42.131,172
42.1364,172
42.1421,173
42.1475,172
42.1532,171
42.1586,172
42.1643,171
42.1697,172
42.1754,176
42.1809,174
42.1866,171
42.192,174
42.1977,174
42.2031,175
42.2086,173
42.2142,173
42.2197,174
42.2253,171
42.2308,173
42.2364,173
42.2421,174
42.2475,172
42.2532,172
42.2586,172
42.2643,173
42.2697,173
42.2754,174
42.2808,172
42.2865,171
42.2919,172
42.2976,174
42.303,170
42.3087,171
42.3141,171
42.3198,171
42.3255,170
42.3309,171
42.3366,171
42.342,174
42.3477,173
42.3531,171
42.3588,172
42.3642,173
42.3699,172
42.3753,172
42.381,171
42.3864,170
42.3921,172
42.3975,171
42.4032,171
42.4086,171
42.4143,170
42.4197,171
42.4254,175
42.4308,171
42.4365,172
42.4419,171
42.4476,171
42.4531,171
42.4588,172
42.4642,172
42.4699,174
42.4753,173
42.481,172
42.4864,172
42.4921,172
42.4975,172
42.5032,172
42.5086,170
42.5143,172
42.5197,174
42.5252,172
42.5309,173
42.5366,172
42.542,171
42.5477,171
42.553,170
42.5587,170
42.5641,171
42.5698,172
42.5752,170
42.5808,171
42.5865,169
42.5919,167
42.5976,173
42.603,172
42.6086,171
42.6144,173
42.6198,172
42.6255,173
42.6309,174
42.6365,172
42.6421,172
42.6476,172
42.6533,170
42.6587,175
42.6643,170
42.6697,171
42.6754,172
42.6808,171
42.6865,173
42.6919,172
42.6976,169
42.703,173
42.7087,171
42.7141,173
42.7198,169
42.7255,170
42.7309,173
42.7366,174
42.742,172
42.7477,173
42.7531,169
42.7588,173
42.7642,171
42.7699,172
42.7753,169
42.7809,170
42.7864,172
42.792,172
42.7975,171
42.8032,170
42.8086,173
42.8143,173
42.8197,171
42.8254,170
42.8308,173
42.8365,174
42.8419,173
42.8476,173
42.8533,170
42.8587,173
42.8644,169
42.8698,172
42.8755,171
42.8809,171
42.8866,173
42.8921,172
42.8975,172
42.9032,174
42.9086,172
42.9143,174
42.9197,173
42.9254,174
42.9338,173
42.9421,174
42.9435,171
42.9475,175
42.9532,171
42.9586,172
42.9643,172
42.9698,173
42.9753,172
42.981,173
42.9864,173
42.9921,173
42.9975,173
43.0032,173
43.0086,173
43.0142,174
43.0199,175
43.0253,172
43.031,175
43.0364,175
43.0419,175
43.0476,175
43.0531,172
43.0587,177
43.0641,174
43.0698,175
43.0753,172
43.0808,173
43.0865,172
43.0919,174
43.0976,169
43.1033,174
43.1087,173
43.1144,173
43.1198,175
43.1255,176
43.1308,174
43.1365,172
43.1419,173
43.1476,172
43.1533,171
43.1587,172
43.1644,171
43.1698,173
43.1755,174
43.1809,173
43.1903,173
43.2,174
43.2001,171
43.203,170
43.2085,172
43.2142,171
43.2197,174
43.2254,173
43.231,173
43.2365,171
43.2422,171
43.2476,172
43.2533,173
43.2587,170
43.2644,173
43.2698,174
43.2752,171
43.2809,172
43.2863,172
43.292,172
43.3017,171
43.3069,172
43.31,171
43.3143,173
43.3197,172
43.3254,174
43.3308,172
43.3404,172
43.3504,172
43.3504,172
43.353,172
43.3587,175
43.368,173
43.3731,172
43.3754,172
43.3809,173
43.3913,172
43.3947,174
43.3976,171
43.4074,175
43.4173,173
43.4173,172
43.4197,170
43.4253,174
43.431,171
43.4364,168
43.4421,170
43.4475,173
43.4532,173
43.4587,173
43.4641,169
43.4698,171
43.4753,173
43.4808,175
43.4865,171
43.4919,173
43.4976,172
43.503,174
43.5087,176
43.5141,173
43.5198,175
43.5252,172
43.5309,174
43.5366,173
43.542,175
43.5477,174
43.5532,172
43.5586,170
43.5641,173
43.5698,173
43.5752,173
43.5809,171
43.5863,171
43.592,171
43.5974,174
43.6031,172
43.6088,175
43.6143,173
43.6197,173
43.6254,174
43.6308,172
43.6364,171
43.6421,176
43.6475,173
43.6532,172
43.6586,174
43.6643,172
43.6697,173
43.6754,171
43.6808,173
43.6865,174
43.6919,173
43.6977,175
43.703,173
43.7086,172
43.7143,173
43.7197,171
43.7254,175
43.7308,173
43.7365,174
43.7419,173
43.7476,172
43.7531,173
43.7586,173
43.7643,174
43.7697,172
43.7755,174
43.7808,173
43.7866,172
43.792,175
43.7976,175
43.8033,173
43.8087,173
43.8141,172
43.8198,174
43.8252,171
43.8308,171
43.8365,171
43.8421,174
43.8476,171
43.8533,170
43.8587,171
43.8644,174
43.8698,174
43.8754,174
43.8809,174
43.8865,174
43.8919,172
43.8975,173
43.9031,173
43.9087,171
43.9143,174
43.9198,172
43.9255,174
43.9309,175
43.9364,173
43.9421,171
43.9475,172
43.953,172
43.9587,173
43.9644,173
43.9698,171
43.9753,177
43.981,176
43.9864,174
43.9919,175
43.9976,174
44.003,178
44.0088,173
44.0142,173
44.0199,173
44.0252,175
44.0309,173
44.0364,173
44.0421,174
44.0475,174
44.0531,173
44.0588,172
44.0642,175
44.0699,173
44.0752,174
44.0809,175
44.0863,176
44.092,174
44.0977,174
44.103,173
44.1087,174
44.1141,173
44.1198,177
44.1252,172
44.1309,173
44.1365,173
44.142,174
44.1477,174
44.1531,172
44.1587,174
44.1644,174
44.1698,170
44.1755,172
44.1809,174
44.1865,173
44.1919,171
44.1976,173
44.203,168
44.2087,171
44.2141,171
44.2198,175
44.2255,171
44.2309,175
44.2366,170
44.242,172
44.2477,170
44.2531,173
44.2586,174
44.2642,173
44.2696,173
44.2753,174
44.281,173
44.2866,173
44.2919,174
44.2976,172
44.303,173
44.3087,173
44.3142,173
44.3199,173
44.3253,176
44.331,175
44.3364,176
44.3421,173
44.3475,171
44.3532,171
44.3586,175
44.3643,176
44.3697,172
44.3754,174
44.3808,173
44.3865,173
44.3919,174
44.3976,174
44.403,174
44.4087,173
44.4144,174
44.4198,173
44.4255,173
44.4309,176
44.4366,174
44.442,174
44.4477,174
44.4531,173
44.4588,176
44.4641,172
44.4698,175
44.4752,173
44.4809,172
44.4866,173
44.492,173
44.4977,176
44.5031,172
44.5088,169
44.5142,172
44.5199,174
44.5253,173
44.5311,174
44.5365,172
44.5422,173
44.5476,172
44.5533,174
44.5587,174
44.5644,176
44.5698,175
44.5754,173
44.5808,173
44.5865,174
44.5919,172
44.5976,176
44.603,173
44.6087,172
44.6141,173
44.6198,175
44.6252,177
44.6309,173
44.6366,175
44.642,176
44.6477,175
44.6531,174
44.6588,174
44.6642,174
44.6699,173
44.6753,176
44.681,175
44.6864,173
44.6921,175
44.6975,177
44.7032,173
44.7086,172
44.7143,174
44.7197,175
44.7254,175
44.7311,173
44.7365,174
44.7422,172
44.7476,173
44.7533,173
44.7587,174
44.7644,174
44.7698,175
44.7755,173
44.7809,173
44.7908,172
44.7967,172
44.7977,171
44.8032,173
44.8086,174
44.8143,172
44.8197,174
44.8254,172
44.8346,173
44.8436,174
44.8436,174
44.8476,173
44.8581,174
44.8676,175
44.868,172
44.8697,174
44.8753,175
44.881,175
44.8864,175
44.8921,176
44.8975,173
44.9032,173
44.9086,173
44.9143,173
44.9198,175
44.9253,174
44.931,176
44.9365,174
44.9421,173
44.9477,172
44.9531,173
44.9588,173
44.9642,172
44.9699,173
44.9753,170
44.981,174
44.9864,172
44.9922,174
44.9976,172
45.0033,175
45.0087,174
45.0144,171
45.0198,176
45.0255,175
45.0309,173
45.0366,176
45.042,174
45.0477,177
45.0532,175
45.0589,174
45.0643,174
45.07,176
45.0754,173
45.0849,174
45.0938,175
45.0938,176
45.0975,174
45.1032,171
45.1089,174
45.1143,173
45.124,174
45.1327,175
45.1333,172
45.1364,174
45.1421,174
45.1511,175
45.1566,173
45.1586,173
45.1643,172
45.17,173
45.1754,174
45.1811,174
45.1865,171
45.192,173
45.1977,175
45.2031,173
45.2088,171
45.2142,175
45.2199,174
45.2253,175
45.231,174
45.2366,174
45.242,175
45.2477,174
45.2531,172
45.2588,174
45.2643,174
45.2697,176
45.2755,174
45.2809,174
45.2866,174
45.2921,173
45.2978,175
45.3032,175
45.3089,173
45.3143,175
45.3197,174
45.3254,173
45.3308,174
45.3365,174
45.342,175
45.3477,176
45.3531,175
45.3588,173
45.3642,173
45.3699,173
45.3753,174
45.381,175
45.3865,174
45.3922,172
45.3976,174
45.4032,176
45.4086,176
45.4144,173
45.4198,175
45.4253,176
45.4311,174
45.4364,175
45.4421,174
45.4475,174
45.4534,175
45.4588,173
45.4642,176
45.47,177
45.4754,172
45.4811,176
45.4866,174
45.492,173
45.4977,174
45.5032,174
45.5087,175
45.5143,177
45.5198,175
45.5255,175
45.5309,177
45.5366,177
45.542,174
45.5477,174
45.5531,177
45.5588,175
45.5642,171
45.5699,173
45.5753,177
45.581,174
45.5867,177
45.5922,176
45.5975,176
45.6032,174
45.6087,175
45.6144,174
45.6198,175
45.6254,174
45.6309,172
45.6366,174
45.642,176
45.6477,175
45.6531,176
45.6588,174
45.6642,176
45.6699,177
45.6753,174
45.681,174
45.6864,176
45.6921,174
45.6975,173
45.7031,175
45.7088,175
45.7142,175
45.7199,176
45.7253,176
45.731,172
45.7364,176
45.7421,175
45.7475,176
45.7531,175
45.7588,173
45.7642,176
45.7699,174
45.7753,174
45.781,174
45.7864,176
45.7921,175
45.7976,174
45.8032,175
45.8087,174
45.8144,175
45.8198,173
45.8253,172
45.831,176
45.8364,175
45.8421,175
45.8476,174
45.8532,174
45.8586,176
45.8643,169
45.8698,177
45.8755,175
45.8809,174
45.8866,176
45.8923,173
45.8976,172
45.9033,174
45.9087,173
45.9144,175
45.9198,173
45.9255,170
45.9309,173
45.9366,173
45.942,174
45.9477,174
45.9534,174
45.9588,173
45.9645,175
45.9698,173
45.9755,174
45.9809,173
45.9866,175
45.992,173
45.9977,173
46.0031,176
46.0088,173
46.0145,176
46.0199,176
46.0256,176
46.031,175
46.0367,173
46.042,170
46.0477,176
46.0589,179
46.0643,175
46.0698,176
46.0755,174
46.0809,174
46.0866,174
46.0921,176
46.0978,172
46.1032,176
46.1089,173
46.1143,173
46.12,174
46.1254,174
46.1311,174
46.1365,176
46.1422,175
46.1476,176
46.1533,178
46.1587,176
46.1644,174
46.1698,174
46.1755,175
46.1809,179
46.1867,174
46.1921,177
46.1978,175
46.2032,173
46.2089,170
46.2144,173
46.22,173
46.2254,173
46.2312,175
46.2365,173
46.2422,174
46.2476,174
46.2533,172
46.2587,174
46.2644,174
46.2701,175
46.2755,173
46.2812,172
46.2866,174
46.2923,175
46.2977,176
46.3034,175
46.3087,172
46.3144,172
46.3198,175
46.3255,173
46.3312,173
46.3366,170
46.3423,173
46.3477,169
46.3534,174
46.3588,174
46.3645,173
46.3699,173
46.3756,171
46.381,172
46.3867,170
46.3921,175
46.3978,171
46.4032,172
46.4089,172
46.4143,173
46.42,172
46.4254,173
46.4311,172
46.4365,172
46.4422,172
46.4476,171
46.4533,172
46.4588,172
46.4644,174
46.4699,173
46.4756,173
46.481,174
46.4867,172
46.4921,172
46.4978,172
46.5031,173
46.5088,173
46.5143,174
46.5199,172
46.5254,173
46.5311,170
46.5365,173
46.5422,173
46.5476,174
46.5533,174
46.5587,175
46.5644,171
46.5698,175
46.5754,174
46.5811,172
46.5865,174
46.5922,174
46.5976,173
46.6033,175
46.6087,172
46.6145,173
46.6199,172
46.6256,173
46.631,172
46.6367,172
46.6421,175
46.6476,171
46.6533,174
46.659,173
46.6644,174
46.6698,173
