Experiment: Mar_9_turb3_expt vial 7, Tue Mar  9 17:54:12 2021
0.0019,177
0.0076,178
0.013,180
0.0187,178
0.0241,181
0.0299,180
0.0353,180
0.041,180
0.0464,178
0.052,179
0.0574,178
0.0631,181
0.0688,179
0.0742,176
0.0799,178
0.0853,177
0.091,176
0.0964,180
0.1021,179
0.1075,180
0.1131,179
0.1186,181
0.1242,179
0.1299,179
0.1353,181
0.141,181
0.1464,179
0.1521,178
0.1575,180
0.1632,178
0.1686,179
0.1742,179
0.1799,180
0.1853,179
0.191,180
0.1964,179
0.202,179
0.2077,177
0.2131,180
0.2188,177
0.2242,178
0.2298,178
0.2353,178
0.2409,179
0.2466,180
0.252,179
0.2577,178
0.263,178
0.2687,178
0.2744,179
0.2798,175
0.2855,176
0.2909,179
0.2966,179
0.302,179
0.3077,178
0.3131,176
0.3187,179
0.3241,178
0.3298,179
0.3352,179
0.3409,177
0.3466,175
0.352,177
0.3577,179
0.3631,178
0.3688,180
0.3742,179
0.3799,180
0.3853,179
0.391,179
0.3964,177
0.4021,179
0.4077,178
0.4131,181
0.4188,179
0.4242,176
0.4299,179
0.4354,183
0.441,182
0.4464,182
0.4521,180
0.4575,178
0.4632,179
0.4689,182
0.4743,178
0.4799,180
0.4853,179
0.491,178
0.4964,180
0.5021,178
0.5075,178
0.5132,180
0.5186,177
0.5243,178
0.5299,178
0.5353,181
0.541,180
0.5464,176
0.5521,178
0.5575,176
0.5632,178
0.5686,179
0.5743,178
0.5797,179
0.5854,177
0.5911,176
0.5965,176
0.6021,177
0.6075,177
0.6132,176
0.6186,179
0.6243,178
0.6297,177
0.6354,177
0.641,175
0.6465,178
0.6521,179
0.6575,180
0.6632,177
0.6686,177
0.6743,178
0.6797,176
0.6854,178
0.6908,173
0.6965,178
0.7022,178
0.7076,179
0.7133,180
0.7187,178
0.7243,177
0.7297,179
0.7354,176
0.7408,179
0.7465,177
0.7519,176
0.7576,177
0.7633,176
0.7687,177
0.7743,179
0.7797,178
0.7854,179
0.7908,177
0.7965,178
0.8022,179
0.8076,180
0.8132,176
0.8186,178
0.8243,176
0.83,178
0.8354,178
0.841,178
0.8464,178
0.8521,177
0.8575,176
0.8632,176
0.8686,179
0.8743,177
0.88,178
0.8854,176
0.8911,175
0.8965,177
0.9022,179
0.9076,176
0.9132,176
0.9186,178
0.9243,178
0.93,177
0.9354,176
0.9411,178
0.9465,177
0.9521,177
0.9575,176
0.9632,176
0.9686,178
0.9743,175
0.98,176
0.9854,178
0.9911,177
0.9965,175
1.0022,176
1.0075,175
1.0133,178
1.0186,177
1.0243,177
1.03,176
1.0354,180
1.0411,177
1.0465,177
1.0522,178
1.0576,176
1.0633,176
1.0687,177
1.0744,177
1.0798,178
1.0854,176
1.0911,176
1.0965,178
1.1022,177
1.1076,178
1.1133,179
1.1187,175
1.1244,176
1.1298,176
1.1355,175
1.1409,178
1.1466,178
1.152,176
1.1576,175
1.1633,174
1.1687,178
1.1744,175
1.1798,176
1.1855,179
1.1909,175
1.1965,178
1.2019,177
1.2076,174
1.2133,178
1.2187,176
1.2241,176
1.2298,178
1.2355,174
1.2409,177
1.2466,177
1.252,177
1.2577,177
1.2631,177
1.2687,180
1.2741,176
1.2798,176
1.2855,177
1.2909,176
1.2966,174
1.302,175
1.3077,176
1.3131,176
1.3188,176
1.3242,177
1.3298,176
1.3355,178
1.341,177
1.3466,178
1.352,174
1.3577,176
1.3631,176
1.3688,178
1.3742,177
1.3799,178
1.3853,178
1.391,179
1.3966,180
1.402,177
1.4077,176
1.4131,176
1.4188,179
1.4242,174
1.4299,175
1.4353,179
1.441,176
1.4467,175
1.4521,179
1.4575,177
1.4632,177
1.4689,179
1.4743,178
1.48,175
1.4854,176
1.4911,177
1.4965,178
1.5021,176
1.5076,173
1.5133,176
1.5186,177
1.5243,178
1.5298,177
1.5354,174
1.5411,177
1.5465,175
1.5522,176
1.5576,178
1.5633,175
1.5687,178
1.5744,177
1.5798,174
1.5855,175
1.5909,175
1.5966,178
1.602,176
1.6077,177
1.6131,177
1.6188,176
1.6242,176
1.6299,176
1.6356,177
1.641,176
1.6467,171
1.6521,175
1.6578,177
1.6632,174
1.6688,175
1.6742,177
1.6799,175
1.6853,176
1.691,176
1.6964,175
1.7021,176
1.7078,176
1.7132,178
1.7189,178
1.7242,179
1.7299,176
1.7353,177
1.741,177
1.7464,177
1.7521,177
1.7577,179
1.7632,178
1.7688,178
1.7742,178
1.7799,178
1.7856,178
1.791,179
1.7967,177
1.8021,177
1.8077,177
1.8131,176
1.8188,177
1.8242,174
1.8299,177
1.8355,179
1.8409,175
1.8466,176
1.852,177
1.8577,176
1.8631,177
1.8688,176
1.8742,178
1.8799,176
1.8853,178
1.891,175
1.8967,177
1.9021,178
1.9078,180
1.9132,178
1.9189,177
1.9243,178
1.9299,178
1.9354,176
1.9411,176
1.9465,176
1.9521,179
1.9575,178
1.9632,176
1.9689,176
1.9743,177
1.98,176
1.9854,176
1.9911,177
1.9965,178
2.0022,177
2.0076,177
2.0133,179
2.0187,175
2.0244,175
2.0298,176
2.0355,177
2.0409,175
2.0466,176
2.052,176
2.0577,179
2.0631,177
2.0688,177
2.0742,177
2.0799,177
2.0853,178
2.091,178
2.0964,180
2.1021,176
2.1075,179
2.1132,177
2.1189,178
2.1243,179
2.13,178
2.1354,177
2.1411,178
2.1465,177
2.1522,179
2.1576,178
2.1633,181
2.1687,178
2.1744,179
2.1798,180
2.1855,179
2.1909,177
2.1966,177
2.202,178
2.2077,177
2.2131,175
2.2188,177
2.2245,177
2.2299,177
2.2356,177
2.241,179
2.2467,179
2.2521,177
2.2578,178
2.2632,178
2.2689,177
2.2743,179
2.28,178
2.2854,178
2.2911,181
2.2965,179
2.3022,179
2.3076,177
2.3132,177
2.3186,177
2.3243,178
2.33,179
2.3354,177
2.3411,177
2.3465,179
2.3522,178
2.3576,177
2.3633,175
2.3687,176
2.3744,179
2.3798,178
2.3855,179
2.3909,177
2.3966,177
2.4022,179
2.4076,178
2.4133,178
2.4187,177
2.4244,180
2.4298,179
2.4355,177
2.4409,180
2.4466,178
2.452,178
2.4577,179
2.4631,179
2.4688,178
2.4745,176
2.4799,175
2.4853,175
2.491,177
2.4967,175
2.5021,177
2.5075,179
2.5132,177
2.5189,175
2.5244,178
2.53,177
2.5354,177
2.5411,175
2.5465,179
2.5522,177
2.5576,176
2.5633,177
2.5687,179
2.5744,177
2.5798,178
2.5855,178
2.5909,177
2.5966,178
2.602,177
2.6077,177
2.6134,180
2.6188,177
2.6245,178
2.6299,176
2.6356,177
2.641,177
2.6467,180
2.6521,180
2.6578,179
2.6632,178
2.6689,175
2.6743,177
2.68,180
2.6854,179
2.6911,176
2.6965,177
2.7022,178
2.7076,176
2.7133,174
2.7187,178
2.7244,179
2.7298,176
2.7355,177
2.7409,176
2.7466,177
2.752,177
2.7577,176
2.7634,178
2.7688,177
2.7745,176
2.7799,176
2.7856,180
2.791,179
2.7967,178
2.8021,178
2.8078,178
2.8132,179
2.8189,179
2.8243,177
2.83,178
2.8354,178
2.8411,177
2.8465,179
2.8522,179
2.8576,177
2.8633,177
2.8687,176
2.8744,179
2.88,179
2.8855,175
2.8911,178
2.8965,179
2.9022,179
2.9076,177
2.9133,176
2.9187,176
2.9244,173
2.9298,177
2.9355,177
2.9409,177
2.9466,176
2.9522,178
2.9576,176
2.9633,175
2.9687,177
2.9745,178
2.9799,177
2.9855,179
2.991,178
2.9966,176
3.0021,177
3.0077,176
3.0131,176
3.0188,177
3.0242,178
3.0299,176
3.0356,176
3.041,177
3.0467,177
3.0521,179
3.0578,177
3.0632,179
3.0689,178
3.0743,178
3.08,180
3.0854,177
3.091,176
3.0965,177
3.1021,178
3.1075,177
3.1132,179
3.1189,180
3.1243,178
3.13,178
3.1354,179
3.1411,177
3.1465,179
3.1521,178
3.1576,178
3.1632,179
3.1686,178
3.1743,178
3.18,176
3.1854,177
3.1911,177
3.1965,177
3.2022,177
3.2076,178
3.2133,173
3.2187,176
3.2244,178
3.2298,176
3.2355,177
3.2409,177
3.2466,175
3.252,176
3.2577,179
3.2634,178
3.2688,178
3.2745,178
3.2799,180
3.2855,178
3.2909,177
3.2966,177
3.302,178
3.3077,177
3.3131,178
3.3188,178
3.3245,179
3.3298,179
3.3355,177
3.3409,179
3.3467,177
3.3521,180
3.3577,177
3.3631,177
3.3688,174
3.3745,174
3.3799,176
3.3855,179
3.3912,175
3.3966,176
3.4023,176
3.4077,177
3.4133,176
3.4187,179
3.4244,177
3.4301,177
3.4355,176
3.4411,179
3.4465,178
3.4522,178
3.4576,177
3.4633,176
3.4687,178
3.4744,178
3.4801,177
3.4855,177
3.4912,177
3.4966,177
3.5022,177
3.5076,177
3.5133,176
3.5188,176
3.5244,179
3.5298,179
3.5355,177
3.5412,178
3.5466,176
3.552,177
3.5577,179
3.5631,176
3.5688,172
3.5742,174
3.5799,171
3.5853,178
3.591,176
3.5967,175
3.6021,178
3.6078,180
3.6132,177
3.6189,178
3.6243,178
3.63,177
3.6354,177
3.6411,176
3.6465,176
3.6522,178
3.6576,177
3.6633,177
3.6687,178
3.6744,177
3.6798,178
3.6855,177
3.6911,178
3.6965,178
3.7022,179
3.7076,177
3.7134,177
3.7188,178
3.7245,176
3.7299,178
3.7355,179
3.7409,178
3.7466,180
3.752,177
3.7577,178
3.7634,179
3.7688,178
3.7745,177
3.7799,180
3.7855,176
3.7909,174
3.7966,178
3.802,177
3.8077,177
3.8131,179
3.8188,177
3.8245,178
3.8299,179
3.8356,178
3.841,176
3.8467,178
3.8521,173
3.8578,176
3.8632,175
3.8688,176
3.8742,177
3.8799,179
3.8856,178
3.891,178
3.8967,178
3.9021,178
3.9078,178
3.9132,179
3.9189,177
3.9243,177
3.93,177
3.9354,176
3.9411,179
3.9465,175
3.9522,179
3.9576,181
3.9633,179
3.969,177
3.9744,178
3.98,178
3.9854,177
3.9911,178
3.9965,179
4.0022,178
4.0077,180
4.0133,177
4.0188,178
4.0244,176
4.0298,177
4.0355,179
4.041,179
4.0466,179
4.0521,177
4.0578,178
4.0632,176
4.0689,180
4.0743,176
4.08,179
4.0854,176
4.0911,176
4.0965,177
4.1022,179
4.1076,177
4.1133,179
4.1187,181
4.1244,179
4.13,175
4.1354,177
4.1411,180
4.1465,178
4.1523,178
4.1577,178
4.1633,179
4.1688,179
4.1744,177
4.1798,177
4.1855,178
4.1909,176
4.1966,174
4.2023,178
4.2077,176
4.2134,175
4.2188,178
4.2245,181
4.2299,180
4.2356,177
4.241,177
4.2467,175
4.2521,176
4.2578,178
4.2632,177
4.2689,179
4.2743,182
4.28,181
4.2854,181
4.2911,180
4.2965,179
4.3022,181
4.3076,182
4.3133,180
4.3187,182
4.3244,181
4.3298,181
4.3355,182
4.3412,180
4.3466,182
4.3523,178
4.3577,181
4.3631,180
4.3688,181
4.3745,180
4.3799,179
4.3856,180
4.391,184
4.3967,183
4.4021,182
4.4078,179
4.4132,182
4.4188,179
4.4243,179
4.4299,178
4.4353,179
4.441,179
4.4467,178
4.4521,178
4.4578,178
4.4632,178
4.4689,177
4.4743,182
4.48,181
4.4854,177
4.4911,180
4.4965,177
4.5022,177
4.5079,175
4.5133,177
4.519,178
4.5244,176
4.5301,176
4.5355,175
4.5412,179
4.5466,179
4.5521,178
4.5577,177
4.5634,179
4.5688,174
4.5745,178
4.5799,176
4.5856,177
4.591,177
4.5967,178
4.6021,177
4.6078,177
4.6132,180
4.6188,178
4.6242,178
4.6299,181
4.6356,180
4.641,175
4.6467,173
4.6521,178
4.6578,178
4.6632,180
4.6689,176
4.6743,176
4.68,176
4.6854,178
4.6911,175
4.6965,176
4.7022,177
4.7076,178
4.7133,175
4.719,177
4.7244,176
4.7301,176
4.7355,177
4.7412,178
4.7466,178
4.7523,178
4.7577,176
4.7634,179
4.7688,180
4.7745,178
4.7799,177
4.7856,174
4.791,176
4.7967,179
4.8021,177
4.8078,177
4.8132,176
4.8189,174
4.8243,177
4.8299,176
4.8356,174
4.8411,177
4.8468,177
4.8521,179
4.8578,179
4.8632,177
4.8689,177
4.8743,178
4.8799,175
4.8856,174
4.891,177
4.8967,178
4.9021,181
4.9077,177
4.9134,177
4.9188,177
4.9245,176
4.9299,178
4.9355,178
4.9409,176
4.9466,177
4.9523,178
4.9577,178
4.9633,176
4.969,176
4.9744,178
4.9801,178
4.9855,175
4.9911,176
4.9965,176
5.0022,178
5.0076,177
5.0133,177
5.0189,179
5.0244,177
5.03,181
5.0354,177
5.0411,179
5.0465,179
5.0522,177
5.0576,180
5.0633,177
5.0687,179
5.0744,179
5.0798,179
5.0855,178
5.0912,177
5.0966,178
5.1023,179
5.1077,177
5.1134,179
5.1188,178
5.1245,179
5.1299,177
5.1356,177
5.141,177
5.1467,177
5.1521,180
5.1578,178
5.1632,179
5.1689,180
5.1743,179
5.18,178
5.1854,180
5.1911,178
5.1965,178
5.2022,177
5.2078,179
5.2132,179
5.2189,179
5.2243,179
5.23,178
5.2355,179
5.2412,176
5.2466,176
5.2522,177
5.2576,177
5.2633,177
5.2687,178
5.2744,180
5.2798,180
5.2855,179
5.2909,178
5.2966,178
5.3023,178
5.3077,177
5.3131,180
5.3188,177
5.3242,178
5.3299,175
5.3353,179
5.341,179
5.3467,177
5.3521,180
5.3578,177
5.3632,178
5.3689,174
5.3743,177
5.38,179
5.3854,176
5.3911,176
5.3965,176
5.4021,177
5.4078,180
5.4132,178
5.4189,179
5.4243,176
5.43,178
5.4354,178
5.4411,178
5.4466,177
5.4522,178
5.4577,179
5.4633,178
5.4687,179
5.4744,179
5.4798,179
5.4855,178
5.4909,179
5.4966,179
5.5023,177
5.5077,179
5.5134,177
5.5188,177
5.5245,178
5.5299,178
5.5356,178
5.541,176
5.5467,177
5.5521,178
5.5578,178
5.5632,176
5.5689,176
5.5743,177
5.58,177
5.5854,177
5.5911,177
5.5966,178
5.6023,179
5.6077,179
5.6134,175
5.6188,177
5.6244,175
5.6298,176
5.6356,178
5.641,175
5.6467,177
5.6521,175
5.6578,178
5.6632,179
5.6689,176
5.6743,175
5.68,176
5.6854,178
5.6911,178
5.6965,176
5.7022,177
5.7079,178
5.7133,177
5.719,180
5.7244,179
5.7301,178
5.7355,181
5.7411,179
5.7466,178
5.7523,180
5.7577,178
5.7634,177
5.7688,176
5.7745,176
5.7799,176
5.7856,180
5.791,177
5.7967,176
5.8021,177
5.8078,178
5.8132,176
5.8189,177
5.8243,177
5.83,178
5.8354,177
5.8411,179
5.8468,177
5.8522,178
5.8579,178
5.8633,177
5.869,175
5.8744,179
5.8801,178
5.8855,177
5.8912,178
5.8966,178
5.9023,178
5.9077,180
5.9133,178
5.9187,179
5.9244,179
5.9299,180
5.9355,181
5.9409,178
5.9466,178
5.952,179
5.9577,177
5.9632,178
5.9689,181
5.9743,178
5.9799,180
5.9856,179
5.991,176
5.9967,177
6.0021,177
6.0078,178
6.0132,176
6.0189,179
6.0243,180
6.03,180
6.0354,179
6.041,178
6.0467,180
6.0521,179
6.0578,179
6.0632,178
6.0689,180
6.0743,178
6.08,179
6.0856,179
6.0911,178
6.0967,178
6.1021,181
6.1078,179
6.1132,178
6.1189,178
6.1243,181
6.13,177
6.1354,177
6.1411,178
6.1468,180
6.1522,177
6.1578,179
6.1632,180
6.1689,177
6.1743,176
6.18,180
6.1854,179
6.1911,179
6.1965,178
6.2022,179
6.2078,178
6.2132,179
6.219,176
6.2243,179
6.23,176
6.2354,179
6.2411,177
6.2465,176
6.2522,177
6.2576,177
6.2633,175
6.2687,176
6.2744,180
6.2798,177
6.2855,178
6.2909,180
6.2966,175
6.302,180
6.3077,179
6.3131,177
6.3188,177
6.3245,177
6.3299,175
6.3356,177
6.341,176
6.3467,179
6.3521,178
6.3578,178
6.3632,177
6.3689,176
6.3743,177
6.38,181
6.3854,176
6.391,177
6.3967,179
6.4021,178
6.4078,179
6.4132,178
6.4189,180
6.4243,178
6.4299,175
6.4356,176
6.4412,178
6.4466,177
6.4523,175
6.4577,177
6.4634,177
6.4688,176
6.4745,175
6.4799,178
6.4854,179
6.4911,177
6.4965,176
6.5022,178
6.5076,176
6.5133,176
6.5187,174
6.5244,178
6.5301,175
6.5355,176
6.5411,177
6.5465,175
6.5522,174
6.5576,175
6.5633,177
6.5687,175
6.5745,176
6.5799,175
6.5856,178
6.591,176
6.5967,178
6.6021,178
6.6078,178
6.6134,177
6.6188,177
6.6245,175
6.6299,178
6.6356,177
6.641,176
6.6467,176
6.6521,173
6.6578,178
6.6632,175
6.6689,176
6.6743,177
6.68,178
6.6854,177
6.6911,177
6.6966,178
6.7022,176
6.7076,174
6.7133,176
6.7187,178
6.7244,177
6.7298,176
6.7355,175
6.741,177
6.7467,176
6.7521,176
6.7578,176
6.7632,175
6.7689,177
6.7745,176
6.7799,179
6.7856,177
6.791,177
6.7967,177
6.8021,175
6.8078,177
6.8132,177
6.8189,178
6.8246,176
6.83,178
6.8354,177
6.8411,177
6.8465,176
6.8522,176
6.8579,176
6.8633,175
6.869,174
6.8744,175
6.8798,174
6.8855,175
6.8912,176
6.8966,178
6.9023,176
6.9077,176
6.9134,176
6.9188,177
6.9245,175
6.9299,176
6.9356,177
6.941,173
6.9466,176
6.9523,175
6.9577,176
6.9634,177
6.9688,173
6.9745,177
6.9799,176
6.9856,176
6.991,177
6.9967,176
7.0022,179
7.0076,175
7.0133,174
7.019,176
7.0244,176
7.0301,175
7.0355,173
7.0412,178
7.0466,175
7.0523,177
7.0577,175
7.0633,174
7.0688,177
7.0744,175
7.0799,179
7.0855,176
7.091,176
7.0967,175
7.1023,175
7.1078,176
7.1134,174
7.1188,175
7.1245,176
7.1299,176
7.1356,177
7.141,177
7.1467,175
7.1521,176
7.1578,176
7.1632,175
7.1689,174
7.1743,176
7.18,175
7.1854,175
7.1911,177
7.1965,176
7.2022,175
7.2079,177
7.2133,175
7.219,175
7.2244,175
7.2301,177
7.2355,174
7.2412,175
7.2466,175
7.2523,176
7.2577,178
7.2634,176
7.2688,174
7.2745,174
7.2799,174
7.2856,177
7.291,177
7.2967,176
7.3021,175
7.3078,179
7.3132,176
7.3189,176
7.3243,176
7.33,174
7.3354,174
7.3411,176
7.3465,175
7.3522,174
7.3576,176
7.3633,175
7.3687,175
7.3744,175
7.3798,177
7.3856,174
7.391,175
7.3967,178
7.4021,174
7.4078,173
7.4132,175
7.4189,176
7.4243,178
7.43,176
7.4354,177
7.4411,175
7.4467,176
7.4521,176
7.4579,175
7.4633,173
7.4689,178
7.4743,176
7.48,172
7.4854,174
7.4911,178
7.4965,173
7.5022,177
7.5076,175
7.5133,175
7.5187,174
7.5244,176
7.5301,175
7.5355,175
7.5412,177
7.5466,179
7.5523,178
7.5577,176
7.5634,175
7.5688,175
7.5745,175
7.5799,178
7.5856,177
7.591,177
7.5967,176
7.6021,177
7.6078,177
7.6132,174
7.6189,173
7.6243,177
7.63,176
7.6354,179
7.6411,175
7.6468,175
7.6522,178
7.6576,178
7.6633,178
7.669,177
7.6744,175
7.6801,174
7.6855,176
7.6912,175
7.6966,173
7.7022,178
7.7077,177
7.7134,175
7.7188,175
7.7244,176
7.7299,175
7.7355,177
7.741,176
7.7466,175
7.7523,175
7.7578,177
7.7634,178
7.7688,175
7.7745,177
7.7799,176
7.7856,174
7.791,174
7.7967,177
7.8021,175
7.8078,176
7.8132,176
7.8189,178
7.8243,176
7.83,179
7.8354,174
7.8411,180
7.8465,176
7.8522,178
7.8576,177
7.8633,179
7.869,179
7.8744,179
7.8801,177
7.8855,181
7.8912,180
7.8965,179
7.9022,177
7.9077,179
7.9134,177
7.9188,178
7.9245,177
7.93,177
7.9356,174
7.9411,176
7.9468,177
7.9521,175
7.9578,175
7.9632,176
7.9689,176
7.9743,175
7.9799,175
7.9856,172
7.991,176
7.9967,179
8.0021,176
8.0077,175
8.0134,178
8.0188,176
8.0245,175
8.0299,172
8.0355,175
8.0412,175
8.0466,175
8.0523,178
8.0577,176
8.0633,173
8.069,178
8.0744,175
8.0801,176
8.0855,175
8.0911,176
8.0965,174
8.1022,178
8.1076,175
8.1133,175
8.1187,178
8.1244,174
8.1301,176
8.1355,169
8.1412,176
8.1466,177
8.1523,178
8.1577,177
8.1634,176
8.1688,178
8.1745,176
8.1799,174
8.1856,173
8.191,174
8.1967,177
8.2023,176
8.2077,177
8.2134,177
8.2188,175
8.2245,177
8.2299,177
8.2356,176
8.241,178
8.2467,177
8.2521,176
8.2578,174
8.2632,176
8.2689,174
8.2743,176
8.28,179
8.2857,176
8.2911,176
8.2968,174
8.3022,176
8.3079,177
8.3133,177
8.319,176
8.3244,174
8.3301,176
8.3355,175
8.3412,176
8.3466,178
8.3523,174
8.3577,173
8.3634,172
8.3688,177
8.3745,176
8.3799,173
8.3856,175
8.391,174
8.3967,172
8.4021,175
8.4078,175
8.4132,176
8.4189,176
8.4243,174
8.43,174
8.4357,174
8.4411,173
8.4468,175
8.4522,174
8.4579,175
8.4633,173
8.469,175
8.4744,175
8.4801,173
8.4855,175
8.4912,172
8.4966,173
8.5023,173
8.5077,175
8.5134,175
8.5188,172
8.5245,170
8.5299,174
8.5356,174
8.541,178
8.5467,175
8.5521,176
8.5578,175
8.5632,176
8.5689,176
8.5743,176
8.58,178
8.5854,175
8.5911,177
8.5968,176
8.6022,174
8.6079,173
8.6133,175
8.619,176
8.6244,175
8.6301,175
8.6355,176
8.6412,175
8.6466,176
8.6523,176
8.6577,177
8.6634,174
8.6688,172
8.6745,177
8.6799,176
8.6856,177
8.691,175
8.6967,175
8.7021,176
8.7078,176
8.7135,174
8.7189,177
8.7246,176
8.73,175
8.7357,175
8.7411,175
8.7468,175
8.7522,177
8.7579,175
8.7633,175
8.769,175
8.7744,177
8.7801,175
8.7855,175
8.7912,176
8.7966,175
8.8023,175
8.8077,175
8.8134,176
8.8188,172
8.8245,175
8.8299,174
8.8356,174
8.841,177
8.8467,175
8.8521,176
8.8578,176
8.8632,175
8.8689,177
8.8746,175
8.88,170
8.8857,174
8.8911,177
8.8968,177
8.9022,178
8.9079,175
8.9133,176
8.919,176
8.9244,176
8.9301,176
8.9355,176
8.9412,175
8.9466,176
8.9523,178
8.9579,177
8.9633,176
8.969,176
8.9744,177
8.9801,175
8.9855,176
8.9912,175
8.9966,175
9.0023,178
9.0077,177
9.0134,176
9.0188,176
9.0245,177
9.0299,174
9.0356,177
9.041,175
9.0468,176
9.0522,176
9.0579,175
9.0633,177
9.069,177
9.0744,174
9.0801,177
9.0855,175
9.0912,174
9.0966,177
9.1023,176
9.1077,178
9.1134,176
9.1188,176
9.1245,176
9.1299,174
9.1356,174
9.1413,177
9.1467,177
9.1524,178
9.1578,174
9.1635,177
9.1689,175
9.1746,177
9.18,177
9.1857,174
9.1911,175
9.1968,175
9.2022,174
9.2079,174
9.2135,176
9.2189,176
9.2246,177
9.23,176
9.2357,176
9.2411,176
9.2468,175
9.2522,174
9.2579,174
9.2633,174
9.269,175
9.2744,173
9.2801,175
9.2855,175
9.2912,177
9.2966,173
9.3023,175
9.3077,175
9.3134,175
9.3188,174
9.3245,172
9.3302,176
9.3356,175
9.3413,177
9.3467,176
9.3524,176
9.3578,176
9.3635,176
9.3689,175
9.3746,177
9.38,177
9.3857,173
9.3911,174
9.3967,173
9.4021,176
9.4078,174
9.4135,175
9.4189,176
9.4246,178
9.43,177
9.4357,176
9.4411,177
9.4468,175
9.4522,176
9.4579,175
9.4633,173
9.469,176
9.4744,176
9.4801,176
9.4855,174
9.4912,174
9.4966,174
9.5023,174
9.5077,175
9.5134,175
9.5191,174
9.5245,177
9.5301,175
9.5355,178
9.5413,178
9.5467,177
9.5524,176
9.5577,176
9.5634,176
9.5688,178
9.5745,175
9.5799,176
9.5855,175
9.5912,177
9.5967,176
9.6023,175
9.6078,175
9.6134,175
9.619,176
9.6244,173
9.6301,176
9.6355,176
9.6412,176
9.6469,177
9.6523,173
9.658,175
9.6634,176
9.669,175
9.6747,173
9.6801,176
9.6858,176
9.6912,174
9.6968,173
9.7022,175
9.7079,175
9.7133,174
9.719,175
9.7244,175
9.7301,175
9.7355,176
9.7412,177
9.7466,173
9.7523,174
9.758,175
9.7634,176
9.7691,173
9.7745,174
9.7802,176
9.7856,173
9.7913,178
9.7967,176
9.8024,177
9.8078,172
9.8134,174
9.8188,176
9.8245,175
9.83,174
9.8356,177
9.8413,176
9.8467,175
9.8524,174
9.8578,174
9.8635,176
9.8689,178
9.8746,176
9.88,175
9.8856,174
9.8913,174
9.8967,178
9.9024,176
9.9078,176
9.9135,175
9.9189,177
9.9246,175
9.93,177
9.9357,175
9.9411,173
9.9468,177
9.9522,175
9.9579,174
9.9633,179
9.969,176
9.9747,172
9.9801,175
9.9857,175
9.9911,178
9.9968,174
10.008,175
10.0134,174
10.0189,176
10.0246,177
10.03,175
10.0357,175
10.0411,175
10.0468,175
10.0524,172
10.0578,176
10.0635,174
10.0689,175
10.0746,174
10.08,177
10.0857,175
10.0911,175
10.0968,175
10.1022,171
10.1079,175
10.1133,176
10.119,176
10.1247,177
10.1301,174
10.1358,178
10.1412,176
10.1469,177
10.1523,175
10.158,175
10.1634,173
10.1691,177
10.1745,172
10.1802,178
10.1856,175
10.1913,175
10.1967,175
10.2024,176
10.2078,174
10.2135,174
10.2191,173
10.2245,177
10.2302,175
10.2356,173
10.2413,172
10.2467,174
10.2522,176
10.2579,173
10.2633,175
10.269,176
10.2744,175
10.2801,176
10.2858,174
10.2912,174
10.2969,177
10.3023,178
10.308,175
10.3134,177
10.319,175
10.3245,176
10.3301,177
10.3355,177
10.3413,177
10.3467,179
10.3523,176
10.3577,177
10.3634,175
10.3688,174
10.3745,176
10.3802,176
10.3856,174
10.3913,175
10.3967,175
10.4024,174
10.4078,176
10.4135,177
10.4189,175
10.4246,179
10.43,177
10.4357,177
10.4411,174
10.4468,178
10.4525,175
10.4579,178
10.4636,176
10.469,176
10.4747,177
10.4801,176
10.4858,173
10.4912,177
10.4969,177
10.5023,175
10.508,177
10.5134,178
10.5191,177
10.5245,177
10.5301,177
10.5356,177
10.5412,175
10.5466,175
10.5523,177
10.558,177
10.5634,174
10.5691,176
10.5745,177
10.5802,180
10.5856,177
10.5913,175
10.5967,177
10.6024,177
10.608,176
10.6134,178
10.6191,178
10.6245,176
10.6302,178
10.6356,177
10.6413,178
10.6467,179
10.6524,177
10.6578,179
10.6635,179
10.6691,175
10.6745,178
10.6802,177
10.6856,179
10.6913,180
10.6967,177
10.7024,176
10.7078,180
10.7135,177
10.7189,178
10.7246,178
10.73,178
10.7357,176
10.7411,180
10.7468,179
10.7522,180
10.7579,179
10.7633,178
10.769,177
10.7744,180
10.7801,179
10.7855,178
10.7912,178
10.7966,180
10.8023,179
10.8077,178
10.8134,178
10.8191,179
10.8245,180
10.8302,176
10.8356,178
10.8413,176
10.8466,179
10.8523,177
10.8577,176
10.8634,177
10.8689,176
10.8745,178
10.8802,179
10.8855,178
10.8912,179
10.8966,180
10.9023,179
10.9077,177
10.9133,180
10.9189,179
10.9244,178
10.93,178
10.9356,179
10.9411,179
10.9467,177
10.9522,180
10.9578,180
10.9633,181
10.9689,179
10.9745,179
10.98,180
10.9856,177
10.9911,178
10.9967,177
11.0023,176
11.0078,175
11.0135,180
11.0189,179
11.0245,179
11.03,180
11.0356,178
11.0412,179
11.0467,178
11.0523,176
11.0578,179
11.0634,180
11.0689,180
11.0745,179
11.0801,175
11.0856,177
11.0912,179
11.0967,174
11.1023,176
11.1079,180
11.1134,180
11.119,179
11.1245,176
11.1301,180
11.1356,178
11.1412,178
11.1468,179
11.1523,177
11.1579,177
11.1633,177
11.169,180
11.1745,179
11.1801,178
11.1855,179
11.1912,178
11.1968,180
11.2023,175
11.2079,177
11.2134,177
11.219,177
11.2246,177
11.2301,176
11.2355,179
11.2412,178
11.2466,174
11.2523,179
11.2579,177
11.2635,179
11.269,178
11.2746,178
11.2801,176
11.2855,177
11.2912,177
11.2968,177
11.3024,178
11.3078,179
11.3135,178
11.3189,180
11.3246,175
11.3301,175
11.3356,177
11.3412,176
11.3467,178
11.3523,173
11.3578,177
11.3635,179
11.3689,176
11.3746,177
11.3802,178
11.3856,178
11.3913,176
11.3967,177
11.4024,176
11.4078,176
11.4135,177
11.4189,180
11.4246,177
11.43,178
11.4357,178
11.4411,176
11.4468,178
11.4524,178
11.4578,178
11.4635,176
11.4689,179
11.4746,178
11.48,179
11.4857,177
11.4911,177
11.4968,179
11.5022,180
11.5079,178
11.5136,179
11.519,180
11.5247,177
11.5301,179
11.5358,177
11.5412,177
11.5468,178
11.5522,177
11.5579,180
11.5634,178
11.5691,179
11.5745,177
11.5801,176
11.5858,177
11.5912,176
11.5969,177
11.6023,178
11.608,178
11.6134,175
11.6191,176
11.6245,175
11.6302,178
11.6356,177
11.6413,177
11.6469,177
11.6523,178
11.658,180
11.6634,177
11.6691,176
11.6745,174
11.6802,174
11.6856,173
11.6913,174
11.6967,173
11.7024,170
11.7078,171
11.7135,171
11.7189,171
11.7246,169
11.73,171
11.7357,173
11.7414,170
11.7468,172
11.7525,173
11.7579,173
11.7636,173
11.769,170
11.7747,172
11.7801,171
11.7857,172
11.7911,173
11.7968,173
11.8025,173
11.808,173
11.8134,174
11.8191,171
11.8245,170
11.8302,171
11.8356,173
11.8413,171
11.8469,172
11.8523,173
11.858,171
11.8634,172
11.8691,172
11.8745,171
11.8802,172
11.8856,172
11.8913,173
11.8967,174
11.9024,173
11.9078,173
11.9135,172
11.9189,172
11.9246,174
11.93,169
11.9357,172
11.9411,170
11.9468,172
11.9525,169
11.9579,169
11.9635,170
11.9689,171
11.9746,169
11.98,168
11.9857,171
11.9911,172
11.9968,172
12.0022,170
12.0079,171
12.0133,172
12.019,171
12.0247,171
12.0301,169
12.0358,171
12.0412,170
12.0469,170
12.0523,171
12.058,169
12.0634,172
12.0691,173
12.0745,170
12.0801,173
12.0858,170
12.0912,171
12.0969,171
12.1023,169
12.108,171
12.1134,171
12.1191,169
12.1245,171
12.1302,171
12.1356,169
12.1413,169
12.1469,171
12.1523,170
12.158,173
12.1634,169
12.1691,171
12.1745,169
12.1802,170
12.1856,170
12.1913,172
12.1967,170
12.2024,166
12.2078,170
12.2135,168
12.2189,172
12.2246,172
12.2303,168
12.2357,170
12.2414,171
12.2468,171
12.2524,173
12.2579,172
12.2635,172
12.2689,170
12.2747,169
12.28,169
12.2857,170
12.2914,171
12.2968,171
12.3025,172
12.3079,172
12.3134,170
12.3191,170
12.3245,169
12.3302,170
12.3356,169
12.3413,171
12.3469,171
12.3524,169
12.3578,172
12.3635,168
12.3692,171
12.3746,169
12.3803,170
12.3857,170
12.3914,170
12.3968,171
12.4024,171
12.4078,173
12.4135,169
12.4189,168
12.4246,170
12.43,170
12.4357,168
12.4411,171
12.4468,172
12.4522,171
12.4579,169
12.4633,169
12.469,170
12.4744,170
12.4801,173
12.4858,172
12.4912,170
12.4969,171
12.5024,172
12.508,170
12.5135,171
12.5191,171
12.5246,172
12.5302,168
12.5356,168
12.5414,169
12.5468,168
12.5525,167
12.5579,171
12.5636,170
12.569,170
12.5747,171
12.5801,168
12.5858,170
12.5912,169
12.5969,169
12.6023,173
12.608,172
12.6134,171
12.6191,170
12.6245,170
12.6302,170
12.6356,171
12.6413,170
12.6467,173
12.6524,172
12.6578,172
12.6635,171
12.6692,171
12.6746,171
12.6802,170
12.6857,172
12.6914,172
12.6968,173
12.7024,171
12.7078,171
12.7135,171
12.7189,173
12.7246,171
12.7303,172
12.7357,173
12.7414,168
12.7468,171
12.7525,170
12.7579,169
12.7636,169
12.7689,172
12.7746,170
12.7803,172
12.7857,172
12.7914,171
12.7967,173
12.8024,174
12.8078,173
12.8135,171
12.819,171
12.8245,172
12.8302,172
12.8356,172
12.8413,172
12.8467,168
12.8524,170
12.8581,166
12.8635,167
12.8692,171
12.8746,170
12.8802,168
12.8859,169
12.8913,168
12.897,169
12.9024,168
12.9078,167
12.9135,169
12.9189,170
12.9246,169
12.9303,169
12.9357,169
12.9414,168
12.9468,168
12.9525,167
12.9579,170
12.9636,165
12.969,166
12.9747,166
12.9801,169
12.9857,166
12.9911,168
12.9968,168
13.0022,169
13.008,169
13.0134,168
13.0189,166
13.0246,169
13.03,168
13.0357,167
13.0414,169
13.0468,167
13.0525,166
13.0579,167
13.0636,169
13.0689,166
13.0746,165
13.08,166
13.0857,167
13.0914,167
13.0968,167
13.1025,167
13.1079,168
13.1135,168
13.119,168
13.1246,169
13.13,168
13.1357,166
13.1414,167
13.1468,165
13.1525,170
13.1579,166
13.1636,170
13.169,170
13.1747,169
13.1801,167
13.1858,167
13.1912,169
13.1969,169
13.2023,169
13.208,169
13.2134,169
13.2191,168
13.2245,170
13.2302,169
13.2356,169
13.2413,170
13.2467,170
13.2524,168
13.2581,174
13.2635,169
13.2691,169
13.2745,170
13.2802,171
13.2856,170
13.2913,169
13.2967,169
13.3024,171
13.3078,168
13.3135,168
13.3189,170
13.3246,169
13.3303,168
13.3357,171
13.3414,170
13.3468,170
13.3525,168
13.3579,171
13.3636,169
13.369,170
13.3747,169
13.3801,169
13.3858,169
13.3911,166
13.3968,169
13.4025,164
13.4079,173
13.4136,172
13.419,170
13.4247,169
13.4301,172
13.4358,171
13.4412,169
13.4469,171
13.4523,169
13.458,168
13.4637,169
13.4691,169
13.4748,172
13.4802,170
13.4858,172
13.4913,169
13.497,171
13.5023,168
13.508,170
13.5134,169
13.5191,170
13.5245,170
13.5302,170
13.5356,170
13.5413,170
13.5468,167
13.5524,166
13.5579,172
13.5635,170
13.569,169
13.5747,167
13.5801,170
13.5857,169
13.5911,170
13.5968,171
13.6025,167
13.6079,165
13.6136,166
13.619,166
13.6247,170
13.6301,167
13.6358,169
13.6412,168
13.6469,169
13.6523,168
13.658,168
13.6634,169
13.6691,168
13.6745,167
13.6802,167
13.6856,169
13.6913,166
13.697,169
13.7024,169
13.708,169
13.7135,168
13.7191,171
13.7246,171
13.7303,169
13.7357,170
13.7414,170
13.7467,170
13.7524,172
13.7581,167
13.7635,167
13.7692,170
13.7746,170
13.7801,169
13.7857,169
13.7914,168
13.7968,168
13.8025,169
13.8079,167
13.8136,170
13.819,170
13.8247,169
13.8301,171
13.8358,169
13.8415,170
13.8468,168
13.8525,168
13.8579,174
13.8636,170
13.869,170
13.8747,167
13.8801,168
13.8858,169
13.8912,169
13.8969,167
13.9023,168
13.908,172
13.9134,173
13.9191,170
13.9245,173
13.9302,170
13.9356,170
13.9413,169
13.9467,171
13.9524,175
13.9581,174
13.9635,172
13.9692,173
13.9746,173
13.9803,172
13.9857,172
13.9914,173
13.9968,174
14.0025,171
14.0079,172
14.0133,172
14.019,171
14.0247,172
14.0301,170
14.0358,171
14.0412,172
14.0469,169
14.0523,170
14.058,172
14.0634,170
14.0691,172
14.0745,171
14.0802,171
14.0859,172
14.0913,170
14.097,171
14.1024,171
14.1081,173
14.1135,171
14.1192,171
14.1246,171
14.1303,171
14.1357,171
14.1414,172
14.1468,172
14.1525,170
14.1578,171
14.1635,170
14.1692,168
14.1746,170
14.1803,172
14.1857,171
14.1913,169
14.1967,171
14.2024,172
14.2078,171
14.2135,171
14.2192,171
14.2246,168
14.2303,169
14.2357,172
14.2414,172
14.2468,171
14.2525,172
14.2579,172
14.2636,173
14.269,169
14.2747,170
14.2801,171
14.2858,168
14.2912,171
14.2969,169
14.3023,173
14.308,168
14.3134,170
14.3191,170
14.3245,173
14.3302,169
14.3359,171
14.3413,171
14.347,171
14.3524,173
14.3581,171
14.3635,172
14.3691,171
14.3746,170
14.3802,173
14.3857,172
14.3914,175
14.3968,172
14.4025,171
14.4079,169
14.4135,174
14.4189,170
14.4246,171
14.43,172
14.4357,172
14.4414,171
14.4468,169
14.4525,173
14.4579,172
14.4635,172
14.4689,172
14.4747,171
14.4801,170
14.4857,171
14.4913,173
14.4967,172
14.5024,171
14.5078,172
14.5135,171
14.5192,171
14.5245,171
14.5302,172
14.5357,173
14.5413,169
14.547,169
14.5524,172
14.5581,172
14.5635,172
14.5691,172
14.5745,170
14.5802,170
14.5859,172
14.5913,172
14.5969,171
14.6023,171
14.608,173
14.6134,172
14.6191,171
14.6245,171
14.6302,171
14.6356,172
14.6413,169
14.647,168
14.6524,170
14.6581,170
14.6635,168
14.6692,171
14.6746,171
14.6803,169
14.6857,169
14.6914,172
14.6968,171
14.7025,173
14.7079,172
14.7136,170
14.7191,174
14.7247,175
14.7301,173
14.7358,170
14.7412,174
14.7469,174
14.7523,174
14.758,174
14.7634,172
14.7691,171
14.7745,172
14.7802,173
14.7856,171
14.7913,172
14.7967,171
14.8024,173
14.8081,170
14.8135,172
14.8192,172
14.8246,172
14.8303,172
14.8357,173
14.8414,173
14.8468,171
14.8524,171
14.8579,172
14.8636,172
14.869,171
14.8746,170
14.8801,172
14.8857,176
14.8914,172
14.8969,171
14.9025,171
14.9079,172
14.9136,170
14.919,173
14.9247,171
14.9301,173
14.9358,171
14.9412,173
14.9469,173
14.9523,173
14.958,173
14.9634,173
14.9691,173
14.9745,172
14.9802,173
14.9859,174
14.9913,172
14.997,171
15.0024,173
15.0081,172
15.0134,174
15.0191,170
15.0245,173
15.0302,172
15.0357,173
15.0413,175
15.0468,175
15.0525,169
15.0579,171
15.0636,175
15.0691,174
15.0747,176
15.0801,175
15.0858,173
15.0912,174
15.0969,170
15.1023,173
15.108,173
15.1134,173
15.1191,174
15.1245,172
15.1302,173
15.1356,172
15.1413,172
15.147,173
15.1524,172
15.1581,170
15.1635,171
15.1692,172
15.1746,171
15.1803,174
15.1857,173
15.1914,172
15.1968,172
15.2025,172
15.2079,170
15.2136,171
15.219,174
15.2247,172
15.2301,172
15.2358,171
15.2414,169
15.2469,170
15.2525,174
15.2579,170
15.2636,170
15.269,171
15.2747,170
15.2801,170
15.2856,174
15.2913,172
15.297,172
15.3024,171
15.3081,170
15.3135,172
15.3192,173
15.3246,169
15.3303,170
15.3356,170
15.3413,170
15.3467,169
15.3524,173
15.3578,175
15.3635,172
15.3692,170
15.3746,171
15.3803,168
15.3857,173
15.3914,172
15.3968,172
15.4025,172
15.4079,171
15.4136,170
15.419,170
15.4246,171
15.43,171
15.4357,172
15.4411,171
15.4468,172
15.4525,171
15.4579,171
15.4636,171
15.469,171
15.4747,170
15.4802,172
15.4859,170
15.4913,171
15.497,171
15.5023,169
15.508,170
15.5137,172
15.5191,169
15.5247,170
15.5301,171
15.5358,171
15.5412,171
15.5469,171
15.5523,172
15.558,172
15.5634,169
15.5691,172
15.5745,169
15.5802,170
15.5859,170
15.5913,170
15.597,170
15.6024,169
15.6081,170
15.6135,170
15.6192,171
15.6246,171
15.6301,170
15.6357,171
15.6414,171
15.6468,171
15.6525,171
15.6579,169
15.6636,170
15.669,170
15.6747,170
15.6802,171
15.6858,171
15.6912,171
15.6969,171
15.7023,173
15.708,173
15.7134,172
15.7191,172
15.7245,169
15.7302,172
15.7356,172
15.7413,171
15.7467,173
15.7524,169
15.7581,171
15.7635,172
15.7691,171
15.7746,172
15.7802,174
15.7856,170
15.7913,169
15.7967,172
15.8024,172
15.8078,173
15.8135,171
15.8189,172
15.8246,170
15.8303,172
15.8357,170
15.8414,171
15.8468,170
15.8525,172
15.858,172
15.8634,171
15.8691,172
15.8748,172
15.8802,173
15.8859,172
15.8913,171
15.897,173
15.9024,174
15.908,176
15.9135,172
15.9191,169
15.9245,169
15.9302,171
15.9356,174
15.9413,171
15.9467,172
15.9524,170
15.9579,173
15.9635,170
15.9689,170
15.9746,175
15.9801,173
15.9857,172
15.9911,172
15.9968,173
16.0023,173
16.008,171
16.0137,173
16.0191,171
16.0248,174
16.0302,172
16.0357,170
16.0414,172
16.0525,171
16.0579,172
16.0634,172
16.0691,172
16.0746,171
16.0803,173
16.0857,172
16.0912,172
16.0969,172
16.1023,172
16.108,172
16.1134,172
16.119,170
16.1247,171
16.1301,170
16.1358,172
16.1413,172
16.1469,172
16.1523,173
16.158,172
16.1634,171
16.1691,168
16.1745,171
16.1802,171
16.1856,173
16.1913,171
16.1967,173
16.2024,172
16.2078,171
16.2135,172
16.2192,172
16.2246,172
16.2303,171
16.2357,173
16.2414,172
16.2468,173
16.2525,173
16.2579,174
16.2636,172
16.269,173
16.2747,173
16.2801,173
16.2858,174
16.2912,173
16.2969,173
16.3024,176
16.308,175
16.3135,172
16.3192,172
16.3246,175
16.3303,174
16.3357,170
16.3414,174
16.3468,173
16.3525,171
16.3579,172
16.3636,174
16.369,175
16.3747,174
16.3801,173
16.3858,172
16.3912,174
16.3968,174
16.4025,175
16.4079,171
16.4136,174
16.4191,172
16.4248,173
16.4302,173
16.4358,173
16.4413,173
16.4469,173
16.4523,173
16.458,174
16.4634,175
16.4691,172
16.4745,172
16.4802,174
16.4859,174
16.4913,175
16.497,173
16.5024,173
16.5081,172
16.5135,173
16.5192,173
16.5246,172
16.5303,172
16.5357,173
16.5414,175
16.5468,175
16.5525,174
16.558,172
16.5637,171
16.569,172
16.5747,176
16.5801,174
16.5858,172
16.5912,174
16.5969,172
16.6023,174
16.608,174
16.6134,171
16.6191,171
16.6245,175
16.6302,173
16.6356,174
16.6413,176
16.6467,173
16.6524,173
16.6581,175
16.6635,171
16.6692,175
16.6746,172
16.6803,167
16.6857,173
16.6914,173
16.6968,173
16.7025,170
16.7079,174
16.7136,172
16.719,169
16.7247,173
16.7302,172
16.7359,170
16.7413,172
16.7469,172
16.7524,174
16.758,172
16.7634,173
16.7691,167
16.7746,173
16.7802,174
16.7857,174
16.7913,171
16.7967,174
16.8024,174
16.8078,173
16.8135,173
16.8189,174
16.8246,171
16.8303,172
16.8357,172
16.8414,171
16.8468,172
16.8525,176
16.8579,170
16.8636,171
16.869,171
16.8747,171
16.8801,173
16.8857,173
16.8914,174
16.8968,172
16.9025,172
16.9079,172
16.9136,174
16.919,172
16.9247,169
16.9301,172
16.9358,172
16.9412,169
16.9469,172
16.9523,173
16.958,172
16.9634,172
16.9691,174
16.9748,173
16.9802,171
16.9858,173
16.9913,173
16.9969,173
17.0023,172
17.008,173
17.0134,173
17.0191,174
17.0248,169
17.0302,172
17.0359,171
17.0413,172
17.047,173
17.0524,171
17.0578,173
17.0636,171
17.069,172
17.0747,175
17.0803,173
17.0857,171
17.0914,172
17.0968,173
17.1025,173
17.108,172
17.1137,171
17.1191,174
17.1248,174
17.1302,170
17.1359,172
17.1413,172
17.1469,172
17.1523,169
17.158,172
17.1634,171
17.1691,171
17.1745,171
17.1802,172
17.1856,172
17.1913,172
17.1967,173
17.2024,173
17.2081,170
17.2135,173
17.2192,172
17.2246,170
17.2303,172
17.2358,172
17.2414,175
17.2468,172
17.2525,172
17.2579,174
17.2636,173
17.269,170
17.2747,171
17.2801,172
17.2858,173
17.2913,174
17.2969,175
17.3024,172
17.308,173
17.3135,174
17.3191,173
17.3246,174
17.3303,174
17.3357,174
17.3414,174
17.3468,173
17.3525,173
17.3579,174
17.3635,173
17.3692,174
17.3746,169
17.3803,171
17.3857,174
17.3914,174
17.3968,173
17.4025,172
17.4079,173
17.4136,173
17.419,177
17.4247,174
17.4301,172
17.4358,173
17.4412,174
17.4469,174
17.4523,174
17.458,172
17.4634,174
17.4691,174
17.4748,175
17.4802,174
17.4859,174
17.4913,172
17.497,173
17.5025,174
17.5079,173
17.5136,174
17.519,171
17.5247,173
17.5304,172
17.5358,173
17.5415,173
17.5469,173
17.5526,175
17.558,171
17.5637,172
17.5691,172
17.5748,174
17.5802,172
17.5857,173
17.5914,173
17.597,173
17.6024,171
17.6081,171
17.6135,175
17.6192,174
17.6246,172
17.6303,174
17.6357,172
17.6413,171
17.647,173
17.6524,174
17.6581,173
17.6635,172
17.6691,174
17.6748,170
17.6802,174
17.6859,174
17.6913,172
17.6969,174
17.7026,172
17.708,171
17.7137,173
17.7191,171
17.7247,172
17.7304,172
17.7358,174
17.7415,174
17.7469,173
17.7525,172
17.7579,171
17.7636,171
17.769,170
17.7747,171
17.7803,171
17.7857,171
17.7913,171
17.797,173
17.8024,172
17.8081,169
17.8135,171
17.8192,172
17.8246,171
17.8303,173
17.8359,175
17.8414,171
17.847,174
17.8524,171
17.8581,168
17.8635,170
17.8692,172
17.8746,173
17.8803,171
17.8857,170
17.8914,173
17.8968,171
17.9025,174
17.9079,172
17.9136,172
17.919,173
17.9247,179
17.9304,171
17.9358,173
17.9415,174
17.9469,173
17.9526,169
17.958,174
17.9637,173
17.9691,170
17.9748,173
17.9802,172
17.9859,174
17.9913,172
17.997,172
18.0024,173
18.0081,172
18.0135,172
18.0192,173
18.0246,172
18.0303,172
18.0357,172
18.0414,173
18.0471,171
18.0525,171
18.0582,174
18.0636,172
18.0691,171
18.0746,173
18.0803,173
18.0857,170
18.0914,172
18.0968,170
18.1025,171
18.1082,172
18.1136,175
18.1193,174
18.1247,170
18.1304,178
18.1358,174
18.1415,172
18.1468,175
18.1525,173
18.1579,170
18.1636,171
18.169,172
18.1747,169
18.1804,172
18.1858,171
18.1915,171
18.1969,172
18.2026,174
18.208,173
18.2137,175
18.219,175
18.2247,174
18.2304,176
18.2358,175
18.2413,175
18.247,174
18.2524,176
18.2581,173
18.2635,177
18.2692,173
18.2749,172
18.2803,174
18.286,176
18.2914,176
18.297,173
18.3024,175
18.3081,172
18.3136,176
18.3192,171
18.3246,174
18.3303,174
18.3357,174
18.3414,175
18.3468,175
18.3525,172
18.3579,175
18.3636,175
18.3693,175
18.3747,174
18.3801,171
18.3858,173
18.3912,173
18.3969,172
18.4026,175
18.408,176
18.4137,174
18.4191,173
18.4248,175
18.4302,175
18.4359,172
18.4413,175
18.447,176
18.4524,175
18.4581,175
18.4635,177
18.4692,175
18.4749,175
18.4803,176
18.486,174
18.4914,177
18.4971,176
18.5025,175
18.5082,174
18.5136,177
18.5191,176
18.5248,173
18.5302,174
18.5359,174
18.5413,174
18.547,173
18.5525,175
18.5582,176
18.5636,176
18.5693,173
18.5747,177
18.5803,173
18.5858,173
18.5915,176
18.5969,173
18.6026,176
18.608,176
18.6137,176
18.6191,175
18.6248,176
18.6302,176
18.6359,174
18.6413,175
18.647,177
18.6524,174
18.6581,175
18.6636,174
18.6692,172
18.6746,172
18.6803,174
18.6857,173
18.6915,175
18.6969,173
18.7025,174
18.7079,175
18.7136,174
18.7191,173
18.7247,175
18.7304,172
18.7359,168
18.7415,173
18.747,171
18.7527,172
18.7581,173
18.7637,170
18.7692,173
18.7749,172
18.7803,173
18.786,174
18.7914,175
18.7971,174
18.8025,172
18.8082,173
18.8136,174
18.8192,174
18.8246,175
18.8304,174
18.8358,176
18.8415,174
18.8469,172
18.8526,174
18.858,172
18.8637,171
18.8691,172
18.8748,175
18.8802,173
18.8859,171
18.8913,172
18.8969,174
18.9025,173
18.9082,170
18.9136,171
18.9193,171
18.9247,171
18.9304,171
18.9358,172
18.9415,171
18.9469,171
18.9526,172
18.958,172
18.9637,171
18.9691,173
18.9748,172
18.9802,173
18.9859,169
18.9913,174
18.997,170
19.0024,171
19.0081,172
19.0138,171
19.0192,169
19.0246,173
19.0303,172
19.036,171
19.0414,172
19.0471,174
19.0525,173
19.0582,172
19.0636,171
19.0692,173
19.0749,174
19.0803,172
19.0857,174
19.0914,171
19.0968,171
19.1025,173
19.1082,173
19.1136,174
19.1193,175
19.1248,174
19.1305,172
19.1357,174
19.1414,172
19.1469,172
19.1525,173
19.1579,171
19.1636,174
19.1693,172
19.1747,172
19.1804,171
19.1858,172
19.1914,173
19.1971,172
19.2025,170
19.2082,171
19.2136,171
19.2192,171
19.2249,172
19.2303,172
19.236,172
19.2414,172
19.247,172
19.2527,172
19.2581,172
19.2638,173
19.2692,171
19.2748,171
19.2802,171
19.2859,174
19.2913,171
19.297,172
19.3026,172
19.308,172
19.3137,172
19.3191,174
19.3248,174
19.3302,174
19.3359,173
19.3413,172
19.347,173
19.3524,169
19.3581,172
19.3635,172
19.3692,172
19.3749,172
19.3803,172
19.386,172
19.3914,169
19.3971,174
19.4025,172
19.4082,173
19.4136,174
19.4193,171
19.4247,171
19.4304,171
19.4358,172
19.4415,171
19.4469,171
19.4526,170
19.4583,172
19.4637,174
19.4694,173
19.4748,172
19.4805,169
19.4858,172
19.4915,172
19.497,174
19.5026,171
19.5081,169
19.5137,171
19.5192,172
19.5248,170
19.5303,173
19.536,170
19.5414,172
19.5471,170
19.5525,173
19.5582,173
19.5636,173
19.5693,173
19.5747,172
19.5804,172
19.5858,170
19.5915,171
19.5969,173
19.6026,171
19.608,171
19.6137,171
19.6191,173
19.6246,175
19.6303,174
19.6358,173
19.6414,173
19.6471,169
19.6525,171
19.6582,174
19.6636,171
19.6693,173
19.6747,172
19.6804,173
19.6858,172
19.6915,169
19.697,172
19.7026,172
19.7081,173
19.7138,175
19.7192,173
19.7249,172
19.7303,172
19.736,173
19.7414,170
19.7471,172
19.7525,172
19.7582,167
19.7636,168
19.7693,172
19.7747,171
19.7804,172
19.7858,169
19.7915,170
19.7969,173
19.8026,172
19.8082,170
19.8137,174
19.8194,174
19.8248,167
19.8302,172
19.8359,173
19.8413,171
19.847,171
19.8527,170
19.8581,172
19.8638,170
19.8692,170
19.8749,173
19.8803,172
19.886,168
19.8914,170
19.8971,171
19.9025,170
19.9082,171
19.9136,171
19.9193,171
19.9247,172
19.9304,170
19.9358,168
19.9415,172
19.9469,170
19.9526,172
19.9583,171
19.9635,171
19.9692,174
19.9749,172
19.9803,174
19.986,173
19.9914,172
19.9971,171
20.0026,170
20.0083,171
20.0137,171
20.0194,171
20.0248,172
20.0305,167
20.0358,172
20.0415,172
20.0472,173
20.0526,169
20.058,171
20.0637,170
20.0694,169
20.0748,168
20.0805,170
20.0858,170
20.0915,171
20.0969,171
20.1026,171
20.108,171
20.1136,172
20.1193,171
20.1247,168
20.1304,172
20.1358,170
20.1416,169
20.147,170
20.1526,174
20.158,169
20.1637,169
20.1694,168
20.1748,171
20.1805,171
20.1859,172
20.1916,171
20.197,170
20.2027,170
20.2081,170
20.2138,171
20.2192,169
20.2249,169
20.2302,170
20.2359,168
20.2416,171
20.247,165
20.2527,171
20.2581,172
20.2638,170
20.2692,168
20.2749,170
20.2803,171
20.286,171
20.2914,170
20.2971,170
20.3025,169
20.3082,171
20.3136,170
20.3193,172
20.3247,172
20.3304,170
20.3358,171
20.3415,174
20.3472,171
20.3526,172
20.3583,170
20.3637,170
20.3694,169
20.3748,170
20.3805,170
20.3859,166
20.3913,171
20.397,171
20.4024,168
20.4081,172
20.4138,172
20.4192,169
20.4249,171
20.4303,166
20.436,171
20.4415,172
20.4471,169
20.4525,169
20.4582,170
20.4637,172
20.4694,173
20.4748,170
20.4805,172
20.4859,171
20.4916,172
20.497,173
20.5027,172
20.5081,171
20.5137,171
20.5191,173
20.5248,172
20.5302,170
20.5359,168
20.5413,168
20.547,171
20.5525,169
20.5582,170
20.5636,170
20.5693,171
20.5747,170
20.5804,171
20.5858,170
20.5915,169
20.597,170
20.6027,171
20.6081,172
20.6138,171
20.6192,169
20.6249,171
20.6303,171
20.636,172
20.6414,170
20.6471,166
20.6525,171
20.6582,171
20.6636,172
20.6693,170
20.6747,171
20.6804,170
20.6858,171
20.6915,170
20.6969,170
20.7026,171
20.7084,172
20.7136,171
20.7192,172
20.7247,172
20.7303,172
20.736,171
20.7414,172
20.7471,170
20.7525,168
20.7582,171
20.7636,172
20.7692,170
20.7749,173
20.7803,169
20.7858,168
20.7915,167
20.797,169
20.8027,169
20.8081,171
20.8138,171
20.8192,170
20.8248,172
20.8305,170
20.8359,171
20.8416,173
20.847,168
20.8526,171
20.858,171
20.8637,168
20.8691,171
20.8748,172
20.8805,169
20.8859,171
20.8915,168
20.897,172
20.9027,172
20.9081,172
20.9138,170
20.9192,170
20.9249,170
20.9303,172
20.9359,172
20.9416,172
20.947,166
20.9527,170
20.9581,172
20.9638,171
20.9692,170
20.9749,172
20.9802,169
20.9859,172
20.9916,174
20.997,170
21.0027,170
21.0081,168
21.0138,172
21.0192,172
21.0249,170
21.0303,169
21.036,168
21.0414,172
21.0471,170
21.0525,169
21.0582,169
21.0639,169
21.0693,171
21.075,169
21.0804,168
21.0861,171
21.0915,171
21.0972,169
21.1026,171
21.1083,169
21.1137,172
21.1194,171
21.1248,169
21.1305,171
21.1359,172
21.1413,171
21.147,174
21.1527,171
21.1581,172
21.1638,171
21.1692,169
21.1749,167
21.1804,170
21.1861,171
21.1915,169
21.1972,172
21.2026,172
21.2083,170
21.2137,170
21.2194,168
21.2248,170
21.2305,170
21.236,169
21.2414,169
21.2471,171
21.2525,168
21.2582,171
21.2636,170
21.2693,170
21.2747,171
21.2804,170
21.2858,169
21.2915,172
21.2969,171
21.3026,171
21.3081,171
21.3138,172
21.3192,171
21.3249,170
21.3303,170
21.336,169
21.3415,172
21.3472,169
21.3526,170
21.358,171
21.3637,170
21.3694,170
21.3749,169
21.3803,169
21.386,171
21.3914,171
21.3971,171
21.4025,173
21.4083,172
21.4137,170
21.4194,170
21.4248,170
21.4302,170
21.4359,171
21.4416,171
21.447,173
21.4528,173
21.4582,174
21.4636,172
21.4693,173
21.475,171
21.4804,173
21.4858,172
21.4915,171
21.497,172
21.5027,174
21.5081,170
21.5138,172
21.5192,173
21.5249,172
21.5304,172
21.536,173
21.5415,171
21.5469,174
21.5527,168
21.5581,170
21.5638,171
21.5692,170
21.5749,173
21.5803,171
21.586,173
21.5914,172
21.5971,172
21.6025,170
21.6082,174
21.6136,173
21.6193,171
21.625,171
21.6304,174
21.6361,171
21.6415,173
21.6472,172
21.6526,173
21.6583,173
21.6637,175
21.6694,173
21.6748,173
21.6805,173
21.6859,171
21.6916,170
21.697,172
21.7027,172
21.7081,172
21.7138,172
21.7193,172
21.7249,172
21.7304,175
21.7361,173
21.7415,169
21.7472,172
21.7526,174
21.7583,174
21.7637,173
21.7694,173
21.7748,175
21.7805,171
21.7859,171
21.7916,170
21.797,170
21.8027,170
21.8082,172
21.8139,172
21.8193,171
21.8249,172
21.8303,172
21.8361,171
21.8415,173
21.8472,170
21.8526,173
21.8583,171
21.8637,173
21.8694,172
21.8748,169
21.8805,172
21.8859,171
21.8916,173
21.897,174
21.9027,174
21.9081,172
21.9138,175
21.9192,171
21.9249,170
21.9303,169
21.936,171
21.9414,173
21.9471,169
21.9525,172
21.9582,171
21.9636,171
21.9693,173
21.9748,173
21.9803,173
21.9859,171
21.9914,171
21.9971,172
22.0028,169
22.0082,174
22.0139,169
22.0193,172
22.025,174
22.0304,172
22.0361,170
22.0415,171
22.0469,171
22.0527,169
22.0581,171
22.0638,170
22.0692,170
22.0749,171
22.0803,172
22.086,171
22.0914,172
22.0971,173
22.1025,171
22.1082,170
22.1136,170
22.1193,171
22.1248,173
22.1305,171
22.1359,172
22.1415,174
22.147,172
22.1527,172
22.1581,173
22.1638,169
22.1692,172
22.1748,174
22.1805,172
22.1859,168
22.1916,172
22.197,171
22.2027,171
22.2081,173
22.2138,172
22.2193,174
22.225,171
22.2304,169
22.2361,169
22.2414,169
22.2471,173
22.2527,173
22.2581,173
22.2636,174
22.2693,172
22.2747,171
22.2804,171
22.2858,170
22.2914,173
22.2971,170
22.3025,167
22.3082,171
22.3136,170
22.3193,171
22.325,173
22.3304,170
22.336,174
22.3415,171
22.3471,172
22.3525,174
22.3582,174
22.3636,170
22.3693,171
22.3747,171
22.3804,170
22.3858,173
22.3915,171
22.3969,172
22.4026,171
22.4081,170
22.4137,173
22.4194,172
22.4249,173
22.4305,172
22.4359,172
22.4416,173
22.447,175
22.4527,173
22.458,173
22.4637,172
22.4691,171
22.4748,170
22.4805,172
22.4859,172
22.4916,172
22.497,171
22.5027,172
22.5081,172
22.5138,174
22.5192,173
22.5249,172
22.5303,174
22.536,171
22.5413,171
22.547,173
22.5527,174
22.5581,174
22.5638,170
22.5692,174
22.5749,170
22.5803,175
22.586,172
22.5914,173
22.5971,172
22.6025,172
22.6082,174
22.6138,175
22.6192,168
22.6249,170
22.6303,172
22.636,172
22.6414,173
22.6471,170
22.6525,172
22.6582,172
22.6636,171
22.6693,171
22.675,172
22.6804,173
22.6861,169
22.6915,175
22.6971,175
22.7025,174
22.7082,172
22.7136,174
22.7193,173
22.7247,171
22.7304,170
22.7361,170
22.7415,174
22.7472,175
22.7526,171
22.7583,170
22.7637,171
22.7694,173
22.7748,172
22.7804,173
22.7859,171
22.7916,172
22.797,170
22.8027,172
22.8081,170
22.8138,173
22.8194,172
22.8249,172
22.8305,173
22.836,171
22.8417,172
22.847,173
22.8527,174
22.8581,172
22.8638,175
22.8692,173
22.8749,172
22.8806,170
22.886,171
22.8917,172
22.8971,171
22.9028,174
22.9082,173
22.9138,173
22.9193,171
22.9249,169
22.9304,175
22.936,172
22.9414,172
22.9471,169
22.9525,174
22.9582,172
22.9636,172
22.9693,172
22.9747,171
22.9804,171
22.9858,169
22.9915,171
22.9972,172
23.0026,169
23.0083,170
23.0137,171
23.0194,172
23.0248,171
23.0305,174
23.0359,174
23.0416,172
23.047,170
23.0527,174
23.0581,173
23.0638,171
23.0692,170
23.0749,174
23.0803,174
23.086,172
23.0914,171
23.0971,170
23.1025,170
23.1082,171
23.1139,172
23.1193,169
23.125,173
23.1304,172
23.1361,173
23.1415,171
23.1472,172
23.1526,173
23.1583,171
23.1637,172
23.1694,172
23.1748,171
23.1804,171
23.1859,171
23.1915,173
23.1972,171
23.2026,172
23.2083,171
23.2137,172
23.2194,171
23.2248,170
23.2305,172
23.2359,171
23.2416,173
23.247,173
23.2527,172
23.2581,173
23.2638,174
23.2692,171
23.2748,171
23.2805,175
23.2859,174
23.2916,171
23.297,171
23.3027,172
23.3081,172
23.3138,171
23.3192,171
23.3249,171
23.3303,171
23.336,172
23.3415,170
23.3472,171
23.3526,173
23.3583,171
23.3637,171
23.3694,171
23.3748,170
23.3805,171
23.3859,172
23.3916,170
23.397,171
23.4027,171
23.4081,171
23.4137,171
23.4191,170
23.4248,172
23.4305,173
23.4359,171
23.4416,172
23.4471,172
23.4528,173
23.4582,170
23.4639,171
23.4693,172
23.475,171
23.4804,172
23.4861,173
23.4915,171
23.4971,169
23.5026,170
23.5083,169
23.5137,170
23.5194,170
23.5248,172
23.5305,171
23.5359,172
23.5415,173
23.5469,170
23.5526,172
23.5583,171
23.5637,173
23.5694,170
23.5748,170
23.5805,169
23.5859,171
23.5916,175
23.597,172
23.6027,169
23.6081,171
23.6138,168
23.6192,174
23.6249,173
23.6303,171
23.636,174
23.6416,171
23.6471,173
23.6527,172
23.6581,173
23.6638,169
23.6692,171
23.6749,170
23.6803,172
23.686,170
23.6914,172
23.6971,175
23.7025,169
23.7082,172
23.7136,172
23.7193,171
23.7247,171
23.7304,170
23.7361,172
23.7415,171
23.7472,170
23.7526,172
23.7583,172
23.7637,170
23.7694,173
23.7748,171
23.7804,172
23.7858,172
23.7915,172
23.7972,171
23.8026,174
23.8083,171
23.8137,171
23.8194,171
23.8247,172
23.8304,171
23.8358,172
23.8415,171
23.8472,171
23.8526,172
23.8583,170
23.8637,168
23.8693,171
23.875,169
23.8804,171
23.8861,171
23.8915,170
23.8971,170
23.9028,170
23.9082,174
23.9139,171
23.9193,173
23.9249,171
23.9303,170
23.936,172
23.9414,172
23.9471,172
23.9527,173
23.9581,172
23.9638,170
23.9692,172
23.9749,171
23.9803,172
23.9858,172
23.9915,171
23.9972,172
24.0026,172
24.0083,174
24.0137,171
24.0194,171
24.0248,170
24.0305,172
24.0359,171
24.0416,170
24.047,172
24.0527,171
24.0581,169
24.0638,171
24.0692,173
24.0748,171
24.0805,172
24.0859,171
24.0916,171
24.097,169
24.1027,172
24.1081,169
24.1139,174
24.1193,174
24.1249,174
24.1303,171
24.136,171
24.1414,171
24.1471,171
24.1526,175
24.1582,171
24.1637,172
24.1693,173
24.175,174
24.1804,174
24.1859,173
24.1916,170
24.1972,170
24.2027,172
24.2083,170
24.2138,172
24.2195,170
24.2249,170
24.2306,172
24.236,175
24.2417,170
24.2471,169
24.2528,169
24.2582,172
24.2636,172
24.2693,173
24.275,171
24.2804,171
24.2861,171
24.2915,169
24.2972,174
24.3026,172
24.3083,173
24.3136,170
24.3193,170
24.3247,174
24.3304,172
24.3358,170
24.3415,172
24.347,168
24.3526,174
24.3583,172
24.3637,174
24.3694,173
24.3748,171
24.3805,172
24.3859,172
24.3916,173
24.397,169
24.4027,174
24.4081,171
24.4138,172
24.4192,171
24.4249,173
24.4306,174
24.436,171
24.4417,170
24.4471,175
24.4528,171
24.4582,172
24.4639,171
24.4693,169
24.475,174
24.4804,172
24.4861,173
24.4915,173
24.4972,172
24.5026,171
24.5082,171
24.5137,175
24.5193,170
24.525,171
24.5304,173
24.5361,173
24.5414,171
24.5471,172
24.5528,172
24.5582,169
24.5639,172
24.5693,171
24.575,171
24.5804,171
24.5861,171
24.5915,176
24.5972,172
24.6026,171
24.6083,172
24.6137,170
24.6194,172
24.6248,173
24.6305,173
24.6359,171
24.6416,171
24.647,171
24.6527,171
24.6581,172
24.6638,169
24.6692,170
24.6749,173
24.6803,172
24.686,174
24.6914,171
24.6971,173
24.7025,172
24.7082,173
24.7136,174
24.7193,173
24.725,172
24.7304,174
24.7361,172
24.7415,172
24.7472,170
24.7526,170
24.7583,174
24.7637,170
24.7694,172
24.7748,170
24.7805,168
24.7858,174
24.7915,171
24.7972,171
24.8026,172
24.8083,172
24.8137,172
24.8194,175
24.8248,174
24.8305,173
24.8359,172
24.8416,171
24.847,174
24.8527,173
24.8581,170
24.8638,171
24.8695,171
24.8749,170
24.8806,172
24.886,172
24.8917,174
24.8971,170
24.9028,171
24.9081,173
24.9138,174
24.9194,174
24.9249,171
24.9305,173
24.9359,173
24.9416,172
24.947,170
24.9527,172
24.9581,174
24.9638,172
24.9692,172
24.9749,172
24.9806,173
24.986,175
24.9917,172
24.9971,172
25.0027,171
25.0081,173
25.0138,171
25.0192,171
25.0249,169
25.0303,172
25.036,172
25.0414,172
25.0471,170
25.0526,173
25.0583,173
25.0637,169
25.0694,172
25.0748,173
25.0804,172
25.0859,172
25.0916,171
25.097,170
25.1027,173
25.1081,173
25.1138,171
25.1194,173
25.1249,171
25.1305,170
25.1359,169
25.1416,170
25.147,172
25.1527,170
25.1581,172
25.1638,171
25.1692,173
25.1749,169
25.1803,172
25.186,169
25.1915,171
25.1971,168
25.2026,173
25.2082,170
25.2136,172
25.2193,172
25.225,173
25.2304,172
25.2361,173
25.2415,172
25.2472,171
25.2526,173
25.2583,171
25.2637,172
25.2694,171
25.2747,173
25.2804,170
25.2861,173
25.2915,174
25.2972,173
25.3026,172
25.3083,170
25.3137,172
25.3194,171
25.3248,167
25.3305,173
25.3359,172
25.3415,172
25.3472,173
25.3526,171
25.3583,173
25.3637,172
25.3694,173
25.3748,172
25.3804,171
25.3859,174
25.3915,171
25.3972,174
25.4026,172
25.4083,173
25.4137,172
25.4193,173
25.425,171
25.4304,172
25.4361,170
25.4415,173
25.4471,167
25.4528,169
25.4582,173
25.4639,171
25.4693,171
25.4749,170
25.4803,173
25.486,171
25.4914,172
25.4971,169
25.5025,172
25.5082,173
25.5139,172
25.5193,171
25.5247,169
25.5304,171
25.5358,173
25.5416,172
25.547,172
25.5527,174
25.5581,169
25.5638,170
25.5692,170
25.5749,171
25.5803,170
25.586,173
25.5914,171
25.5971,174
25.6028,171
25.6082,171
25.6139,171
25.6193,171
25.6249,170
25.6303,169
25.636,170
25.6414,169
25.6471,171
25.6526,171
25.6582,169
25.6636,169
25.6693,172
25.675,171
25.6804,173
25.6861,171
25.6915,169
25.6972,171
25.7026,171
25.7083,169
25.7137,170
25.7194,174
25.7248,174
25.7305,170
25.7359,170
25.7416,171
25.747,172
25.7527,172
25.7581,170
25.7638,176
25.7692,175
25.7749,172
25.7806,175
25.786,174
25.7917,171
25.7971,174
25.8025,173
25.8082,170
25.8139,172
25.8193,169
25.825,173
25.8304,173
25.8361,171
25.8415,170
25.8472,171
25.8525,171
25.8582,172
25.8637,173
25.8692,172
25.8749,172
25.8806,173
25.886,172
25.8917,174
25.8971,175
25.9028,170
25.9082,173
25.9138,173
25.9192,171
25.9249,171
25.9303,171
25.936,170
25.9414,172
25.9471,172
25.9525,176
25.9582,172
25.9639,172
25.9693,173
25.975,176
25.9804,175
25.9861,172
25.9915,171
25.9972,174
26.0026,171
26.0118,171
26.0146,171
26.0194,172
26.0248,171
26.0305,167
26.0359,174
26.0416,169
26.047,171
26.0528,172
26.0582,172
26.0638,170
26.0729,170
26.0781,171
26.0804,173
26.0861,171
26.095,172
26.0987,172
26.1027,169
26.112,170
26.1188,171
26.1194,168
26.1248,171
26.1305,174
26.1359,171
26.1416,170
26.147,172
26.1527,170
26.1581,172
26.1638,170
26.1692,173
26.1749,170
26.1803,171
26.186,171
26.1914,173
26.1971,171
26.2025,171
26.2082,173
26.2137,174
26.2194,172
26.2248,171
26.2304,168
26.2359,171
26.2416,168
26.2472,169
26.2526,170
26.2583,171
26.2637,172
26.2694,170
26.2748,172
26.2805,170
26.2859,171
26.2916,171
26.297,168
26.3027,172
26.3081,173
26.3138,171
26.3195,171
26.3249,171
26.3306,172
26.336,172
26.3416,173
26.347,170
26.3527,171
26.3581,172
26.3638,169
26.3692,173
26.3749,170
26.3803,173
26.386,173
26.3917,173
26.3971,172
26.4028,169
26.4082,175
26.4139,173
26.4193,173
26.425,170
26.4304,174
26.4361,171
26.4415,172
26.4472,172
26.4526,173
26.4583,173
26.4637,172
26.4694,172
26.4748,172
26.4805,173
26.4859,172
26.4916,172
26.497,172
26.5027,173
26.5081,173
26.5138,173
26.5192,174
26.5249,174
26.5303,174
26.536,172
26.5417,172
26.5471,171
26.5528,174
26.5581,173
26.5638,174
26.5692,172
26.5749,173
26.5803,173
26.586,175
26.5914,174
26.5971,171
26.6025,172
26.6082,172
26.6139,171
26.6193,171
26.625,173
26.6304,172
26.6361,172
26.6415,173
26.6472,172
26.6526,172
26.6583,171
26.6637,174
26.6694,171
26.6748,172
26.6805,170
26.6859,172
26.6916,170
26.6973,170
26.7027,170
26.7081,172
26.7138,167
26.7195,171
26.7249,168
26.7306,171
26.736,171
26.7417,171
26.7471,172
26.7528,173
26.7582,174
26.7639,171
26.7693,172
26.775,173
26.7803,171
26.786,173
26.7915,173
26.7972,170
26.8026,174
26.8082,172
26.8139,169
26.8193,171
26.825,171
26.8304,169
26.8361,171
26.8415,173
26.8472,170
26.8526,172
26.8581,170
26.8638,168
26.8695,172
26.8749,173
26.8806,173
26.886,170
26.8917,171
26.8972,168
26.9026,171
26.9084,171
26.9138,171
26.9195,171
26.9248,172
26.9305,173
26.9362,172
26.9416,171
26.9473,172
26.9527,171
26.9584,171
26.9638,172
26.9694,172
26.9748,171
26.9805,170
26.9862,172
26.9916,169
26.997,169
27.0027,170
27.0084,168
27.0138,169
27.0195,171
27.0249,171
27.0306,170
27.036,169
27.0417,171
27.0471,171
27.0528,171
27.0582,171
27.0639,169
27.0693,170
27.0749,172
27.0806,170
27.0861,172
27.0917,174
27.0971,173
27.1028,172
27.1084,173
27.1139,172
27.1193,174
27.125,174
27.1305,173
27.1361,171
27.1416,172
27.1473,171
27.1527,171
27.1584,171
27.1638,171
27.1695,171
27.1749,170
27.1806,170
27.1862,173
27.1916,172
27.1973,171
27.2027,170
27.2084,171
27.2138,172
27.2195,172
27.2249,175
27.2304,173
27.2361,172
27.2415,171
27.2472,174
27.2528,169
27.2582,172
27.2639,172
27.2693,172
27.275,173
27.2804,171
27.2861,172
27.2916,173
27.2973,171
27.3027,173
27.3084,171
27.3138,173
27.3195,172
27.3249,173
27.3306,170
27.336,171
27.3417,173
27.3471,171
27.3528,172
27.3582,172
27.3639,169
27.3695,174
27.375,170
27.3806,171
27.386,171
27.3917,172
27.3972,170
27.4029,172
27.4083,174
27.4139,171
27.4194,171
27.4251,172
27.4305,169
27.4362,168
27.4416,170
27.4473,174
27.4527,174
27.4584,171
27.4638,171
27.4695,173
27.4749,173
27.4806,173
27.486,173
27.4917,175
27.4971,173
27.5028,171
27.5082,170
27.5139,172
27.5193,173
27.525,175
27.5304,174
27.5361,171
27.5415,172
27.5472,174
27.5529,175
27.5583,174
27.564,172
27.5694,173
27.5751,170
27.5805,171
27.5862,170
27.5916,172
27.5973,170
27.6027,171
27.6084,170
27.6138,172
27.6195,172
27.6249,172
27.6307,175
27.6361,170
27.6418,171
27.6472,174
27.6528,171
27.6583,173
27.664,170
27.6694,171
27.6751,171
27.6805,168
27.6862,171
27.6916,170
27.6973,165
27.7027,172
27.7084,170
27.7138,170
27.7195,172
27.7248,170
27.7305,172
27.7362,171
27.7416,170
27.7473,171
27.7527,173
27.7584,172
27.7638,173
27.7695,171
27.7749,172
27.7806,172
27.786,173
27.7917,171
27.7971,168
27.8028,171
27.8082,172
27.8139,170
27.8193,171
27.825,174
27.8307,172
27.8361,172
27.8418,171
27.8472,172
27.8529,173
27.8583,172
27.864,170
27.8693,174
27.875,173
27.8804,172
27.8861,173
27.8915,172
27.8972,172
27.9029,172
27.9083,171
27.914,172
27.9194,172
27.9251,170
27.9305,171
27.9362,171
27.9416,171
27.9473,172
27.9527,173
27.9584,172
27.9638,168
27.9695,173
27.975,174
27.9807,172
27.9861,173
27.9918,175
27.9972,169
28.0029,170
28.0083,172
28.014,172
28.0194,172
28.0251,174
28.0305,175
28.0362,171
28.0416,170
28.0473,173
28.0528,173
28.0582,173
28.0639,173
28.0694,171
28.0751,172
28.0805,173
28.0862,173
28.0916,172
28.0973,172
28.1027,172
28.1084,173
28.1138,171
28.1195,170
28.1249,174
28.1306,172
28.1362,173
28.1417,172
28.1473,172
28.1527,170
28.1584,174
28.1638,173
28.1695,171
28.1749,171
28.1806,171
28.186,174
28.1917,171
28.1971,172
28.2028,171
28.2082,172
28.2139,172
28.2193,170
28.225,171
28.2307,171
28.2361,170
28.2418,172
28.2472,171
28.2529,171
28.2583,169
28.264,172
28.2694,172
28.2751,169
28.2805,168
28.2862,172
28.2916,171
28.2973,173
28.3027,172
28.3084,172
28.3138,173
28.3195,173
28.3249,170
28.3306,171
28.336,171
28.3417,172
28.3471,173
28.3528,171
28.3583,172
28.364,171
28.3694,173
28.3751,174
28.3805,172
28.3862,173
28.3916,170
28.3973,170
28.4027,171
28.4084,170
28.4138,169
28.4195,170
28.4252,173
28.4306,173
28.4363,174
28.4417,173
28.4474,172
28.4528,175
28.4585,174
28.4639,168
28.4696,169
28.475,167
28.4807,173
28.4861,170
28.4916,173
28.4973,171
28.5027,173
28.5084,169
28.5138,173
28.5194,171
28.5251,172
28.5305,171
28.5362,172
28.5416,172
28.5472,174
28.5529,171
28.5583,170
28.564,173
28.5694,173
28.575,171
28.5807,172
28.5861,172
28.5918,172
28.5972,173
28.6028,171
28.6082,171
28.6139,171
28.6193,172
28.625,170
28.6305,170
28.6362,171
28.6416,173
28.6473,172
28.6527,170
28.6584,173
28.6638,174
28.6695,172
28.6752,174
28.6806,171
28.6862,174
28.6916,170
28.6973,173
28.7027,173
28.7084,174
28.7138,170
28.7195,172
28.7249,172
28.7306,171
28.736,172
28.7417,170
28.7471,171
28.7528,173
28.7582,175
28.7639,171
28.7693,172
28.775,172
28.7804,171
28.7861,172
28.7918,173
28.7972,172
28.8029,170
28.8083,172
28.814,171
28.8194,173
28.8251,173
28.8305,174
28.8362,171
28.8416,169
28.8473,172
28.8527,170
28.8584,172
28.8638,172
28.8695,171
28.8749,174
28.8806,174
28.886,173
28.8917,169
28.8971,171
28.9028,173
28.9085,171
28.9139,173
28.9196,170
28.925,171
28.9307,172
28.9361,173
28.9418,172
28.9472,172
28.9529,172
28.9583,171
28.964,172
28.9694,168
28.9751,171
28.9805,171
28.9862,173
28.9916,173
28.9973,173
29.0027,173
29.0084,171
29.0138,175
29.0195,174
29.0249,172
29.0306,174
29.036,173
29.0418,171
29.0472,173
29.0529,174
29.0583,171
29.064,173
29.0695,172
29.0749,173
29.0805,174
29.0862,172
29.0916,171
29.0973,173
29.1027,171
29.1084,170
29.1138,170
29.1195,171
29.1249,174
29.1306,172
29.136,171
29.1417,173
29.1474,172
29.1527,173
29.1584,173
29.164,172
29.1695,172
29.1752,171
29.1806,172
29.186,172
29.1917,173
29.1971,172
29.2028,173
29.2082,174
29.2139,173
29.2196,171
29.2249,172
29.2306,170
29.236,172
29.2417,173
29.2472,175
29.2528,172
29.2583,171
29.264,173
29.2694,172
29.2749,171
29.2806,173
29.286,172
29.2917,171
29.2972,173
29.3028,174
29.3083,172
29.3139,170
29.3194,169
29.3251,173
29.3305,171
29.3362,171
29.3416,173
29.3471,171
29.3528,172
29.3583,171
29.364,172
29.3694,175
29.375,171
29.3805,171
29.3862,171
29.3916,174
29.3973,171
29.4029,171
29.4084,171
29.414,172
29.4193,175
29.4251,170
29.4305,172
29.4361,172
29.4418,172
29.4472,173
29.4529,173
29.4583,173
29.464,173
29.4694,172
29.4751,175
29.4805,176
29.4862,177
29.4916,173
29.4973,175
29.5027,174
29.5084,172
29.5138,174
29.5195,174
29.5249,172
29.5306,173
29.5363,175
29.5417,174
29.5474,170
29.5528,173
29.5585,171
29.5638,172
29.5695,170
29.5749,172
29.5806,170
29.586,171
29.5917,172
29.5974,174
29.6028,172
29.6085,170
29.6139,170
29.6196,173
29.625,173
29.6307,171
29.636,170
29.6417,171
29.6471,167
29.6528,170
29.6585,172
29.6639,173
29.6696,174
29.675,172
29.6807,172
29.6861,173
29.6918,171
29.6972,171
29.7029,170
29.7083,172
29.714,172
29.7194,172
29.7251,172
29.7305,172
29.7362,173
29.7419,171
29.7473,170
29.753,172
29.7582,174
29.7639,174
29.7696,173
29.775,173
29.7807,173
29.7861,171
29.7918,173
29.7973,173
29.8029,171
29.8084,173
29.8141,170
29.8195,172
29.8252,174
29.8306,171
29.8362,170
29.8417,172
29.8473,173
29.8528,173
29.8585,172
29.8639,171
29.8696,171
29.875,171
29.8807,172
29.8861,173
29.8918,171
29.8972,173
29.9029,171
29.9083,173
29.914,171
29.9194,174
29.9251,174
29.9305,172
29.9362,173
29.9416,172
29.9473,172
29.9527,174
29.9584,173
29.9641,172
29.9695,174
29.9752,171
29.9806,169
29.9863,173
29.9917,172
29.9974,172
30.0028,169
30.0085,171
30.0139,173
30.0196,172
30.025,172
30.0307,173
30.0361,173
30.0416,170
30.0473,172
30.0527,171
30.0584,171
30.0638,173
30.0694,172
30.0751,171
30.0805,172
30.0862,171
30.0916,170
30.0972,170
30.1029,173
30.1083,170
30.114,170
30.1194,172
30.125,172
30.1307,170
30.1361,171
30.1418,171
30.1472,173
30.1528,172
30.1585,170
30.1639,170
30.1696,172
30.175,172
30.1806,171
30.186,176
30.1917,170
30.1974,171
30.2028,172
30.2085,172
30.2139,173
30.2195,171
30.225,172
30.2307,174
30.2361,175
30.2418,174
30.2472,170
30.2529,174
30.2583,172
30.264,174
30.2694,172
30.2751,174
30.2805,173
30.2862,172
30.2916,170
30.2973,175
30.3027,174
30.3084,173
30.3138,174
30.3195,172
30.3249,172
30.3306,171
30.336,173
30.3417,170
30.3472,172
30.3529,173
30.3583,174
30.3639,171
30.3696,171
30.375,173
30.3807,171
30.3861,171
30.3918,173
30.3972,170
30.4029,174
30.4083,175
30.414,171
30.4194,173
30.4252,174
30.4306,172
30.4362,173
30.4416,173
30.4474,170
30.4528,175
30.4585,172
30.4639,171
30.4696,171
30.475,172
30.4807,171
30.4861,174
30.4918,172
30.4972,173
30.5029,171
30.5083,171
30.514,170
30.5194,171
30.5251,174
30.5305,172
30.5362,172
30.5416,172
30.5473,174
30.5527,173
30.5584,172
30.5641,172
30.5695,172
30.5752,175
30.5806,170
30.5863,171
30.5917,170
30.5974,171
30.6028,171
30.6085,171
30.6139,171
30.6196,172
30.6251,172
30.6307,170
30.6362,171
30.6418,172
30.6473,173
30.653,173
30.6584,171
30.6641,174
30.6695,171
30.6752,175
30.6806,172
30.6863,172
30.6917,173
30.6974,172
30.7028,172
30.7085,174
30.7139,173
30.7196,171
30.7252,172
30.7306,172
30.7363,169
30.7417,171
30.7474,175
30.7527,170
30.7584,170
30.7638,170
30.7695,171
30.7749,167
30.7806,171
30.786,168
30.7917,169
30.7971,171
30.8028,170
30.8083,169
30.814,170
30.8197,169
30.8251,169
30.8305,170
30.8362,170
30.8416,171
30.8473,171
30.8527,169
30.8584,169
30.8638,168
30.8695,169
30.875,168
30.8806,171
30.8863,172
30.8917,172
30.8974,171
30.9028,170
30.9085,172
30.9138,170
30.9195,170
30.9249,168
30.9307,172
30.9361,169
30.9418,172
30.9472,172
30.9529,169
30.9583,169
30.964,171
30.9694,170
30.9751,169
30.9805,170
30.9862,172
30.9916,170
30.9973,170
31.003,171
31.0084,171
31.0141,171
31.0194,169
31.0251,170
31.0305,172
31.0362,167
31.0416,171
31.0473,167
31.0527,167
31.0584,167
31.0641,170
31.0695,171
31.0752,171
31.0806,172
31.0863,169
31.0916,170
31.0973,169
31.1027,169
31.1084,170
31.1138,170
31.1195,169
31.1249,172
31.1306,170
31.1363,170
31.1417,170
31.1474,171
31.1528,171
31.1585,171
31.1639,171
31.1696,170
31.175,171
31.1807,172
31.1861,171
31.1918,168
31.1973,170
31.203,172
31.2084,172
31.214,167
31.2194,170
31.2251,170
31.2305,169
31.2362,169
31.2416,170
31.2473,171
31.253,171
31.2584,170
31.2641,171
31.2695,170
31.2752,173
31.2806,170
31.2863,168
31.2917,169
31.2974,171
31.3028,168
31.3085,169
31.3139,170
31.3196,172
31.325,171
31.3307,172
31.3361,171
31.3418,172
31.3472,171
31.3529,171
31.3583,173
31.364,169
31.3694,170
31.3751,168
31.3805,172
31.3862,172
31.3919,171
31.3973,172
31.403,168
31.4083,170
31.414,170
31.4194,172
31.4251,171
31.4305,173
31.4362,173
31.4416,171
31.4473,169
31.453,172
31.4584,171
31.4641,170
31.4695,172
31.4752,171
31.4806,172
31.4863,173
31.4917,169
31.4974,170
31.5028,170
31.5085,172
31.5139,174
31.5196,173
31.525,174
31.5305,173
31.5362,174
31.5416,169
31.5473,169
31.553,171
31.5584,170
31.5638,171
31.5695,169
31.5752,173
31.5806,170
31.5863,170
31.5916,170
31.5973,171
31.6027,174
31.6084,170
31.6138,171
31.6195,171
31.6251,170
31.6306,169
31.6362,169
31.6417,171
31.6473,172
31.653,171
31.6584,172
31.6641,167
31.6695,172
31.6751,172
31.6808,171
31.6862,173
31.6919,171
31.6973,172
31.7029,171
31.7083,171
31.714,173
31.7197,172
31.7251,171
31.7305,170
31.7362,172
31.7416,172
31.7473,171
31.7527,171
31.7584,168
31.7638,169
31.7695,172
31.7752,170
31.7806,171
31.7863,171
31.7917,170
31.7974,168
31.8028,172
31.8085,172
31.8139,170
31.8196,168
31.825,168
31.8307,170
31.8361,169
31.8418,176
31.8472,170
31.8529,171
31.8586,171
31.864,169
31.8694,170
31.8751,172
31.8808,173
31.8862,169
31.8916,172
31.8973,171
31.903,170
31.9084,173
31.9141,172
31.9194,168
31.9251,171
31.9305,171
31.9362,171
31.9416,167
31.9473,171
31.9527,168
31.9584,168
31.9641,172
31.9695,174
31.9752,169
31.9807,173
31.9863,170
31.9916,173
31.9973,171
32.0027,171
32.0084,170
32.0138,172
32.0195,171
32.0249,166
32.0306,171
32.0363,171
32.0418,170
32.0475,171
32.0529,172
32.0583,171
32.0639,171
32.0695,172
32.075,170
32.0807,169
32.0861,170
32.0918,171
32.0975,171
32.1029,171
32.1086,170
32.114,169
32.1197,172
32.1251,171
32.1308,170
32.1361,172
32.1418,171
32.1472,168
32.1529,170
32.1585,173
32.1639,166
32.1696,171
32.1751,169
32.1808,170
32.1862,171
32.1919,170
32.1973,172
32.203,171
32.2084,170
32.2141,171
32.2195,171
32.2252,172
32.2306,172
32.2363,170
32.2417,171
32.2474,169
32.2528,167
32.2585,171
32.2639,172
32.2696,173
32.275,171
32.2807,172
32.2861,168
32.2919,172
32.2973,170
32.303,171
32.3084,172
32.3141,170
32.3195,172
32.3252,168
32.3306,171
32.3363,172
32.3417,169
32.3474,168
32.3528,172
32.3585,168
32.3639,170
32.3696,171
32.375,170
32.3807,170
32.3861,170
32.3918,171
32.3972,171
32.4029,173
32.4083,170
32.414,170
32.4194,171
32.4251,171
32.4306,170
32.4363,171
32.4417,170
32.4474,172
32.4528,170
32.4585,169
32.4639,170
32.4696,172
32.475,170
32.4807,171
32.4861,175
32.4918,169
32.4972,171
32.5029,172
32.5083,169
32.514,170
32.5194,170
32.5251,169
32.5306,171
32.5363,170
32.5417,171
32.5474,170
32.5528,174
32.5585,169
32.5639,170
32.5696,170
32.575,173
32.5807,169
32.5861,171
32.5918,171
32.5972,171
32.6029,171
32.6084,172
32.614,171
32.6195,170
32.6252,169
32.6306,170
32.6363,173
32.6417,174
32.6474,172
32.6528,170
32.6585,169
32.6639,170
32.6696,172
32.675,174
32.6806,172
32.6861,168
32.6917,172
32.6974,174
32.7028,168
32.7085,171
32.7139,170
32.7196,172
32.725,171
32.7307,173
32.7361,169
32.7418,171
32.7472,171
32.7529,172
32.7583,170
32.764,172
32.7694,171
32.7751,169
32.7806,171
32.7863,170
32.7917,171
32.7974,173
32.8028,173
32.8085,171
32.8139,169
32.8196,171
32.825,171
32.8307,170
32.8362,169
32.8418,171
32.8473,169
32.853,171
32.8584,167
32.864,170
32.8695,171
32.8751,168
32.8806,170
32.8863,170
32.8917,169
32.8974,171
32.9028,169
32.9085,169
32.9139,170
32.9196,170
32.925,170
32.9307,168
32.9361,168
32.9418,169
32.9475,169
32.9527,169
32.9584,170
32.9641,172
32.9695,172
32.9752,172
32.9806,168
32.9863,168
32.9917,172
32.9974,169
33.0027,169
33.0084,169
33.0138,170
33.0195,173
33.0252,170
33.0306,173
33.0363,168
33.0416,172
33.0473,171
33.0527,170
33.0584,173
33.0638,172
33.0696,170
33.075,173
33.0805,173
33.0862,168
33.0916,170
33.0973,171
33.1028,174
33.1083,170
33.1139,171
33.1194,171
33.125,171
33.1305,173
33.1361,170
33.1417,170
33.1472,167
33.1528,172
33.1583,169
33.1639,167
33.1695,171
33.175,173
33.1806,169
33.1861,171
33.1917,170
33.1973,169
33.2028,169
33.2084,171
33.2139,171
33.2195,170
33.225,172
33.2306,168
33.2361,172
33.2417,170
33.2473,168
33.2528,169
33.2584,171
33.2639,170
33.2695,167
33.2751,170
33.2806,171
33.2862,174
33.2917,177
33.2973,172
33.3028,175
33.3084,174
33.314,174
33.3195,172
33.3251,173
33.3306,174
33.3362,171
33.3417,172
33.3473,170
33.3529,173
33.3584,172
33.364,170
33.3694,172
33.3751,170
33.3805,173
33.3862,171
33.3916,170
33.3972,170
33.4029,170
33.4084,171
33.414,171
33.4196,170
33.4251,169
33.4305,171
33.4362,173
33.4416,171
33.4473,173
33.4527,171
33.4584,171
33.464,170
33.4694,171
33.4751,172
33.4805,171
33.4862,173
33.4917,171
33.4974,173
33.5027,170
33.5084,172
33.5138,172
33.5194,172
33.5251,172
33.5307,172
33.5361,171
33.5418,173
33.5472,172
33.5529,173
33.5583,170
33.564,170
33.5695,166
33.5752,174
33.5806,172
33.5863,172
33.5917,171
33.5973,173
33.6027,172
33.6084,171
33.6141,172
33.6195,170
33.6252,173
33.6306,171
33.6363,172
33.6417,170
33.6474,169
33.6528,171
33.6585,172
33.6639,172
33.6696,172
33.675,172
33.6807,172
33.6861,173
33.6918,171
33.6972,169
33.7029,172
33.7085,173
33.714,171
33.7196,173
33.7251,174
33.7308,172
33.7362,171
33.7419,169
33.7473,169
33.753,169
33.7584,170
33.7641,171
33.7695,173
33.7752,169
33.7806,172
33.7863,171
33.7917,171
33.7974,171
33.8028,169
33.8085,170
33.8139,170
33.8196,170
33.825,171
33.8307,171
33.8361,173
33.8418,172
33.8475,169
33.8529,170
33.8586,170
33.864,170
33.8697,171
33.8751,171
33.8808,173
33.8862,171
33.8919,172
33.8973,172
33.903,171
33.9084,171
33.9141,171
33.9195,170
33.9252,172
33.9305,171
33.9362,171
33.9416,171
33.9473,172
33.9527,172
33.9584,171
33.9639,170
33.9696,172
33.9753,172
33.9807,170
33.9864,171
33.9918,171
33.9975,171
34.0028,173
34.0085,171
34.0139,172
34.0195,173
34.025,171
34.0306,172
34.0361,170
34.0418,171
34.0475,170
34.0529,171
34.0583,171
34.064,171
34.0697,168
34.075,171
34.0807,168
34.0861,171
34.0918,172
34.0972,170
34.1029,172
34.1086,171
34.114,169
34.1197,170
34.1251,171
34.1308,169
34.1362,171
34.1419,171
34.1473,171
34.153,167
34.1584,171
34.1641,171
34.1695,170
34.1752,170
34.1806,168
34.1863,172
34.1917,171
34.1972,171
34.2029,171
34.2083,168
34.214,170
34.2194,171
34.2251,170
34.2305,170
34.2362,170
34.2419,172
34.2473,171
34.253,169
34.2584,170
34.2641,172
34.2695,169
34.2752,170
34.2806,172
34.2863,169
34.2917,170
34.2974,169
34.3029,168
34.3086,170
34.314,170
34.3194,168
34.3251,169
34.3305,171
34.3362,169
34.3416,168
34.3474,167
34.3528,172
34.3584,173
34.3641,170
34.3696,168
34.3752,171
34.3807,171
34.3864,171
34.3917,171
34.3974,172
34.4028,170
34.4085,169
34.4142,171
34.4196,173
34.4253,170
34.4307,172
34.4364,171
34.4418,170
34.4475,169
34.4529,171
34.4586,170
34.4639,172
34.4696,171
34.4753,171
34.4807,169
34.4864,169
34.4918,166
34.4975,169
34.5029,172
34.5086,171
34.514,173
34.5197,169
34.5251,170
34.5308,171
34.5362,170
34.5419,170
34.5473,171
34.553,171
34.5584,173
34.5641,170
34.5695,171
34.5752,169
34.5806,171
34.5863,171
34.5917,170
34.5974,169
34.6028,170
34.6085,168
34.6139,170
34.6196,171
34.625,169
34.6307,170
34.6361,171
34.6418,170
34.6472,168
34.6529,170
34.6583,171
34.664,172
34.6697,170
34.6752,169
34.6806,171
34.6863,171
34.6917,171
34.6974,168
34.7028,171
34.7085,169
34.7139,170
34.7194,171
34.7251,172
34.7305,169
34.7362,168
34.7419,172
34.7472,172
34.7529,171
34.7584,169
34.764,168
34.7695,166
34.775,168
34.7807,172
34.7861,171
34.7918,166
34.7972,170
34.8029,170
34.8085,172
34.814,173
34.8197,169
34.8251,170
34.8307,169
34.8364,169
34.8418,171
34.8475,173
34.8529,171
34.8585,172
34.8639,167
34.8696,172
34.875,169
34.8807,167
34.8861,167
34.8918,169
34.8973,170
34.9029,173
34.9083,170
34.914,171
34.9195,170
34.9251,171
34.9305,171
34.9363,170
34.9417,171
34.9474,173
34.9528,170
34.9585,170
34.9639,169
34.9696,169
34.9751,169
34.9807,170
34.9862,171
34.9918,172
34.9973,170
35.0029,171
35.0084,172
35.0141,170
35.0194,169
35.0251,169
35.0306,172
35.0362,170
35.0419,168
35.0473,169
35.0528,172
35.0585,172
35.0639,172
35.0696,172
35.075,172
35.0807,172
35.0861,170
35.0917,170
35.0974,173
35.1028,169
35.1085,170
35.1141,169
35.1196,169
35.1253,169
35.1307,170
35.1364,170
35.1418,167
35.1475,169
35.1529,170
35.1583,170
35.1639,170
35.1696,170
35.175,169
35.1807,171
35.1864,169
35.1918,170
35.1972,171
35.2029,171
35.2083,169
35.214,172
35.2194,167
35.2251,171
35.2306,167
35.2361,172
35.2418,169
35.2472,170
35.2529,168
35.2583,172
35.264,170
35.2694,171
35.2751,170
35.2805,171
35.2863,170
35.292,172
35.2974,171
35.3031,170
35.3083,170
35.314,166
35.3194,170
35.3251,172
35.3306,170
35.3362,171
35.3417,170
35.3473,168
35.353,168
35.3584,169
35.3641,167
35.3696,171
35.3753,174
35.3807,170
35.3863,170
35.3918,170
35.3974,170
35.4028,170
35.4085,168
35.4139,172
35.4197,170
35.4251,172
35.4306,171
35.4363,169
35.4417,170
35.4473,171
35.4528,169
35.4584,171
35.4641,171
35.4695,170
35.4752,171
35.4806,170
35.4863,171
35.4917,170
35.4974,172
35.5028,170
35.5085,171
35.5139,171
35.5196,170
35.525,172
35.5307,171
35.5364,169
35.5418,173
35.5475,169
35.5529,167
35.5586,171
35.564,170
35.5697,171
35.575,167
35.5807,169
35.5864,171
35.5918,171
35.5975,171
35.6029,170
35.6086,172
35.614,170
35.6197,171
35.6252,170
35.6306,167
35.6363,170
35.6417,171
35.6472,168
35.6529,169
35.6586,170
35.6641,171
35.6695,170
35.6752,170
35.6809,169
35.6863,170
35.692,172
35.6974,172
35.7031,172
35.7085,171
35.7142,169
35.7196,172
35.7253,175
35.7307,172
35.7364,170
35.7418,172
35.7475,170
35.7529,170
35.7586,169
35.764,173
35.7697,172
35.7751,171
35.7808,170
35.7862,170
35.7919,170
35.7973,171
35.803,170
35.8084,171
35.8141,170
35.8195,170
35.8252,170
35.8306,171
35.8363,168
35.8417,170
35.8474,169
35.8531,168
35.8585,170
35.8642,167
35.8696,169
35.8753,171
35.8807,168
35.8864,170
35.8918,170
35.8975,170
35.9029,169
35.9086,169
35.9139,169
35.9196,171
35.9253,170
35.9307,169
35.9364,170
35.9419,171
35.9475,170
35.953,169
35.9587,171
35.9641,170
35.9695,171
35.9752,171
35.9806,169
35.9863,170
35.9917,169
35.9974,169
36.0028,168
36.0085,170
36.0139,167
36.0196,171
36.025,169
36.0308,172
36.0362,171
36.0419,171
36.0475,170
36.053,169
36.0587,170
36.0641,169
36.0698,168
36.0752,168
36.0809,170
36.0863,170
36.092,169
36.0974,171
36.1031,168
36.1085,171
36.1142,171
36.1196,167
36.1253,169
36.1307,172
36.1364,170
36.1418,169
36.1475,170
36.1529,171
36.1586,172
36.164,170
36.1697,171
36.1751,171
36.1808,172
36.1862,169
36.1919,170
36.1973,169
36.203,170
36.2084,170
36.2141,168
36.2196,172
36.2253,171
36.2307,170
36.2364,173
36.2418,171
36.2474,169
36.2531,172
36.2586,173
36.264,170
36.2695,169
36.2752,170
36.2806,170
36.2863,170
36.2917,169
36.2973,171
36.303,172
36.3084,172
36.3141,169
36.3195,173
36.3251,171
36.3308,169
36.3362,169
36.3419,171
36.3473,171
36.3529,170
36.3586,171
36.364,172
36.3697,171
36.3751,170
36.3807,171
36.3864,169
36.3919,169
36.3976,171
36.403,172
36.4086,170
36.414,169
36.4197,171
36.4253,170
36.4308,171
36.4364,169
36.4418,169
36.4475,172
36.4529,172
36.4586,170
36.464,170
36.4697,170
36.4751,172
36.4808,171
36.4865,170
36.4919,169
36.4976,170
36.503,171
36.5087,172
36.5141,170
36.5198,170
36.5252,169
36.5309,170
36.5363,172
36.542,172
36.5474,170
36.5531,171
36.5585,171
36.5642,172
36.5696,171
36.5753,173
36.5807,173
36.5864,172
36.5918,173
36.5975,172
36.6029,171
36.6086,169
36.6141,169
36.6197,171
36.6252,170
36.6309,168
36.6363,172
36.642,168
36.6474,171
36.6531,170
36.6585,171
36.6642,169
36.6696,169
36.6753,174
36.6807,172
36.6864,169
36.6918,171
36.6975,171
36.7029,169
36.7086,170
36.714,170
36.7198,168
36.7252,168
36.7309,173
36.7363,171
36.7419,172
36.7474,170
36.753,172
36.7584,168
36.7641,172
36.7695,172
36.7752,175
36.7806,172
36.7863,170
36.792,168
36.7974,171
36.8031,172
36.8085,172
36.8142,171
36.8196,173
36.8253,169
36.8307,172
36.8364,174
36.8418,170
36.8475,171
36.8529,173
36.8586,173
36.8641,171
36.8698,172
36.8752,173
36.8809,172
36.8863,173
36.892,173
36.8974,174
36.9031,173
36.9085,173
36.9142,173
36.9196,171
36.9253,173
36.9306,173
36.9364,172
36.9418,172
36.9475,172
36.9529,172
36.9586,171
36.964,174
36.9697,172
36.9754,175
36.9807,170
36.9864,173
36.9918,172
36.9975,175
37.0029,174
37.0086,173
37.014,172
37.0197,174
37.0251,174
37.0308,172
37.0365,172
37.0419,172
37.0476,173
37.053,173
37.0587,170
37.0641,174
37.0696,172
37.0751,173
37.0808,173
37.0862,172
37.0919,171
37.0973,172
37.103,171
37.1084,172
37.1141,173
37.1198,174
37.1252,171
37.1309,173
37.1363,176
37.142,173
37.1474,173
37.1531,172
37.1585,174
37.1642,174
37.1696,172
37.1753,173
37.1807,174
37.1864,172
37.1918,174
37.1973,171
37.203,173
37.2084,173
37.2141,175
37.2195,174
37.2252,174
37.2306,174
37.2363,173
37.2418,173
37.2474,172
37.2531,174
37.2585,172
37.2642,174
37.2696,174
37.2753,174
37.2807,174
37.2863,172
37.2918,172
37.2974,174
37.3031,174
37.3085,175
37.3142,176
37.3196,173
37.3253,175
37.3307,172
37.3364,174
37.3418,173
37.3475,174
37.3529,173
37.3586,173
37.364,173
37.3697,173
37.3754,175
37.3808,174
37.3865,171
37.3919,172
37.3976,174
37.403,173
37.4087,173
37.4141,174
37.4198,173
37.4252,173
37.4308,172
37.4363,174
37.442,173
37.4474,173
37.4531,174
37.4585,174
37.464,172
37.4697,173
37.4751,172
37.4808,176
37.4865,174
37.4919,173
37.4976,173
37.503,172
37.5087,172
37.5141,173
37.5198,172
37.5252,173
37.5309,173
37.5362,175
37.5419,174
37.5473,173
37.553,175
37.5587,177
37.5641,173
37.5698,174
37.5752,173
37.5809,175
37.5863,174
37.592,173
37.5974,174
37.6031,173
37.6085,170
37.6142,171
37.6196,173
37.6253,172
37.6307,174
37.6364,172
37.6421,173
37.6475,173
37.6532,174
37.6586,172
37.6643,173
37.6697,173
37.6754,173
37.6808,172
37.6865,172
37.6919,171
37.6976,171
37.703,173
37.7087,174
37.7141,172
37.7198,174
37.7252,173
37.7307,171
37.7364,173
37.7418,169
37.7475,171
37.7532,172
37.7586,172
37.7643,171
37.7697,174
37.7754,172
37.7808,171
37.7865,173
37.7918,173
37.7975,172
37.8029,172
37.8086,169
37.814,173
37.8196,173
37.8253,172
37.8307,172
37.8364,172
37.8418,172
37.8474,175
37.8529,172
37.8586,171
37.864,170
37.8697,172
37.8751,171
37.8808,170
37.8865,172
37.8919,169
37.8976,172
37.903,173
37.9087,173
37.9141,169
37.9198,170
37.9251,171
37.9308,171
37.9362,173
37.9419,175
37.9476,173
37.953,172
37.9587,171
37.9641,174
37.9698,171
37.9752,171
37.9809,170
37.9863,170
37.992,173
37.9974,172
38.0031,171
38.0085,173
38.0142,173
38.0196,171
38.0253,173
38.031,173
38.0364,172
38.0421,173
38.0475,172
38.0532,175
38.0586,173
38.0643,173
38.0697,172
38.0754,173
38.0808,172
38.0865,174
38.0919,174
38.0976,177
38.103,176
38.1087,173
38.1141,175
38.1198,175
38.1252,175
38.1309,175
38.1363,176
38.142,174
38.1474,175
38.1531,174
38.1585,175
38.1642,173
38.1696,174
38.1753,175
38.1807,174
38.1864,172
38.1921,171
38.1975,174
38.2032,172
38.2086,173
38.2143,176
38.2197,175
38.2253,175
38.2308,173
38.2364,175
38.2419,176
38.2476,174
38.253,171
38.2586,172
38.2641,174
38.2697,171
38.2752,171
38.2809,173
38.2863,172
38.292,172
38.2974,173
38.3031,173
38.3085,173
38.3142,173
38.3196,176
38.3253,172
38.3307,173
38.3364,172
38.3418,171
38.3475,171
38.3532,172
38.3586,173
38.3643,172
38.3697,172
38.3754,171
38.3808,174
38.3865,173
38.3919,168
38.3976,170
38.403,173
38.4087,173
38.4141,171
38.4198,172
38.4252,172
38.4309,172
38.4363,174
38.442,174
38.4474,174
38.4531,171
38.4585,173
38.4642,174
38.4696,173
38.4753,175
38.4807,172
38.4864,172
38.4918,174
38.4975,173
38.5029,174
38.5086,171
38.5141,174
38.5198,173
38.5252,172
38.5309,174
38.5362,175
38.5419,174
38.5474,172
38.5531,175
38.5585,174
38.5642,173
38.5699,174
38.5753,171
38.581,175
38.5864,172
38.5921,172
38.5975,172
38.6032,172
38.6086,173
38.6143,174
38.6197,175
38.6254,175
38.6308,173
38.6365,173
38.6419,173
38.6476,171
38.653,174
38.6587,173
38.6641,176
38.6698,175
38.6752,173
38.6809,174
38.6865,173
38.6919,170
38.6976,172
38.703,173
38.7087,174
38.7141,171
38.7199,175
38.7253,174
38.731,173
38.7364,173
38.7421,173
38.7474,173
38.7531,174
38.7585,172
38.7642,172
38.7696,173
38.7753,173
38.7807,178
38.7864,176
38.7918,177
38.7975,177
38.8032,178
38.8086,177
38.8143,174
38.8197,173
38.8254,173
38.8308,173
38.8365,173
38.8419,172
38.8475,172
38.8529,171
38.8586,172
38.8643,172
38.8697,173
38.8754,170
38.8808,174
38.8865,172
38.8919,172
38.8976,174
38.903,173
38.9087,171
38.9141,173
38.9198,174
38.9252,173
38.9309,172
38.9363,170
38.942,171
38.9474,173
38.9531,170
38.9588,173
38.9642,173
38.9699,175
38.9753,173
38.981,174
38.9864,172
38.9921,173
38.9975,175
39.0031,173
39.0087,174
39.0141,173
39.0198,176
39.0252,174
39.0308,174
39.0363,174
39.0419,173
39.0474,174
39.0531,172
39.0588,171
39.0642,173
39.0699,172
39.0753,172
39.081,173
39.0864,173
39.0918,174
39.0975,175
39.1032,173
39.1086,173
39.1143,173
39.1197,174
39.1254,173
39.1308,173
39.1363,172
39.142,174
39.1474,172
39.1531,173
39.1585,173
39.1642,175
39.1696,171
39.1753,175
39.181,171
39.1864,172
39.1921,171
39.1975,174
39.2032,172
39.2085,175
39.2142,173
39.2196,173
39.2253,173
39.231,173
39.2364,170
39.2421,170
39.2475,170
39.2532,171
39.2586,172
39.2643,171
39.2697,171
39.2754,171
39.2807,168
39.2864,170
39.2921,170
39.2976,167
39.303,170
39.3087,171
39.3143,171
39.3197,170
39.3254,171
39.3308,169
39.3366,170
39.3418,171
39.3475,169
39.3532,170
39.3586,170
39.3643,170
39.3696,169
39.3753,171
39.3808,167
39.3865,168
39.3919,170
39.3974,168
39.4031,171
39.4085,167
39.4142,170
39.4196,168
39.4253,168
39.431,171
39.4364,170
39.4421,172
39.4475,170
39.4531,170
39.4588,171
39.4642,172
39.4699,169
39.4753,170
39.4809,171
39.4863,172
39.492,173
39.4977,171
39.5031,172
39.5087,172
39.5141,173
39.5198,171
39.5252,171
39.5309,172
39.5363,172
39.542,171
39.5474,171
39.5531,171
39.5585,173
39.5642,172
39.5697,176
39.5754,170
39.5808,174
39.5865,174
39.5919,172
39.5976,172
39.603,174
39.6087,173
39.6141,172
39.6198,173
39.6252,172
39.6309,173
39.6363,173
39.642,172
39.6474,169
39.6531,172
39.6585,173
39.6642,173
39.6696,174
39.6753,172
39.681,171
39.6864,174
39.6921,171
39.6975,171
39.7032,173
39.7086,173
39.7143,172
39.7197,171
39.7254,171
39.7308,171
39.7365,173
39.7419,172
39.7476,174
39.753,173
39.7587,172
39.7641,172
39.7698,172
39.7753,171
39.781,174
39.7864,173
39.7921,174
39.7975,173
39.8032,171
39.8086,173
39.8143,172
39.8197,172
39.8254,174
39.8308,174
39.8365,174
39.8419,174
39.8476,174
39.8533,174
39.8587,172
39.8643,174
39.8698,172
39.8754,171
39.8809,172
39.8863,174
39.892,172
39.8977,174
39.9031,175
39.9088,173
39.9142,171
39.9199,173
39.9253,175
39.931,172
39.9364,172
39.9421,174
39.9475,173
39.9532,173
39.9585,172
39.9642,174
39.9696,173
39.9753,173
39.9807,172
39.9864,173
39.9918,173
39.9975,169
40.0029,173
40.0086,173
40.0143,170
40.0197,174
40.0254,170
40.0307,173
40.0364,171
40.0421,172
40.0475,174
40.053,173
40.0587,174
40.0641,174
40.0698,170
40.0752,172
40.0809,171
40.0863,170
40.092,172
40.0974,173
40.103,173
40.1087,174
40.1141,170
40.1198,173
40.1252,172
40.1309,174
40.1365,174
40.1419,174
40.1476,171
40.153,173
40.1587,172
40.1641,172
40.1698,173
40.1752,173
40.1809,169
40.1863,174
40.192,173
40.1974,172
40.2031,175
40.2085,172
40.2142,172
40.2196,176
40.2252,172
40.2309,172
40.2366,173
40.242,173
40.2474,175
40.2531,175
40.2585,175
40.2642,174
40.2696,176
40.2753,173
40.2807,172
40.2864,174
40.2918,174
40.2974,174
40.3031,174
40.3088,175
40.3142,172
40.3199,172
40.3253,172
40.331,171
40.3364,173
40.3421,175
40.3475,173
40.3532,176
40.3586,172
40.3643,174
40.3696,171
40.3753,170
40.3808,173
40.3864,174
40.3918,173
40.3975,172
40.403,170
40.4087,170
40.4141,171
40.4198,171
40.4252,173
40.4309,169
40.4363,172
40.4419,174
40.4476,173
40.453,173
40.4587,170
40.4641,172
40.4698,173
40.4752,173
40.4809,172
40.4863,171
40.492,172
40.4974,172
40.5031,173
40.5088,170
40.5142,172
40.5199,171
40.5253,171
40.531,172
40.5364,170
40.5421,171
40.5475,173
40.5532,173
40.5586,173
40.5643,169
40.5697,170
40.5754,173
40.5808,172
40.5865,172
40.5919,171
40.5976,171
40.603,172
40.6087,172
40.6141,173
40.6198,171
40.6252,173
40.6309,171
40.6363,170
40.642,172
40.6474,172
40.6531,172
40.6585,172
40.6642,171
40.6697,171
40.6754,172
40.6808,170
40.6865,171
40.6919,174
40.6976,175
40.703,173
40.7087,172
40.7144,169
40.7198,170
40.7255,173
40.7309,170
40.7366,173
40.742,171
40.7477,173
40.7531,173
40.7588,171
40.7642,172
40.7699,172
40.7753,173
40.7808,169
40.7865,171
40.7919,172
40.7976,172
40.803,172
40.8087,173
40.8144,173
40.8198,170
40.8252,170
40.8309,173
40.8366,176
40.842,170
40.8477,172
40.853,169
40.8587,173
40.8641,174
40.8698,170
40.8755,171
40.8809,172
40.8866,172
40.892,172
40.8977,174
40.9031,170
40.9087,174
40.9142,173
40.9199,173
40.9252,172
40.9309,173
40.9366,169
40.942,173
40.9474,172
40.9531,173
40.9586,171
40.9643,171
40.9697,170
40.9753,169
40.9809,174
40.9864,172
40.9921,175
40.9975,170
41.0031,173
41.0087,173
41.0142,173
41.0198,172
41.0252,175
41.0309,171
41.0366,172
41.042,173
41.0477,173
41.0531,170
41.0587,173
41.0641,172
41.0698,173
41.0752,173
41.0809,172
41.0863,169
41.092,172
41.0974,171
41.1031,173
41.1085,172
41.1142,172
41.1196,174
41.1253,173
41.131,173
41.1364,171
41.1421,172
41.1475,169
41.1532,174
41.1586,176
41.1643,172
41.1697,171
41.1754,172
41.1808,172
41.1865,172
41.192,171
41.1976,174
41.2031,172
41.2088,170
41.2142,172
41.2199,174
41.2253,171
41.231,173
41.2364,174
41.2421,171
41.2475,171
41.2532,171
41.2586,169
41.2643,172
41.2697,169
41.2753,171
41.2808,168
41.2864,170
41.2919,172
41.2975,171
41.3032,170
41.3086,169
41.3143,172
41.3197,170
41.3254,171
41.3308,172
41.3363,171
41.342,171
41.3474,170
41.3531,171
41.3588,172
41.3642,172
41.3696,168
41.3753,173
41.3807,170
41.3864,173
41.3919,171
41.3975,171
41.403,173
41.4086,172
41.4142,172
41.4197,173
41.4254,171
41.4308,173
41.4365,173
41.4419,172
41.4476,172
41.453,173
41.4585,175
41.4642,174
41.4699,172
41.4753,169
41.4808,171
41.4864,171
41.4921,169
41.4976,170
41.503,171
41.5087,171
41.5141,171
41.5198,173
41.5252,171
41.5308,169
41.5365,171
41.5419,170
41.5476,168
41.553,171
41.5587,170
41.5644,172
41.5698,174
41.5755,171
41.5809,172
41.5863,174
41.592,169
41.5974,174
41.603,172
41.6087,170
41.6141,174
41.6198,171
41.6252,171
41.6309,171
41.6363,173
41.642,172
41.6474,171
41.6531,173
41.6585,173
41.6643,172
41.6697,172
41.6753,175
41.681,172
41.6864,174
41.6921,172
41.6976,173
41.7033,173
41.7087,175
41.7144,172
41.7198,172
41.7252,173
41.7309,172
41.7363,173
41.742,172
41.7474,171
41.7531,171
41.7585,171
41.7642,171
41.7699,171
41.7753,172
41.7807,174
41.7864,174
41.7919,172
41.7974,171
41.8031,175
41.8086,172
41.8142,173
41.8197,174
41.8254,172
41.8308,170
41.8365,173
41.8419,171
41.8476,171
41.853,172
41.8587,171
41.8644,172
41.8698,172
41.8755,172
41.8809,173
41.8866,172
41.892,172
41.8977,172
41.9031,171
41.9088,171
41.9142,173
41.9199,172
41.9253,174
41.931,171
41.9364,173
41.9421,173
41.9475,172
41.9532,172
41.9586,170
41.9643,173
41.9697,170
41.9754,173
41.9808,172
41.9865,173
41.9919,173
41.9976,173
42.003,172
42.0087,172
42.0141,173
42.0198,169
42.0253,176
42.031,172
42.0364,173
42.0421,169
42.0475,173
42.0532,172
42.0586,174
42.0643,171
42.0697,173
42.0754,174
42.0808,173
42.0865,171
42.092,173
42.0977,172
42.1031,173
42.1088,172
42.1142,174
42.1199,174
42.1253,175
42.131,173
42.1364,172
42.1421,174
42.1475,172
42.1532,172
42.1586,173
42.1643,174
42.1697,175
42.1754,175
42.1809,175
42.1866,175
42.192,174
42.1977,175
42.2031,174
42.2086,172
42.2142,172
42.2197,173
42.2253,174
42.2308,173
42.2364,171
42.2421,175
42.2475,171
42.2532,173
42.2586,172
42.2643,175
42.2697,172
42.2754,173
42.2808,172
42.2865,174
42.2919,175
42.2976,173
42.303,173
42.3087,170
42.3141,172
42.3198,170
42.3255,171
42.3309,173
42.3366,173
42.342,172
42.3477,172
42.3531,172
42.3588,171
42.3642,171
42.3699,173
42.3753,172
42.381,172
42.3864,171
42.3921,172
42.3975,173
42.4032,167
42.4086,170
42.4143,169
42.4197,171
42.4254,172
42.4308,171
42.4365,174
42.4419,173
42.4476,170
42.4531,169
42.4588,169
42.4642,170
42.4699,171
42.4753,171
42.481,172
42.4864,172
42.4921,171
42.4975,170
42.5032,176
42.5086,172
42.5143,172
42.5197,171
42.5252,175
42.5309,173
42.5366,172
42.542,173
42.5477,169
42.553,173
42.5587,172
42.5641,169
42.5698,173
42.5752,171
42.5808,171
42.5865,172
42.5919,170
42.5976,173
42.603,172
42.6086,173
42.6144,173
42.6198,172
42.6255,173
42.6309,173
42.6365,172
42.6421,169
42.6476,171
42.6533,170
42.6587,175
42.6643,171
42.6697,172
42.6754,171
42.6808,172
42.6865,173
42.6919,171
42.6976,171
42.703,171
42.7087,172
42.7141,173
42.7198,172
42.7255,170
42.7309,171
42.7366,171
42.742,170
42.7477,172
42.7531,169
42.7588,171
42.7642,170
42.7699,170
42.7753,170
42.7809,172
42.7864,173
42.792,172
42.7975,168
42.8032,172
42.8086,170
42.8143,174
42.8197,173
42.8254,170
42.8308,171
42.8365,173
42.8419,172
42.8476,173
42.8533,172
42.8587,172
42.8644,172
42.8698,171
42.8755,170
42.8809,169
42.8866,172
42.8921,172
42.8975,173
42.9032,172
42.9086,174
42.9143,175
42.9197,174
42.9254,172
42.9338,174
42.9421,173
42.9435,174
42.9475,174
42.9532,173
42.9586,173
42.9643,171
42.9698,173
42.9753,172
42.981,171
42.9864,174
42.9921,174
42.9975,175
43.0032,173
43.0086,173
43.0142,174
43.0199,173
43.0253,171
43.031,174
43.0364,173
43.0419,174
43.0476,175
43.0531,175
43.0587,175
43.0641,174
43.0698,173
43.0753,172
43.0808,171
43.0865,172
43.0919,170
43.0976,173
43.1033,173
43.1087,172
43.1144,176
43.1198,174
43.1255,175
43.1308,172
43.1365,173
43.1419,172
43.1476,172
43.1533,175
43.1587,172
43.1644,174
43.1698,172
43.1755,171
43.1809,172
43.1903,173
43.2,170
43.2001,175
43.203,172
43.2085,173
43.2142,174
43.2197,170
43.2254,172
43.231,171
43.2365,170
43.2422,172
43.2476,172
43.2533,172
43.2587,171
43.2644,174
43.2698,171
43.2752,172
43.2809,173
43.2863,173
43.292,173
43.3017,171
43.3069,173
43.31,172
43.3143,173
43.3197,174
43.3254,172
43.3308,174
43.3404,174
43.3504,172
43.3504,172
43.353,173
43.3587,170
43.368,173
43.3731,171
43.3754,170
43.3809,172
43.3913,174
43.3947,175
43.3976,173
43.4074,171
43.4173,176
43.4173,172
43.4197,174
43.4253,170
43.431,172
43.4364,173
43.4421,171
43.4475,175
43.4532,173
43.4587,173
43.4641,172
43.4698,174
43.4753,172
43.4808,172
43.4865,174
43.4919,173
43.4976,175
43.503,176
43.5087,174
43.5141,173
43.5198,174
43.5252,174
43.5309,177
43.5366,174
43.542,174
43.5477,174
43.5532,172
43.5586,173
43.5641,174
43.5698,174
43.5752,171
43.5809,172
43.5863,175
43.592,174
43.5974,172
43.6031,173
43.6088,174
43.6143,175
43.6197,174
43.6254,173
43.6308,172
43.6364,172
43.6421,172
43.6475,171
43.6532,174
43.6586,173
43.6643,171
43.6697,171
43.6754,174
43.6808,170
43.6865,174
43.6919,171
43.6977,173
43.703,173
43.7086,173
43.7143,173
43.7197,172
43.7254,173
43.7308,173
43.7365,173
43.7419,173
43.7476,174
43.7531,173
43.7586,174
43.7643,175
43.7697,173
43.7755,172
43.7808,172
43.7866,172
43.792,174
43.7976,174
43.8033,173
43.8087,172
43.8141,176
43.8198,176
43.8252,173
43.8308,172
43.8365,173
43.8421,171
43.8476,170
43.8533,172
43.8587,174
43.8644,172
43.8698,173
43.8754,174
43.8809,174
43.8865,174
43.8919,172
43.8975,172
43.9031,172
43.9087,174
43.9143,173
43.9198,174
43.9255,172
43.9309,175
43.9364,172
43.9421,174
43.9475,172
43.953,172
43.9587,172
43.9644,175
43.9698,173
43.9753,174
43.981,176
43.9864,172
43.9919,171
43.9976,176
44.003,180
44.0088,174
44.0142,173
44.0199,172
44.0252,173
44.0309,171
44.0364,173
44.0421,174
44.0475,173
44.0531,173
44.0588,174
44.0642,173
44.0699,173
44.0752,175
44.0809,173
44.0863,173
44.092,174
44.0977,175
44.103,174
44.1087,173
44.1141,173
44.1198,174
44.1252,171
44.1309,172
44.1365,172
44.142,173
44.1477,174
44.1531,174
44.1587,172
44.1644,176
44.1698,172
44.1755,173
44.1809,175
44.1865,173
44.1919,172
44.1976,175
44.203,173
44.2087,174
44.2141,174
44.2198,174
44.2255,171
44.2309,175
44.2366,173
44.242,174
44.2477,173
44.2531,172
44.2586,172
44.2642,170
44.2696,173
44.2753,171
44.281,175
44.2866,173
44.2919,174
44.2976,173
44.303,174
44.3087,173
44.3142,174
44.3199,175
44.3253,174
44.331,172
44.3364,175
44.3421,174
44.3475,174
44.3532,170
44.3586,173
44.3643,173
44.3697,171
44.3754,176
44.3808,175
44.3865,173
44.3919,173
44.3976,172
44.403,176
44.4087,174
44.4144,173
44.4198,173
44.4255,173
44.4309,172
44.4366,175
44.442,174
44.4477,173
44.4531,174
44.4588,175
44.4641,174
44.4698,173
44.4752,174
44.4809,174
44.4866,175
44.492,174
44.4977,173
44.5031,173
44.5088,176
44.5142,173
44.5199,176
44.5253,174
44.5311,172
44.5365,174
44.5422,176
44.5476,175
44.5533,174
44.5587,173
44.5644,173
44.5698,175
44.5754,176
44.5808,175
44.5865,173
44.5919,174
44.5976,173
44.603,172
44.6087,174
44.6141,177
44.6198,174
44.6252,174
44.6309,173
44.6366,178
44.642,174
44.6477,172
44.6531,176
44.6588,176
44.6642,175
44.6699,172
44.6753,175
44.681,173
44.6864,174
44.6921,174
44.6975,172
44.7032,173
44.7086,173
44.7143,172
44.7197,176
44.7254,176
44.7311,173
44.7365,170
44.7422,172
44.7476,172
44.7533,174
44.7587,174
44.7644,174
44.7698,173
44.7755,173
44.7809,172
44.7908,172
44.7967,175
44.7977,173
44.8032,174
44.8086,174
44.8143,175
44.8197,171
44.8254,172
44.8346,174
44.8436,175
44.8436,176
44.8476,172
44.8581,176
44.8676,175
44.868,173
44.8697,174
44.8753,175
44.881,174
44.8864,172
44.8921,175
44.8975,174
44.9032,172
44.9086,174
44.9143,172
44.9198,175
44.9253,173
44.931,173
44.9365,172
44.9421,175
44.9477,173
44.9531,176
44.9588,173
44.9642,173
44.9699,172
44.9753,174
44.981,174
44.9864,176
44.9922,173
44.9976,175
45.0033,175
45.0087,171
45.0144,174
45.0198,176
45.0255,174
45.0309,173
45.0366,174
45.042,173
45.0477,173
45.0532,174
45.0589,177
45.0643,172
45.07,175
45.0754,175
45.0849,176
45.0938,174
45.0938,175
45.0975,174
45.1032,173
45.1089,173
45.1143,177
45.124,174
45.1327,173
45.1333,173
45.1364,172
45.1421,174
45.1511,172
45.1566,173
45.1586,174
45.1643,174
45.17,174
45.1754,175
45.1811,172
45.1865,172
45.192,175
45.1977,173
45.2031,177
45.2088,172
45.2142,175
45.2199,174
45.2253,175
45.231,173
45.2366,173
45.242,176
45.2477,174
45.2531,172
45.2588,174
45.2643,174
45.2697,175
45.2755,174
45.2809,174
45.2866,173
45.2921,173
45.2978,174
45.3032,172
45.3089,173
45.3143,174
45.3197,173
45.3254,177
45.3308,176
45.3365,175
45.342,176
45.3477,176
45.3531,172
45.3588,174
45.3642,174
45.3699,174
45.3753,176
45.381,173
45.3865,173
45.3922,175
45.3976,175
45.4032,174
45.4086,175
45.4144,176
45.4198,175
45.4253,175
45.4311,177
45.4364,177
45.4421,174
45.4475,173
45.4534,175
45.4588,175
45.4642,176
45.47,173
45.4754,177
45.4811,174
45.4866,173
45.492,175
45.4977,176
45.5032,176
45.5087,174
45.5143,175
45.5198,173
45.5255,174
45.5309,178
45.5366,173
45.542,176
45.5477,175
45.5531,173
45.5588,176
45.5642,173
45.5699,175
45.5753,173
45.581,176
45.5867,175
45.5922,176
45.5975,175
45.6032,175
45.6087,172
45.6144,175
45.6198,179
45.6254,175
45.6309,175
45.6366,179
45.642,175
45.6477,174
45.6531,176
45.6588,177
45.6642,177
45.6699,174
45.6753,174
45.681,175
45.6864,174
45.6921,175
45.6975,172
45.7031,175
45.7088,176
45.7142,175
45.7199,176
45.7253,175
45.731,176
45.7364,174
45.7421,175
45.7475,174
45.7531,177
45.7588,174
45.7642,176
45.7699,176
45.7753,173
45.781,175
45.7864,174
45.7921,175
45.7976,172
45.8032,173
45.8087,175
45.8144,175
45.8198,174
45.8253,173
45.831,176
45.8364,172
45.8421,172
45.8476,171
45.8532,173
45.8586,174
45.8643,171
45.8698,172
45.8755,175
45.8809,171
45.8866,174
45.8923,174
45.8976,174
45.9033,174
45.9087,174
45.9144,174
45.9198,172
45.9255,174
45.9309,174
45.9366,174
45.942,173
45.9477,176
45.9534,174
45.9588,175
45.9645,173
45.9698,176
45.9755,174
45.9809,175
45.9866,172
45.992,175
45.9977,176
46.0031,177
46.0088,174
46.0145,175
46.0199,176
46.0256,175
46.031,175
46.0367,175
46.042,176
46.0477,174
46.0589,177
46.0643,176
46.0698,174
46.0755,173
46.0809,174
46.0866,176
46.0921,177
46.0978,175
46.1032,174
46.1089,173
46.1143,176
46.12,173
46.1254,172
46.1311,175
46.1365,175
46.1422,175
46.1476,175
46.1533,179
46.1587,176
46.1644,175
46.1698,174
46.1755,174
46.1809,176
46.1867,177
46.1921,175
46.1978,172
46.2032,173
46.2089,175
46.2144,174
46.22,173
46.2254,173
46.2312,173
46.2365,174
46.2422,174
46.2476,174
46.2533,174
46.2587,175
46.2644,172
46.2701,172
46.2755,171
46.2812,172
46.2866,173
46.2923,174
46.2977,174
46.3034,172
46.3087,173
46.3144,174
46.3198,174
46.3255,175
46.3312,169
46.3366,176
46.3423,175
46.3477,174
46.3534,173
46.3588,172
46.3645,173
46.3699,176
46.3756,172
46.381,172
46.3867,173
46.3921,173
46.3978,174
46.4032,172
46.4089,172
46.4143,173
46.42,173
46.4254,171
46.4311,173
46.4365,172
46.4422,170
46.4476,172
46.4533,173
46.4588,172
46.4644,172
46.4699,172
46.4756,174
46.481,176
46.4867,173
46.4921,175
46.4978,172
46.5031,174
46.5088,174
46.5143,172
46.5199,172
46.5254,172
46.5311,169
46.5365,175
46.5422,175
46.5476,170
46.5533,174
46.5587,172
46.5644,172
46.5698,175
46.5754,174
46.5811,175
46.5865,173
46.5922,173
46.5976,172
46.6033,175
46.6087,175
46.6145,174
46.6199,173
46.6256,175
46.631,171
46.6367,174
46.6421,174
46.6476,173
46.6533,173
46.659,173
46.6644,173
46.6698,172
