Experiment: Apr29_NP_tst_expt vial 1, Fri Apr 29 15:50:36 2022
0.0017,1625
0.0067,1629
0.0124,1625
0.018,1620
0.0233,1625
0.0289,1629
0.0346,1628
0.0402,1620
0.0456,1622
2.857,1628
2.8626,1626
2.8679,1621
2.8737,1622
2.879,1628
2.8847,1626
2.8903,1620
2.8957,1622
2.9013,1627
2.9069,1628
2.9126,1621
2.9179,1619
2.9236,1627
2.9293,1630
2.9346,1623
2.9403,1620
2.9459,1625
2.9513,1627
2.9569,1621
2.9625,1620
2.9679,1626
2.9735,1627
2.9792,1621
2.9848,1621
2.9901,1627
2.9958,1628
3.0014,1623
3.0068,1620
3.0125,1625
3.0182,1628
3.0235,1623
3.0292,1620
3.0348,1624
3.0402,1629
3.0458,1624
3.0513,1621
3.057,1623
3.0626,1628
3.0679,1625
3.0736,1619
3.0791,1626
3.0847,1629
3.0904,1629
3.0957,1620
3.1013,1621
3.1069,1629
3.1126,1628
3.1179,1623
3.1235,1620
3.1291,1626
3.1348,1629
3.1404,1623
3.1457,1621
3.1514,1625
3.157,1628
3.1626,1622
3.1679,1621
3.1735,1625
3.1792,1626
3.1848,1625
3.1902,1619
3.1958,1624
3.2014,1629
3.2068,1626
3.2124,1618
3.218,1623
3.2237,1629
3.229,1625
3.2346,1621
3.2403,1623
3.246,1628
3.2513,1630
3.2569,1622
3.2626,1622
3.2679,1626
3.2735,1627
3.2792,1621
3.2848,1619
3.2901,1626
3.2958,1627
3.3014,1622
3.307,1622
3.3124,1626
3.318,1628
3.3236,1624
3.3292,1620
3.3349,1627
3.3402,1628
3.3458,1625
3.3515,1620
3.3571,1624
3.3624,1629
3.3681,1625
3.3737,1620
3.3793,1623
3.3846,1629
3.3903,1625
3.3959,1619
3.4013,1622
3.4069,1630
3.4125,1628
3.4182,1621
3.4235,1620
3.4291,1628
3.4348,1628
3.4404,1623
3.4458,1621
3.4514,1627
3.457,1628
3.4624,1624
3.468,1621
3.4736,1625
3.4792,1629
3.4846,1624
3.4902,1622
3.4958,1625
3.5014,1629
3.5068,1624
3.5124,1621
3.518,1626
3.5237,1628
3.529,1624
3.5346,1621
3.5402,1623
3.5459,1629
3.5515,1625
3.5568,1622
3.5624,1624
3.5681,1628
3.5737,1624
3.579,1619
3.5846,1622
3.5902,1629
3.5959,1626
3.6015,1621
3.6068,1623
3.6125,1626
3.618,1630
3.6237,1625
3.6293,1620
3.6346,1626
3.6403,1628
3.6458,1622
3.6515,1620
3.6571,1627
3.6624,1627
3.668,1622
3.6736,1622
3.6793,1627
3.6846,1627
3.6903,1621
3.6959,1623
3.7012,1626
3.7069,1629
3.7125,1620
3.7181,1621
3.7234,1629
3.7291,1629
3.7347,1624
3.7403,1619
3.746,1626
3.7513,1629
3.7569,1624
3.7625,1621
3.7682,1625
3.7735,1628
3.7791,1625
3.7848,1619
3.7904,1624
3.7957,1629
3.8013,1625
3.807,1619
3.8126,1625
3.8182,1627
3.8235,1626
3.8292,1622
3.8348,1622
3.8404,1628
3.8458,1627
3.8514,1622
3.8571,1623
3.8624,1628
3.868,1625
3.8737,1621
3.879,1622
3.8846,1628
3.8903,1625
3.8959,1620
3.9015,1622
3.9069,1628
3.9125,1626
3.9181,1622
3.9237,1621
3.9291,1628
3.9347,1627
3.9403,1622
3.946,1620
3.9513,1626
3.957,1628
3.9626,1624
3.9679,1620
3.9736,1625
3.9792,1627
3.9848,1624
3.9902,1621
3.9958,1626
4.0014,1627
4.0071,1624
4.0124,1619
4.018,1624
4.0237,1628
4.0293,1626
4.0346,1619
4.0403,1623
4.0459,1630
4.0512,1627
4.0569,1619
4.0625,1620
4.0681,1628
4.0735,1627
4.0791,1622
4.0847,1620
4.0903,1627
4.096,1627
4.1013,1623
4.107,1621
4.1126,1626
4.118,1629
4.1236,1622
4.1292,1621
4.1349,1625
4.1402,1628
4.1458,1621
4.1515,1622
4.1571,1627
4.1625,1628
4.1681,1622
4.1737,1620
4.1791,1627
4.1847,1627
4.1904,1625
4.1957,1621
4.2014,1626
4.207,1629
4.2126,1623
4.218,1622
4.2236,1627
4.2293,1628
4.2346,1622
4.2403,1620
4.2459,1626
4.2515,1627
4.2569,1620
4.2625,1622
4.2679,1628
4.2736,1628
4.2792,1623
4.2848,1620
4.2902,1626
4.2957,1627
4.3014,1626
4.307,1619
4.3127,1624
4.318,1628
4.3236,1627
4.3292,1620
4.3348,1623
4.3402,1628
4.3458,1626
4.3514,1621
4.357,1622
4.3626,1629
4.368,1627
4.3736,1621
4.3792,1622
4.3848,1627
4.3902,1626
4.3958,1622
4.4014,1620
4.407,1627
4.4124,1628
4.418,1623
4.4236,1620
4.4293,1626
4.4346,1628
4.4403,1624
4.4459,1618
4.4515,1627
4.4569,1628
4.4625,1624
4.4681,1619
4.4738,1623
4.4791,1630
4.4847,1628
4.4904,1622
4.4957,1619
4.5014,1627
4.507,1626
4.5126,1623
4.518,1620
4.5236,1626
4.5292,1629
4.5349,1623
4.5402,1620
4.5458,1627
4.5515,1627
4.5568,1623
4.5625,1620
4.5681,1625
4.5737,1629
4.5791,1623
4.5847,1619
4.5903,1624
4.596,1630
4.6013,1624
4.607,1622
4.6126,1625
4.618,1628
4.6236,1623
4.6292,1621
4.6348,1624
4.6402,1628
4.6458,1627
4.6515,1620
4.6571,1621
4.6624,1629
4.6681,1627
4.6737,1621
4.6791,1622
4.6847,1625
4.6904,1626
4.696,1622
4.7013,1621
4.7069,1627
4.7126,1627
4.7182,1622
4.7236,1623
4.7292,1627
4.7349,1627
4.7402,1621
4.7458,1621
4.7515,1627
4.7571,1627
4.7625,1620
4.7681,1623
4.7737,1628
4.7791,1626
4.7847,1622
4.7903,1619
4.7959,1628
4.8013,1628
4.8069,1622
4.8126,1621
4.8182,1625
4.8235,1629
4.8292,1622
4.8348,1620
4.8404,1626
4.8458,1629
4.8514,1624
4.857,1619
4.8624,1624
4.868,1628
4.8737,1623
4.8793,1619
4.8846,1622
4.8903,1629
4.8959,1625
4.9015,1621
4.9069,1621
4.9125,1630
4.9181,1626
4.9238,1622
4.9291,1621
4.9347,1625
4.9404,1626
4.9457,1622
4.9514,1622
4.957,1627
4.9626,1627
4.968,1621
4.9736,1621
4.9792,1628
4.9849,1628
4.9902,1623
4.9959,1620
5.0015,1625
5.0071,1628
5.0125,1626
5.0181,1619
5.0237,1623
5.0291,1628
5.0347,1628
5.0403,1622
5.0459,1622
5.0513,1627
5.0569,1624
5.0626,1619
5.0682,1623
5.0736,1629
5.0792,1627
5.0848,1621
5.0904,1621
5.0958,1626
5.1014,1628
5.107,1624
5.1124,1621
5.118,1626
5.1236,1630
5.1293,1627
5.1346,1620
5.1402,1623
5.1459,1629
5.1515,1628
5.1568,1619
5.1625,1624
5.1681,1629
5.1737,1627
5.1793,1621
5.1847,1622
5.1903,1627
5.1958,1628
5.2014,1621
5.207,1622
5.2126,1627
5.218,1626
5.2236,1621
5.2292,1622
5.2348,1627
5.2402,1627
5.2458,1620
5.2514,1621
5.257,1627
5.2626,1626
5.268,1622
5.2736,1626
5.2792,1628
5.2848,1626
5.2902,1622
5.2958,1624
5.3014,1627
5.307,1628
5.3124,1622
5.318,1623
5.3236,1626
5.3293,1626
5.3348,1620
5.3404,1624
5.3458,1629
5.3514,1626
5.357,1622
5.3624,1622
5.368,1629
5.3736,1628
5.3793,1622
5.3846,1622
5.3902,1627
5.3959,1629
5.4015,1622
5.4071,1620
5.4124,1626
5.418,1628
5.4237,1625
5.4293,1621
5.4346,1625
5.4403,1627
5.4459,1624
5.4515,1621
5.4569,1624
5.4625,1630
5.4681,1628
5.4738,1620
5.4791,1622
5.4847,1628
5.4904,1627
5.4957,1620
5.5013,1623
5.507,1628
5.5126,1626
5.518,1623
5.5236,1620
5.5292,1629
5.5349,1626
5.5402,1620
5.5458,1622
5.5514,1627
5.5571,1627
5.5624,1622
5.568,1622
5.5736,1627
5.5792,1625
5.5849,1623
5.5902,1622
5.5958,1627
5.6014,1628
5.607,1622
5.6124,1621
5.618,1626
5.6236,1625
5.6292,1621
5.6349,1623
5.6402,1629
5.6458,1626
5.6514,1619
5.657,1626
5.6624,1627
5.668,1624
5.6736,1621
5.6792,1624
5.6848,1628
5.6902,1624
5.6958,1620
5.7014,1625
5.707,1629
5.7124,1624
5.718,1621
5.7236,1623
5.7293,1629
5.7346,1623
5.7403,1618
5.7459,1623
5.7515,1629
5.7568,1626
5.7625,1620
5.7681,1622
5.7737,1628
5.7793,1627
5.7847,1621
5.7903,1623
5.796,1629
5.8013,1628
5.8069,1620
5.8126,1620
5.8179,1628
5.8236,1628
5.8292,1622
5.8348,1620
5.8402,1624
5.8459,1629
5.8515,1624
5.8569,1619
5.8625,1625
5.8682,1629
5.8738,1624
5.8791,1620
5.8848,1623
5.8904,1629
5.896,1625
5.9013,1621
5.907,1623
5.9126,1628
5.9182,1623
5.9236,1620
5.9292,1624
5.9348,1628
5.9404,1623
5.9458,1621
5.9514,1626
5.957,1628
5.9624,1624
5.968,1618
5.9736,1625
5.9793,1628
5.9849,1624
5.9902,1622
5.9959,1624
6.0015,1628
6.0068,1625
6.0125,1620
6.0181,1622
6.0237,1628
6.0291,1627
6.0347,1620
6.0404,1621
6.046,1627
6.0513,1626
6.057,1624
6.0626,1619
6.068,1626
6.0736,1629
6.0792,1623
6.0848,1619
6.0902,1625
6.0958,1628
6.1015,1624
6.1071,1620
6.1124,1625
6.1181,1628
6.1237,1625
6.129,1619
6.1347,1624
6.1403,1629
6.1459,1625
6.1513,1619
6.1569,1623
6.1625,1628
6.1681,1627
6.1738,1621
6.1791,1624
6.1848,1628
6.1904,1627
6.1957,1620
6.2014,1622
6.207,1628
6.2126,1623
6.218,1621
6.2236,1624
6.2292,1628
6.2348,1627
6.2402,1621
6.2458,1621
6.2514,1626
6.2571,1626
6.2624,1621
6.268,1622
6.2737,1630
6.2793,1627
6.2847,1622
6.2903,1621
6.2959,1627
6.3015,1628
6.3069,1621
6.3125,1621
6.3181,1626
6.3238,1627
6.3291,1624
6.3347,1620
6.3404,1625
6.3457,1629
6.3514,1625
6.357,1619
6.3626,1625
6.368,1629
6.3736,1625
6.3792,1619
6.3848,1624
6.3902,1627
6.3958,1627
6.4014,1623
6.4071,1622
6.4124,1628
6.4181,1626
6.4237,1621
6.4293,1619
6.4347,1628
6.4403,1628
6.4459,1621
6.4513,1621
6.4569,1625
6.4625,1630
6.4681,1623
6.4738,1619
6.4791,1625
6.4848,1628
6.4904,1623
6.496,1620
6.5014,1622
6.507,1629
6.5126,1625
6.5182,1621
6.5236,1624
6.5292,1629
6.5348,1626
6.5404,1620
6.5458,1624
6.5514,1628
6.557,1625
6.5627,1619
6.568,1622
6.5736,1629
6.5793,1627
6.5849,1622
6.5902,1623
6.5959,1628
6.6015,1626
6.6068,1620
6.6124,1621
6.6181,1628
6.6237,1627
6.6293,1620
6.6347,1622
6.6403,1629
6.6459,1626
6.6515,1619
6.6569,1621
6.6625,1628
6.6681,1627
6.6738,1622
6.6791,1621
6.6848,1627
6.6902,1627
6.6958,1622
6.7015,1621
6.7071,1629
6.7124,1628
6.718,1621
6.7236,1621
6.7293,1626
6.7349,1629
6.7402,1622
6.7458,1619
6.7514,1625
6.7569,1628
6.7625,1626
6.7681,1619
6.7736,1622
6.7792,1629
6.7847,1625
6.7903,1623
6.796,1619
6.8013,1624
6.8069,1628
6.8125,1623
6.8181,1620
6.8237,1623
6.8291,1628
6.8347,1625
6.8403,1620
6.8459,1623
6.8513,1629
6.857,1625
6.8626,1620
6.868,1623
6.8736,1629
6.8792,1627
6.8848,1620
6.8904,1623
6.8958,1628
6.9014,1626
6.9071,1621
6.9124,1621
6.9181,1627
6.9237,1627
6.9293,1625
6.9347,1621
6.9403,1622
6.9459,1629
6.9515,1627
6.9569,1619
6.9625,1621
6.9682,1625
6.9738,1628
6.9791,1618
6.9848,1621
6.9904,1626
6.9957,1628
7.0014,1622
7.007,1618
7.0126,1626
7.018,1629
7.0236,1626
7.0292,1619
7.0349,1625
7.0402,1626
7.0458,1626
7.0515,1619
7.0571,1624
7.0624,1628
7.0681,1625
7.0737,1619
7.0793,1622
7.0846,1628
7.0903,1626
7.0959,1620
7.1015,1623
7.1069,1625
7.1125,1626
7.1181,1620
7.1237,1621
7.1291,1629
7.1347,1629
7.1403,1622
7.146,1619
7.1513,1624
7.157,1628
7.1626,1623
7.1682,1618
7.1735,1625
7.1792,1627
7.1848,1621
7.1904,1620
7.1958,1624
7.2014,1629
7.207,1623
7.2127,1618
7.218,1623
7.2237,1626
7.2293,1624
7.2349,1621
7.2402,1626
7.2459,1626
7.2515,1624
7.2569,1620
7.2625,1621
7.2681,1627
7.2737,1626
7.2791,1620
7.2847,1621
7.2903,1629
7.296,1626
7.3013,1620
7.3069,1622
7.3126,1627
7.3182,1628
7.3238,1620
7.3292,1622
7.3348,1627
7.3404,1629
7.3458,1621
7.3514,1621
7.357,1626
7.3627,1628
7.368,1622
7.3736,1620
7.3793,1624
7.3846,1628
7.3903,1626
7.3959,1621
7.4015,1625
7.4071,1628
7.4125,1623
7.4181,1619
7.4238,1622
7.4291,1630
7.4347,1624
7.4404,1621
7.446,1625
7.4513,1629
7.457,1624
7.4626,1619
7.4682,1622
7.4736,1629
7.4792,1627
7.4848,1622
7.4905,1620
7.4958,1626
7.5014,1627
7.507,1619
7.5127,1621
7.518,1628
7.5236,1630
7.5293,1622
7.5346,1621
7.5403,1631
7.5459,1628
7.5515,1622
7.5571,1621
7.5625,1626
7.5681,1627
7.5737,1620
7.5791,1621
7.5847,1628
7.5903,1627
7.596,1621
7.6013,1622
7.607,1626
7.6126,1627
7.618,1622
7.6236,1621
7.6292,1626
7.6349,1629
7.6402,1624
7.6459,1621
7.6515,1625
7.6571,1628
7.6625,1623
7.6681,1620
7.6737,1625
7.6791,1627
7.6847,1623
7.6904,1622
7.696,1625
7.7013,1628
7.707,1623
7.7126,1621
7.7182,1625
7.7236,1628
7.7292,1623
7.7348,1621
7.7405,1625
7.7458,1629
7.7514,1624
7.757,1620
7.7627,1624
7.768,1629
7.7737,1625
7.7793,1622
7.7846,1623
7.7903,1629
7.7959,1624
7.8015,1620
7.8069,1624
7.8125,1628
7.8181,1625
7.8237,1621
7.8294,1621
7.8347,1630
7.8403,1627
7.846,1619
7.8516,1621
7.857,1625
7.8626,1628
7.8682,1622
7.8736,1620
7.8792,1626
7.8848,1628
7.8902,1623
7.8958,1618
7.9014,1624
7.9071,1629
7.9127,1625
7.918,1621
7.9236,1624
7.9292,1629
7.9348,1627
7.9402,1621
7.9458,1622
7.9514,1629
7.9571,1628
7.9624,1622
7.9681,1622
7.9736,1628
7.9792,1627
7.9849,1622
7.9902,1620
7.9959,1626
8.0014,1628
8.007,1625
8.0124,1620
8.018,1623
8.0237,1628
8.0292,1626
8.0349,1619
8.0402,1622
8.0459,1629
8.0515,1627
8.0569,1619
8.0625,1621
8.0681,1627
8.0737,1629
8.0794,1622
8.0847,1620
8.0903,1626
8.096,1627
8.1013,1625
8.1069,1620
8.1126,1623
8.1182,1629
8.1235,1626
8.1291,1620
8.1347,1622
8.1403,1628
8.146,1627
8.1516,1621
8.1569,1624
8.1625,1627
8.1681,1626
8.1738,1619
8.1791,1622
8.1847,1626
8.1903,1626
8.196,1622
8.2013,1620
8.2069,1626
8.2125,1628
8.2181,1621
8.2238,1620
8.2291,1626
8.2347,1628
8.2403,1623
8.246,1621
8.2513,1627
8.2569,1628
8.2626,1623
8.2681,1620
8.2738,1623
8.2791,1628
8.2847,1626
8.2904,1621
8.2959,1623
8.3013,1631
8.3069,1627
8.3125,1619
8.3182,1621
8.3235,1626
8.3291,1629
8.3348,1625
8.3404,1620
8.3458,1625
8.3514,1629
8.357,1628
8.3626,1620
8.368,1623
8.3736,1627
8.3792,1626
8.3849,1620
8.3902,1621
8.3958,1629
8.4015,1626
8.4071,1620
8.4124,1623
8.4181,1629
8.4237,1628
8.4293,1620
8.4347,1621
8.4403,1625
8.4459,1630
8.4516,1624
8.4569,1620
8.4625,1623
8.4682,1629
8.4738,1626
8.4791,1621
8.4848,1623
8.4904,1628
8.4958,1626
8.5014,1618
8.507,1622
8.5126,1629
8.5182,1624
8.5236,1620
8.5292,1623
8.5348,1628
8.5402,1627
8.5458,1619
8.5514,1624
8.5571,1627
8.5624,1627
8.568,1621
8.5736,1619
8.5793,1624
8.5846,1627
8.5902,1621
8.5959,1620
8.6015,1625
8.6071,1628
8.6125,1624
8.6181,1620
8.6237,1623
8.6293,1628
8.6347,1626
8.6403,1620
8.6459,1621
8.6515,1627
8.6569,1627
8.6625,1621
8.6682,1620
8.6738,1626
8.6791,1628
8.6847,1622
8.6904,1619
8.696,1626
8.7013,1629
8.707,1625
8.7126,1619
8.718,1625
8.7236,1628
8.7292,1627
8.7348,1620
8.7402,1623
8.7458,1628
8.7514,1627
8.7571,1620
8.7627,1621
8.768,1627
8.7737,1627
8.7793,1620
8.7849,1621
8.7903,1627
8.7959,1629
8.8015,1624
8.8069,1619
8.8125,1625
8.8181,1630
8.8238,1625
8.8291,1619
8.8347,1625
8.8403,1627
8.846,1624
8.8513,1620
8.857,1624
8.8624,1630
8.8681,1626
8.8736,1620
8.8792,1622
8.8848,1627
8.8905,1626
8.8958,1621
8.9014,1622
8.9071,1628
8.9124,1628
8.918,1621
8.9237,1621
8.9293,1626
8.9346,1628
8.9403,1624
8.9459,1621
8.9515,1625
8.9569,1629
8.9625,1623
8.9681,1622
8.9738,1627
8.9791,1627
8.9848,1623
8.9904,1621
8.9957,1626
9.0014,1628
9.007,1625
9.0126,1621
9.0182,1623
9.0236,1628
9.0292,1627
9.0349,1621
9.0402,1622
9.0458,1628
9.0514,1625
9.0571,1619
9.0627,1622
9.0681,1626
9.0738,1628
9.0791,1620
9.0848,1623
9.0904,1628
9.096,1627
9.1013,1621
9.1069,1623
9.1126,1630
9.1182,1628
9.1235,1620
9.1292,1621
9.1348,1628
9.1404,1628
9.1458,1623
9.1514,1620
9.1571,1624
9.1624,1628
9.1681,1623
9.1737,1621
9.1793,1627
9.1847,1628
9.1903,1622
9.1959,1621
9.2015,1624
9.2071,1629
9.2125,1624
9.2181,1621
9.2237,1625
9.2293,1629
9.2346,1624
9.2403,1619
9.2459,1624
9.2515,1629
9.2569,1626
9.2625,1620
9.2681,1624
9.2737,1628
9.2793,1626
9.2847,1622
9.2903,1621
9.2959,1626
9.3015,1630
9.3069,1625
9.3125,1619
9.3181,1625
9.3237,1630
9.3293,1625
9.3347,1619
9.3403,1623
9.3459,1629
9.3515,1628
9.3569,1620
9.3625,1622
9.3681,1629
9.3737,1626
9.3791,1622
9.3847,1621
9.3903,1627
9.396,1629
9.4013,1623
9.4069,1622
9.4125,1628
9.4182,1628
9.4238,1622
9.4292,1622
9.4348,1626
9.4404,1627
9.446,1622
9.4514,1623
9.457,1628
9.4626,1628
9.4682,1623
9.4736,1620
9.4792,1627
9.4848,1628
9.4905,1623
9.4958,1621
9.5015,1625
9.5071,1636
9.5125,1662
9.5181,1670
9.5237,1675
9.5291,1677
9.5348,1676
9.5404,1672
9.546,1669
9.5514,1666
9.557,1664
9.5626,1660
9.5682,1655
9.5736,1652
9.5792,1649
9.5848,1645
9.5905,1642
9.5958,1639
9.6014,1634
9.607,1630
9.6126,1626
9.618,1623
9.6236,1625
9.6292,1627
9.6348,1627
9.6404,1624
9.6458,1623
9.6514,1627
9.657,1626
9.6626,1623
9.668,1624
9.6736,1629
9.6792,1627
9.6848,1622
9.6904,1621
9.696,1629
9.7014,1627
9.707,1622
9.7126,1621
9.7182,1628
9.7236,1625
9.7292,1623
9.7348,1622
9.7404,1628
9.7458,1627
9.7514,1622
9.757,1621
9.7626,1628
9.7682,1627
9.7736,1621
9.7792,1622
9.7849,1628
9.7902,1627
9.7959,1620
9.8015,1623
9.8071,1627
9.8125,1626
9.8181,1621
9.8237,1622
9.8293,1628
9.8347,1628
9.8403,1620
9.8459,1621
9.8516,1628
9.8569,1629
9.8626,1624
9.8682,1621
9.8736,1624
9.8792,1628
9.8848,1626
9.8904,1620
9.8958,1625
9.9014,1629
9.907,1626
9.9127,1620
9.918,1625
9.9236,1627
9.9292,1622
9.9349,1619
9.9402,1626
9.9458,1628
9.9515,1625
9.9571,1620
9.9624,1625
9.968,1629
9.9737,1625
9.9793,1620
9.9849,1622
9.9902,1626
9.9959,1628
10.0015,1622
10.0071,1620
10.0125,1627
10.0181,1629
10.0237,1623
10.0291,1620
10.0347,1624
10.0403,1629
10.0459,1625
10.0516,1620
10.0569,1623
10.0625,1630
10.0682,1626
10.0738,1620
10.0791,1621
10.0848,1626
10.0904,1628
10.096,1622
10.1013,1621
10.107,1628
10.1126,1628
10.1182,1623
10.1235,1621
10.1292,1625
10.1348,1629
10.1404,1624
10.1458,1621
10.1514,1624
10.157,1629
10.1627,1624
10.168,1620
10.1736,1624
10.1793,1630
10.1849,1628
10.1902,1622
10.1959,1623
10.2015,1629
10.2071,1627
10.2124,1622
10.2181,1621
10.2237,1628
10.2293,1627
10.2346,1621
10.2403,1621
10.2459,1627
10.2515,1627
10.2569,1622
10.2625,1620
10.2681,1625
10.2737,1628
10.2793,1621
10.2847,1622
10.2903,1626
10.2957,1627
10.3014,1623
10.307,1622
10.3126,1627
10.3182,1629
10.3236,1622
10.3292,1620
10.3348,1624
10.3404,1628
10.3458,1623
10.3514,1620
10.357,1625
10.3626,1628
10.368,1628
10.3736,1619
10.3792,1622
10.3848,1627
10.3905,1627
10.3958,1620
10.4014,1622
10.407,1627
10.4124,1627
10.418,1622
10.4236,1619
10.4293,1628
10.4348,1627
10.4402,1622
10.4458,1620
10.4514,1625
10.4571,1630
10.4624,1625
10.468,1619
10.4736,1625
10.4793,1629
10.4847,1626
10.4903,1621
10.4959,1622
10.5016,1628
10.5069,1626
10.5126,1620
10.5182,1624
10.5235,1628
10.5292,1624
10.5348,1620
10.5404,1624
10.5458,1628
10.5514,1624
10.557,1621
10.5627,1623
10.568,1629
10.5736,1626
10.5793,1619
10.5849,1623
10.5902,1629
10.5959,1625
10.6015,1621
10.6069,1622
10.6125,1628
10.6181,1626
10.6237,1619
10.6294,1620
10.6347,1629
10.6403,1627
10.646,1623
10.6514,1621
10.657,1626
10.6626,1630
10.668,1623
10.6736,1620
10.6792,1626
10.6849,1628
10.6902,1621
10.6959,1622
10.7015,1627
10.7071,1627
10.7125,1623
10.7181,1622
10.7238,1625
10.7291,1628
10.7347,1625
10.7404,1619
10.746,1625
10.7513,1629
10.757,1628
10.7626,1619
10.7682,1624
10.7738,1628
10.7792,1624
10.7848,1621
10.7904,1624
10.7958,1629
10.8014,1624
10.8071,1620
10.8124,1624
10.818,1629
10.8237,1626
10.8293,1626
10.8347,1648
10.8403,1661
10.8459,1663
10.8515,1667
10.8569,1664
10.8626,1664
10.8682,1659
10.8735,1656
10.8792,1654
10.8848,1651
10.8904,1648
10.8958,1643
10.9014,1639
10.907,1636
10.9126,1633
10.9183,1631
10.9236,1625
10.9292,1624
10.9348,1627
10.9405,1626
10.9458,1624
10.9514,1623
10.9571,1628
10.9624,1625
10.9681,1623
10.9737,1623
10.9793,1628
10.9846,1627
10.9903,1623
10.9959,1621
11.0015,1626
11.0069,1628
11.0125,1623
11.0181,1621
11.0238,1628
11.0291,1626
11.0348,1624
11.0404,1621
11.046,1627
11.0513,1628
11.057,1623
11.0626,1622
11.0682,1628
11.0736,1627
11.0792,1623
11.0848,1620
11.0902,1628
11.0958,1628
11.1015,1624
11.1071,1620
11.1124,1625
11.118,1628
11.1237,1622
11.1293,1621
11.1349,1625
11.1403,1630
11.1458,1623
11.1515,1621
11.1571,1625
11.1624,1628
11.168,1623
11.1736,1621
11.1793,1624
11.1849,1628
11.1902,1622
11.1959,1623
11.2014,1626
11.2071,1629
11.2124,1623
11.2181,1621
11.2237,1626
11.2293,1627
11.2349,1622
11.2402,1621
11.2459,1626
11.2515,1626
11.2571,1621
11.2627,1622
11.268,1627
11.2737,1626
11.2793,1620
11.2847,1623
11.2903,1628
11.2959,1627
11.3015,1620
11.3069,1621
11.3125,1628
11.3181,1628
11.3238,1621
11.3291,1621
11.3347,1627
11.3403,1628
11.346,1624
11.3516,1622
11.3569,1627
11.3625,1627
11.3682,1623
11.3738,1619
11.3791,1628
11.3848,1629
11.3904,1624
11.396,1621
11.4013,1625
11.4069,1630
11.4126,1623
11.4182,1620
11.4238,1624
11.4291,1628
11.4347,1625
11.4404,1620
11.446,1625
11.4513,1627
11.4569,1626
11.4626,1619
11.4682,1623
11.4735,1628
11.4792,1626
11.4847,1620
11.4904,1624
11.496,1632
11.5014,1625
11.507,1620
11.5125,1623
11.5182,1630
11.5238,1628
11.5291,1622
11.5348,1623
11.5404,1629
11.546,1626
11.5513,1619
11.5569,1622
11.5626,1627
11.5682,1626
11.5735,1621
11.5792,1622
11.5848,1629
11.5904,1627
11.5958,1622
11.6014,1622
11.607,1627
11.6127,1628
11.618,1621
11.6236,1622
11.6293,1627
11.6349,1626
11.6403,1622
11.6459,1621
11.6515,1629
11.6569,1625
11.6625,1621
11.6681,1624
11.6737,1630
11.6794,1626
11.6847,1621
11.6903,1623
11.6959,1627
11.7016,1625
11.7069,1621
11.7125,1625
11.7181,1628
11.7238,1627
11.7291,1621
11.7348,1621
11.7404,1627
11.746,1627
11.7514,1620
11.757,1622
11.7626,1630
11.7682,1627
11.7736,1620
11.7792,1622
11.7849,1628
11.7903,1627
11.7959,1620
11.8015,1620
11.8071,1628
11.8124,1629
11.8181,1623
11.8237,1621
11.8293,1626
11.8347,1628
11.8403,1624
11.846,1621
11.8516,1622
11.8569,1629
11.8626,1627
11.8682,1620
11.8738,1622
11.8791,1628
11.8848,1625
11.8904,1622
11.8958,1623
11.9014,1626
11.907,1625
11.9126,1622
11.918,1621
11.9236,1627
11.9293,1628
11.9349,1625
11.9402,1618
11.9459,1627
11.9515,1630
11.9571,1622
11.9625,1621
11.9681,1624
11.9737,1627
11.9793,1626
11.9847,1622
11.9903,1623
11.996,1630
12.0013,1626
12.0069,1619
12.0126,1622
12.0182,1629
12.0238,1626
12.0292,1619
12.0348,1622
12.0404,1626
12.0458,1625
12.0514,1621
12.057,1620
12.0627,1629
12.068,1627
12.0736,1621
12.0793,1629
12.0849,1652
12.0903,1666
12.0959,1674
12.1016,1675
12.1069,1673
12.1125,1670
12.1182,1666
12.1238,1662
12.1291,1658
12.1347,1655
12.1404,1649
12.146,1646
12.1514,1641
12.157,1639
12.1626,1633
12.1683,1628
12.1736,1627
12.1792,1621
12.1848,1630
12.1905,1627
12.1958,1626
12.2014,1622
12.207,1624
12.2127,1627
12.218,1623
12.2237,1622
12.2293,1627
12.2347,1628
12.2403,1625
12.246,1623
12.2516,1626
12.2569,1628
12.2626,1623
12.2682,1621
12.2736,1627
12.2792,1627
12.2848,1622
12.2904,1620
12.2958,1628
12.3014,1629
12.3071,1623
12.3127,1622
12.318,1628
12.3237,1627
12.3293,1622
12.3349,1622
12.3403,1627
12.3459,1627
12.3515,1621
12.3569,1620
12.3625,1627
12.3681,1628
12.3737,1623
12.3791,1622
12.3847,1627
12.3903,1628
12.396,1623
12.4013,1619
12.407,1624
12.4126,1630
12.4182,1625
12.4236,1617
12.4292,1626
12.4348,1628
12.4405,1625
12.4458,1620
12.4514,1623
12.4571,1629
12.4627,1626
12.468,1622
12.4737,1621
12.4793,1627
12.4847,1626
12.4903,1622
12.4959,1621
12.5016,1628
12.5069,1627
12.5125,1621
12.5181,1619
12.5238,1625
12.5291,1628
12.5348,1626
12.5404,1620
12.546,1624
12.5514,1629
12.5569,1626
12.5625,1621
12.5681,1621
12.5738,1628
12.5791,1626
12.5847,1619
12.5903,1621
12.5959,1629
12.6016,1629
12.6069,1622
12.6125,1621
12.618,1627
12.6236,1629
12.6293,1623
12.6349,1620
12.6402,1626
12.6458,1630
12.6515,1625
12.6571,1621
12.6627,1622
12.668,1626
12.6736,1626
12.6793,1619
12.6849,1624
12.6902,1627
12.6958,1625
12.7014,1619
12.7071,1623
12.7124,1628
12.718,1626
12.7237,1619
12.7293,1623
12.7349,1628
12.7403,1627
12.7459,1622
12.7515,1620
12.7571,1626
12.7625,1628
12.7681,1624
12.7737,1620
12.7793,1624
12.7847,1628
12.7903,1623
12.796,1619
12.8016,1623
12.8069,1630
12.8125,1627
12.8182,1620
12.8238,1623
12.8291,1628
12.8348,1625
12.8404,1619
12.846,1623
12.8514,1628
12.8571,1627
12.8627,1620
12.868,1622
12.8736,1627
12.8793,1629
12.8849,1623
12.8902,1621
12.8959,1627
12.9015,1628
12.9071,1621
12.9125,1621
12.9181,1625
12.9237,1628
12.9293,1622
12.9347,1620
12.9403,1625
12.9459,1629
12.9516,1625
12.9569,1620
12.9625,1625
12.9682,1629
12.9738,1625
12.9791,1620
12.9847,1623
12.9904,1629
12.996,1629
13.0016,1624
13.007,1621
13.0126,1625
13.0182,1627
13.0236,1619
13.0292,1622
13.0348,1626
13.0404,1626
13.0458,1625
13.0514,1622
13.0571,1625
13.0627,1626
13.068,1625
13.0737,1625
13.0793,1624
13.0849,1629
13.0903,1624
13.0959,1621
13.1016,1623
13.1069,1629
13.1126,1626
13.1182,1619
13.1236,1621
13.1292,1629
13.1348,1627
13.1404,1622
13.1458,1619
13.1515,1626
13.1571,1627
13.1624,1623
13.1681,1621
13.1737,1626
13.1793,1626
13.1847,1624
13.1903,1620
13.1959,1625
13.2015,1630
13.2069,1626
13.2125,1621
13.2181,1623
13.2238,1628
13.2294,1625
13.2347,1620
13.2403,1622
13.246,1630
13.2516,1626
13.257,1618
13.2626,1620
13.2682,1628
13.2736,1626
13.2792,1621
13.2848,1620
13.2905,1627
13.2958,1627
13.3014,1622
13.3071,1620
13.3127,1625
13.3181,1630
13.3237,1622
13.3293,1619
13.3347,1622
13.3403,1628
13.3459,1625
13.3516,1620
13.3569,1624
13.3625,1629
13.3682,1626
13.3738,1620
13.3792,1624
13.3848,1629
13.3904,1627
13.396,1620
13.4014,1619
13.407,1626
13.4126,1627
13.418,1623
13.4236,1620
13.4293,1626
13.4349,1628
13.4402,1624
13.4458,1619
13.4515,1624
13.4571,1631
13.4625,1626
13.4681,1620
13.4737,1623
13.4791,1637
13.4848,1660
13.4904,1673
13.496,1677
13.5013,1674
13.5069,1675
13.5126,1670
13.5182,1668
13.5236,1665
13.5292,1660
13.5348,1656
13.5404,1652
13.5458,1649
13.5514,1644
13.557,1641
13.5627,1636
13.568,1632
13.5736,1628
13.5793,1626
13.5849,1622
13.5905,1625
13.5959,1628
13.6015,1628
13.6072,1620
13.6125,1626
13.6181,1627
13.6238,1625
13.6291,1623
13.6348,1625
13.6404,1630
13.646,1626
13.6514,1624
13.657,1626
13.6626,1628
13.668,1626
13.6736,1621
13.6792,1625
13.6849,1629
13.6902,1625
13.6959,1622
13.7015,1625
13.7071,1628
13.7125,1625
13.7181,1620
13.7237,1625
13.7294,1628
13.7347,1623
13.7403,1620
13.746,1623
13.7513,1627
13.757,1624
13.7626,1621
13.7682,1621
13.7735,1629
13.7791,1626
13.7848,1621
13.7904,1623
13.796,1630
13.8014,1627
13.807,1620
13.8126,1623
13.8182,1627
13.8236,1628
13.8292,1620
13.8348,1622
13.8404,1626
13.8457,1628
13.8514,1623
13.857,1621
13.8626,1626
13.8682,1629
13.8736,1622
13.8792,1621
13.8849,1631
13.8904,1638
13.8959,1623
13.9016,1621
13.9069,1625
13.9126,1627
13.9182,1623
13.9236,1619
13.9292,1624
13.9348,1626
13.9404,1625
13.9458,1620
13.9514,1621
13.9571,1630
13.9627,1625
13.968,1620
13.9737,1623
13.9793,1627
13.9849,1626
13.9903,1620
13.9959,1623
14.0016,1629
14.0069,1625
14.0126,1620
14.0182,1623
14.0238,1628
14.0291,1628
14.0348,1621
14.0404,1622
14.046,1627
14.0513,1627
14.057,1620
14.0626,1622
14.0682,1629
14.0736,1626
14.0791,1621
14.0848,1623
14.0904,1625
14.096,1627
14.1014,1621
14.107,1620
14.1126,1627
14.1182,1628
14.1236,1623
14.1292,1619
14.1348,1623
14.1404,1629
14.146,1622
14.1514,1622
14.157,1626
14.1626,1629
14.1682,1622
14.1735,1621
14.1792,1626
14.1848,1628
14.1904,1623
14.196,1619
14.2014,1624
14.207,1629
14.2126,1626
14.218,1620
14.2236,1623
14.2293,1628
14.2349,1625
14.2402,1618
14.2459,1621
14.2515,1629
14.2571,1629
14.2625,1622
14.2681,1621
14.2738,1626
14.2791,1626
14.2847,1621
14.2904,1621
14.296,1627
14.3016,1628
14.3069,1625
14.3126,1621
14.3182,1627
14.3238,1628
14.3292,1624
14.3348,1621
14.3404,1626
14.3458,1628
14.3514,1624
14.3571,1621
14.3624,1625
14.368,1628
14.3737,1623
14.3793,1620
14.3849,1623
14.3903,1627
14.396,1622
14.4016,1621
14.4069,1625
14.4126,1628
14.4182,1623
14.4238,1620
14.4292,1625
14.4348,1630
14.4404,1623
14.4458,1620
14.4514,1625
14.457,1627
14.4627,1623
14.4683,1620
14.4736,1625
14.4793,1628
14.4849,1623
14.4903,1622
14.4959,1625
14.5015,1628
14.5071,1622
14.5125,1621
14.5181,1626
14.5237,1629
14.5291,1623
14.5347,1620
14.5403,1623
14.546,1628
14.5516,1626
14.557,1621
14.5626,1625
14.5682,1626
14.5738,1624
14.5792,1620
14.5848,1624
14.5905,1629
14.5958,1624
14.6014,1621
14.6071,1625
14.6124,1628
14.618,1625
14.6237,1619
14.6293,1624
14.6349,1626
14.6403,1624
14.6459,1620
14.6515,1625
14.6572,1629
14.6625,1623
14.6681,1621
14.6737,1624
14.6794,1629
14.6847,1623
14.6903,1621
14.696,1623
14.7013,1628
14.707,1624
14.7126,1620
14.7182,1621
14.7236,1629
14.7292,1632
14.7348,1619
14.7405,1622
14.7458,1627
14.7514,1625
14.757,1621
14.7627,1622
14.7681,1628
14.7737,1626
14.7793,1621
14.7847,1623
14.7903,1627
14.7959,1626
14.8015,1622
14.8069,1621
14.8125,1627
14.8181,1626
14.8238,1620
14.8291,1621
14.8347,1628
14.8404,1628
14.846,1621
14.8516,1621
14.857,1625
14.8626,1627
14.868,1624
14.8736,1621
14.8793,1626
14.8849,1627
14.8902,1622
14.8959,1622
14.9015,1626
14.9071,1628
14.9124,1623
14.9181,1619
14.9237,1626
14.9293,1628
14.9349,1625
14.9403,1621
14.9459,1623
14.9515,1628
14.9571,1626
14.9625,1622
14.9681,1623
14.9737,1626
14.9793,1623
14.9847,1622
14.9903,1623
14.9959,1627
15.0015,1625
15.0072,1619
15.0125,1625
15.0181,1628
15.0237,1625
15.0293,1622
15.0347,1624
15.0404,1634
15.046,1661
15.0514,1675
15.057,1678
15.0626,1680
15.0682,1678
15.0736,1675
15.0792,1672
15.0849,1670
15.0905,1666
15.0958,1662
15.1015,1658
15.1071,1652
15.1125,1650
15.1181,1644
15.1237,1642
15.1293,1637
15.1349,1635
15.1403,1629
15.1459,1628
15.1515,1623
15.1569,1627
15.1625,1627
15.1682,1625
15.1738,1623
15.1791,1626
15.1848,1628
15.1904,1626
15.1958,1622
15.2014,1626
15.2071,1630
15.2127,1627
15.218,1620
15.2236,1626
15.2293,1628
15.2349,1625
15.2403,1620
15.2459,1626
15.2515,1631
15.2572,1625
15.2625,1620
15.2681,1623
15.2737,1628
15.2794,1624
15.2847,1621
15.2904,1625
15.296,1627
15.3013,1626
15.3069,1621
15.3126,1624
15.3182,1628
15.3235,1625
15.3292,1620
15.3348,1625
15.3404,1627
15.3461,1622
15.3514,1620
15.357,1626
15.3627,1628
15.3683,1621
15.3736,1622
15.3793,1626
15.3849,1627
15.3903,1623
15.3959,1621
15.4015,1627
15.4071,1623
15.4125,1622
15.4181,1622
15.4238,1627
15.4294,1628
15.4347,1622
15.4404,1622
15.446,1628
15.4514,1626
15.457,1623
15.4626,1624
15.4683,1627
15.4736,1626
15.4792,1622
15.4849,1620
15.4902,1628
15.4958,1630
15.5015,1622
15.5071,1621
15.5127,1625
15.518,1626
15.5236,1623
15.5293,1620
15.5349,1625
15.5402,1626
15.5458,1625
15.5515,1620
15.5571,1624
15.5624,1628
15.5681,1627
15.5736,1620
15.5793,1624
15.5849,1629
15.5902,1625
15.5959,1620
15.6014,1625
15.6071,1628
15.6125,1625
15.6181,1621
15.6237,1624
15.6292,1629
15.6349,1625
15.6402,1620
15.6458,1623
15.6515,1627
15.6571,1627
15.6627,1620
15.668,1623
15.6736,1628
15.6793,1626
15.6849,1621
15.6905,1622
15.6959,1626
15.7015,1628
15.7071,1621
15.7127,1620
15.7181,1625
15.7237,1629
15.7293,1623
15.7349,1620
15.7403,1627
15.7459,1628
15.7515,1628
15.7569,1620
15.7625,1623
15.7682,1629
15.7738,1624
15.7791,1618
15.7848,1621
15.7904,1628
15.7961,1624
15.8014,1620
15.807,1624
15.8126,1628
15.818,1627
15.8236,1621
15.8292,1623
15.8349,1629
15.8402,1626
15.8459,1621
15.8515,1621
15.8571,1627
15.8625,1626
15.8682,1620
15.8738,1622
15.8791,1629
15.8847,1627
15.8903,1621
15.896,1622
15.9016,1629
15.9069,1627
15.9126,1622
15.9182,1623
15.9235,1627
15.9292,1627
15.9348,1621
15.9404,1623
15.9458,1624
15.9514,1628
15.9571,1623
15.9627,1621
15.968,1626
15.9737,1627
15.9793,1622
15.9847,1621
15.9903,1626
15.9959,1627
16.0016,1621
16.0069,1623
16.0125,1627
16.0182,1628
16.0238,1622
16.0291,1619
16.0348,1624
16.0404,1627
16.046,1623
16.0514,1620
16.057,1626
16.0626,1628
16.068,1623
16.0736,1620
16.0792,1626
16.0848,1629
16.0904,1623
16.0958,1620
16.1014,1625
16.107,1628
16.1126,1625
16.1182,1621
16.1236,1624
16.1292,1629
16.1348,1626
16.1404,1620
16.1461,1626
16.1514,1628
16.157,1625
16.1626,1620
16.1683,1623
16.1736,1628
16.1792,1624
16.1848,1621
16.1904,1622
16.196,1629
16.2014,1627
16.207,1621
16.2126,1621
16.2182,1629
16.2236,1626
16.2292,1622
16.2348,1621
16.2404,1626
16.2458,1625
16.2514,1619
16.257,1621
16.2627,1629
16.2682,1625
16.2736,1619
16.2792,1623
16.2849,1627
16.2905,1628
16.2959,1622
16.3015,1621
16.3071,1627
16.3127,1627
16.3181,1620
16.3237,1622
16.3293,1627
16.3347,1625
16.3403,1620
16.3459,1623
16.3516,1627
16.3569,1626
16.3625,1619
16.3682,1624
16.3738,1627
16.3791,1625
16.3848,1621
16.3904,1622
16.396,1629
16.4014,1626
16.407,1621
16.4126,1622
16.4182,1628
16.4236,1625
16.4292,1619
16.4349,1623
16.4405,1629
16.4458,1626
16.4515,1621
16.4571,1620
16.4624,1626
16.4681,1629
16.4737,1622
16.4793,1621
16.4847,1626
16.4903,1626
16.4959,1619
16.5016,1620
16.5072,1623
16.5125,1628
16.5182,1621
16.5238,1620
16.5291,1624
16.5347,1627
16.5404,1625
16.546,1622
16.5513,1624
16.557,1628
16.5626,1625
16.5682,1620
16.5736,1624
16.5792,1627
16.5849,1623
16.5905,1621
16.5958,1621
16.6015,1628
16.6071,1626
16.6127,1622
16.6181,1621
16.6237,1627
16.6293,1627
16.6347,1630
16.6404,1648
16.646,1658
16.6516,1663
16.657,1665
16.6626,1665
16.6682,1662
16.6736,1660
16.6792,1659
16.6849,1653
16.6902,1651
16.6959,1647
16.7015,1644
16.7071,1640
16.7128,1635
16.7181,1634
16.7237,1627
16.7294,1625
16.7347,1623
16.7403,1628
16.7459,1630
16.7516,1623
16.7569,1621
16.7626,1627
16.7682,1628
16.7735,1624
16.7792,1623
16.7848,1628
16.7905,1626
16.7958,1622
16.8015,1622
16.8071,1628
16.8127,1627
16.818,1622
16.8237,1621
16.8293,1629
16.8347,1628
16.8403,1622
16.8459,1624
16.8516,1629
16.857,1628
16.8626,1621
16.8682,1623
16.8736,1627
16.8792,1627
16.8848,1620
16.8905,1624
16.8958,1626
16.9015,1626
16.9071,1621
16.9125,1623
16.9181,1628
16.9237,1625
16.9294,1618
16.9347,1624
16.9404,1628
16.946,1623
16.9514,1620
16.957,1622
16.9626,1627
16.9683,1626
16.9736,1621
16.9792,1624
16.9849,1627
16.9902,1626
16.9958,1621
17.0015,1622
17.0071,1628
17.0124,1628
17.0181,1620
17.0237,1622
17.0293,1628
17.035,1627
17.0403,1623
17.0459,1622
17.0515,1627
17.0572,1627
17.0625,1623
17.0681,1619
17.0737,1627
17.0794,1629
17.0847,1622
17.0904,1621
17.0959,1625
17.1015,1627
17.1072,1621
17.1125,1622
17.1182,1624
17.1237,1629
17.1294,1624
17.1347,1618
17.1404,1622
17.146,1629
17.1514,1626
17.157,1618
17.1626,1621
17.1683,1628
17.1736,1624
17.1792,1621
17.1849,1620
17.1905,1628
17.1959,1628
17.2015,1621
17.2069,1620
17.2125,1625
17.2181,1630
17.2238,1621
17.2291,1620
17.2347,1625
17.2403,1626
17.246,1623
17.2516,1622
17.2569,1623
17.2625,1629
17.2681,1625
17.2738,1620
17.2791,1622
17.2847,1629
17.2903,1628
17.2959,1621
17.3016,1622
17.3069,1628
17.3126,1627
17.3181,1621
17.3238,1622
17.3294,1627
17.3347,1625
17.3404,1621
17.346,1622
17.3516,1630
17.3569,1627
17.3625,1622
17.3682,1622
17.3738,1628
17.3794,1629
17.3848,1621
17.3904,1622
17.396,1628
17.4014,1628
17.407,1623
17.4126,1623
17.4182,1626
17.4236,1628
17.4292,1623
17.4348,1623
17.4404,1626
17.4458,1628
17.4514,1622
17.457,1619
17.4627,1626
17.468,1629
17.4736,1623
17.4793,1621
17.4849,1624
17.4905,1627
17.4959,1624
17.5015,1620
17.5071,1625
17.5125,1627
17.5181,1624
17.5237,1621
17.5294,1624
17.5347,1627
17.5403,1626
17.546,1622
17.5513,1622
17.5569,1627
17.5626,1628
17.5682,1622
17.5736,1620
17.5792,1626
17.5848,1629
17.5905,1623
17.5958,1619
17.6015,1626
17.6071,1628
17.6124,1622
17.6181,1620
17.6237,1625
17.6293,1628
17.6347,1625
17.6403,1619
17.6459,1622
17.6516,1627
17.6569,1625
17.6625,1621
17.6682,1622
17.6738,1627
17.6792,1627
17.6848,1621
17.6904,1620
17.6958,1626
17.7014,1629
17.707,1623
17.7126,1621
17.7183,1626
17.7236,1630
17.7292,1623
17.7349,1620
17.7405,1623
17.7458,1627
17.7514,1623
17.7571,1621
17.7627,1624
17.768,1628
17.7737,1623
17.7793,1619
17.7849,1623
17.7903,1629
17.7959,1624
17.8015,1620
17.8069,1624
17.8125,1630
17.8181,1625
17.8238,1619
17.8291,1622
17.8348,1626
17.8404,1627
17.846,1621
17.8514,1623
17.8571,1627
17.8627,1627
17.8681,1622
17.8737,1620
17.8793,1625
17.885,1629
17.8903,1624
17.8959,1621
17.9016,1623
17.9069,1627
17.9126,1624
17.9183,1621
17.9236,1625
17.9293,1628
17.9349,1625
17.9405,1621
17.9459,1625
17.9515,1631
17.9571,1626
17.9627,1618
17.9681,1623
17.9737,1628
17.9793,1627
17.9847,1619
17.9903,1622
17.996,1629
18.0016,1628
18.007,1621
18.0126,1621
18.0182,1627
18.0238,1628
18.0294,1622
18.0348,1621
18.0404,1627
18.046,1629
18.0514,1624
18.057,1620
18.0627,1624
18.0683,1628
18.0736,1624
18.0793,1619
18.0849,1624
18.0905,1629
18.0959,1626
18.1015,1619
18.1072,1623
18.1125,1627
18.1182,1627
18.1238,1620
18.1292,1622
18.1348,1628
18.1403,1626
18.1459,1622
18.1514,1621
18.157,1626
18.1625,1626
18.1681,1623
18.1738,1620
18.1794,1623
18.185,1628
18.1903,1622
18.1959,1619
18.2014,1625
18.207,1629
18.2125,1624
18.2181,1619
18.2236,1626
18.2292,1628
18.2347,1625
18.2403,1618
18.2459,1623
18.2514,1627
18.2571,1624
18.2625,1620
18.2681,1625
18.2737,1628
18.2792,1624
18.2848,1620
18.2903,1624
18.2959,1629
18.3014,1626
18.307,1628
18.3126,1649
18.3181,1659
18.3237,1664
18.3292,1667
18.3348,1664
18.3404,1663
18.3459,1661
18.3515,1658
18.357,1655
18.3626,1650
18.3681,1648
18.3737,1644
18.3793,1639
18.3848,1636
18.3904,1631
18.3959,1626
18.4015,1624
18.4071,1622
18.4126,1628
18.4182,1627
18.4237,1624
18.4293,1622
18.4349,1627
18.4404,1628
18.446,1624
18.4515,1625
18.4571,1630
18.4627,1627
18.4682,1623
18.4738,1625
18.4793,1629
18.4849,1627
18.4904,1621
18.496,1624
18.5016,1629
18.5071,1624
18.5127,1621
18.5182,1624
18.5238,1627
18.5294,1624
18.5349,1621
18.5405,1624
18.546,1626
18.5516,1624
18.5572,1621
18.5627,1629
18.5683,1627
18.5738,1624
18.5794,1622
18.5849,1626
18.5905,1627
18.5961,1620
18.6016,1621
18.6072,1627
18.6127,1627
18.6183,1621
18.6239,1621
18.6294,1626
18.635,1630
18.6405,1622
18.6461,1622
18.6516,1625
18.6572,1628
18.6628,1622
18.6681,1620
18.6738,1624
18.6794,1629
18.685,1623
18.6903,1620
18.696,1622
18.7016,1628
18.7072,1625
18.7128,1620
18.7181,1625
18.7238,1628
18.7294,1625
18.735,1619
18.7404,1622
18.746,1627
18.7516,1624
18.7573,1621
18.7626,1624
18.7683,1630
18.7739,1627
18.7795,1622
18.7848,1622
18.7905,1628
18.7961,1627
18.8017,1620
18.8071,1621
18.8127,1628
18.8183,1627
18.824,1623
18.8293,1623
18.8349,1626
18.8405,1626
18.8462,1620
18.8515,1621
18.8572,1625
18.8629,1627
18.8682,1623
18.8738,1619
18.8794,1627
18.8851,1627
18.8904,1623
18.8961,1621
18.9017,1627
18.9071,1629
18.9127,1623
18.9183,1622
18.9239,1626
18.9296,1629
18.9349,1619
18.9405,1622
18.9462,1625
18.9518,1628
18.9572,1623
18.9628,1621
18.9684,1627
18.9738,1627
18.9794,1624
18.985,1619
18.9907,1625
18.996,1628
19.0016,1624
19.0073,1623
19.0129,1624
19.0182,1628
19.0239,1625
19.0295,1621
19.0349,1622
19.0405,1629
19.0461,1625
19.0518,1621
19.0571,1623
19.0627,1628
19.0684,1627
19.074,1622
19.0793,1622
19.085,1629
19.0906,1627
19.0962,1622
19.1016,1621
19.1072,1627
19.1128,1626
19.1185,1622
19.1238,1620
19.1295,1626
19.1351,1627
19.1404,1622
19.1461,1622
19.1517,1627
19.1573,1627
19.1627,1624
19.1683,1622
19.174,1627
19.1793,1627
19.185,1623
19.1906,1619
19.1962,1625
19.2016,1629
19.2072,1624
19.2128,1621
19.2185,1625
19.2238,1628
19.2294,1623
19.2351,1621
19.2404,1626
19.2461,1628
19.2517,1623
19.2573,1622
19.2627,1624
19.2684,1625
19.2738,1621
19.2794,1623
19.2851,1627
19.2907,1624
19.2961,1621
19.3017,1623
19.3071,1628
19.3127,1624
19.3184,1619
19.324,1622
19.3294,1627
19.335,1626
19.3407,1621
19.3461,1621
19.3517,1627
19.3573,1627
19.3627,1623
19.3684,1622
19.3741,1624
19.3794,1627
19.3851,1622
19.3904,1620
19.3962,1625
19.4016,1628
19.4073,1626
19.4126,1621
19.4183,1624
19.424,1628
19.4293,1625
19.435,1621
19.4406,1625
19.4463,1628
19.4517,1625
19.4573,1622
19.4629,1623
19.4683,1627
19.4739,1623
19.4796,1621
19.4849,1625
19.4906,1628
19.4962,1624
19.5016,1621
19.5072,1625
19.5129,1631
19.5185,1626
19.5239,1622
19.5296,1624
19.5349,1629
19.5406,1626
19.5463,1620
19.5516,1624
19.5571,1628
19.5628,1624
19.5684,1622
19.5741,1622
19.5794,1627
19.585,1627
19.5906,1622
19.5963,1623
19.6017,1627
19.6073,1627
19.613,1622
19.6183,1622
19.624,1627
19.6296,1629
19.6349,1623
19.6406,1622
19.6462,1626
19.6516,1628
19.6572,1623
19.6628,1621
19.6685,1627
19.6738,1629
19.6795,1620
19.6851,1622
19.6905,1627
19.6961,1625
19.7017,1620
19.7074,1623
19.7127,1629
19.7183,1627
19.724,1619
19.7296,1625
19.735,1628
19.7406,1626
19.7463,1621
19.7516,1623
19.7572,1627
19.7629,1626
19.7685,1622
19.7739,1624
19.7795,1628
19.7851,1626
19.7905,1621
19.7962,1625
19.8018,1630
19.8072,1624
19.8128,1621
19.8184,1624
19.8241,1629
19.8294,1625
19.835,1621
19.8406,1623
19.846,1628
19.8517,1626
19.8573,1622
19.863,1619
19.8683,1626
19.874,1628
19.8796,1625
19.885,1621
19.8905,1625
19.8961,1629
19.9018,1627
19.9074,1620
19.9128,1625
19.9183,1628
19.9239,1626
