Experiment: Mar_16_osmo_expt vial 2, Tue Mar 16 20:56:43 2021
0.0015,1623
0.0064,1617
0.0118,1612
0.0175,1607
0.0229,1605
0.0286,1611
0.034,1611
0.0397,1606
0.0451,1610
0.0508,1610
0.0562,1606
0.0619,1608
0.0673,1610
0.073,1607
0.0784,1608
0.0841,1610
0.0897,1605
0.0951,1609
0.1008,1611
0.1062,1605
0.1119,1606
0.1173,1611
0.123,1609
0.1284,1607
0.1341,1610
0.1395,1607
0.1452,1606
0.1505,1612
0.1562,1610
0.1619,1605
0.1673,1612
0.173,1611
0.1784,1604
0.1841,1606
0.1895,1612
0.1952,1607
0.2006,1606
0.2063,1609
0.2117,1608
0.2173,1605
0.2231,1608
0.2285,1610
0.2342,1606
0.2395,1607
0.2452,1612
0.2506,1608
0.2563,1605
0.2617,1610
0.2673,1609
0.273,1605
0.2784,1609
0.284,1611
0.2897,1606
0.2951,1607
0.3008,1612
0.3062,1607
0.3119,1604
0.3173,1610
0.3229,1610
0.3286,1607
0.334,1611
0.3397,1610
0.3451,1605
0.3507,1606
0.3561,1611
0.3618,1607
0.3673,1605
0.3729,1610
0.3785,1609
0.3839,1606
0.3897,1610
0.3951,1609
0.4007,1606
0.4061,1610
0.4118,1612
0.4172,1604
0.4229,1608
0.4283,1610
0.434,1608
0.4397,1607
0.4451,1610
0.4508,1609
0.4562,1606
0.462,1610
0.4674,1611
0.473,1606
0.4785,1609
0.4841,1610
0.4895,1605
0.4952,1606
0.5007,1611
0.5063,1606
0.5117,1605
0.5174,1614
0.5228,1607
0.5285,1605
0.5342,1611
0.5396,1610
0.5453,1604
0.5507,1606
0.5564,1612
0.5618,1610
0.5675,1606
0.5729,1609
0.5786,1610
0.584,1606
0.5897,1610
0.5951,1609
0.6008,1607
0.6062,1610
0.6119,1611
0.6173,1604
0.623,1607
0.6285,1612
0.6341,1608
0.6395,1606
0.6452,1609
0.6506,1609
0.6563,1605
0.6617,1608
0.6674,1613
0.6728,1606
0.6785,1607
0.684,1612
0.6897,1608
0.6951,1605
0.7007,1611
0.7062,1610
0.7119,1606
0.7173,1608
0.723,1612
0.7286,1606
0.7341,1605
0.7398,1612
0.7451,1610
0.7508,1605
0.7562,1609
0.7619,1610
0.7673,1604
0.773,1608
0.7784,1611
0.7841,1604
0.7895,1609
0.7952,1612
0.8006,1607
0.8063,1608
0.812,1611
0.8174,1609
0.8231,1606
0.8285,1608
0.8341,1610
0.8396,1605
0.8453,1609
0.8507,1610
0.8561,1604
0.8618,1607
0.8675,1612
0.8729,1605
0.8786,1606
0.884,1609
0.8897,1608
0.8951,1607
0.9008,1609
0.9062,1607
0.9119,1607
0.9173,1611
0.923,1607
0.9284,1608
0.9341,1609
0.9395,1605
0.9452,1609
0.9507,1608
0.9564,1604
0.9618,1612
0.9675,1609
0.9729,1605
0.9786,1609
0.984,1611
0.9897,1606
0.9951,1610
1.0008,1609
1.0062,1605
1.0119,1607
1.0173,1610
1.023,1606
1.0284,1604
1.0341,1610
1.0395,1610
1.0452,1605
1.0506,1609
1.0563,1612
1.0618,1604
1.0675,1605
1.0729,1613
1.0786,1609
1.084,1605
1.0897,1609
1.0951,1612
1.1007,1607
1.1062,1606
1.1119,1609
1.1173,1608
1.1229,1605
1.1284,1608
1.134,1613
1.1394,1609
1.1451,1604
1.1508,1608
1.1563,1610
1.1619,1603
1.1673,1605
1.173,1612
1.1784,1610
1.1841,1605
1.1895,1610
1.1952,1608
1.2006,1604
1.2063,1609
1.212,1611
1.2174,1604
1.2231,1605
1.2285,1610
1.2342,1606
1.2396,1607
1.2453,1612
1.2507,1608
1.2564,1605
1.2618,1610
1.2674,1608
1.2728,1607
1.2785,1611
1.284,1610
1.2897,1606
1.2951,1608
1.3007,1612
1.3064,1606
1.3118,1606
1.3175,1611
1.3229,1609
1.3286,1606
1.334,1610
1.3397,1609
1.3451,1606
1.3508,1610
1.3562,1610
1.3619,1607
1.3673,1609
1.373,1611
1.3784,1606
1.3841,1607
1.3895,1611
1.3952,1606
1.4006,1606
1.4063,1612
1.4117,1608
1.4174,1605
1.4228,1609
1.4285,1612
1.4339,1605
1.4396,1606
1.445,1610
1.4507,1606
1.4561,1609
1.4618,1609
1.4672,1605
1.4729,1607
1.4786,1610
1.484,1605
1.4897,1605
1.4951,1610
1.5008,1609
1.5062,1606
1.5119,1608
1.5173,1611
1.523,1606
1.5284,1611
1.5341,1611
1.5395,1607
1.5452,1608
1.5507,1612
1.5564,1609
1.5617,1604
1.5674,1610
1.5729,1611
1.5785,1605
1.584,1607
1.5897,1613
1.5951,1608
1.6008,1604
1.6062,1609
1.6119,1610
1.6173,1606
1.6229,1608
1.6286,1611
1.634,1607
1.6397,1607
1.6451,1610
1.6508,1609
1.6562,1604
1.6619,1610
1.6673,1612
1.673,1606
1.6784,1608
1.6841,1611
1.6895,1604
1.6952,1605
1.7006,1613
1.7061,1605
1.7118,1605
1.7175,1611
1.7229,1609
1.7286,1603
1.7339,1609
1.7396,1612
1.7453,1605
1.7507,1604
1.7564,1612
1.7617,1608
1.7674,1608
1.7731,1613
1.7785,1607
1.7842,1605
1.7895,1609
1.7952,1608
1.8006,1605
1.8063,1609
1.8117,1614
1.8174,1603
1.823,1609
1.8284,1613
1.8341,1605
1.8396,1607
1.8452,1613
1.8506,1607
1.8563,1603
1.8617,1609
1.8674,1613
1.873,1607
1.8784,1604
1.8841,1610
1.8897,1609
1.8951,1604
1.9008,1608
1.9062,1610
1.9119,1605
1.9173,1606
1.923,1610
1.9284,1605
1.9341,1604
1.9397,1609
1.9452,1611
1.9508,1604
1.9563,1605
1.9619,1610
1.9674,1609
1.973,1606
1.9784,1609
1.9841,1606
1.9895,1604
1.9952,1613
2.0007,1609
2.0064,1605
2.0118,1610
2.0173,1611
2.023,1605
2.0286,1605
2.0341,1612
2.0398,1607
2.0452,1606
2.0508,1611
2.0562,1612
2.0619,1604
2.0673,1608
2.073,1611
2.0784,1604
2.0841,1604
2.0895,1610
2.0952,1610
2.1009,1606
2.1063,1609
2.112,1610
2.1174,1605
2.1228,1607
2.1285,1612
2.134,1608
2.1396,1603
2.1453,1610
2.1507,1609
2.1564,1603
2.1618,1609
2.1675,1612
2.1729,1606
2.1786,1605
2.184,1612
2.1897,1612
2.1951,1603
2.2008,1605
2.2062,1612
2.2119,1608
2.2175,1606
2.223,1610
2.2286,1610
2.234,1605
2.2397,1606
2.2451,1611
2.2508,1605
2.2563,1608
2.2619,1611
2.2673,1607
2.273,1606
2.2784,1612
2.2841,1605
2.2898,1606
2.2952,1610
2.3009,1607
2.3063,1605
2.312,1610
2.3174,1608
2.3231,1606
2.3285,1609
2.3342,1610
2.3396,1604
2.3452,1607
2.3506,1610
2.3563,1607
2.3617,1606
2.3674,1612
2.3731,1608
2.3785,1603
2.3842,1609
2.3896,1608
2.3953,1606
2.4007,1606
2.4064,1617
2.4118,1609
2.4175,1605
2.4229,1610
2.4286,1608
2.434,1607
2.4397,1610
2.4451,1610
2.4508,1604
2.4562,1606
2.4619,1611
2.4673,1606
2.473,1605
2.4784,1609
2.4841,1611
2.4895,1604
2.4952,1607
2.5009,1611
2.5063,1606
2.512,1606
2.5174,1611
2.5231,1609
2.5285,1604
2.5342,1611
2.5396,1612
2.5453,1606
2.5507,1609
2.5564,1610
2.5618,1605
2.5675,1607
2.5729,1612
2.5786,1606
2.584,1607
2.5896,1609
2.5953,1605
2.6007,1608
2.6064,1610
2.6118,1606
2.6175,1607
2.6229,1613
2.6286,1609
2.6341,1605
2.6398,1608
2.6452,1611
2.6509,1604
2.6563,1607
2.6619,1612
2.6674,1607
2.6731,1606
2.6785,1610
2.6841,1607
2.6898,1605
2.6952,1608
2.7009,1608
2.7063,1605
2.712,1609
2.7174,1611
2.7231,1605
2.7285,1609
2.7342,1611
2.7396,1604
2.7453,1608
2.7507,1613
2.7564,1607
2.762,1605
2.7674,1613
2.7731,1610
2.7785,1604
2.7842,1608
2.7896,1614
2.7953,1606
2.8007,1605
2.8064,1611
2.812,1610
2.8175,1603
2.8231,1610
2.8285,1612
2.8342,1605
2.8396,1608
2.8453,1610
2.8507,1606
2.8564,1607
2.8618,1612
2.8675,1607
2.8729,1604
2.8786,1610
2.884,1610
2.8897,1603
2.8954,1609
2.9008,1612
2.9065,1607
2.9119,1606
2.9175,1612
2.923,1607
2.9286,1605
2.934,1610
2.9397,1608
2.9451,1607
2.9508,1607
2.9565,1610
2.9619,1606
2.9676,1605
2.973,1611
2.9787,1609
2.9841,1606
2.9898,1610
2.9952,1615
3.0009,1605
3.0063,1606
3.012,1610
3.0174,1609
3.0229,1607
3.0286,1610
3.0343,1608
3.0397,1606
3.0454,1608
3.0508,1611
3.0565,1603
3.0619,1605
3.0676,1610
3.073,1608
3.0787,1606
3.0841,1614
3.0898,1607
3.0952,1607
3.1008,1609
3.1063,1610
3.1119,1606
3.1174,1609
3.1231,1610
3.1284,1607
3.1341,1607
3.1398,1612
3.1452,1607
3.1509,1606
3.1563,1612
3.162,1610
3.1674,1606
3.1731,1611
3.1785,1612
3.1842,1606
3.1896,1608
3.1953,1610
3.2007,1605
3.2064,1607
3.2118,1612
3.2175,1607
3.2231,1606
3.2285,1613
3.2342,1610
3.2396,1605
3.2453,1607
3.2507,1611
3.2564,1605
3.2618,1606
3.2675,1610
3.2729,1606
3.2786,1606
3.284,1611
3.2897,1608
3.2951,1605
3.3008,1608
3.3065,1610
3.3118,1607
3.3175,1606
3.3229,1611
3.3286,1607
3.334,1603
3.3397,1610
3.3453,1612
3.3507,1606
3.3564,1605
3.3618,1610
3.3675,1608
3.3731,1605
3.3786,1610
3.3842,1613
3.3897,1606
3.3953,1608
3.401,1612
3.4064,1608
3.4118,1604
3.4175,1610
3.4231,1610
3.4285,1605
3.4342,1608
3.4396,1611
3.4453,1607
3.4507,1610
3.4564,1608
3.4621,1608
3.4675,1605
3.4729,1611
3.4786,1608
3.4843,1601
3.4897,1606
3.4954,1613
3.5008,1607
3.5065,1606
3.5119,1612
3.5176,1611
3.523,1604
3.5287,1608
3.5341,1610
3.5398,1606
3.5452,1608
3.5509,1611
3.5565,1607
3.5619,1606
3.5676,1610
3.573,1607
3.5787,1605
3.5841,1610
3.5898,1610
3.5952,1605
3.6009,1611
3.6063,1611
3.6121,1605
3.6175,1608
3.6232,1608
3.6286,1606
3.6343,1609
3.6397,1611
3.6454,1605
3.6508,1606
3.6564,1612
3.6618,1607
3.6675,1605
3.6729,1610
3.6786,1610
3.684,1604
3.6897,1609
3.6951,1611
3.7008,1605
3.7065,1606
3.7119,1611
3.7176,1607
3.723,1608
3.7287,1611
3.7341,1609
3.7398,1606
3.7453,1608
3.7509,1610
3.7563,1606
3.762,1607
3.7674,1610
3.7731,1608
3.7785,1606
3.7842,1611
3.7896,1608
3.7953,1604
3.8007,1609
3.8064,1611
3.8118,1605
3.8175,1605
3.8232,1611
3.8286,1609
3.8343,1604
3.8397,1610
3.8454,1613
3.8508,1606
3.8565,1607
3.8619,1612
3.8676,1607
3.873,1606
3.8787,1612
3.8841,1608
3.8897,1604
3.8954,1610
3.9008,1611
3.9065,1604
3.9119,1606
3.9176,1611
3.923,1609
3.9287,1604
3.9341,1609
3.9398,1612
3.9453,1604
3.951,1607
3.9563,1613
3.962,1609
3.9674,1604
3.9731,1610
3.9785,1610
3.9842,1605
3.9896,1605
3.9953,1610
4.001,1608
4.0065,1604
4.0119,1609
4.0175,1612
4.0229,1605
4.0287,1605
4.034,1610
4.0397,1610
4.0454,1604
4.0508,1608
4.0565,1612
4.062,1607
4.0674,1608
4.0731,1611
4.0788,1610
4.0842,1607
4.0899,1611
4.0953,1610
4.1009,1603
4.1064,1609
4.1121,1612
4.1175,1606
4.1232,1606
4.1286,1612
4.1343,1607
4.1397,1604
4.1454,1612
4.1509,1607
4.1565,1605
4.162,1612
4.1674,1610
4.1731,1606
4.1788,1608
4.1842,1611
4.1898,1606
4.1952,1605
4.2009,1612
4.2063,1610
4.212,1605
4.2174,1607
4.2231,1612
4.2285,1607
4.2342,1605
4.2396,1612
4.2453,1611
4.2508,1605
4.2565,1609
4.2619,1611
4.2676,1607
4.273,1605
4.2787,1610
4.2841,1609
4.2898,1604
4.2952,1610
4.3009,1612
4.3063,1606
4.312,1605
4.3174,1614
4.3231,1607
4.3288,1604
4.3342,1610
4.3399,1611
4.3453,1604
4.3509,1607
4.3564,1612
4.362,1606
4.3675,1606
4.3732,1612
4.3786,1607
4.3843,1605
4.3897,1610
4.3954,1610
4.4008,1605
4.4065,1608
4.4119,1611
4.4176,1607
4.423,1604
4.4287,1611
4.4341,1611
4.4398,1606
4.4452,1608
4.4509,1610
4.4563,1607
4.462,1606
4.4674,1611
4.4731,1610
4.4785,1606
4.4842,1610
4.4896,1611
4.4953,1606
4.5007,1609
4.5064,1611
4.5118,1606
4.5175,1606
4.5229,1610
4.5286,1611
4.5343,1605
4.5397,1610
4.5454,1611
4.5508,1604
4.5565,1605
4.562,1611
4.5677,1607
4.5731,1606
4.5788,1610
4.5842,1608
4.5899,1606
4.5953,1611
4.601,1609
4.6064,1604
4.6121,1609
4.6175,1611
4.6232,1607
4.6286,1606
4.6343,1610
4.6397,1610
4.6454,1604
4.6508,1607
4.6565,1613
4.6619,1606
4.6676,1605
4.673,1612
4.6787,1607
4.6841,1604
4.6898,1611
4.6952,1611
4.7009,1604
4.7063,1609
4.712,1612
4.7174,1609
4.7231,1604
4.7285,1611
4.7342,1612
4.7399,1606
4.7453,1606
4.751,1613
4.7564,1608
4.7621,1605
4.7713,1611
4.7785,1609
4.7786,1605
4.7841,1609
4.7898,1612
4.7952,1604
4.8009,1607
4.8063,1611
4.812,1608
4.8182,1603
4.826,1609
4.8315,1611
4.8343,1603
4.8398,1606
4.8502,1612
4.8587,1608
4.8587,1605
4.8619,1611
4.8715,1611
4.8816,1604
4.8843,1607
4.8843,1613
4.8897,1606
4.8953,1605
4.9007,1611
4.9064,1609
4.9121,1604
4.9175,1607
4.9232,1613
4.9286,1607
4.9343,1604
4.9397,1610
4.9453,1612
4.951,1604
4.9564,1605
4.9621,1611
4.9675,1609
4.9731,1607
4.9786,1611
4.9843,1609
4.9897,1605
4.9953,1610
5.0008,1610
5.0065,1604
5.0119,1612
5.0176,1608
5.023,1606
5.0287,1609
5.0341,1609
5.0398,1606
5.0454,1608
5.0509,1612
5.0565,1606
5.062,1606
5.0677,1612
5.0731,1608
5.0788,1605
5.0842,1611
5.0899,1610
5.0953,1603
5.101,1607
5.1064,1611
5.1121,1608
5.1175,1605
5.1232,1612
5.1286,1609
5.1343,1603
5.1397,1607
5.1454,1613
5.151,1605
5.1565,1608
5.1621,1613
5.1676,1608
5.1732,1606
5.1786,1610
5.1843,1609
5.1898,1606
5.1954,1610
5.2009,1610
5.2066,1604
5.212,1605
5.2177,1612
5.2231,1609
5.2288,1606
5.2342,1610
5.2399,1610
5.2453,1606
5.251,1608
5.2564,1611
5.2621,1604
5.2675,1606
5.2732,1613
5.2786,1608
5.2843,1606
5.2897,1610
5.2954,1610
5.3008,1607
5.3065,1609
5.3119,1612
5.3176,1606
5.323,1607
5.3287,1612
5.3341,1608
5.3398,1605
5.3455,1610
5.3509,1609
5.3565,1606
5.362,1607
5.3677,1611
5.373,1604
5.3787,1605
5.3842,1612
5.3899,1610
5.3953,1605
5.401,1609
5.4064,1610
5.4121,1605
5.4175,1607
5.4232,1613
5.4286,1609
5.4343,1604
5.4397,1611
5.4454,1611
5.4511,1605
5.4565,1607
5.4622,1615
5.4676,1607
5.4733,1605
5.4787,1610
5.4844,1610
5.4898,1605
5.4952,1607
5.5009,1611
5.5066,1607
5.512,1606
5.5177,1611
5.5231,1609
5.5288,1603
5.5342,1608
5.5399,1610
5.5453,1606
5.551,1605
5.5564,1613
5.5621,1608
5.5675,1604
5.5732,1610
5.5786,1611
5.5843,1605
5.5897,1607
5.5954,1611
5.6008,1607
5.6065,1604
5.6119,1609
5.6176,1610
5.623,1606
5.6287,1606
5.6341,1611
5.6398,1607
5.6455,1607
5.6509,1610
5.6565,1607
5.662,1606
5.6677,1612
5.6731,1609
5.6788,1606
5.6842,1611
5.6899,1611
5.6953,1603
5.701,1609
5.7064,1613
5.7121,1606
5.7175,1608
5.7232,1613
5.7286,1607
5.7343,1606
5.7399,1610
5.7453,1609
5.751,1605
5.7565,1608
5.7622,1611
5.7676,1604
5.7732,1605
5.7786,1612
5.7843,1610
5.7897,1604
5.7954,1610
5.8008,1611
5.8065,1605
5.8119,1605
5.8176,1612
5.823,1608
5.8287,1604
5.8341,1611
5.8398,1610
5.8455,1605
5.8509,1606
5.8566,1612
5.862,1608
5.8677,1605
5.8731,1611
5.8788,1611
5.8842,1606
5.8899,1607
5.8953,1612
5.901,1609
5.9064,1605
5.9121,1609
5.9175,1612
5.9232,1602
5.9286,1608
5.9343,1610
5.9397,1607
5.9454,1605
5.9508,1610
5.9565,1609
5.9619,1604
5.9676,1609
5.973,1612
5.9787,1605
5.9841,1606
5.9898,1613
5.9955,1610
6.0009,1603
6.0063,1606
6.012,1612
6.0174,1606
6.023,1606
6.0287,1612
6.0341,1609
6.0398,1606
6.0455,1610
6.0509,1610
6.0566,1605
6.062,1609
6.0677,1611
6.0731,1606
6.0788,1605
6.0842,1611
6.0898,1609
6.0952,1606
6.1009,1611
6.1063,1610
6.112,1604
6.1174,1607
6.1231,1610
6.1288,1606
6.1342,1605
6.1396,1612
6.1453,1608
6.151,1604
6.1564,1610
6.1621,1610
6.1675,1605
6.1732,1607
6.1786,1612
6.1843,1608
6.1897,1605
6.1954,1609
6.2009,1610
6.2065,1605
6.2119,1607
6.2176,1611
6.223,1606
6.2287,1605
6.2341,1612
6.2398,1609
6.2452,1604
6.2509,1610
6.2566,1612
6.262,1606
6.2677,1604
6.2731,1612
6.2788,1610
6.2842,1603
6.2899,1610
6.2953,1610
6.301,1605
6.3064,1608
6.3121,1612
6.3175,1607
6.3232,1605
6.3286,1609
6.3343,1612
6.34,1604
6.3453,1607
6.3511,1610
6.3564,1607
6.3621,1605
6.3675,1611
6.3732,1612
6.3785,1603
6.3842,1610
6.3899,1612
6.3953,1607
6.401,1604
6.4064,1611
6.412,1611
6.4177,1603
6.4231,1608
6.4288,1610
6.4342,1605
6.4398,1608
6.4455,1610
6.4509,1607
6.4566,1606
6.462,1611
6.4676,1607
6.473,1606
6.4787,1610
6.4844,1610
6.4898,1605
6.4954,1609
6.5008,1611
6.5065,1604
6.5119,1608
6.5176,1610
6.5231,1608
6.5287,1607
6.5341,1611
6.5398,1607
6.5452,1601
6.5509,1610
6.5566,1611
6.562,1606
6.5677,1608
6.5731,1613
6.5788,1606
6.5842,1606
6.5899,1612
6.5953,1611
6.601,1605
6.6064,1608
6.6121,1611
6.6175,1605
6.6232,1605
6.6286,1612
6.6343,1608
6.64,1604
6.6454,1608
6.651,1610
6.6565,1606
6.6621,1607
6.6676,1610
6.6732,1607
6.6787,1605
6.6843,1611
6.6897,1609
6.6954,1603
6.7009,1609
6.7065,1610
6.7119,1606
6.7176,1607
6.723,1610
6.7287,1608
6.7344,1606
6.7398,1611
6.7455,1609
6.7509,1604
6.7566,1612
6.762,1608
6.7677,1606
6.7731,1609
6.7788,1610
6.7842,1604
6.7899,1607
6.7953,1612
6.801,1606
6.8064,1606
6.8121,1612
6.8175,1607
6.8231,1606
6.8288,1611
6.8343,1609
6.8397,1605
6.8454,1609
6.8508,1612
6.8565,1607
6.8622,1606
6.8676,1613
6.8733,1608
6.8787,1606
6.8844,1609
6.8898,1611
6.8955,1605
6.9009,1608
6.9066,1612
6.912,1607
6.9177,1604
6.9231,1610
6.9287,1608
6.9341,1604
6.9398,1607
6.9452,1613
6.9509,1604
6.9563,1607
6.962,1613
6.9677,1608
6.9731,1605
6.9788,1610
6.9842,1610
6.9899,1605
6.9953,1605
7.001,1612
7.0064,1609
7.0121,1603
7.0175,1609
7.0232,1612
7.0286,1606
7.0343,1606
7.0397,1611
7.0453,1609
7.051,1603
7.0564,1607
7.0621,1612
7.0675,1607
7.0732,1605
7.0786,1609
7.0843,1611
7.0899,1606
7.0953,1607
7.101,1610
7.1064,1608
7.1121,1604
7.1175,1608
7.1232,1609
7.1286,1605
7.1343,1607
7.1397,1612
7.1454,1606
7.1508,1605
7.1565,1613
7.1622,1611
7.1676,1606
7.1732,1610
7.1786,1611
7.1843,1607
7.1897,1607
7.1954,1612
7.2008,1607
7.2065,1605
7.2122,1611
7.2176,1611
7.2232,1606
7.2286,1609
7.2343,1611
7.2397,1607
7.2454,1608
7.2508,1612
7.2565,1608
7.2622,1603
7.2676,1608
7.2732,1609
7.2786,1605
7.2843,1607
7.2897,1610
7.2954,1607
7.3008,1607
7.3065,1612
7.3119,1607
7.3176,1604
7.3232,1611
7.3287,1611
7.3344,1605
7.3398,1608
7.3454,1613
7.3509,1605
7.3565,1606
7.362,1612
7.3676,1608
7.373,1604
7.3787,1611
7.3844,1609
7.3898,1604
7.3955,1606
7.4009,1611
7.4065,1605
7.4119,1607
7.4176,1611
7.423,1608
7.4287,1604
7.4344,1611
7.4398,1610
7.4455,1604
7.4509,1606
7.4565,1611
7.462,1607
7.4676,1607
7.473,1611
7.4787,1608
7.4841,1604
7.4898,1610
7.4952,1612
7.5009,1605
7.5063,1607
7.512,1608
7.5177,1606
7.5231,1607
7.5288,1613
7.5342,1610
7.5399,1603
7.5453,1608
7.5509,1611
7.5566,1608
7.562,1606
7.5677,1610
7.5731,1609
7.5788,1605
7.5842,1608
7.5899,1613
7.5953,1606
7.601,1606
7.6064,1611
7.612,1608
7.6177,1603
7.6231,1609
7.6288,1612
7.6342,1605
7.6399,1605
7.6453,1611
7.651,1609
7.6564,1605
7.6621,1608
7.6675,1609
7.6732,1607
7.6788,1607
7.6842,1612
7.6899,1607
7.6953,1605
7.701,1612
7.7064,1610
7.7121,1606
7.7175,1609
7.7232,1609
7.7288,1605
7.7342,1607
7.7399,1612
7.7453,1606
7.751,1604
7.7564,1610
7.7621,1610
7.7675,1604
7.7732,1607
7.7786,1611
7.7843,1606
7.79,1602
7.7952,1612
7.8009,1610
7.8063,1603
7.812,1607
7.8177,1613
7.8231,1608
7.8288,1606
7.8342,1609
7.8399,1610
7.8453,1606
7.8509,1605
7.8566,1612
7.8619,1610
7.8676,1603
7.873,1608
7.8787,1611
7.8844,1604
7.8898,1607
7.8954,1611
7.9008,1608
7.9065,1606
7.9122,1610
7.9176,1610
7.9233,1604
7.9287,1609
7.9343,1610
7.9397,1605
7.9454,1605
7.951,1611
7.9564,1609
7.9621,1603
7.9675,1608
7.9732,1610
7.9786,1607
7.9843,1607
7.9899,1611
7.9953,1608
8.001,1606
8.0065,1611
8.0122,1609
8.0176,1605
8.0233,1611
8.0287,1612
8.0343,1606
8.0397,1605
8.0454,1612
8.0508,1608
8.0565,1604
8.0619,1610
8.0676,1610
8.073,1605
8.0787,1609
8.0844,1612
8.0898,1607
8.0955,1605
8.1009,1610
8.1066,1610
8.112,1604
8.1176,1609
8.1231,1612
8.1287,1605
8.1341,1606
8.1398,1612
8.1452,1607
8.1509,1605
8.1563,1610
8.162,1610
8.1677,1605
8.1731,1608
8.1788,1611
8.1842,1606
8.1899,1607
8.1953,1613
8.201,1607
8.2064,1604
8.2121,1610
8.2175,1609
8.2232,1607
8.2286,1608
8.2343,1611
8.2397,1606
8.2454,1605
8.2508,1613
8.2565,1609
8.2619,1602
8.2676,1609
8.273,1612
8.2787,1606
8.2844,1606
8.2898,1613
8.2955,1608
8.3009,1605
8.3066,1611
8.312,1610
8.3177,1604
8.3231,1607
8.3288,1611
8.3342,1606
8.3399,1607
8.3453,1610
8.351,1608
8.3564,1604
8.3621,1609
8.3676,1611
8.3732,1605
8.3787,1610
8.3844,1611
8.3898,1605
8.3955,1605
8.4009,1611
8.4066,1608
8.412,1604
8.4177,1611
8.4231,1609
8.4288,1603
8.4342,1609
8.4399,1612
8.4453,1605
8.451,1604
8.4564,1611
8.4621,1608
8.4675,1606
8.4732,1611
8.4786,1610
8.4843,1607
8.4897,1609
8.4954,1610
8.5011,1605
8.5065,1609
8.5119,1610
8.5176,1606
8.5231,1607
8.5287,1611
8.5344,1605
8.5398,1605
8.5455,1612
8.5509,1610
8.5566,1604
8.562,1610
8.5677,1611
8.5731,1605
8.5788,1606
8.5842,1613
8.5898,1606
8.5955,1606
8.6009,1611
8.6066,1609
8.612,1604
8.6177,1608
8.6231,1611
8.6288,1608
8.6342,1606
8.6399,1611
8.6453,1609
8.651,1606
8.6564,1610
8.6621,1609
8.6675,1606
8.6732,1608
8.6786,1610
8.6843,1604
8.6897,1605
8.6954,1611
8.7008,1609
8.7065,1605
8.7122,1611
8.7176,1609
8.7233,1606
8.7287,1610
8.7344,1613
8.7398,1605
8.7455,1605
8.7509,1609
8.7566,1608
8.762,1604
8.7677,1611
8.7731,1611
8.7788,1605
8.7842,1609
8.7899,1610
8.7953,1605
8.801,1606
8.8064,1611
8.8121,1607
8.8176,1606
8.8233,1610
8.8287,1610
8.8343,1605
8.8398,1608
8.8454,1612
8.8509,1606
8.8566,1606
8.862,1611
8.8677,1610
8.8731,1603
8.8788,1609
8.8842,1613
8.8899,1605
8.8956,1605
8.901,1612
8.9066,1607
8.9121,1605
8.9177,1610
8.9232,1611
8.9288,1603
8.9343,1608
8.9399,1613
8.9454,1607
8.9511,1604
8.9565,1610
8.9622,1611
8.9676,1605
8.9733,1608
8.9787,1611
8.9844,1608
8.9898,1604
8.9955,1609
9.0009,1610
9.0064,1604
9.012,1609
9.0175,1611
9.0231,1605
9.0288,1607
9.0342,1611
9.0399,1607
9.0453,1607
9.051,1611
9.0564,1609
9.0621,1605
9.0675,1609
9.0732,1611
9.0786,1606
9.0843,1608
9.0897,1611
9.0954,1608
9.1008,1607
9.1065,1610
9.1122,1608
9.1176,1604
9.1233,1610
9.1287,1609
9.1344,1606
9.1398,1608
9.1455,1611
9.1509,1607
9.1566,1605
9.162,1610
9.1677,1610
9.1731,1603
9.1788,1608
9.1842,1614
9.1899,1606
9.1953,1605
9.201,1612
9.2064,1610
9.2121,1604
9.2175,1610
9.2232,1610
9.2286,1605
9.2342,1607
9.2399,1612
9.2455,1606
9.2509,1606
9.2566,1610
9.262,1609
9.2676,1605
9.273,1608
9.2787,1610
9.2841,1605
9.2898,1608
9.2955,1612
9.3009,1608
9.3066,1606
9.312,1611
9.3176,1610
9.3233,1606
9.3287,1609
9.3344,1611
9.3398,1605
9.3454,1606
9.3511,1611
9.3565,1608
9.3622,1605
9.3676,1609
9.3732,1612
9.3786,1602
9.3843,1607
9.3897,1613
9.3954,1608
9.401,1604
9.4064,1609
9.4121,1611
9.4175,1604
9.4232,1606
9.4286,1612
9.4343,1607
9.4397,1604
9.4454,1610
9.4508,1611
9.4565,1605
9.4622,1605
9.4676,1612
9.4733,1609
9.4787,1604
9.4844,1610
9.4898,1612
9.4955,1605
9.5009,1605
9.5066,1611
9.512,1608
9.5177,1605
9.5231,1609
9.5288,1609
9.5342,1604
9.5399,1608
9.5453,1611
9.551,1605
9.5564,1608
9.5621,1612
9.5677,1605
9.5731,1604
9.5788,1611
9.5842,1608
9.5899,1605
9.5953,1611
9.601,1610
9.6065,1605
9.6121,1607
9.6176,1610
9.6233,1605
9.6287,1605
9.6343,1612
9.6398,1607
9.6455,1605
9.6509,1610
9.6565,1610
9.662,1605
9.6676,1608
9.673,1613
9.6787,1607
9.6841,1606
9.6898,1613
9.6955,1609
9.7009,1604
9.7066,1608
9.712,1612
9.7177,1607
9.7231,1606
9.7288,1611
9.7342,1610
9.7399,1604
9.7453,1610
9.751,1612
9.7564,1605
9.7621,1607
9.7675,1612
9.7732,1609
9.7788,1604
9.7842,1611
9.7899,1609
9.7953,1606
9.801,1610
9.8064,1612
9.8121,1605
9.8175,1606
9.8232,1613
9.8286,1609
9.8343,1603
9.84,1609
9.8454,1610
9.8511,1608
9.8565,1606
9.8621,1611
9.8675,1607
9.8732,1606
9.8786,1611
9.8843,1609
9.8897,1606
9.8954,1609
9.9008,1611
9.9065,1605
9.9119,1607
9.9176,1611
9.9233,1607
9.9287,1608
9.9344,1611
9.9398,1607
9.9455,1605
9.9509,1609
9.9565,1611
9.9619,1605
9.9676,1605
9.9731,1613
9.9787,1608
9.9842,1606
9.9899,1613
9.9953,1607
10.001,1604
10.0064,1611
10.0121,1611
10.0175,1605
10.0232,1608
10.0289,1610
10.0343,1605
10.04,1606
10.0454,1612
10.051,1609
10.0565,1604
10.0621,1609
10.0676,1610
10.0732,1604
10.0786,1609
10.0843,1610
10.0897,1605
10.0954,1606
10.1008,1610
10.1065,1608
10.1122,1606
10.1176,1611
10.1233,1609
10.1287,1606
10.1344,1609
10.1398,1613
10.1455,1606
10.1509,1605
10.1566,1611
10.162,1610
10.1677,1606
10.1731,1609
10.1788,1608
10.1844,1605
10.1899,1609
10.1955,1610
10.201,1604
10.2066,1608
10.212,1611
10.2177,1607
10.2231,1605
10.2288,1611
10.2342,1609
10.2399,1604
10.2453,1608
10.251,1611
10.2564,1607
10.2621,1605
10.2675,1610
10.2732,1609
10.2786,1604
10.2843,1608
10.2897,1614
10.2954,1609
10.3011,1604
10.3065,1610
10.3122,1611
10.3176,1606
10.3233,1606
10.3287,1612
10.3343,1606
10.3398,1607
10.3454,1612
10.3508,1607
10.3565,1606
10.3622,1612
10.3676,1608
10.3733,1609
10.3787,1609
10.3844,1608
10.3898,1603
10.3955,1608
10.4009,1612
10.4066,1608
10.412,1606
10.4177,1610
10.4231,1610
10.4288,1605
10.4342,1610
10.4398,1611
10.4455,1605
10.4509,1608
10.4566,1611
10.4621,1605
10.4677,1607
10.4731,1612
10.4788,1605
10.4842,1607
10.4899,1612
10.4953,1607
10.5011,1605
10.5065,1612
10.5122,1609
10.5176,1605
10.5232,1611
10.5286,1611
10.5343,1605
10.5397,1607
10.5454,1613
10.5508,1608
10.5565,1606
10.562,1612
10.5676,1609
10.573,1604
10.5787,1607
10.5842,1609
10.5898,1600
10.5955,1606
10.6009,1612
10.6066,1609
10.612,1603
10.6177,1609
10.6231,1612
10.6288,1604
10.6342,1610
10.6399,1610
10.6453,1607
10.651,1605
10.6567,1614
10.6621,1608
10.6678,1603
10.6732,1609
10.6789,1611
10.6843,1605
10.69,1605
10.6954,1613
10.7011,1610
10.7065,1605
10.7121,1609
10.7175,1611
10.7232,1605
10.7286,1606
10.7343,1610
10.7397,1607
10.7454,1606
10.7511,1611
10.7564,1608
10.7621,1605
10.7675,1609
10.7732,1608
10.7786,1605
10.7842,1609
10.7899,1607
10.7953,1606
10.801,1611
10.8064,1608
10.812,1603
10.8177,1607
10.8231,1612
10.8288,1607
10.8342,1608
10.8398,1612
10.8455,1608
10.8509,1604
10.8566,1609
10.862,1610
10.8676,1605
10.8733,1610
10.8787,1610
10.8844,1606
10.8898,1607
10.8954,1611
10.9008,1606
10.9065,1605
10.9119,1611
10.9176,1611
10.9231,1605
10.9287,1608
10.9344,1610
10.9398,1604
10.9455,1605
10.951,1613
10.9567,1606
10.9621,1606
10.9678,1611
10.9732,1608
10.9788,1603
10.9842,1609
10.9899,1613
10.9953,1605
11.001,1608
11.0065,1611
11.0121,1608
11.0178,1607
11.0232,1612
11.0287,1609
11.0344,1605
11.0398,1609
11.0455,1609
11.0509,1605
11.0566,1607
11.062,1609
11.0677,1605
11.0731,1606
11.0788,1612
11.0842,1608
11.0899,1605
11.0953,1609
11.101,1609
11.1064,1618
11.1121,1609
11.1178,1611
11.1232,1605
11.1289,1607
11.1343,1611
11.14,1606
11.1454,1607
11.1511,1611
11.1565,1608
11.1622,1606
11.1676,1609
11.1732,1610
11.1786,1606
11.1843,1609
11.1898,1609
11.1954,1604
11.2008,1607
11.2065,1612
11.2119,1609
11.2176,1605
11.2233,1611
11.2287,1610
11.2344,1605
11.2398,1609
11.2455,1612
11.2509,1605
11.2566,1608
11.262,1608
11.2677,1607
11.2731,1606
11.2788,1611
11.2842,1609
11.2899,1604
11.2956,1609
11.301,1610
11.3067,1605
11.3121,1608
11.3178,1612
11.3232,1608
11.3289,1603
11.3343,1611
11.34,1611
11.3454,1604
11.3511,1606
11.3565,1611
11.3622,1605
11.3676,1606
11.3733,1612
11.3787,1609
11.3844,1606
11.3898,1605
11.3955,1613
11.4009,1609
11.4066,1603
11.412,1611
11.4177,1609
11.4231,1604
11.4288,1607
11.4342,1613
11.4399,1608
11.4453,1605
11.451,1612
11.4567,1610
11.4621,1603
11.4678,1608
11.4732,1612
11.4789,1604
11.4843,1607
11.49,1610
11.4954,1609
11.5011,1607
11.5065,1611
11.5122,1608
11.5176,1604
11.5233,1612
11.5287,1609
11.5344,1602
11.5398,1609
11.5455,1611
11.5509,1604
11.5566,1606
11.562,1610
11.5677,1609
11.5733,1605
11.5787,1610
11.5844,1609
11.5898,1603
11.5955,1606
11.6009,1611
11.6066,1607
11.612,1605
11.6177,1608
11.6231,1610
11.6288,1604
11.6342,1608
11.6399,1611
11.6453,1605
11.651,1605
11.6567,1611
11.6621,1609
11.6678,1606
11.6731,1611
11.6788,1607
11.6842,1606
11.6899,1611
11.6953,1612
11.701,1605
11.7064,1609
11.7121,1612
11.7178,1605
11.7232,1609
11.7289,1611
11.7343,1607
11.74,1608
11.7454,1611
11.7511,1608
11.7565,1605
11.7622,1609
11.7676,1610
11.7733,1604
11.7787,1606
11.7844,1612
11.7898,1608
11.7955,1604
11.8009,1610
11.8066,1611
11.812,1605
11.8177,1610
11.8231,1612
11.8288,1605
11.8345,1607
11.8399,1612
11.8456,1605
11.851,1608
11.8567,1612
11.8621,1610
11.8678,1605
11.8732,1609
11.8789,1608
11.8843,1605
11.89,1610
11.8954,1609
11.9011,1607
11.9065,1610
11.9122,1610
11.9176,1606
11.9233,1607
11.9287,1611
11.9344,1605
11.9398,1606
11.9455,1611
11.9512,1609
11.9566,1605
11.9622,1611
11.9677,1610
11.9733,1605
11.9787,1610
11.9844,1611
11.9899,1605
11.9955,1609
12.001,1611
12.0067,1605
12.0121,1606
12.0178,1611
12.0232,1607
12.0289,1602
12.0343,1611
12.04,1611
12.0454,1605
12.0511,1607
12.0565,1611
12.0622,1609
12.0676,1605
12.0733,1609
12.0787,1612
12.0844,1606
12.0901,1608
12.0955,1612
12.1009,1605
12.1066,1609
12.1123,1610
12.1177,1606
12.1234,1609
12.1288,1610
12.1345,1606
12.1399,1607
12.1456,1609
12.151,1604
12.1567,1606
12.1621,1611
12.1677,1608
12.1734,1605
12.1788,1614
12.1845,1610
12.1899,1607
12.1956,1606
12.201,1613
12.2067,1609
12.2121,1604
12.2178,1607
12.2232,1611
12.2289,1606
12.2343,1611
12.24,1609
12.2454,1604
12.2511,1610
12.2567,1611
12.2621,1605
12.2678,1608
12.2732,1614
12.2789,1606
12.2843,1604
12.29,1611
12.2954,1607
12.3011,1605
12.3066,1609
12.3122,1613
12.3177,1606
12.3234,1607
12.3288,1611
12.3345,1606
12.3399,1606
12.3456,1611
12.351,1610
12.3567,1606
12.3621,1609
12.3678,1612
12.3732,1606
12.3789,1605
12.3843,1611
12.3898,1608
12.3955,1605
12.4012,1610
12.4066,1611
12.4123,1604
12.4176,1607
12.4233,1611
12.4287,1608
12.4344,1605
12.4398,1610
12.4454,1610
12.4511,1604
12.4565,1606
12.4622,1611
12.4677,1606
12.4733,1604
12.479,1611
12.4844,1610
12.4901,1605
12.4955,1609
12.5011,1609
12.5067,1606
12.5122,1610
12.5178,1609
12.5233,1606
12.5289,1608
12.5346,1609
12.54,1605
12.5457,1610
12.5511,1612
12.5567,1606
12.5621,1607
12.5678,1612
12.5732,1608
12.5789,1607
12.5843,1612
12.59,1607
12.5954,1604
12.6011,1609
12.6068,1613
12.6122,1607
12.6179,1606
12.6233,1613
12.629,1608
12.6344,1604
12.6401,1609
12.6455,1609
12.6512,1606
12.6566,1609
12.6623,1609
12.6677,1608
12.6734,1610
12.6788,1606
12.6845,1605
12.6899,1611
12.6955,1609
12.701,1604
12.7067,1611
12.7123,1611
12.7177,1604
12.7234,1607
12.7288,1610
12.7345,1606
12.7399,1607
12.7456,1611
12.751,1608
12.7567,1604
12.7621,1609
12.7678,1609
12.7732,1607
12.7789,1613
12.7843,1613
12.79,1603
12.7954,1607
12.8011,1611
12.8065,1607
12.8122,1605
12.8176,1610
12.8233,1611
12.8287,1605
12.8344,1611
12.8399,1610
12.8455,1605
12.8509,1610
12.8566,1611
12.8623,1606
12.8677,1606
12.8734,1610
12.8788,1609
12.8845,1606
12.8899,1613
12.8956,1608
12.901,1605
12.9067,1611
12.9121,1613
12.9178,1604
12.9232,1605
12.9289,1610
12.9345,1608
12.9399,1606
12.9454,1613
12.9511,1610
12.9565,1606
12.9622,1608
12.9677,1609
12.9734,1605
12.9788,1610
12.9845,1612
12.9901,1605
12.9955,1604
13.001,1611
13.0067,1610
13.0121,1605
13.0178,1610
13.0232,1613
13.0289,1603
13.0343,1608
13.04,1612
13.0454,1605
13.0511,1605
13.0568,1612
13.0622,1607
13.0679,1607
13.0733,1611
13.0788,1609
13.0843,1603
13.09,1609
13.0954,1611
13.1011,1605
13.1068,1607
13.1122,1611
13.1179,1609
13.1233,1606
13.129,1610
13.1344,1610
13.1399,1605
13.1456,1608
13.151,1610
13.1567,1603
13.1621,1608
13.1678,1610
13.1732,1607
13.1788,1608
13.1845,1611
13.1899,1604
13.1956,1606
13.201,1610
13.2067,1608
13.2121,1606
13.2178,1611
13.2232,1610
13.2289,1606
13.2343,1609
13.24,1610
13.2454,1604
13.2511,1611
13.2565,1611
13.2622,1604
13.2679,1607
13.2733,1613
13.279,1606
13.2844,1609
13.2901,1608
13.2955,1604
13.3012,1611
13.3066,1610
13.3123,1607
13.3177,1607
13.3234,1612
13.3288,1607
13.3345,1605
13.3399,1611
13.3456,1610
13.351,1604
13.3567,1608
13.3621,1611
13.3678,1607
13.3732,1608
13.3789,1611
13.3843,1609
13.39,1605
13.3954,1608
13.4011,1611
13.4065,1608
13.4122,1607
13.4176,1607
13.4233,1607
13.4287,1605
13.4344,1608
13.4401,1608
13.4455,1606
13.4512,1610
13.4566,1609
13.4623,1605
13.4677,1607
13.4734,1612
13.4788,1606
13.4845,1605
13.4899,1610
13.4956,1610
13.501,1606
13.5067,1608
13.5121,1613
13.5178,1607
13.5232,1605
13.5289,1611
13.5343,1615
13.54,1605
13.5454,1605
13.5511,1611
13.5565,1610
13.5622,1607
13.5676,1607
13.5733,1611
13.579,1605
13.5844,1606
13.5901,1610
13.5955,1606
13.6012,1606
13.6066,1612
13.6123,1611
13.6177,1604
13.6234,1606
13.6288,1611
13.6345,1606
13.6399,1605
13.6456,1613
13.651,1609
13.6567,1606
13.6621,1611
13.6678,1610
13.6732,1604
13.6789,1610
13.6846,1603
13.69,1603
13.6957,1611
13.7011,1611
13.7068,1604
13.7122,1605
13.7179,1611
13.7233,1608
13.7288,1605
13.7344,1611
13.7399,1610
13.7455,1606
13.7512,1610
13.7566,1613
13.7623,1606
13.7677,1607
13.7734,1613
13.7787,1607
13.7844,1604
13.7901,1609
13.7955,1612
13.8012,1603
13.8066,1607
13.8122,1611
13.8179,1611
13.8233,1605
13.829,1607
13.8344,1612
13.84,1604
13.8454,1607
13.8511,1612
13.8565,1608
13.8622,1604
13.8679,1611
13.8733,1608
13.879,1604
13.8844,1608
13.8901,1610
13.8955,1606
13.9012,1611
13.9066,1611
13.9122,1605
13.9177,1607
13.9234,1612
13.929,1606
13.9344,1605
13.9401,1611
13.9455,1610
13.9512,1606
13.9566,1608
13.9623,1610
13.9677,1607
13.9734,1604
13.9788,1610
13.9845,1610
13.9899,1606
13.9955,1606
14.0012,1615
14.0067,1605
14.0124,1605
14.0178,1611
14.0232,1608
14.0289,1605
14.0343,1610
14.04,1609
14.0455,1606
14.0511,1611
14.0568,1609
14.0622,1604
14.0679,1610
14.0733,1611
14.0789,1606
14.0843,1606
14.09,1612
14.0957,1605
14.1011,1607
14.1068,1610
14.1122,1606
14.1178,1603
14.1233,1608
14.129,1610
14.1344,1605
14.1401,1610
14.1455,1608
14.1512,1607
14.1566,1609
14.1623,1611
14.1677,1606
14.1734,1608
14.1788,1613
14.1845,1609
14.1899,1607
14.1956,1612
14.201,1609
14.2067,1603
14.2121,1609
14.2178,1611
14.2232,1608
14.2289,1606
14.2346,1611
14.24,1606
14.2457,1604
14.2511,1610
14.2568,1609
14.2622,1605
14.2679,1608
14.2733,1611
14.279,1606
14.2844,1605
14.2901,1611
14.2955,1607
14.3012,1604
14.3066,1610
14.3123,1611
14.3177,1608
14.3234,1605
14.3288,1610
14.3345,1608
14.3399,1606
14.3456,1611
14.351,1609
14.3567,1605
14.3621,1609
14.3678,1610
14.3732,1604
14.3789,1611
14.3846,1609
14.39,1606
14.3957,1609
14.4011,1612
14.4068,1606
14.4122,1608
14.4179,1612
14.4233,1607
14.429,1607
14.4344,1611
14.4401,1607
14.4455,1607
14.4512,1609
14.4566,1607
14.4623,1608
14.4677,1611
14.4734,1604
14.4791,1610
14.4845,1610
14.4902,1606
14.4956,1608
14.5012,1611
14.5067,1608
14.5124,1603
14.5178,1609
14.5234,1610
14.5289,1603
14.5345,1607
14.54,1611
14.5456,1604
14.551,1608
14.5567,1612
14.5621,1608
14.5678,1608
14.5735,1610
14.5789,1609
14.5846,1604
14.59,1608
14.5957,1612
14.6011,1605
14.6068,1606
14.6122,1612
14.6179,1608
14.6233,1607
14.629,1612
14.6344,1608
14.6401,1606
14.6455,1610
14.6512,1609
14.6566,1605
14.6623,1610
14.6677,1610
14.6734,1604
14.6788,1609
14.6845,1611
14.6902,1606
14.6956,1607
14.7012,1611
14.7066,1605
14.7123,1606
14.7177,1612
14.7234,1606
14.7288,1605
14.7345,1612
14.7399,1611
14.7456,1606
14.751,1608
14.7567,1612
14.7621,1605
14.7678,1604
14.7735,1612
14.779,1609
14.7844,1603
14.7901,1608
14.7955,1613
14.8012,1606
14.8067,1605
14.8121,1611
14.8178,1608
14.8235,1604
14.8289,1610
14.8343,1610
14.84,1604
14.8457,1608
14.8511,1611
14.8568,1604
14.8621,1606
14.8678,1610
14.8735,1608
14.8789,1604
14.8846,1610
14.89,1607
14.8956,1605
14.901,1612
14.9067,1610
14.9121,1605
14.9178,1609
14.9235,1610
14.9289,1604
14.9346,1607
14.94,1610
14.9456,1605
14.9513,1608
14.9567,1613
14.9624,1607
14.9678,1606
14.9734,1611
14.9788,1608
14.9845,1603
14.9899,1608
14.9956,1614
15.001,1606
15.0067,1603
15.0121,1611
15.0178,1609
15.0233,1604
15.029,1609
15.0344,1610
15.0401,1606
15.0455,1609
15.0511,1608
15.0568,1605
15.0622,1608
15.0679,1611
15.0733,1606
15.079,1605
15.0844,1611
15.0901,1608
15.0957,1605
15.1012,1610
15.1066,1607
15.1123,1605
15.1177,1616
15.1234,1609
15.1288,1605
15.1345,1611
15.1399,1611
15.1456,1605
15.1513,1606
15.1567,1610
15.1621,1608
15.1678,1606
15.1735,1610
15.1789,1608
15.1846,1605
15.19,1610
15.1956,1609
15.201,1604
15.2067,1610
15.2121,1611
15.2178,1604
15.2235,1607
15.2289,1610
15.2346,1606
15.24,1608
15.2457,1610
15.2511,1608
15.2568,1605
15.2622,1609
15.2679,1609
15.2733,1604
15.2789,1608
15.2846,1612
15.29,1607
15.2957,1611
15.3011,1610
15.3068,1604
15.3122,1607
15.3179,1612
15.3233,1607
15.329,1607
15.3344,1609
15.3401,1607
15.3455,1609
15.3512,1610
15.3566,1605
15.3623,1608
15.3677,1611
15.3734,1605
15.3788,1605
15.3845,1611
15.3899,1610
15.3956,1605
15.4013,1605
15.4067,1614
15.4123,1612
15.4178,1604
15.4234,1607
15.4288,1612
15.4345,1610
15.44,1606
15.4456,1608
15.4511,1609
15.4568,1605
15.4621,1608
15.4678,1612
15.4735,1608
15.4789,1604
15.4846,1608
15.4899,1612
15.4956,1606
15.501,1607
15.5067,1609
15.5121,1606
15.5177,1606
15.5234,1612
15.5288,1612
15.5345,1603
15.5402,1606
15.5455,1611
15.5512,1610
15.5567,1606
15.5623,1609
15.5677,1610
15.5733,1604
15.579,1608
15.5844,1611
15.5901,1607
15.5955,1609
15.6012,1609
15.6069,1606
15.6123,1609
15.6179,1611
15.6233,1606
15.629,1609
15.6344,1611
15.6401,1606
15.6455,1604
15.6512,1610
15.6566,1609
15.6623,1605
15.6677,1606
15.6734,1611
15.6788,1609
15.6845,1609
15.6902,1610
15.6956,1605
15.7013,1610
15.7067,1612
15.7124,1606
15.7178,1607
15.7234,1612
15.7288,1606
15.7345,1605
15.7399,1610
15.7456,1606
15.751,1605
15.7567,1610
15.7624,1608
15.7678,1607
15.7735,1609
15.7789,1606
15.7846,1607
15.79,1610
15.7957,1606
15.8011,1604
15.8067,1610
15.8121,1609
15.8178,1605
15.8232,1606
15.8289,1611
15.8346,1607
15.84,1606
15.8457,1611
15.8511,1606
15.8568,1606
15.8622,1612
15.8679,1612
15.8733,1603
15.879,1608
15.8844,1610
15.8901,1607
15.8955,1604
15.9012,1608
15.9066,1609
15.9122,1607
15.9179,1609
15.9233,1611
15.929,1603
15.9344,1604
15.9401,1613
15.9455,1611
15.9512,1606
15.9566,1605
15.9623,1612
15.9677,1607
15.9734,1605
15.9791,1611
15.9845,1612
15.9902,1605
15.9955,1607
16.0012,1610
16.0066,1603
16.0123,1605
16.0177,1610
16.0233,1607
16.029,1606
16.0344,1611
16.0401,1607
16.0455,1605
16.0511,1615
16.0568,1607
16.0622,1606
16.0679,1609
16.0733,1609
16.079,1605
16.0844,1608
16.09,1612
16.0957,1605
16.1011,1606
16.1068,1611
16.1122,1605
16.1178,1606
16.1233,1612
16.1289,1608
16.1343,1604
16.14,1611
16.1457,1609
16.1511,1607
16.1568,1610
16.1622,1609
16.1679,1605
16.1733,1609
16.179,1608
16.1844,1604
16.1901,1606
16.1955,1612
16.2011,1609
16.2068,1604
16.2122,1609
16.2179,1611
16.2233,1605
16.229,1607
16.2344,1611
16.2401,1608
16.2457,1604
16.2511,1612
16.2568,1611
16.2622,1604
16.2679,1607
16.2735,1610
16.2789,1605
16.2846,1606
16.29,1612
16.2957,1609
16.3011,1606
16.3067,1609
16.3122,1607
16.3178,1606
16.3235,1610
16.3289,1606
16.3346,1607
16.34,1612
16.3457,1610
16.3511,1604
16.3568,1606
16.3622,1611
16.3679,1606
16.3733,1609
16.379,1611
16.3846,1606
16.3901,1606
16.3955,1610
16.4012,1608
16.4069,1605
16.4123,1610
16.418,1609
16.4234,1604
16.429,1607
16.4344,1610
16.4401,1604
16.4455,1606
16.4512,1610
16.4569,1607
16.4623,1607
16.4679,1611
16.4734,1610
16.479,1609
16.4844,1608
16.4901,1609
16.4955,1605
16.5012,1608
16.5066,1610
16.5123,1606
16.5177,1610
16.5234,1610
16.5291,1605
16.5345,1607
16.5401,1608
16.5456,1605
16.5512,1610
16.5566,1609
16.5623,1607
16.5677,1608
16.5734,1612
16.5788,1608
16.5845,1605
16.5899,1611
16.5956,1609
16.6013,1606
16.6067,1610
16.6124,1611
16.6178,1604
16.6235,1606
16.6289,1612
16.6346,1611
16.64,1604
16.6457,1608
16.6511,1612
16.6567,1611
16.6624,1607
16.6678,1611
16.6735,1606
16.6789,1606
16.6846,1610
16.69,1609
16.6957,1607
16.701,1611
16.7067,1609
16.7121,1604
16.7178,1608
16.7232,1612
16.7289,1607
16.7346,1608
16.74,1610
16.7457,1608
16.7511,1608
16.7568,1612
16.7622,1607
16.7679,1607
16.7733,1611
16.779,1611
16.7844,1604
16.79,1608
16.7955,1610
16.8011,1603
16.8068,1609
16.8122,1611
16.8179,1604
16.8233,1609
16.829,1611
16.8344,1605
16.8401,1606
16.8455,1612
16.8512,1607
16.8566,1604
16.8623,1610
16.8677,1608
16.8734,1606
16.8791,1610
16.8845,1612
16.8901,1604
16.8956,1606
16.9012,1610
16.9066,1608
16.9123,1605
16.9177,1610
16.9234,1610
16.929,1603
16.9344,1608
16.9401,1611
16.9455,1605
16.9512,1609
16.9569,1609
16.9622,1606
16.9679,1606
16.9733,1609
16.979,1607
16.9844,1611
16.9901,1610
16.9958,1604
17.0012,1606
17.0066,1612
17.0123,1608
17.0177,1604
17.0234,1608
17.0289,1612
17.0346,1606
17.0399,1606
17.0456,1612
17.0511,1608
17.0568,1604
17.0622,1608
17.0678,1609
17.0732,1607
17.0789,1606
17.0843,1610
17.0901,1606
17.0956,1606
17.101,1614
17.1067,1605
17.1121,1606
17.1178,1610
17.1232,1609
17.1289,1604
17.1346,1609
17.14,1609
17.1456,1606
17.151,1610
17.1567,1609
17.1624,1606
17.1678,1612
17.1735,1608
17.1789,1604
17.1845,1607
17.1902,1613
17.1956,1604
17.2013,1606
17.2067,1610
17.2123,1606
17.2177,1607
17.2234,1611
17.2288,1607
17.2345,1608
17.2401,1612
17.2455,1606
17.2512,1608
17.2567,1611
17.2624,1606
17.2678,1609
17.2735,1611
17.2789,1607
17.2846,1609
17.29,1610
17.2957,1608
17.3011,1609
17.3068,1610
17.3122,1606
17.3179,1610
17.3233,1608
17.329,1607
17.3344,1611
17.3401,1606
17.3455,1604
17.3512,1612
17.3567,1612
17.3624,1606
17.3678,1608
17.3735,1610
17.3788,1604
17.3845,1607
17.3899,1611
17.3956,1607
17.4011,1610
17.4068,1611
17.4122,1604
17.4179,1611
17.4233,1613
17.429,1607
17.4344,1607
17.4401,1613
17.4455,1607
17.4512,1606
17.4566,1612
17.4623,1609
17.4677,1603
17.4734,1607
17.4791,1616
17.4845,1607
17.4902,1606
17.4956,1612
17.5013,1608
17.5067,1608
17.5122,1608
17.5179,1604
17.5233,1607
17.529,1610
17.5345,1607
17.5402,1610
17.5456,1607
17.5513,1609
17.5567,1610
17.5624,1607
17.5678,1608
17.5735,1614
17.5789,1609
17.5846,1604
17.59,1610
17.5957,1610
17.6011,1604
17.6068,1610
17.6122,1612
17.6179,1605
17.6236,1610
17.629,1614
17.6347,1606
17.6401,1608
17.6458,1610
17.6512,1611
17.6569,1604
17.6623,1609
17.668,1611
17.6734,1606
17.6791,1605
17.6845,1612
17.6902,1608
17.6956,1605
17.7013,1611
17.7067,1611
17.7124,1611
17.7178,1606
17.7235,1614
17.7289,1606
17.7345,1606
17.74,1611
17.7457,1608
17.7511,1604
17.7568,1608
17.7622,1613
17.7679,1607
17.7733,1607
17.779,1613
17.7844,1608
17.7901,1604
17.7955,1611
17.8012,1610
17.8066,1606
17.8123,1608
17.8177,1613
17.8234,1606
17.8288,1606
17.8345,1613
17.8399,1608
17.8456,1607
17.8513,1611
17.8567,1609
17.8624,1606
17.8678,1612
17.8735,1611
17.8789,1606
17.8846,1607
17.89,1612
17.8957,1606
17.9011,1606
17.9068,1611
17.9122,1608
17.9179,1605
17.9233,1610
17.929,1611
17.9344,1605
17.9401,1609
17.9455,1609
17.9512,1605
17.9567,1609
17.9624,1608
17.9678,1606
17.9735,1611
17.9789,1608
17.9846,1605
17.99,1610
17.9957,1609
18.0011,1605
18.0068,1608
18.0122,1613
18.018,1606
18.0234,1604
18.0291,1611
18.0345,1608
18.0402,1607
18.0456,1609
18.0513,1608
18.0567,1606
18.0624,1610
18.0679,1609
18.0733,1603
18.0791,1611
18.0845,1612
18.0902,1604
18.0956,1607
18.1013,1611
18.1067,1605
18.1124,1607
18.1178,1610
18.1235,1608
18.1289,1605
18.1346,1611
18.14,1609
18.1457,1607
18.1511,1610
18.1568,1611
18.1622,1604
18.1679,1609
18.1734,1611
18.1791,1606
18.1845,1604
18.1899,1611
18.1956,1609
18.201,1605
18.2067,1608
18.2124,1610
18.2178,1606
18.2233,1607
18.229,1610
18.2345,1605
18.2402,1606
18.2456,1609
18.2511,1607
18.2568,1607
18.2622,1609
18.2679,1605
18.2732,1605
18.279,1612
18.2847,1605
18.2901,1605
18.2958,1611
18.3012,1606
18.3069,1603
18.3123,1609
18.3178,1612
18.3235,1605
18.3289,1608
18.3346,1613
18.34,1607
18.3457,1607
18.3511,1611
18.3568,1609
18.3623,1604
18.368,1611
18.3734,1611
18.3791,1604
18.3845,1610
18.3902,1612
18.3956,1607
18.4011,1608
18.4068,1613
18.4122,1606
18.4179,1606
18.4233,1611
18.429,1608
18.4345,1605
18.4402,1610
18.4456,1610
18.4513,1606
18.4567,1607
18.4622,1610
18.4679,1604
18.4736,1608
18.479,1610
18.4844,1607
18.4901,1607
18.4955,1612
18.5012,1606
18.5066,1606
18.5123,1612
18.5178,1610
18.5235,1604
18.5289,1609
18.5346,1611
18.54,1606
18.5457,1610
18.5511,1612
18.5568,1607
18.5622,1605
18.5679,1610
18.5733,1609
18.579,1605
18.5844,1608
18.59,1610
18.5957,1606
18.6011,1609
18.6068,1608
18.6122,1605
18.6178,1609
18.6235,1610
18.6289,1606
18.6346,1607
18.64,1611
18.6456,1605
18.6513,1607
18.6567,1610
18.6624,1605
18.6678,1608
18.6734,1611
18.6791,1607
18.6845,1604
18.6902,1610
18.6956,1611
18.7012,1607
18.7066,1607
18.7123,1610
18.7177,1605
18.7234,1607
18.729,1611
18.7345,1605
18.7402,1607
18.7456,1609
18.7513,1606
18.7567,1606
18.7623,1610
18.7678,1608
18.7734,1605
18.7788,1611
18.7845,1607
18.7902,1608
18.7956,1610
18.8013,1606
18.8067,1607
18.8124,1612
18.8178,1606
18.8235,1609
18.8289,1611
18.8346,1606
18.84,1608
18.8457,1612
18.8511,1606
18.8568,1605
18.8622,1610
18.8679,1608
18.8733,1604
18.879,1609
18.8844,1611
18.8901,1605
18.8955,1609
18.9012,1611
18.9066,1606
18.9123,1607
18.9177,1611
18.9234,1607
18.9289,1607
18.9346,1609
18.94,1606
18.9457,1608
18.9511,1609
18.9567,1605
18.9624,1609
18.9678,1610
18.9735,1605
18.9789,1610
18.9846,1612
18.99,1605
18.9957,1604
19.0011,1611
19.0069,1607
19.0123,1606
19.018,1612
19.0234,1609
19.0291,1606
19.0345,1610
19.0402,1609
19.0456,1606
19.0513,1610
19.0567,1609
19.0624,1605
19.0678,1609
19.0734,1609
19.0791,1604
19.0845,1609
19.0902,1611
19.0956,1605
19.1013,1606
19.1067,1612
19.1124,1608
19.1178,1605
19.1235,1610
19.1289,1608
19.1346,1605
19.14,1609
19.1457,1610
19.1511,1606
19.1568,1608
19.1623,1609
19.1679,1606
19.1734,1607
19.1791,1610
19.1845,1604
19.1902,1607
19.1956,1611
19.2013,1605
19.2067,1608
19.2124,1611
19.2178,1605
19.2235,1608
19.2289,1609
19.2346,1606
19.24,1607
19.2457,1612
19.2511,1606
19.2568,1605
19.2622,1611
19.2679,1607
19.2734,1605
19.2791,1611
19.2845,1608
19.2902,1607
19.2955,1609
19.3012,1607
19.3069,1606
19.3123,1607
19.318,1608
19.3233,1606
19.329,1613
19.3344,1607
19.3401,1603
19.3455,1610
19.3512,1609
19.3569,1605
19.3623,1608
19.3677,1612
19.3734,1608
19.3791,1603
19.3845,1607
19.3901,1609
19.3955,1604
19.4012,1605
19.4066,1610
19.4123,1606
19.4177,1607
19.4234,1613
19.4291,1608
19.4344,1606
19.4401,1610
19.4455,1610
19.4512,1604
19.4566,1608
19.4623,1613
19.4677,1608
19.4734,1603
19.4791,1611
19.4845,1610
19.4902,1604
19.4956,1609
19.5013,1614
19.5067,1610
19.5124,1604
19.5178,1607
19.5235,1612
19.5289,1607
19.5346,1607
19.54,1610
19.5457,1610
19.5511,1605
19.5568,1609
19.5622,1606
19.5678,1604
19.5735,1608
19.5789,1610
19.5846,1604
19.59,1607
19.5957,1612
19.6011,1606
19.6068,1607
19.6122,1613
19.6179,1610
19.6233,1607
19.629,1610
19.6344,1607
19.6401,1606
19.6458,1611
19.6512,1609
19.6569,1602
19.6623,1610
19.6679,1612
19.6733,1604
19.679,1609
19.6844,1612
19.6901,1607
19.6955,1603
19.7012,1609
19.7066,1611
19.7123,1606
19.7177,1608
19.7234,1611
19.7289,1607
19.7345,1610
19.74,1611
19.7456,1604
19.7511,1606
19.7568,1613
19.7624,1609
19.7678,1605
19.7735,1609
19.7789,1610
19.7846,1606
19.79,1604
19.7957,1611
19.8011,1611
19.8067,1604
19.8124,1610
19.8178,1610
19.8235,1605
19.8289,1607
19.8346,1610
19.84,1605
19.8457,1609
19.8511,1611
19.8568,1606
19.8622,1604
19.8678,1609
19.8735,1611
19.879,1605
19.8844,1611
19.8901,1611
19.8955,1604
19.9012,1605
19.9066,1612
19.9123,1608
19.918,1605
19.9234,1609
19.9291,1611
19.9345,1606
19.9401,1605
19.9455,1611
19.9512,1606
19.9566,1607
19.9623,1611
19.968,1607
19.9734,1606
19.9788,1610
19.9845,1606
19.9902,1605
19.9956,1611
20.0013,1608
20.0067,1605
20.0124,1610
20.0178,1609
20.0234,1604
20.0288,1608
20.0345,1611
20.0399,1605
20.0456,1606
20.0513,1611
20.0567,1605
20.0624,1608
20.0678,1610
20.0734,1606
20.0789,1608
20.0846,1611
20.09,1608
20.0957,1606
20.1011,1610
20.1068,1611
20.1122,1607
20.1179,1607
20.1233,1612
20.129,1606
20.1344,1609
20.14,1609
20.1457,1604
20.1511,1606
20.1568,1614
20.1622,1608
20.1678,1606
20.1735,1608
20.1789,1610
20.1844,1606
20.1901,1607
20.1955,1611
20.2012,1607
20.2066,1607
20.2122,1611
20.2177,1608
20.2233,1604
20.229,1609
20.2344,1609
20.2401,1604
20.2455,1606
20.2511,1608
20.2566,1607
20.2622,1609
20.2678,1608
20.2733,1609
20.2789,1609
20.2844,1608
20.29,1606
20.2956,1612
20.3011,1606
20.3067,1605
20.3122,1612
20.3178,1610
20.3233,1605
20.3289,1606
20.3345,1611
20.34,1605
20.3456,1605
20.3511,1608
20.3567,1611
20.3622,1605
20.3678,1608
20.3734,1611
20.3789,1605
20.3845,1607
20.39,1610
20.3956,1604
20.4012,1609
20.4067,1607
20.4123,1605
20.4178,1609
20.4234,1611
20.4289,1605
20.4345,1608
20.4401,1610
20.4456,1605
20.4512,1605
20.4567,1611
20.4623,1608
20.4678,1606
20.4734,1610
20.479,1608
20.4845,1605
20.4901,1610
20.4956,1612
20.5012,1605
20.5067,1608
20.5123,1610
20.5179,1607
20.5234,1608
20.529,1612
20.5345,1604
20.5401,1608
20.5457,1610
20.5512,1607
20.5568,1606
20.5623,1613
20.5677,1609
20.5734,1604
20.579,1609
20.5846,1611
20.59,1605
20.5957,1606
20.6012,1611
20.6068,1608
20.6124,1604
20.6178,1609
20.6234,1613
20.6289,1605
20.6346,1607
20.64,1611
20.6457,1607
20.6511,1606
20.6568,1613
20.6624,1607
20.6678,1606
20.6735,1610
20.6789,1608
20.6846,1606
20.69,1611
20.6957,1610
20.7011,1606
20.7068,1610
20.7122,1609
20.7179,1607
20.7233,1611
20.729,1608
20.7346,1609
20.7401,1609
20.7458,1607
20.7512,1612
20.7568,1607
20.7623,1606
20.7679,1608
20.7734,1607
20.7791,1606
20.7845,1612
20.7902,1607
20.7956,1605
20.8013,1609
20.8067,1610
20.8124,1604
20.8178,1608
20.8235,1611
20.8289,1608
20.8346,1606
20.84,1610
20.8457,1608
20.8512,1606
20.8568,1610
20.8623,1608
20.8679,1606
20.8734,1609
20.8791,1612
20.8845,1604
20.8902,1608
20.8956,1611
20.9013,1607
20.9067,1606
20.9124,1611
20.918,1608
20.9234,1606
20.9291,1610
20.9345,1607
20.9402,1604
20.9457,1610
20.9514,1613
20.9568,1605
20.9625,1612
20.9679,1609
20.9736,1606
20.979,1611
20.9847,1609
20.9901,1605
20.9958,1610
21.0012,1608
21.0069,1606
21.0123,1611
21.018,1609
21.0234,1605
21.0291,1611
21.0345,1608
21.0402,1605
21.0457,1608
21.0513,1610
21.0568,1606
21.0625,1606
21.0679,1612
21.0736,1608
21.079,1606
21.0847,1613
21.0901,1609
21.0958,1604
21.1012,1608
21.1069,1611
21.1123,1606
21.118,1607
21.1234,1611
21.1291,1608
21.1345,1604
21.1402,1611
21.1456,1609
21.1513,1604
21.1569,1611
21.1623,1608
21.168,1603
21.1735,1610
21.1791,1609
21.1845,1606
21.1903,1610
21.1957,1609
21.2014,1607
21.2068,1610
21.2125,1608
21.2178,1605
21.2235,1608
21.2292,1612
21.2346,1606
21.2403,1605
21.2457,1611
21.2514,1607
21.2568,1605
21.2625,1611
21.2679,1610
21.2736,1605
21.279,1606
21.2847,1610
21.2901,1606
21.2958,1606
21.3013,1609
21.307,1606
21.3124,1608
21.3181,1612
21.3235,1610
21.3292,1606
21.3346,1607
21.3403,1611
21.3457,1606
21.3514,1606
21.3568,1611
21.3625,1609
21.3679,1605
21.3736,1609
21.379,1609
21.3847,1605
21.3901,1609
21.3958,1610
21.4012,1605
21.4069,1607
21.4123,1612
21.418,1607
21.4234,1609
21.4291,1611
21.4345,1608
21.4402,1604
21.4458,1608
21.4512,1611
21.4569,1607
21.4623,1608
21.468,1611
21.4735,1608
21.4792,1605
21.4846,1611
21.4903,1607
21.4957,1605
21.5014,1609
21.5068,1607
21.5125,1607
21.5179,1611
21.5236,1607
21.529,1605
21.5347,1612
21.5401,1610
21.5458,1607
21.5512,1609
21.5569,1609
21.5623,1605
21.568,1608
21.5734,1612
21.5791,1606
21.5848,1605
21.5902,1610
21.5959,1611
21.6013,1605
21.607,1607
21.6123,1613
21.618,1606
21.6235,1605
21.6291,1609
21.6345,1611
21.6402,1604
21.6456,1609
21.6513,1612
21.6567,1605
21.6624,1606
21.6681,1610
21.6735,1611
21.6792,1605
21.6846,1608
21.6901,1611
21.6958,1608
21.7012,1604
21.7069,1613
21.7122,1609
21.7179,1604
21.7236,1606
21.729,1613
21.7347,1607
21.7401,1606
21.7457,1609
21.7514,1610
21.7568,1605
21.7625,1610
21.7679,1610
21.7735,1606
21.7792,1607
21.7846,1611
21.7903,1608
21.7957,1607
21.8013,1612
21.8068,1610
21.8125,1603
21.8179,1611
21.8236,1612
21.829,1606
21.8347,1606
21.8403,1611
21.8457,1610
21.8514,1605
21.8568,1609
21.8625,1610
21.8679,1606
21.8736,1608
21.879,1610
21.8848,1606
21.8902,1609
21.8959,1609
21.9013,1606
21.9067,1606
21.9124,1614
21.9181,1607
21.9235,1606
21.9292,1610
21.9346,1611
21.9403,1604
21.9457,1608
21.9514,1611
21.9568,1607
21.9625,1606
21.9679,1610
21.9736,1609
21.979,1606
21.9847,1611
21.9901,1610
21.9958,1605
22.0012,1608
22.0069,1611
22.0123,1605
22.018,1606
22.0234,1611
22.0291,1609
22.0345,1605
22.0402,1610
22.0459,1610
22.0513,1605
22.057,1608
22.0624,1611
22.0681,1608
22.0735,1606
22.0792,1610
22.0846,1609
22.0903,1605
22.0957,1610
22.1014,1611
22.1068,1606
22.1125,1607
22.1179,1612
22.1236,1608
22.129,1604
22.1347,1611
22.1401,1611
22.1458,1607
22.1512,1608
22.1569,1610
22.1623,1605
22.168,1607
22.1734,1612
22.1791,1609
22.1848,1606
22.1902,1612
22.1959,1608
22.2013,1605
22.207,1611
22.2124,1611
22.218,1605
22.2234,1611
22.2291,1610
22.2345,1606
22.2402,1609
22.2456,1612
22.2513,1608
22.2567,1605
22.2624,1611
22.2679,1611
22.2736,1605
22.2792,1606
22.2847,1613
22.2904,1608
22.2958,1604
22.3015,1612
22.3069,1608
22.3126,1606
22.318,1609
22.3237,1607
22.3291,1605
22.3348,1610
22.3401,1609
22.3458,1605
22.3515,1611
22.3569,1611
22.3625,1604
22.368,1609
22.3736,1611
22.379,1606
22.3847,1606
22.3901,1611
22.3958,1606
22.4012,1604
22.4069,1610
22.4123,1612
22.418,1604
22.4237,1607
22.4291,1611
22.4348,1607
22.4402,1607
22.4459,1612
22.4513,1605
22.457,1606
22.4624,1611
22.4681,1613
22.4735,1604
22.4792,1609
22.4845,1612
22.4902,1605
22.4956,1605
22.5013,1612
22.507,1611
22.5124,1606
22.5181,1609
22.5235,1611
22.5292,1606
22.5346,1606
22.5403,1612
22.5457,1607
22.5515,1606
22.5569,1610
22.5625,1609
22.5679,1605
22.5736,1609
22.579,1611
22.5847,1604
22.5902,1607
22.5959,1613
22.6013,1608
22.607,1605
22.6124,1610
22.6181,1609
22.6235,1605
22.6292,1610
22.6346,1610
22.6403,1603
22.6457,1608
22.6514,1607
22.6568,1606
22.6625,1606
22.6679,1612
22.6736,1604
22.6792,1604
22.6846,1611
22.6903,1611
22.6957,1603
22.7014,1607
22.7069,1610
22.7125,1608
22.718,1605
22.7237,1611
22.7291,1608
22.7348,1604
22.7402,1611
22.7459,1610
22.7513,1607
22.757,1610
22.7624,1612
22.7681,1607
22.7735,1605
22.7792,1611
22.7846,1607
22.7903,1606
22.796,1609
22.8014,1608
22.8068,1605
22.8125,1607
22.8179,1612
22.8236,1605
22.829,1606
22.8347,1612
22.8401,1606
22.8458,1606
22.8512,1610
22.8569,1610
22.8623,1606
22.868,1609
22.8734,1614
22.8791,1604
22.8845,1607
22.8902,1611
22.8959,1607
22.9013,1606
22.907,1612
22.9124,1607
22.9181,1606
22.9235,1609
22.9292,1609
22.9346,1604
22.9403,1608
22.9457,1610
22.9514,1605
22.9568,1607
22.9625,1612
22.9679,1607
22.9736,1605
22.979,1612
22.9847,1609
22.9901,1605
22.9958,1610
23.0015,1611
23.0069,1605
23.0126,1609
23.018,1611
23.0237,1604
23.0291,1607
23.0348,1613
23.0402,1607
23.0459,1609
23.0513,1609
23.057,1607
23.0624,1605
23.0681,1610
23.0736,1610
23.0793,1603
23.0847,1610
23.0904,1612
23.0958,1606
23.1015,1608
23.1069,1611
23.1126,1607
23.118,1609
23.1234,1611
23.1291,1607
23.1348,1608
23.1402,1613
23.1459,1606
23.1513,1606
23.157,1611
23.1624,1607
23.1681,1607
23.1735,1611
23.1792,1609
23.1846,1605
23.1903,1610
23.1957,1609
23.2014,1604
23.2068,1608
23.2124,1612
23.2181,1604
23.2235,1606
23.2292,1611
23.2346,1607
23.2402,1606
23.2459,1612
23.2513,1608
23.257,1605
23.2624,1609
23.268,1609
23.2737,1607
23.2791,1609
23.2848,1609
23.2902,1605
23.2958,1610
23.3015,1611
23.3069,1605
23.3126,1608
23.318,1613
23.3236,1610
23.329,1603
23.3347,1610
23.3401,1612
23.3458,1603
23.3514,1608
23.3568,1612
23.3625,1606
23.3679,1606
23.3736,1612
23.379,1608
23.3847,1607
23.3902,1608
23.3959,1611
23.4013,1606
23.407,1609
23.4123,1614
23.418,1606
23.4237,1606
23.4291,1610
23.4348,1606
23.4402,1605
23.4459,1611
23.4513,1607
23.457,1605
23.4624,1610
23.4681,1608
23.4735,1604
23.4792,1608
23.4846,1611
23.4903,1606
23.4957,1606
23.5014,1611
23.5069,1609
23.5125,1606
23.518,1611
23.5237,1607
23.5291,1605
23.5348,1611
23.5402,1608
23.5459,1603
23.5513,1610
23.557,1610
23.5624,1605
23.5681,1607
23.5735,1612
23.5792,1609
23.5846,1605
23.5903,1608
23.5957,1610
23.6015,1607
23.6068,1608
23.6125,1610
23.6182,1606
23.6236,1606
23.6292,1609
23.6346,1606
23.6403,1610
23.6457,1611
23.6514,1605
23.6568,1604
23.6625,1611
23.6679,1609
23.6736,1604
23.679,1610
23.6847,1611
23.6904,1606
23.6958,1606
23.7015,1610
23.7069,1607
23.7125,1608
23.718,1609
23.7236,1606
23.729,1607
23.7347,1611
23.7401,1607
23.7458,1607
23.7512,1614
23.7569,1607
23.7626,1607
23.768,1611
23.7734,1608
23.7791,1606
23.7848,1615
23.7902,1608
23.7959,1605
23.8013,1609
23.807,1614
23.8124,1606
23.8181,1605
23.8235,1609
23.8292,1611
23.8346,1605
23.8403,1607
23.8457,1613
23.8514,1608
23.8569,1605
23.8625,1611
23.868,1608
23.8737,1606
23.8791,1611
23.8847,1609
23.8902,1606
23.8959,1607
23.9013,1611
23.907,1607
23.9124,1605
23.9181,1610
23.9237,1607
23.9291,1607
23.9348,1611
23.9402,1608
23.9459,1605
23.9513,1608
23.957,1613
23.9625,1608
23.9682,1604
23.9736,1612
23.9793,1609
23.9847,1604
23.9904,1606
23.9958,1612
24.0015,1610
24.0069,1604
24.0123,1609
24.018,1611
24.0237,1604
24.0291,1609
24.0348,1610
24.0402,1606
24.0459,1606
24.0513,1610
24.057,1612
24.0624,1606
24.0681,1605
24.0735,1610
24.0792,1610
24.0847,1604
24.0904,1609
24.0958,1613
24.1015,1608
24.1069,1607
24.1126,1611
24.118,1607
24.1237,1602
24.1291,1610
24.1348,1613
24.1402,1606
24.1459,1604
24.1513,1611
24.157,1612
24.1624,1605
24.1681,1610
24.1735,1611
24.1792,1604
24.1846,1607
24.1903,1610
24.1957,1605
24.2014,1605
24.2068,1608
24.2125,1610
24.218,1607
24.2236,1609
24.229,1611
24.2347,1605
24.2404,1605
24.2458,1611
24.2515,1608
24.2569,1605
24.2626,1611
24.268,1609
24.2737,1605
24.2791,1608
24.2848,1613
24.2902,1606
24.2959,1607
24.3013,1609
24.307,1610
24.3124,1604
24.3181,1608
24.3235,1612
24.3292,1607
24.3346,1607
24.3403,1610
24.3457,1606
24.3514,1606
24.3568,1611
24.3625,1609
24.3679,1605
24.3736,1608
24.379,1612
24.3847,1604
24.3904,1607
24.3958,1610
24.4015,1605
24.4069,1606
24.4126,1610
24.418,1609
24.4237,1605
24.4291,1609
24.4348,1612
24.4402,1605
24.4459,1606
24.4513,1612
24.457,1608
24.4624,1605
24.4681,1611
24.4735,1611
24.4792,1606
24.4846,1609
24.4903,1612
24.4957,1607
24.5014,1608
24.5071,1612
24.5125,1605
24.5179,1606
24.5236,1611
24.5293,1609
24.5347,1604
24.5404,1606
24.5458,1612
24.5515,1606
24.5569,1605
24.5626,1611
24.568,1606
24.5737,1607
24.5791,1610
24.5848,1608
24.5902,1605
24.5959,1610
24.6013,1609
24.607,1606
24.6126,1612
24.618,1610
24.6237,1606
24.6291,1608
24.6348,1609
24.6402,1606
24.6459,1607
24.6512,1613
24.657,1606
24.6624,1606
24.6681,1610
24.6735,1610
24.6791,1608
24.6847,1611
24.6902,1606
24.6958,1606
24.7013,1610
24.7069,1610
24.7126,1604
24.718,1605
24.7237,1612
24.7291,1607
24.7347,1605
24.7404,1610
24.7458,1610
24.7515,1606
24.7569,1609
24.7625,1612
24.7682,1607
24.7736,1605
24.7793,1610
24.7847,1611
24.7903,1605
24.7957,1605
24.8014,1611
24.8068,1608
24.8125,1605
24.8179,1608
24.8236,1613
24.829,1607
24.8347,1605
24.8401,1611
24.8458,1608
24.8515,1604
24.8569,1612
24.8626,1609
24.868,1605
24.8737,1609
24.8791,1612
24.8848,1605
24.8902,1604
24.8959,1610
24.9013,1609
24.907,1604
24.9124,1609
24.9181,1611
24.9235,1605
24.9292,1608
24.9347,1610
24.9403,1605
24.9457,1607
24.9514,1609
24.9569,1609
24.9623,1608
24.968,1611
24.9737,1607
24.9792,1606
24.9848,1611
24.9903,1609
24.996,1608
25.0014,1612
25.0071,1607
25.0125,1607
25.0182,1609
25.0236,1609
25.0293,1605
25.0347,1610
25.0404,1608
25.0458,1605
25.0515,1610
25.0569,1611
25.0626,1604
25.068,1610
25.0737,1610
25.0791,1606
25.0848,1609
25.0902,1612
25.0959,1605
25.1014,1606
25.1071,1612
25.1125,1609
25.1179,1603
25.1236,1608
25.129,1614
25.1347,1608
25.1404,1604
25.1459,1610
25.1516,1611
25.157,1605
25.1624,1605
25.1681,1610
25.1735,1611
25.1792,1604
25.1847,1610
25.1901,1612
25.1958,1605
25.2013,1605
25.2069,1610
25.2126,1610
25.218,1604
25.2237,1607
25.2292,1611
25.2348,1606
25.2402,1607
25.2459,1610
25.2513,1609
25.257,1606
25.2624,1609
25.2681,1611
25.2735,1606
25.2792,1609
25.2847,1613
25.2903,1606
25.2957,1607
25.3014,1612
25.3068,1608
25.3125,1604
25.3182,1611
25.3236,1611
25.3293,1605
25.3347,1607
25.3404,1611
25.3458,1610
25.3515,1605
25.3569,1612
25.3626,1609
25.368,1605
25.3737,1608
25.3791,1612
25.3848,1606
25.3902,1604
25.3959,1611
25.4013,1609
25.407,1603
25.4124,1608
25.4181,1612
25.4235,1605
25.4292,1607
25.4346,1610
25.4403,1608
25.4457,1603
25.4514,1609
25.4571,1610
25.4625,1607
25.4682,1608
25.4736,1611
25.4793,1607
25.4847,1606
25.4901,1613
25.4958,1607
25.5012,1606
25.5069,1611
25.5126,1611
25.518,1605
25.5237,1609
25.5291,1611
25.5348,1606
25.5402,1607
25.5459,1613
25.5513,1607
25.557,1607
25.5625,1608
25.5681,1607
25.5736,1607
25.5792,1611
25.5847,1607
25.5904,1604
25.5958,1610
25.6015,1610
25.6069,1602
25.6126,1606
25.618,1611
25.6237,1610
25.6291,1606
25.6348,1611
25.6402,1609
25.6459,1605
25.6513,1610
25.657,1608
25.6624,1605
25.6681,1609
25.6735,1609
25.6792,1605
25.6846,1606
25.6903,1611
25.6957,1609
25.7014,1604
25.7068,1609
25.7125,1612
25.7179,1605
25.7236,1607
25.7293,1611
25.7347,1607
25.7404,1604
25.7458,1611
25.7515,1610
25.7569,1606
25.7626,1607
25.768,1610
25.7737,1606
25.7791,1606
25.7848,1610
25.7902,1610
25.7959,1604
25.8013,1611
25.807,1611
25.8124,1604
25.8181,1606
25.8235,1612
25.8292,1607
25.8346,1607
25.8403,1613
25.846,1607
25.8514,1607
25.8571,1610
25.8624,1607
25.8681,1605
25.8737,1609
25.8791,1610
25.8849,1606
25.8903,1605
25.896,1611
25.9014,1608
25.9071,1606
25.9125,1611
25.9182,1611
25.9236,1606
25.9293,1609
25.9346,1611
25.9403,1608
25.946,1605
25.9514,1610
25.9571,1611
25.9625,1606
25.9682,1607
25.9736,1613
25.9793,1606
25.9847,1604
25.9904,1611
25.9958,1610
26.0015,1605
26.0068,1609
26.0125,1611
26.0179,1605
26.0236,1608
26.0293,1612
26.0347,1605
26.0404,1604
26.0458,1611
26.0515,1608
26.0569,1605
26.0626,1609
26.068,1610
26.0737,1605
26.0791,1609
26.0848,1609
26.0901,1605
26.0959,1609
26.1013,1609
26.1071,1605
26.1125,1608
26.118,1611
26.1237,1605
26.1291,1605
26.1347,1612
26.1404,1611
26.1458,1603
26.1515,1608
26.1569,1611
26.1626,1607
26.168,1607
26.1736,1611
26.1793,1608
26.1847,1605
26.1904,1609
26.1958,1610
26.2014,1606
26.2071,1607
26.2125,1611
26.2182,1608
26.2236,1604
26.2292,1610
26.2346,1610
26.2403,1603
26.246,1609
26.2514,1609
26.2569,1606
26.2625,1607
26.268,1611
26.2737,1604
26.2791,1607
26.2848,1611
26.2902,1608
26.2959,1606
26.3013,1611
26.307,1611
26.3124,1605
26.3181,1610
26.3236,1612
26.3292,1604
26.3347,1608
26.3403,1611
26.3458,1606
26.3515,1606
26.3569,1610
26.3626,1608
26.368,1605
26.3737,1610
26.3791,1609
26.3848,1605
26.3902,1609
26.3959,1611
26.4013,1606
26.407,1607
26.4125,1611
26.4182,1609
26.4236,1604
26.4292,1610
26.4347,1611
26.4403,1603
26.4458,1608
26.4514,1612
26.4569,1608
26.4626,1605
26.468,1609
26.4737,1611
26.4791,1603
26.4848,1606
26.4902,1614
26.4959,1609
26.5013,1604
26.507,1610
26.5124,1610
26.5181,1606
26.5235,1607
26.5292,1611
26.5346,1609
26.5403,1605
26.546,1606
26.5514,1611
26.5571,1606
26.5625,1605
26.5682,1612
26.5736,1611
26.5793,1606
26.5847,1609
26.5904,1610
26.5958,1606
26.6015,1609
26.607,1611
26.6127,1606
26.6181,1607
26.6235,1611
26.6292,1606
26.6349,1605
26.6403,1611
26.6457,1609
26.6514,1606
26.6571,1610
26.6625,1610
26.6682,1605
26.6736,1608
26.6793,1612
26.6847,1607
26.6904,1606
26.6958,1610
26.7015,1609
26.7069,1605
26.7126,1609
26.718,1610
26.7237,1602
26.7291,1608
26.7348,1612
26.7402,1607
26.7459,1606
26.7513,1610
26.757,1611
26.7624,1604
26.7681,1606
26.7735,1614
26.7792,1607
26.7849,1607
26.7903,1611
26.796,1609
26.8014,1606
26.8071,1609
26.8125,1611
26.8182,1605
26.8236,1607
26.8292,1611
26.8347,1608
26.8403,1606
26.8458,1611
26.8514,1610
26.8571,1605
26.8625,1607
26.8682,1612
26.8736,1607
26.8793,1604
26.8846,1612
26.8903,1609
26.896,1605
26.9014,1609
26.9071,1610
26.9125,1604
26.9181,1607
26.9236,1612
26.9292,1606
26.9346,1606
26.9403,1613
26.9457,1609
26.9514,1605
26.9568,1609
26.9625,1610
26.9682,1604
26.9736,1607
26.9793,1611
26.9847,1606
26.9904,1609
26.9958,1611
27.0015,1610
27.0069,1606
27.0126,1610
27.018,1610
27.0237,1605
27.0291,1611
27.0348,1610
27.0404,1605
27.0459,1608
27.0516,1611
27.057,1605
27.0626,1609
27.0681,1610
27.0738,1606
27.0792,1607
27.0849,1611
27.0903,1607
27.096,1605
27.1014,1609
27.1071,1610
27.1125,1604
27.1182,1611
27.1236,1611
27.1293,1605
27.1347,1607
27.1404,1611
27.1458,1609
27.1515,1604
27.1569,1609
27.1626,1610
27.168,1607
27.1737,1605
27.1791,1612
27.1848,1608
27.1902,1606
27.1959,1611
27.2013,1609
27.207,1603
27.2124,1608
27.2181,1613
27.2238,1605
27.2292,1607
27.2349,1612
27.2403,1612
27.246,1603
27.2514,1608
27.2571,1611
27.2625,1605
27.2682,1606
27.2735,1610
27.2792,1607
27.2849,1605
27.2903,1609
27.296,1610
27.3014,1605
27.307,1608
27.3124,1611
27.3181,1608
27.3235,1607
27.3292,1611
27.3346,1605
27.3403,1605
27.3457,1610
27.3514,1608
27.3568,1607
27.3625,1611
27.3682,1609
27.3736,1603
27.3793,1608
27.3847,1612
27.3904,1604
27.3958,1607
27.4015,1611
27.4069,1607
27.4126,1606
27.418,1612
27.4237,1610
27.4291,1604
27.4347,1609
27.4402,1613
27.4459,1606
27.4516,1606
27.457,1610
27.4627,1611
27.4681,1605
27.4738,1607
27.4792,1613
27.4849,1607
27.4903,1605
27.496,1612
27.5014,1610
27.5071,1606
27.5125,1609
27.5182,1610
27.5236,1604
27.5293,1607
27.5347,1612
27.5404,1606
27.5458,1606
27.5515,1611
27.5569,1609
27.5626,1605
27.568,1607
27.5737,1612
27.5792,1608
27.5849,1604
27.5902,1612
27.5959,1610
27.6014,1605
27.6071,1609
27.6125,1613
27.6182,1606
27.6236,1606
27.6293,1611
27.6347,1609
27.6404,1603
27.6459,1609
27.6515,1612
27.657,1604
27.6627,1609
27.6681,1611
27.6738,1608
27.6792,1606
27.6849,1610
27.6903,1610
27.6958,1604
27.7015,1608
27.7069,1611
27.7126,1607
27.718,1604
27.7236,1610
27.7293,1610
27.7347,1605
27.7404,1608
27.7458,1613
27.7514,1605
27.7571,1607
27.7625,1610
27.7682,1608
27.7736,1603
27.7792,1609
27.7846,1611
27.7903,1607
27.7958,1604
27.8014,1612
27.8069,1608
27.8126,1606
27.818,1611
27.8237,1608
27.8291,1604
27.8348,1608
27.8402,1612
27.8459,1605
27.8513,1605
27.857,1612
27.8627,1607
27.8681,1606
27.8738,1611
27.8792,1611
27.8849,1606
27.8903,1608
27.896,1609
27.9014,1604
27.9071,1608
27.9126,1611
27.918,1607
27.9237,1607
27.9291,1612
27.9348,1610
27.9402,1607
27.9459,1607
27.9513,1611
27.957,1606
27.9625,1609
27.9681,1613
27.9735,1606
27.9792,1608
27.9846,1612
27.9903,1607
27.9957,1604
28.0014,1610
28.0125,1604
28.0179,1608
28.0236,1611
28.0293,1606
28.0347,1606
28.0404,1610
28.0458,1606
28.0515,1606
28.0569,1612
28.0626,1608
28.068,1606
28.0737,1611
28.0791,1611
28.0848,1606
28.0902,1608
28.0959,1609
28.1016,1606
28.107,1609
28.1127,1610
28.1181,1604
28.1238,1609
28.1292,1612
28.1349,1607
28.1403,1607
28.146,1612
28.1514,1607
28.1571,1605
28.1625,1611
28.1682,1610
28.1736,1603
28.1793,1608
28.1847,1613
28.1904,1606
28.1958,1604
28.2015,1611
28.2071,1610
28.2125,1606
28.2182,1608
28.2235,1610
28.2292,1608
28.2346,1604
28.2403,1611
28.246,1610
28.2514,1605
28.2571,1608
28.2625,1613
28.2682,1606
28.2736,1605
28.2793,1612
28.2847,1609
28.2904,1604
28.2958,1609
28.3015,1611
28.3069,1606
28.3126,1608
28.318,1611
28.3237,1607
28.3291,1605
28.3348,1610
28.3402,1609
28.3459,1603
28.3513,1611
28.357,1611
28.3624,1606
28.3681,1606
28.3738,1611
28.3792,1608
28.3849,1604
28.3903,1610
28.396,1611
28.4014,1603
28.4071,1607
28.4125,1613
28.4182,1606
28.4236,1606
28.4293,1613
28.4347,1607
28.4404,1607
28.4458,1610
28.4515,1610
28.4569,1604
28.4626,1608
28.468,1611
28.4737,1605
28.4791,1607
28.4848,1612
28.4902,1606
28.4959,1605
28.5013,1613
28.507,1611
28.5124,1605
28.5181,1610
28.5238,1610
28.5292,1605
28.5349,1609
28.5403,1612
28.546,1605
28.5514,1605
28.5571,1610
28.5624,1607
28.5681,1604
28.5738,1611
28.5792,1608
28.5849,1603
28.5903,1610
28.596,1610
28.6014,1605
28.6071,1609
28.6125,1611
28.6182,1606
28.6236,1606
28.6293,1611
28.6346,1609
28.6403,1607
28.646,1609
28.6514,1610
28.6571,1602
28.6625,1608
28.668,1612
28.6737,1606
28.6791,1607
28.6848,1612
28.6905,1606
28.6959,1604
28.7016,1611
28.707,1607
28.7127,1605
28.7181,1610
28.7238,1609
28.7292,1604
28.7349,1606
28.7403,1612
28.746,1606
28.7514,1606
28.7571,1616
28.7625,1608
28.7682,1604
28.7736,1611
28.7793,1608
28.7847,1606
28.7904,1611
28.7958,1609
28.8015,1603
28.8069,1609
28.8126,1610
28.8181,1606
28.8238,1607
28.8292,1612
28.8349,1607
28.8403,1605
28.846,1611
28.8514,1610
28.8571,1605
28.8625,1609
28.8682,1612
28.8736,1608
28.8793,1605
28.8847,1611
28.8904,1611
28.8958,1605
28.9015,1609
28.907,1612
28.9127,1605
28.9181,1605
28.9238,1613
28.9292,1608
28.9349,1605
28.9403,1610
28.946,1611
28.9514,1606
28.9571,1606
28.9625,1612
28.9681,1606
28.9736,1605
28.9792,1611
28.9846,1608
28.9903,1607
28.996,1609
29.0014,1612
29.0125,1607
29.0182,1611
29.0236,1608
29.0293,1607
29.0347,1612
29.0404,1610
29.0458,1604
29.0515,1607
29.0569,1612
29.0626,1605
29.068,1605
29.0737,1612
29.0791,1609
29.0848,1604
29.0903,1610
29.0959,1610
29.1014,1606
29.1071,1610
29.1125,1611
29.1182,1606
29.1236,1606
29.1293,1611
29.1347,1608
29.1404,1606
29.1458,1609
29.1515,1611
29.1569,1605
29.1626,1608
29.168,1611
29.1737,1606
29.1794,1607
29.1848,1611
29.1905,1608
29.1959,1605
29.2016,1611
29.207,1611
29.2126,1604
29.218,1609
29.2237,1612
29.2294,1607
29.2347,1607
29.2404,1612
29.2458,1607
29.2515,1605
29.2569,1610
29.2626,1611
29.268,1605
29.2736,1605
29.2793,1611
29.2847,1609
29.2902,1605
29.2959,1609
29.3014,1611
29.3071,1603
29.3125,1605
29.3182,1611
29.3236,1608
29.3292,1605
29.3349,1610
29.3403,1610
29.346,1607
29.3514,1608
29.3571,1612
29.3625,1606
29.3681,1607
29.3738,1610
29.3792,1608
29.3849,1606
29.3903,1612
29.396,1610
29.4014,1603
29.4071,1612
29.4125,1610
29.4182,1605
29.4236,1604
29.4292,1610
29.4346,1607
29.4403,1606
29.446,1611
29.4514,1610
29.4571,1605
29.4625,1607
29.4682,1610
29.4736,1605
29.4793,1607
29.4847,1612
29.4905,1608
29.4959,1605
29.5016,1610
29.507,1610
29.5127,1604
29.5181,1608
29.5238,1611
29.5292,1605
29.5349,1608
29.5403,1612
29.546,1607
29.5514,1604
29.5569,1612
29.5626,1611
29.5683,1604
29.5737,1609
29.5794,1610
29.5848,1604
29.5905,1608
29.5959,1611
29.6016,1604
29.607,1605
29.6127,1613
29.6181,1608
29.6237,1606
29.6291,1611
29.6348,1611
29.6403,1606
29.6459,1609
29.6513,1611
29.6571,1606
29.6625,1606
29.6682,1612
29.6739,1608
29.6793,1605
29.685,1610
29.6904,1611
29.6961,1604
29.7014,1605
29.7071,1613
29.7126,1609
29.7183,1605
29.7237,1609
29.7294,1610
29.7348,1605
29.7404,1606
29.7459,1614
29.7515,1608
29.757,1604
29.7626,1610
29.768,1610
29.7738,1605
29.7792,1608
29.7849,1612
29.7903,1606
29.7959,1607
29.8013,1614
29.807,1608
29.8127,1605
29.8181,1607
29.8238,1611
29.8292,1609
29.8349,1605
29.8405,1611
29.8459,1613
29.8516,1602
29.8571,1609
29.8625,1613
29.8681,1605
29.8738,1607
29.8792,1612
29.8847,1609
29.8904,1603
29.8958,1609
29.9015,1610
29.9069,1605
29.9126,1608
29.9183,1609
29.9237,1604
29.9294,1605
29.9348,1611
29.9405,1609
29.9459,1605
29.9516,1609
29.957,1610
29.9627,1606
29.9681,1607
29.9738,1610
29.9792,1606
29.9849,1608
29.9903,1612
29.996,1608
30.0014,1606
30.0071,1611
30.0125,1610
30.0182,1604
30.0236,1607
30.0293,1613
30.0347,1605
30.0404,1607
30.0459,1613
30.0516,1606
30.057,1605
30.0627,1610
30.0681,1610
30.0738,1604
30.0792,1609
30.0849,1610
30.0903,1603
30.096,1605
30.1014,1611
30.1071,1607
30.1125,1605
30.1182,1610
30.1236,1612
30.1293,1604
30.1347,1608
30.1404,1611
30.1458,1606
30.1515,1605
30.1569,1609
30.1626,1610
30.168,1605
30.1737,1606
30.1791,1611
30.1848,1605
30.1902,1607
30.1959,1612
30.2016,1607
30.207,1606
30.2127,1609
30.2181,1612
30.2238,1605
30.2292,1607
30.2349,1612
30.2403,1608
30.246,1605
30.2514,1612
30.2572,1610
30.2626,1605
30.2683,1606
30.2737,1610
30.2794,1607
30.2848,1605
30.2905,1614
30.2959,1609
30.3016,1607
30.307,1612
30.3127,1610
30.3181,1606
30.3238,1608
30.3292,1612
30.3349,1607
30.3403,1604
30.346,1609
30.3514,1609
30.3571,1606
30.3626,1608
30.3682,1610
30.3736,1605
30.3793,1608
30.3847,1609
30.3905,1605
30.3959,1608
30.4015,1611
30.4069,1606
30.4126,1607
30.4183,1612
30.4237,1608
30.4294,1606
30.4348,1611
30.4405,1610
30.4459,1603
30.4516,1608
30.457,1612
30.4627,1604
30.4681,1605
30.4738,1612
30.4792,1609
30.4848,1605
30.4905,1609
30.4959,1610
30.5016,1607
30.507,1607
30.5127,1614
30.5181,1609
30.5238,1605
30.5292,1609
30.5349,1611
30.5403,1606
30.546,1605
30.5514,1613
30.5571,1610
30.5628,1604
30.5682,1607
30.5739,1611
30.5793,1606
30.585,1604
30.5904,1611
30.5961,1608
30.6015,1606
30.6072,1610
30.6126,1611
30.6183,1605
30.6237,1607
30.6294,1612
30.6348,1606
30.6405,1606
30.6461,1611
30.6515,1610
30.6572,1606
30.6627,1609
30.6683,1611
30.6736,1604
30.6793,1607
30.6847,1612
30.6904,1609
30.6958,1605
30.7015,1610
30.7069,1611
30.7125,1603
30.7183,1607
30.7237,1610
30.7294,1608
30.7348,1604
30.7404,1613
30.7461,1607
30.7515,1605
30.7572,1609
30.7626,1612
30.7682,1605
30.7739,1606
30.7793,1612
30.785,1607
30.7904,1604
30.796,1612
30.8017,1610
30.8071,1605
30.8128,1609
30.8182,1612
30.8238,1605
30.8292,1605
30.8349,1612
30.8403,1609
30.846,1606
30.8514,1609
30.8571,1610
30.8628,1606
30.8682,1608
30.8738,1613
30.8793,1604
30.8849,1605
30.8903,1610
30.896,1607
30.9014,1606
30.9071,1608
30.9125,1610
30.9182,1605
30.9236,1608
30.9293,1611
30.9347,1606
30.9405,1603
30.9459,1611
30.9516,1605
30.9572,1605
30.9626,1609
30.9683,1609
30.9737,1604
30.9794,1608
30.9848,1612
30.9905,1608
30.9959,1604
31.0016,1610
31.007,1610
31.0128,1603
31.0182,1608
31.0239,1610
31.0293,1605
31.035,1606
31.0404,1612
31.0461,1607
31.0514,1606
31.0571,1611
31.0628,1610
31.0682,1605
31.0739,1609
31.0793,1612
31.085,1606
31.0904,1606
31.0961,1611
31.1015,1608
31.1072,1605
31.1126,1611
31.1183,1610
31.1237,1607
31.1294,1608
31.1349,1612
31.1406,1606
31.146,1606
31.1514,1612
31.1571,1607
31.1625,1606
31.1682,1608
31.1736,1610
31.1793,1605
31.1847,1607
31.1904,1613
31.1958,1607
31.2016,1607
31.2073,1609
31.2127,1608
31.2183,1605
31.2238,1611
31.2295,1612
31.2349,1604
31.2406,1608
31.246,1612
31.2517,1607
31.257,1606
31.2627,1610
31.2681,1610
31.2738,1606
31.2792,1607
31.2849,1613
31.2906,1604
31.296,1605
31.3017,1613
31.3071,1609
31.3128,1605
31.3182,1610
31.3239,1610
31.3292,1606
31.3349,1609
31.3403,1610
31.346,1606
31.3517,1605
31.3571,1610
31.3628,1607
31.3682,1606
31.3739,1609
31.3793,1612
31.385,1604
31.3904,1606
31.3961,1612
31.4014,1608
31.4071,1605
31.4128,1611
31.4182,1609
31.4239,1605
31.4293,1608
31.435,1612
31.4404,1605
31.4461,1605
31.4515,1612
31.4572,1610
31.4626,1605
31.4683,1609
31.4736,1611
31.4793,1607
31.485,1606
31.4904,1610
31.4961,1609
31.5015,1604
31.5072,1608
31.5126,1612
31.5183,1606
31.5238,1605
31.5295,1612
31.5349,1608
31.5406,1603
31.5459,1611
31.5516,1610
31.557,1606
31.5627,1607
31.5684,1612
31.5738,1607
31.5795,1606
31.5849,1612
31.5906,1611
31.596,1603
31.6017,1607
31.6071,1610
31.6128,1606
31.6181,1607
31.6238,1612
31.6292,1605
31.6349,1607
31.6403,1611
31.646,1608
31.6515,1605
31.6572,1611
31.6626,1610
31.6683,1604
31.6737,1608
31.6794,1611
31.6851,1606
31.6905,1605
31.6962,1610
31.7016,1608
31.7073,1606
31.7127,1610
31.7181,1609
31.7238,1604
31.7295,1612
31.7349,1610
31.7406,1604
31.746,1607
31.7517,1612
31.7571,1607
31.7625,1604
31.7683,1613
31.7737,1608
31.7794,1605
31.7848,1609
31.7906,1610
31.796,1605
31.8016,1608
31.807,1612
31.8127,1606
31.8182,1607
31.8238,1611
31.8292,1608
31.8349,1604
31.8406,1610
31.846,1611
31.8517,1603
31.8571,1606
31.8628,1610
31.8682,1607
31.8739,1604
31.8793,1612
31.885,1609
31.8905,1606
31.8961,1609
31.9015,1611
31.9072,1607
31.9127,1607
31.9184,1611
31.9238,1606
31.9295,1607
31.9349,1612
31.9406,1610
31.946,1601
31.9517,1609
31.957,1610
31.9627,1604
31.9681,1607
31.9738,1612
31.9792,1606
31.9849,1605
31.9903,1613
31.9961,1611
32.0015,1604
32.0072,1608
32.0126,1612
32.0183,1606
32.0237,1606
32.0294,1611
32.0351,1608
32.0405,1605
32.0462,1611
32.0516,1612
32.0573,1604
32.0627,1608
32.0684,1611
32.0738,1604
32.0795,1608
32.0849,1610
32.0906,1607
32.096,1606
32.1017,1611
32.1071,1608
32.1128,1604
32.1182,1611
32.1239,1611
32.1293,1605
32.135,1607
32.1404,1611
32.1461,1608
32.1515,1605
32.1572,1609
32.1626,1610
32.1683,1605
32.1737,1608
32.1794,1610
32.1849,1607
32.1906,1607
32.196,1611
32.2016,1608
32.207,1605
32.2127,1609
32.2181,1610
32.2238,1605
32.2292,1607
32.2349,1611
32.2403,1603
32.246,1608
32.2515,1612
32.2572,1607
32.2626,1607
32.2683,1610
32.2737,1609
32.2794,1605
32.2848,1609
32.2904,1611
32.2961,1605
32.3015,1607
32.3072,1611
32.3127,1608
32.3182,1605
32.3239,1612
32.3293,1611
32.335,1606
32.3404,1607
32.346,1613
32.3514,1604
32.3572,1606
32.3628,1612
32.3682,1611
32.3739,1603
32.3793,1609
32.385,1611
32.3904,1604
32.3961,1606
32.4015,1611
32.4072,1607
32.4126,1604
32.4183,1610
32.4239,1611
32.4293,1605
32.435,1606
32.4404,1613
32.4461,1608
32.4516,1606
32.4573,1610
32.4627,1607
32.4684,1605
32.4738,1610
32.4794,1611
32.4849,1602
32.4906,1609
32.496,1611
32.5017,1606
32.5071,1605
32.5128,1611
32.5182,1607
32.5239,1606
32.5293,1611
32.5349,1608
32.5404,1604
32.5461,1611
32.5515,1611
32.5572,1604
32.5626,1607
32.5683,1611
32.574,1608
32.5793,1606
32.585,1609
32.5904,1611
32.5961,1605
32.6015,1607
32.6072,1612
32.6126,1608
32.6183,1606
32.6238,1610
32.6294,1608
32.6348,1603
32.6405,1609
32.6462,1611
32.6516,1605
32.6573,1608
32.6627,1612
32.6684,1607
32.6738,1605
32.6795,1610
32.6849,1610
32.6906,1606
32.696,1608
32.7017,1610
32.7071,1606
32.7128,1609
32.7182,1611
32.7239,1603
32.7293,1608
32.735,1611
32.7405,1608
32.7462,1605
32.7516,1611
32.7573,1610
32.7627,1604
32.7684,1607
32.7738,1611
32.7793,1608
32.785,1604
32.7904,1609
32.7961,1612
32.8017,1603
32.8072,1608
32.8129,1608
32.8183,1605
32.824,1609
32.8294,1610
32.8351,1606
32.8405,1604
32.8462,1612
32.8516,1610
32.8573,1604
32.8627,1608
32.8684,1612
32.8738,1606
32.8795,1604
32.8849,1611
32.8906,1609
32.896,1604
32.9017,1611
32.9071,1610
32.9128,1605
32.9182,1609
32.9239,1612
32.9295,1605
32.935,1605
32.9404,1612
32.9461,1608
32.9515,1605
32.9572,1609
32.9626,1609
32.9683,1603
32.974,1606
32.9794,1612
32.9851,1607
32.9904,1606
32.9961,1611
33.0015,1611
33.0072,1603
33.0127,1606
33.0184,1613
33.0238,1607
33.0295,1604
33.0349,1612
33.0406,1610
33.046,1605
33.0517,1609
33.0571,1612
33.0628,1603
33.0682,1607
33.0739,1612
33.0793,1608
33.085,1605
33.0904,1610
33.0961,1609
33.1015,1604
33.1072,1609
33.1126,1612
33.1183,1605
33.1239,1606
33.1294,1611
33.135,1606
33.1405,1606
33.1462,1611
33.1515,1606
33.1572,1605
33.1626,1610
33.1683,1609
33.1739,1605
33.1794,1608
33.1851,1608
33.1905,1604
33.1962,1606
33.2016,1611
33.2073,1606
33.2127,1606
33.2184,1610
33.2238,1608
33.2295,1604
33.2349,1611
33.2406,1611
33.246,1605
33.2517,1607
33.2572,1612
33.2628,1607
33.2683,1606
33.274,1611
33.2794,1609
33.285,1604
33.2904,1607
33.2961,1612
33.3015,1605
33.3072,1608
33.3127,1611
33.3184,1606
33.3238,1605
33.3294,1609
33.3348,1609
33.3405,1606
33.3462,1607
33.3516,1610
33.357,1607
33.3627,1607
33.3684,1612
33.3738,1607
33.3795,1604
33.3849,1610
33.3906,1610
33.396,1604
33.4017,1609
33.4071,1612
33.4128,1605
33.4182,1605
33.4239,1611
33.4293,1609
33.435,1606
33.4404,1609
33.4461,1612
33.4517,1604
33.4572,1606
33.4629,1612
33.4683,1609
33.474,1606
33.4794,1610
33.4848,1611
33.4905,1605
33.4962,1611
33.5016,1610
33.5073,1604
33.5127,1607
33.5184,1611
33.5238,1607
33.5295,1606
33.5349,1612
33.5406,1609
33.5461,1605
33.5517,1610
33.5572,1609
33.5628,1608
33.5682,1609
33.5739,1611
33.5793,1606
33.585,1606
33.5904,1610
33.5962,1611
33.6016,1604
33.6073,1608
33.6127,1614
33.6184,1607
33.6238,1605
33.6295,1612
33.6349,1607
33.6406,1604
33.646,1610
33.6517,1607
33.6571,1604
33.6628,1607
33.6682,1611
33.6739,1606
33.6793,1605
33.685,1612
33.6904,1609
33.6961,1616
33.7015,1610
33.7072,1612
33.7126,1605
33.7183,1605
33.7237,1613
33.7294,1607
33.7351,1605
33.7405,1608
33.7462,1610
33.7516,1604
33.7573,1608
33.7627,1614
33.7684,1608
33.7738,1605
33.7795,1613
33.7848,1609
33.7905,1605
33.7959,1606
33.8016,1612
33.8073,1605
33.8126,1606
33.8183,1612
33.8237,1609
33.8294,1606
33.8348,1607
33.8405,1610
33.8462,1606
33.8516,1606
33.8572,1612
33.8627,1609
33.8683,1606
33.874,1611
33.8794,1608
33.8851,1604
33.8905,1607
33.8961,1611
33.9018,1607
33.9072,1606
33.9129,1611
33.9183,1609
33.9239,1606
33.9293,1610
33.935,1609
33.9404,1605
33.9461,1609
33.9515,1609
33.9572,1606
33.9629,1606
33.9683,1613
33.974,1607
33.9794,1605
33.9851,1611
33.9905,1613
33.9962,1604
34.0016,1605
34.0073,1612
34.0127,1608
34.0184,1605
34.0238,1608
34.0295,1612
34.035,1606
34.0407,1607
34.0461,1612
34.0518,1608
34.0572,1606
34.0629,1609
34.0683,1611
34.074,1604
34.0794,1607
34.0851,1610
34.0905,1607
34.0962,1606
34.1016,1612
34.1073,1610
34.1127,1605
34.1184,1608
34.1238,1611
34.1295,1605
34.135,1607
34.1406,1613
34.1461,1609
34.1517,1605
34.1572,1609
34.1629,1609
34.1683,1606
34.174,1610
34.1794,1611
34.1851,1604
34.1905,1606
34.1962,1612
34.2016,1610
34.2073,1603
34.2127,1609
34.2184,1612
34.2238,1606
34.2295,1608
34.2349,1613
34.2406,1607
34.246,1606
34.2517,1611
34.2571,1610
34.2628,1606
34.2682,1609
34.2739,1611
34.2793,1606
34.2851,1608
34.2905,1610
34.2962,1607
34.3016,1605
34.3073,1612
34.3127,1611
34.3184,1607
34.3238,1609
34.3295,1610
34.3349,1603
34.3406,1606
34.346,1611
34.3517,1607
34.3572,1606
34.3629,1609
34.3683,1608
34.374,1606
34.3794,1609
34.3851,1608
34.3905,1604
34.3959,1610
34.4016,1610
34.407,1609
34.4127,1609
34.4181,1612
34.4239,1605
34.4296,1608
34.435,1613
34.4407,1607
34.4461,1607
34.4518,1613
34.4572,1610
34.4629,1605
34.4683,1611
34.474,1611
34.4794,1606
34.4851,1608
34.4904,1609
34.4961,1604
34.5018,1609
34.5072,1613
34.5128,1606
34.5183,1609
34.5239,1610
34.5293,1605
34.535,1607
34.5404,1610
34.5461,1609
34.5515,1601
34.5572,1609
34.5629,1612
34.5683,1603
34.574,1605
34.5794,1610
34.5851,1611
34.5905,1605
34.5962,1606
34.6016,1612
34.6073,1606
34.6127,1603
34.6184,1609
34.6238,1613
34.6295,1605
34.6349,1607
34.6406,1612
34.646,1607
34.6517,1603
34.6571,1611
34.6628,1607
34.6682,1605
34.6739,1610
34.6793,1612
34.685,1606
34.6904,1606
34.6961,1610
34.7015,1609
34.7072,1605
34.7126,1611
34.7183,1611
34.7237,1606
34.7294,1607
34.7348,1610
34.7405,1608
34.7459,1605
34.7517,1610
34.7571,1609
34.7628,1604
34.7682,1605
34.7739,1613
34.7796,1610
34.785,1605
34.7907,1610
34.7961,1611
34.8018,1606
34.8072,1606
34.8129,1611
34.8183,1607
34.824,1603
34.8293,1610
34.835,1611
34.8404,1605
34.8461,1607
34.8518,1611
34.8572,1607
34.8629,1607
34.8683,1610
34.874,1607
34.8794,1607
34.8851,1612
34.8905,1606
34.8962,1606
34.9015,1609
34.9072,1612
34.9126,1603
34.9183,1605
34.924,1611
34.9294,1610
34.9351,1605
34.9405,1609
34.9462,1609
34.9516,1605
34.9573,1608
34.9627,1613
34.9684,1606
34.9738,1607
34.9795,1610
34.9849,1607
34.9906,1608
34.996,1612
35.0017,1607
35.0072,1606
35.0126,1610
35.0183,1609
35.0237,1606
35.0294,1609
35.0351,1611
35.0405,1606
35.0462,1604
35.0516,1613
35.0573,1610
35.0627,1608
35.0684,1612
35.0738,1608
35.0795,1606
35.085,1611
35.0907,1610
35.0959,1603
35.1016,1607
35.107,1614
35.1128,1607
35.1182,1606
35.1239,1610
35.1293,1609
35.135,1606
35.1404,1609
35.1461,1609
35.1518,1605
35.1572,1608
35.1629,1610
35.1682,1604
35.1739,1607
35.1793,1613
35.185,1608
35.1904,1604
35.1961,1610
35.2015,1613
35.2072,1603
35.2126,1606
35.2183,1614
35.2237,1608
35.2294,1606
35.2351,1607
35.2404,1612
35.2461,1605
35.2515,1608
35.2572,1616
35.2626,1607
35.2683,1606
35.2737,1610
35.2793,1610
35.285,1603
35.2905,1608
35.2962,1609
35.3016,1605
35.3072,1606
35.3128,1613
35.3182,1607
35.3239,1606
35.3293,1611
35.335,1606
35.3407,1608
35.3461,1610
35.3518,1608
35.3572,1604
35.3628,1611
35.3685,1613
35.3739,1606
35.3795,1604
35.3849,1611
35.3906,1608
35.396,1604
35.4017,1610
35.4071,1612
35.4128,1606
35.4182,1606
35.4239,1611
35.4293,1609
35.435,1605
35.4404,1612
35.4461,1610
35.4518,1605
35.4572,1606
35.4626,1612
35.4683,1605
35.4738,1607
35.4795,1611
35.4849,1610
35.4906,1603
35.496,1608
35.5017,1611
35.5071,1606
35.5128,1606
35.5182,1612
35.5239,1610
35.5293,1605
35.535,1611
35.5404,1609
35.5461,1605
35.5518,1607
35.5572,1613
35.5629,1606
35.5683,1606
35.5737,1611
35.5794,1608
35.5851,1607
35.5905,1612
35.596,1607
35.6016,1605
35.6073,1612
35.6128,1612
35.6185,1604
35.6239,1606
35.6296,1613
35.635,1605
35.6407,1605
35.6461,1613
35.6518,1608
35.6571,1604
35.6628,1610
35.6685,1609
35.6739,1607
35.6796,1606
35.685,1611
35.6907,1605
35.6961,1606
35.7018,1611
35.7072,1609
35.7129,1601
35.7183,1610
35.724,1611
35.7293,1607
35.735,1606
35.7404,1612
35.7461,1607
35.7518,1604
35.7572,1611
35.7629,1609
35.7683,1605
35.774,1611
35.7794,1610
35.7851,1603
35.7905,1610
35.7962,1611
35.8015,1606
35.8072,1606
35.8129,1611
35.8183,1608
35.824,1605
35.8294,1607
35.8351,1612
35.8405,1607
35.8462,1605
35.8516,1614
35.8573,1611
35.8627,1605
35.8684,1608
35.8737,1612
35.8794,1606
35.8848,1607
35.8905,1611
35.8959,1607
35.9016,1602
35.9073,1609
35.9127,1613
35.9184,1606
35.9239,1604
35.9295,1610
35.935,1613
35.9407,1606
35.9461,1604
35.9518,1612
35.9572,1610
35.9629,1606
35.9683,1609
35.974,1611
35.9794,1604
35.9851,1607
35.9905,1611
35.9962,1606
36.0016,1607
36.0073,1612
36.0127,1608
36.0184,1607
36.0238,1610
36.0295,1609
36.0349,1607
36.0406,1612
36.046,1607
36.0517,1603
36.0571,1609
36.0628,1610
36.0682,1606
36.0739,1606
36.0794,1612
36.0851,1606
36.0905,1605
36.0962,1610
36.1016,1608
36.1073,1604
36.1127,1609
36.1184,1613
36.1238,1606
36.1295,1603
36.1349,1610
36.1406,1610
36.146,1606
36.1517,1606
36.1571,1611
36.1628,1606
36.1682,1606
36.1739,1610
36.1796,1608
36.185,1606
36.1907,1610
36.1961,1611
36.2018,1604
36.2072,1609
36.2129,1611
36.2183,1604
36.224,1606
36.2294,1612
36.2348,1606
36.2405,1604
36.246,1611
36.2517,1611
36.2571,1605
36.2628,1608
36.2682,1612
36.2739,1607
36.2793,1605
36.285,1611
36.2907,1608
36.2961,1604
36.3018,1606
36.3072,1611
36.3129,1606
36.3183,1606
36.324,1612
36.3294,1610
36.3351,1605
36.3405,1610
36.3462,1611
36.3517,1606
36.3573,1606
36.3628,1611
36.3685,1606
36.3739,1605
36.3796,1611
36.385,1609
36.3904,1605
36.3961,1610
36.4015,1611
36.4072,1605
36.4126,1606
36.4183,1611
36.4237,1608
36.4294,1605
36.4351,1610
36.4405,1610
36.4462,1604
36.4516,1607
36.4573,1612
36.4627,1608
36.4684,1606
36.4738,1611
36.4795,1605
36.485,1604
36.4906,1612
36.4961,1612
36.5018,1603
36.5072,1605
36.5129,1611
36.5183,1611
36.524,1604
36.5294,1611
36.5351,1610
36.5405,1606
36.5462,1605
36.5516,1611
36.5573,1606
36.5627,1605
36.5684,1611
36.5739,1606
36.5793,1607
36.585,1612
36.5907,1609
36.5961,1604
36.6018,1608
36.6072,1613
36.6129,1606
36.6183,1605
36.624,1609
36.6293,1611
36.635,1605
36.6404,1607
36.6461,1611
36.6515,1604
36.6572,1604
36.6629,1611
36.6683,1608
36.674,1604
36.6794,1611
36.6851,1610
36.6905,1605
36.6962,1609
36.7015,1613
36.7072,1606
36.7126,1606
36.7183,1612
36.7237,1609
36.7294,1604
36.7351,1611
36.7405,1611
36.7462,1605
36.7517,1606
36.7574,1612
36.7628,1607
36.7685,1604
36.7737,1609
36.7795,1608
36.7849,1605
36.7906,1611
36.796,1611
36.8016,1607
36.8073,1612
36.8127,1609
36.8184,1603
36.8238,1608
36.8294,1611
36.8351,1605
36.8405,1607
36.846,1610
36.8517,1608
36.8571,1604
36.8628,1611
36.8682,1608
36.8739,1605
36.8793,1611
36.885,1608
36.8907,1604
36.8961,1611
36.9018,1608
36.9072,1605
36.9128,1611
36.9182,1609
36.9239,1604
36.9296,1610
36.935,1610
36.9406,1606
36.946,1605
36.9517,1612
36.9571,1608
36.9628,1606
36.9682,1608
36.9739,1611
36.9793,1605
36.985,1607
36.9904,1611
36.9961,1605
37.0015,1606
37.0072,1611
37.0127,1611
37.0184,1603
37.0238,1607
37.0295,1612
37.0349,1608
37.0406,1604
37.0463,1609
37.0517,1611
37.0574,1603
37.0628,1607
37.0685,1611
37.0739,1605
37.0796,1609
37.085,1610
37.0907,1607
37.0961,1606
37.1018,1609
37.1072,1605
37.1129,1605
37.1183,1612
37.124,1609
37.1294,1605
37.1351,1609
37.1405,1611
37.1462,1603
37.1516,1608
37.1573,1612
37.1627,1609
37.1684,1604
37.1738,1610
37.1795,1608
37.1849,1605
37.1906,1610
37.1961,1611
37.2017,1603
37.2072,1609
37.2129,1612
37.2183,1605
37.224,1607
37.2294,1613
37.2351,1607
37.2405,1607
37.2462,1614
37.2516,1607
37.2573,1605
37.2627,1610
37.2684,1610
37.2738,1604
37.2795,1607
37.285,1610
37.2907,1607
37.2961,1606
37.3018,1610
37.3072,1609
37.3129,1604
37.3183,1608
37.3237,1613
37.3294,1607
37.3351,1604
37.3405,1608
37.3462,1607
37.3516,1606
37.3573,1612
37.3627,1608
37.3684,1605
37.3739,1611
37.3795,1607
37.3849,1606
37.3905,1609
37.396,1608
37.4017,1605
37.4073,1608
37.4128,1609
37.4185,1606
37.4239,1609
37.4296,1610
37.435,1606
37.4407,1607
37.4461,1612
37.4518,1607
37.4572,1604
37.4629,1611
37.4683,1610
37.474,1605
37.4794,1609
37.4851,1611
37.4905,1605
37.4962,1606
37.5016,1612
37.5071,1608
37.5128,1605
37.5185,1609
37.5239,1610
37.5293,1607
37.535,1607
37.5404,1612
37.5461,1603
37.5515,1607
37.5572,1611
37.5629,1607
37.5684,1606
37.5738,1609
37.5795,1608
37.5849,1605
37.5906,1611
37.596,1609
37.6017,1605
37.6071,1608
37.6128,1612
37.6182,1609
37.6239,1606
37.6293,1610
37.635,1607
37.6405,1606
37.6461,1611
37.6515,1610
37.6572,1605
37.6627,1608
37.6684,1613
37.6738,1607
37.6795,1604
37.6849,1610
37.6906,1609
37.696,1606
37.7017,1610
37.7071,1612
37.7128,1606
37.7185,1607
37.7239,1611
37.7296,1606
37.735,1606
37.7407,1613
37.7461,1609
37.7518,1605
37.7572,1610
37.7629,1608
37.7683,1603
37.774,1609
37.7794,1611
37.7851,1606
37.7905,1608
37.7962,1612
37.8016,1608
37.8073,1604
37.8127,1611
37.8184,1610
37.8238,1606
37.8296,1604
37.835,1613
37.8404,1607
37.8461,1604
37.8518,1612
37.8572,1612
37.8629,1605
37.8683,1607
37.874,1611
37.8794,1607
37.8851,1605
37.8905,1611
37.8962,1607
37.9016,1604
37.9073,1608
37.9128,1611
37.9184,1604
37.9239,1606
37.9296,1614
37.935,1608
37.9407,1606
37.9461,1610
37.9518,1610
37.9572,1604
37.9629,1606
37.9683,1611
37.974,1608
37.9794,1605
37.9851,1611
37.9905,1607
37.9962,1606
38.0016,1610
38.0073,1608
38.0128,1607
38.0184,1609
38.0239,1611
38.0296,1606
38.035,1607
38.0407,1613
38.0461,1611
38.0518,1604
38.0572,1609
38.0629,1611
38.0683,1607
38.074,1607
38.0794,1610
38.0851,1607
38.0905,1605
38.0962,1610
38.1016,1610
38.1073,1606
38.1127,1608
38.1184,1613
38.1239,1606
38.1295,1608
38.135,1611
38.1407,1608
38.1461,1604
38.1518,1607
38.1572,1613
38.1629,1609
38.1683,1605
38.174,1609
38.1794,1611
38.1851,1604
38.1905,1609
38.1962,1612
38.2016,1605
38.2073,1608
38.2127,1611
38.2184,1607
38.2238,1606
38.2295,1611
38.235,1609
38.2407,1604
38.2461,1608
38.2518,1614
38.2572,1608
38.2626,1608
38.2683,1611
38.2738,1607
38.2794,1602
38.2851,1611
38.2905,1611
38.2962,1605
38.3017,1608
38.3074,1612
38.3128,1607
38.3185,1604
38.3238,1611
38.3295,1610
38.3349,1606
38.3406,1609
38.346,1611
38.3516,1607
38.3573,1606
38.3627,1612
38.3684,1607
38.3738,1607
38.3794,1611
38.3851,1612
38.3905,1605
38.3962,1609
38.4016,1611
38.4072,1607
38.4129,1607
38.4183,1613
38.424,1608
38.4294,1606
38.435,1610
38.4407,1608
38.4461,1606
38.4518,1612
38.4572,1609
38.4628,1605
38.4682,1612
38.4739,1609
38.4793,1605
38.485,1611
38.4905,1611
38.4962,1605
38.5016,1609
38.5073,1611
38.5127,1605
38.5184,1607
38.5238,1612
38.5295,1608
38.535,1607
38.5406,1611
38.5461,1608
38.5518,1607
38.5572,1610
38.5629,1612
38.5683,1604
38.574,1610
38.5794,1614
38.5851,1605
38.5905,1608
38.5962,1611
38.6016,1608
38.6073,1606
38.6127,1611
38.6184,1609
38.6238,1606
38.6295,1609
38.6349,1612
38.6406,1604
38.646,1608
38.6517,1614
38.6571,1606
38.6628,1607
38.6685,1611
38.674,1610
38.6794,1604
38.6851,1610
38.6905,1609
38.6962,1606
38.7016,1608
38.7073,1613
38.7127,1607
38.7184,1606
38.7239,1612
38.7296,1609
38.735,1604
38.7407,1610
38.7461,1609
38.7518,1604
38.7572,1610
38.7629,1610
38.7683,1605
38.774,1609
38.7795,1610
38.7852,1605
38.7906,1608
38.7963,1609
38.8017,1606
38.8074,1609
38.8128,1611
38.8185,1606
38.8239,1605
38.8294,1611
38.8351,1606
38.8405,1607
38.8462,1610
38.8516,1607
38.8573,1606
38.8627,1609
38.8684,1607
38.8738,1605
38.8795,1609
38.885,1611
38.8907,1605
38.8961,1609
38.9018,1612
38.9072,1607
38.9127,1607
38.9184,1611
38.9238,1606
38.9295,1606
38.9349,1613
38.9406,1606
38.9461,1605
38.9517,1608
38.9572,1610
38.9629,1605
38.9683,1607
38.974,1613
38.9794,1607
38.9851,1605
38.9908,1610
38.9962,1608
39.0016,1605
39.0073,1610
39.0128,1610
39.0185,1606
39.0239,1608
39.0296,1610
39.035,1605
39.0407,1607
39.0461,1612
39.0518,1605
39.0572,1606
39.0629,1612
39.0684,1605
39.0741,1606
39.0795,1611
39.0852,1607
39.0906,1607
39.0963,1611
39.1017,1609
39.1074,1604
39.1128,1610
39.1185,1611
39.124,1606
39.1297,1606
39.1351,1612
39.1408,1608
39.1462,1603
39.1519,1611
39.1573,1609
39.1627,1603
39.1684,1609
39.1738,1612
39.1795,1607
39.185,1605
39.1907,1611
39.1961,1611
39.2018,1603
39.2072,1608
39.2129,1612
39.2183,1606
39.224,1605
39.2294,1611
39.2351,1609
39.2405,1605
39.2462,1609
39.2516,1607
39.2573,1604
39.2628,1608
39.2685,1612
39.2739,1607
39.2794,1609
39.2851,1609
39.2908,1606
39.2962,1605
39.3019,1611
39.3073,1609
39.313,1602
39.3184,1606
39.3241,1612
39.3295,1610
39.3352,1605
39.3406,1610
39.3463,1612
39.3516,1604
39.3573,1607
39.363,1611
39.3684,1610
39.3741,1604
39.3795,1607
39.3852,1613
39.3906,1608
39.3963,1605
39.4017,1612
39.4074,1609
39.4128,1604
39.4185,1608
39.4239,1613
39.4296,1605
39.435,1606
39.4407,1609
39.4462,1606
39.4519,1605
39.4573,1611
39.463,1606
39.4684,1606
39.4741,1610
39.4795,1605
39.4852,1604
39.4906,1610
39.496,1611
39.5017,1605
39.5074,1606
39.5129,1612
39.5186,1608
39.524,1606
39.5297,1611
39.5351,1608
39.5408,1607
39.5461,1610
39.5518,1607
39.5572,1607
39.5629,1611
39.5683,1608
39.574,1606
39.5794,1609
39.5851,1610
39.5908,1604
39.5962,1607
39.6016,1613
39.6073,1605
39.6128,1605
39.6183,1613
39.624,1611
39.6294,1604
39.6351,1605
39.6405,1611
39.6462,1609
39.6519,1606
39.6573,1610
39.663,1607
39.6684,1604
39.6741,1609
39.6795,1609
39.6852,1605
39.6905,1610
39.6962,1610
39.7016,1605
39.7073,1606
39.7128,1613
39.7185,1608
39.7239,1604
39.7296,1611
39.7353,1610
39.7407,1605
39.7461,1608
39.7518,1611
39.7572,1604
39.7629,1606
39.7683,1610
39.774,1607
39.7794,1607
39.7851,1611
39.7905,1609
39.7962,1604
39.8016,1609
39.8073,1611
39.8128,1605
39.8184,1605
39.8239,1611
39.8296,1609
39.835,1606
39.8407,1613
39.8461,1610
39.8518,1605
39.8572,1611
39.8629,1610
39.8686,1604
39.8739,1605
39.8796,1610
39.885,1606
39.8907,1609
39.8961,1612
39.9017,1607
39.9074,1605
39.9128,1611
39.9185,1609
39.924,1605
39.9295,1607
39.935,1614
39.9407,1609
39.9461,1606
39.9518,1609
39.9572,1608
39.9629,1604
39.9683,1610
39.974,1612
39.9794,1607
39.9851,1609
39.9905,1612
39.9962,1605
40.0016,1608
40.0073,1609
40.013,1608
40.0184,1607
40.0241,1609
40.0295,1607
40.0352,1608
40.0406,1612
40.0463,1607
40.0517,1604
40.0574,1610
40.0628,1608
40.0685,1605
40.0739,1609
40.0796,1610
40.085,1604
40.0907,1609
40.0961,1611
40.1019,1607
40.1073,1607
40.113,1611
40.1184,1607
40.1241,1608
40.1295,1611
40.1352,1608
40.1406,1608
40.1463,1612
40.1517,1606
40.1574,1605
40.1628,1611
40.1685,1607
40.1739,1605
40.1796,1612
40.185,1610
40.1907,1603
40.1961,1610
40.2018,1609
40.2073,1605
40.2129,1610
40.2184,1610
40.2241,1605
40.2295,1609
40.2352,1612
40.2406,1609
40.2463,1605
40.2518,1613
40.2575,1610
40.2629,1605
40.2686,1607
40.274,1611
40.2797,1607
40.2851,1606
40.2905,1613
40.2962,1609
40.3017,1607
40.3074,1611
40.3128,1609
40.3185,1605
40.3239,1612
40.3296,1610
40.335,1605
40.3407,1610
40.3462,1609
40.3518,1606
40.3573,1610
40.363,1613
40.3684,1608
40.3741,1606
40.3795,1611
40.3852,1610
40.3906,1606
40.3961,1611
40.4018,1609
40.4075,1605
40.4129,1610
40.4186,1612
40.424,1606
40.4297,1607
40.4352,1610
40.4408,1608
40.4462,1606
40.4519,1612
40.4573,1609
40.463,1606
40.4684,1609
40.4741,1612
40.4796,1605
40.4853,1607
40.4907,1613
40.4964,1608
40.5018,1606
40.5075,1610
40.5129,1611
40.5186,1604
40.524,1608
40.5297,1609
40.5351,1605
40.5408,1608
40.5462,1610
40.5519,1607
40.5573,1603
40.563,1609
40.5684,1611
40.5741,1605
40.5795,1610
40.5852,1611
40.5906,1606
40.5963,1607
