Experiment: Mar_23_T2_osmo_expt vial 0, Tue Mar 23 18:19:48 2021
0.0016,1631
0.0069,1635
0.0125,1638
0.0179,1633
0.0235,1632
0.0292,1638
0.0348,1633
0.0401,1631
0.0458,1639
0.0514,1639
0.057,1629
0.0624,1631
0.068,1638
0.0736,1634
0.0793,1630
0.0846,1639
0.0902,1637
0.0959,1630
0.1015,1634
0.1068,1637
0.1124,1631
0.1181,1634
0.1234,1637
0.129,1632
0.1346,1632
0.1403,1639
0.1459,1637
0.1512,1629
0.1569,1636
0.1625,1638
0.1681,1632
0.1735,1633
0.1791,1640
0.1847,1636
0.1904,1629
0.1957,1635
0.2013,1636
0.207,1631
0.2123,1633
0.2179,1639
0.2236,1633
0.2292,1630
0.2346,1641
0.2401,1636
0.2457,1631
0.2514,1636
0.257,1635
0.2623,1629
0.2679,1637
0.2735,1637
0.2792,1631
0.2848,1633
0.2901,1638
0.2957,1631
0.3014,1631
0.307,1640
0.3123,1637
0.318,1631
0.3235,1634
0.3292,1639
0.3348,1634
0.3401,1628
0.3458,1638
0.3513,1637
0.357,1631
0.3623,1638
0.368,1639
0.3736,1630
0.3792,1632
0.3848,1642
0.3901,1633
0.3958,1628
0.4014,1636
0.407,1638
0.4126,1629
0.4179,1633
0.4236,1640
0.4292,1634
0.4348,1630
0.4401,1635
0.4458,1637
0.4514,1633
0.4568,1630
0.4624,1639
0.468,1637
0.4737,1630
0.479,1631
0.4846,1639
0.4903,1633
0.4959,1628
0.5012,1636
0.5069,1637
0.5125,1630
0.5181,1632
0.5234,1639
0.5291,1633
0.5347,1630
0.5401,1639
0.5458,1636
0.5514,1632
0.557,1636
0.5623,1637
0.568,1630
0.5736,1632
0.5792,1640
0.5846,1635
0.5902,1629
0.5959,1636
0.6015,1639
0.6068,1630
0.6125,1632
0.6181,1638
0.6237,1636
0.629,1630
0.6347,1635
0.6403,1637
0.6457,1631
0.6513,1633
0.6569,1639
0.6625,1632
0.6679,1631
0.6735,1637
0.6791,1634
0.6847,1630
0.6901,1637
0.6957,1637
0.7013,1631
0.7069,1636
0.7125,1638
0.7179,1630
0.7235,1636
0.7291,1639
0.7348,1629
0.7401,1634
0.7457,1640
0.7514,1632
0.757,1630
0.7623,1637
0.768,1638
0.7736,1629
0.7792,1632
0.7846,1638
0.7902,1633
0.7958,1631
0.8015,1639
0.8068,1637
0.8124,1628
0.8181,1635
0.8234,1638
0.829,1630
0.8347,1632
0.8403,1638
0.8459,1634
0.8513,1631
0.8569,1638
0.8625,1634
0.8679,1630
0.8735,1639
0.8792,1635
0.8848,1630
0.8902,1635
0.8958,1636
0.9014,1629
0.9068,1633
0.9124,1639
0.9181,1631
0.9237,1630
0.929,1636
0.9347,1636
0.9403,1630
0.9459,1633
0.9513,1637
0.9569,1633
0.9625,1629
0.9681,1636
0.9735,1635
0.9791,1629
0.9847,1631
0.9903,1639
0.9957,1632
1.0013,1632
1.007,1638
1.0126,1633
1.0179,1632
1.0235,1639
1.0292,1634
1.0348,1629
1.0401,1636
1.0458,1637
1.0514,1631
1.057,1630
1.0626,1637
1.068,1634
1.0736,1631
1.0792,1638
1.0848,1633
1.0902,1631
1.0958,1638
1.1014,1636
1.1068,1630
1.1124,1634
1.1181,1636
1.1237,1630
1.129,1632
1.1347,1639
1.1403,1633
1.1459,1631
1.1513,1637
1.157,1636
1.1623,1628
1.1679,1637
1.1736,1637
1.1792,1630
1.1845,1632
1.1901,1641
1.1958,1633
1.2014,1629
1.207,1638
1.2124,1638
1.218,1630
1.2237,1637
1.2293,1638
1.2346,1632
1.2402,1635
1.2459,1638
1.2515,1629
1.2568,1631
1.2625,1638
1.2681,1635
1.2737,1631
1.279,1633
1.2847,1640
1.2903,1634
1.2957,1632
1.3013,1639
1.3069,1635
1.3125,1628
1.3179,1635
1.3235,1637
1.3292,1632
1.3348,1633
1.3401,1639
1.3458,1633
1.3514,1631
1.357,1639
1.3624,1635
1.368,1630
1.3736,1637
1.379,1636
1.3846,1632
1.3903,1637
1.3959,1638
1.4012,1629
1.4069,1635
1.4125,1636
1.4181,1633
1.4235,1633
1.4291,1638
1.4348,1634
1.4401,1629
1.4458,1636
1.4514,1638
1.457,1629
1.4624,1634
1.468,1639
1.4736,1632
1.4792,1631
1.4846,1638
1.4903,1634
1.4959,1630
1.5012,1638
1.5069,1638
1.5125,1630
1.5181,1633
1.5235,1637
1.5291,1632
1.5348,1630
1.5401,1640
1.5458,1638
1.5514,1631
1.5568,1638
1.5624,1636
1.568,1631
1.5736,1636
1.5793,1638
1.5846,1629
1.5902,1634
1.5959,1641
1.6015,1634
1.6068,1628
1.6124,1635
1.6181,1637
1.6237,1631
1.6291,1629
1.6347,1637
1.6403,1637
1.6457,1629
1.6513,1634
1.6569,1640
1.6626,1634
1.6679,1629
1.6736,1636
1.6792,1636
1.6848,1629
1.6902,1632
1.6958,1637
1.7015,1633
1.7068,1633
1.7124,1640
1.7181,1636
1.7237,1628
1.729,1634
1.7346,1639
1.7403,1629
1.7459,1631
1.7513,1641
1.7569,1639
1.7624,1629
1.768,1634
1.7736,1639
1.7793,1631
1.7846,1635
1.7902,1638
1.7958,1632
1.8014,1633
1.8071,1638
1.8124,1633
1.818,1633
1.8236,1637
1.8293,1633
1.8346,1634
1.8402,1638
1.8458,1632
1.8514,1632
1.8571,1637
1.8624,1635
1.868,1629
1.8736,1636
1.8792,1641
1.8846,1630
1.8902,1631
1.8958,1639
1.9014,1634
1.9071,1631
1.9124,1634
1.918,1640
1.9237,1631
1.9292,1631
1.9349,1637
1.9402,1635
1.9458,1629
1.9515,1636
1.9568,1639
1.9624,1630
1.9681,1634
1.9737,1644
1.979,1634
1.9847,1628
1.9903,1637
1.9959,1637
2.0069,1633
2.0126,1638
2.018,1632
2.0236,1630
2.0292,1636
2.0348,1636
2.0402,1629
2.0458,1638
2.0515,1635
2.0568,1630
2.0624,1635
2.0681,1638
2.0737,1631
2.0791,1635
2.0847,1638
2.0904,1631
2.096,1634
2.1013,1637
2.107,1630
2.1126,1634
2.1179,1636
2.1236,1634
2.1292,1630
2.1348,1638
2.1401,1633
2.1458,1631
2.1514,1637
2.157,1637
2.1624,1629
2.168,1636
2.1736,1637
2.1793,1631
2.1846,1634
2.1902,1638
2.1959,1633
2.2015,1632
2.2069,1639
2.2125,1632
2.2181,1632
2.2235,1640
2.2291,1635
2.2347,1630
2.2404,1638
2.2457,1638
2.2514,1630
2.257,1633
2.2627,1638
2.268,1631
2.2737,1633
2.2793,1639
2.2847,1635
2.2903,1630
2.2959,1637
2.3015,1637
2.3069,1629
2.3125,1637
2.3182,1638
2.3235,1630
2.3291,1634
2.3348,1639
2.3404,1630
2.3457,1631
2.3514,1640
2.357,1630
2.3626,1631
2.368,1639
2.3736,1633
2.3792,1629
2.3849,1637
2.3902,1636
2.3958,1630
2.4015,1635
2.4068,1638
2.4124,1631
2.4181,1637
2.4237,1638
2.4293,1629
2.4347,1636
2.4403,1641
2.446,1632
2.4513,1632
2.457,1638
2.4626,1636
2.4682,1627
2.4736,1634
2.4792,1638
2.4848,1632
2.4902,1631
2.4958,1637
2.5014,1634
2.5071,1630
2.5124,1636
2.5181,1638
2.5237,1629
2.5293,1637
2.5347,1636
2.5403,1631
2.5459,1635
2.5513,1638
2.5569,1630
2.5626,1634
2.5682,1639
2.5736,1633
2.5792,1632
2.5848,1638
2.5905,1633
2.5958,1628
2.6014,1638
2.6071,1636
2.6124,1629
2.618,1632
2.6236,1638
2.6293,1632
2.6346,1632
2.6403,1639
2.6459,1634
2.6515,1631
2.6569,1639
2.6625,1634
2.6681,1634
2.6737,1637
2.6793,1635
2.6847,1632
2.6903,1638
2.6959,1637
2.7016,1630
2.7069,1634
2.7126,1637
2.7182,1630
2.7235,1632
2.7292,1640
2.7348,1632
2.7404,1631
2.7458,1636
2.7514,1635
2.757,1631
2.7626,1635
2.768,1635
2.7736,1628
2.7792,1637
2.7849,1637
2.7902,1631
2.7959,1631
2.8015,1639
2.8071,1636
2.8125,1630
2.8181,1637
2.8237,1633
2.8291,1630
2.8347,1637
2.8404,1634
2.846,1631
2.8513,1637
2.857,1639
2.8626,1630
2.8682,1633
2.8736,1638
2.8792,1633
2.8848,1631
2.8902,1639
2.8958,1636
2.9015,1628
2.9071,1635
2.9124,1639
2.9181,1632
2.9237,1633
2.9293,1638
2.9346,1632
2.9403,1630
2.9459,1635
2.9515,1634
2.9571,1630
2.9625,1637
2.9681,1635
2.9737,1629
2.9793,1635
2.9847,1635
2.9903,1630
2.9959,1639
3.0069,1630
3.0125,1633
3.0182,1638
3.0236,1633
3.0292,1633
3.0348,1638
3.0405,1632
3.0458,1633
3.0514,1639
3.0571,1632
3.0627,1633
3.068,1639
3.0737,1632
3.0793,1631
3.0849,1636
3.0902,1631
3.0959,1630
3.1015,1639
3.1071,1635
3.1125,1631
3.1181,1639
3.1237,1633
3.1294,1633
3.1347,1637
3.1403,1635
3.146,1631
3.1513,1638
3.157,1635
3.1626,1633
3.1682,1637
3.1736,1632
3.1792,1629
3.1848,1637
3.1905,1636
3.1958,1631
3.2014,1636
3.207,1635
3.2127,1629
3.218,1638
3.2236,1634
3.2293,1631
3.2349,1639
3.2402,1635
3.2458,1629
3.2515,1637
3.2571,1636
3.2627,1631
3.268,1637
3.2737,1638
3.2793,1631
3.2846,1634
3.2903,1635
3.2959,1630
3.3015,1636
3.3071,1637
3.3125,1631
3.3181,1634
3.3237,1639
3.3294,1632
3.3347,1630
3.3403,1638
3.3459,1633
3.3516,1631
3.3569,1638
3.3625,1633
3.3681,1629
3.3737,1636
3.3791,1636
3.3847,1630
3.3904,1634
3.3959,1639
3.4015,1631
3.4072,1633
3.4125,1638
3.4181,1632
3.4237,1630
3.4293,1638
3.4347,1635
3.4404,1630
3.446,1637
3.4513,1636
3.457,1629
3.4626,1635
3.4682,1638
3.4739,1631
3.4792,1630
3.4848,1637
3.4904,1633
3.4961,1628
3.5015,1638
3.5071,1637
3.5127,1630
3.518,1634
3.5237,1638
3.5293,1630
3.5346,1632
3.5403,1640
3.5459,1632
3.5515,1631
3.5572,1636
3.5625,1635
3.5681,1630
3.5738,1633
3.5794,1637
3.5847,1630
3.5903,1632
3.596,1639
3.6016,1633
3.6069,1631
3.6126,1638
3.6182,1633
3.6236,1632
3.6292,1640
3.6349,1636
3.6405,1629
3.6458,1635
3.6515,1637
3.6571,1630
3.6627,1633
3.6681,1639
3.6737,1633
3.6793,1631
3.6847,1638
3.6903,1634
3.696,1632
3.7016,1638
3.7069,1634
3.7126,1629
3.7182,1637
3.7238,1637
3.7292,1631
3.7348,1635
3.7405,1635
3.7458,1631
3.7514,1634
3.7571,1637
3.7627,1630
3.7681,1633
3.7737,1638
3.7793,1631
3.7849,1632
3.7903,1637
3.7959,1634
3.8015,1631
3.8072,1639
3.8125,1632
3.8182,1631
3.8238,1639
3.8291,1633
3.8348,1632
3.8404,1637
3.846,1633
3.8514,1631
3.857,1636
3.8626,1637
3.8682,1630
3.8736,1633
3.8792,1636
3.8848,1630
3.8905,1635
3.8958,1640
3.9014,1631
3.9071,1634
3.9127,1637
3.9181,1631
3.9237,1635
3.9293,1637
3.9347,1631
3.9403,1634
3.946,1638
3.9516,1630
3.9569,1632
3.9626,1637
3.9682,1630
3.9738,1631
3.9792,1637
3.9848,1630
3.9904,1633
3.9961,1638
4.0014,1632
4.0071,1636
4.0127,1636
4.018,1629
4.0237,1635
4.0293,1637
4.0349,1631
4.0403,1634
4.0459,1638
4.0516,1633
4.0569,1633
4.0626,1640
4.0682,1632
4.0738,1635
4.0792,1637
4.0848,1631
4.0904,1637
4.096,1637
4.1014,1631
4.107,1635
4.1126,1637
4.1183,1631
4.1236,1633
4.1292,1639
4.1348,1633
4.1405,1629
4.1461,1638
4.1515,1636
4.1571,1630
4.1627,1635
4.1681,1640
4.1737,1632
4.1793,1632
4.1849,1637
4.1903,1632
4.1959,1633
4.2016,1637
4.2072,1631
4.2125,1631
4.2182,1640
4.2238,1633
4.2294,1630
4.2348,1638
4.2404,1634
4.246,1631
4.2514,1636
4.257,1635
4.2626,1631
4.2682,1639
4.2739,1633
4.2792,1630
4.2848,1639
4.2905,1633
4.2958,1631
4.3014,1637
4.3071,1634
4.3127,1630
4.318,1637
4.3236,1636
4.3293,1630
4.3349,1637
4.3405,1639
4.3459,1631
4.3515,1634
4.3571,1638
4.3627,1629
4.3681,1633
4.3737,1639
4.3793,1633
4.385,1630
4.3903,1636
4.3959,1639
4.4016,1631
4.4072,1630
4.4125,1636
4.4182,1637
4.4238,1629
4.4294,1633
4.4347,1638
4.4404,1632
4.446,1630
4.4514,1638
4.457,1634
4.4626,1629
4.4683,1634
4.4736,1636
4.4793,1628
4.4849,1629
4.4903,1638
4.4959,1635
4.5015,1631
4.5071,1639
4.5125,1632
4.5181,1633
4.5238,1639
4.5294,1632
4.5347,1630
4.5404,1637
4.546,1633
4.5516,1631
4.557,1638
4.5626,1636
4.5682,1629
4.5738,1634
4.5792,1638
4.5848,1632
4.5905,1631
4.5958,1641
4.6014,1634
4.607,1628
4.6127,1636
4.618,1638
4.6236,1628
4.6293,1632
4.6349,1638
4.6405,1633
4.6459,1631
4.6515,1638
4.6571,1637
4.6627,1627
4.6681,1636
4.6737,1638
4.6793,1630
4.685,1632
4.6903,1640
4.6959,1634
4.7016,1627
4.7072,1637
4.7126,1637
4.7182,1633
4.7238,1634
4.7292,1638
4.7348,1632
4.7405,1633
4.7461,1639
4.7514,1630
4.7571,1633
4.7627,1638
4.768,1632
4.7737,1630
4.7793,1638
4.7849,1634
4.7903,1631
4.7959,1637
4.8016,1636
4.8072,1633
4.8125,1638
4.8182,1636
4.8238,1631
4.8294,1634
4.8348,1637
4.8405,1630
4.8461,1631
4.8514,1638
4.8571,1635
4.8625,1630
4.8681,1639
4.8737,1633
4.8794,1629
4.8847,1639
4.8903,1635
4.8959,1629
4.9016,1637
4.9072,1637
4.9125,1630
4.9181,1635
4.9237,1640
4.9294,1633
4.9347,1633
4.9403,1639
4.9459,1634
4.9516,1628
4.9572,1635
4.9625,1640
4.9682,1632
4.9737,1630
4.9794,1639
4.9847,1633
4.9903,1630
4.996,1637
5.0015,1635
5.0072,1630
5.0125,1637
5.0182,1637
5.0238,1630
5.0293,1635
5.035,1638
5.0403,1630
5.0459,1630
5.0516,1639
5.0571,1637
5.0625,1630
5.0681,1633
5.0738,1639
5.0794,1632
5.0847,1634
5.0904,1639
5.096,1631
5.1016,1631
5.1069,1639
5.1126,1634
5.1182,1630
5.1238,1637
5.1292,1636
5.1348,1629
5.1404,1635
5.1461,1636
5.1514,1630
5.157,1632
5.1627,1637
5.1683,1634
5.1737,1629
5.1793,1635
5.1849,1636
5.1903,1631
5.1959,1637
5.2015,1639
5.2072,1630
5.2125,1632
5.2181,1640
5.2238,1631
5.2294,1632
5.235,1637
5.2404,1637
5.246,1629
5.2516,1635
5.257,1638
5.2626,1631
5.2682,1633
5.2739,1639
5.2792,1632
5.2848,1630
5.2905,1639
5.2961,1634
5.3014,1629
5.3071,1635
5.3127,1639
5.3183,1632
5.3237,1629
5.3293,1637
5.3349,1638
5.3405,1631
5.3459,1635
5.3515,1637
5.3572,1631
5.3628,1634
5.3681,1639
5.3737,1633
5.3794,1629
5.385,1635
5.3903,1635
5.396,1631
5.4016,1635
5.4069,1637
5.4126,1631
5.4182,1631
5.4238,1638
5.4292,1635
5.4348,1631
5.4404,1637
5.4461,1635
5.4515,1628
5.4571,1635
5.4628,1638
5.4681,1628
5.4738,1633
5.4794,1640
5.4847,1632
5.4904,1629
5.496,1637
5.5016,1638
5.507,1629
5.5126,1633
5.5182,1640
5.5239,1633
5.5292,1629
5.5348,1637
5.5405,1638
5.5461,1629
5.5514,1635
5.5571,1637
5.5627,1631
5.5683,1634
5.5736,1641
5.5793,1633
5.5849,1631
5.5906,1637
5.5959,1638
5.6015,1628
5.6072,1630
5.6125,1638
5.6181,1632
5.6238,1629
5.6294,1640
5.6348,1637
5.6404,1630
5.646,1632
5.6517,1638
5.657,1634
5.6626,1628
5.6683,1632
5.6736,1638
5.6792,1630
5.6849,1631
5.6905,1641
5.6958,1633
5.7015,1630
5.7071,1636
5.7127,1636
5.7181,1631
5.7237,1635
5.7294,1639
5.735,1631
5.7404,1631
5.746,1637
5.7516,1635
5.757,1631
5.7626,1639
5.7682,1633
5.7739,1629
5.7792,1635
5.7848,1639
5.7905,1633
5.7961,1631
5.8015,1637
5.8071,1634
5.8127,1632
5.8181,1637
5.8237,1634
5.8294,1632
5.835,1636
5.8403,1638
5.846,1629
5.8516,1633
5.8572,1639
5.8626,1635
5.8682,1629
5.8738,1636
5.8792,1638
5.8848,1631
5.8904,1634
5.8961,1638
5.9014,1630
5.9071,1633
5.9127,1640
5.9181,1635
5.9237,1631
5.9293,1637
5.935,1635
5.9403,1630
5.946,1635
5.9516,1640
5.9572,1631
5.9626,1632
5.9682,1638
5.9738,1633
5.9794,1628
5.9848,1636
5.9904,1636
5.996,1630
6.0017,1634
6.0071,1636
6.0127,1631
6.0183,1635
6.0236,1637
6.0293,1635
6.0349,1631
6.0405,1638
6.0458,1638
6.0515,1632
6.0571,1631
6.0627,1640
6.0683,1633
6.0737,1631
6.0794,1637
6.085,1633
6.0904,1630
6.096,1638
6.1016,1636
6.107,1629
6.1126,1636
6.1182,1638
6.1238,1631
6.1292,1634
6.1348,1639
6.1404,1632
6.1461,1630
6.1517,1639
6.157,1637
6.1626,1629
6.1683,1636
6.1739,1638
6.1792,1629
6.1849,1632
6.1905,1639
6.1961,1635
6.2015,1630
6.2071,1636
6.2127,1635
6.2181,1630
6.2237,1637
6.2294,1635
6.235,1632
6.2403,1634
6.246,1637
6.2516,1631
6.2572,1637
6.2626,1639
6.2682,1632
6.2738,1633
6.2795,1639
6.2848,1632
6.2904,1632
6.2961,1638
6.3014,1632
6.307,1632
6.3127,1637
6.3183,1635
6.3237,1629
6.3293,1632
6.3349,1639
6.3405,1635
6.3459,1631
6.3515,1637
6.3571,1635
6.3627,1629
6.3681,1638
6.3737,1635
6.3793,1631
6.385,1639
6.3906,1636
6.3959,1630
6.4015,1637
6.4072,1636
6.4125,1630
6.4182,1637
6.4238,1637
6.4294,1631
6.435,1632
6.4403,1641
6.446,1635
6.4516,1628
6.4572,1638
6.4626,1636
6.4681,1628
6.4737,1636
6.4794,1638
6.485,1631
6.4904,1633
6.4959,1640
6.5015,1635
6.5072,1629
6.5128,1638
6.5181,1642
6.5237,1634
6.5293,1630
6.535,1637
6.5404,1639
6.546,1632
6.5515,1636
6.5572,1636
6.5628,1630
6.5681,1634
6.5738,1638
6.5793,1632
6.5849,1633
6.5903,1639
6.5959,1634
6.6016,1629
6.6071,1636
6.6128,1638
6.6181,1631
6.6237,1635
6.6294,1637
6.6349,1632
6.6406,1634
6.6459,1639
6.6515,1632
6.6572,1630
6.6627,1638
6.6684,1636
6.6737,1630
6.6793,1636
6.685,1636
6.6903,1630
6.6959,1636
6.7016,1637
6.7072,1631
6.7125,1633
6.7182,1639
6.7238,1633
6.7294,1634
6.7348,1640
6.7404,1633
6.746,1632
6.7516,1639
6.757,1634
6.7626,1629
6.7682,1636
6.7739,1637
6.7792,1628
6.7848,1633
6.7905,1637
6.7961,1630
6.8015,1633
6.8071,1640
6.8127,1632
6.8183,1636
6.8237,1638
6.8293,1631
6.8349,1633
6.8406,1640
6.8459,1632
6.8515,1630
6.8572,1636
6.8628,1638
6.8682,1628
6.8738,1632
6.8794,1639
6.8848,1632
6.8904,1631
6.896,1639
6.9017,1638
6.907,1629
6.9126,1633
6.9183,1638
6.9239,1632
6.9292,1630
6.9349,1636
6.9405,1636
6.9461,1630
6.9515,1638
6.9571,1631
6.9627,1635
6.9683,1638
6.9739,1633
6.9793,1631
6.9849,1639
6.9905,1635
6.9961,1628
7.0015,1636
7.0072,1640
7.0125,1630
7.0181,1635
7.0238,1637
7.0294,1631
7.035,1633
7.0404,1635
7.046,1631
7.0516,1633
7.0573,1635
7.0626,1631
7.0682,1635
7.0739,1636
7.0792,1632
7.0848,1632
7.0905,1638
7.0961,1631
7.1014,1632
7.1071,1638
7.1127,1631
7.1183,1632
7.1236,1636
7.1293,1638
7.1349,1630
7.1405,1632
7.1459,1639
7.1515,1631
7.1571,1635
7.1627,1639
7.1681,1632
7.1737,1631
7.1794,1641
7.185,1636
7.1903,1630
7.196,1634
7.2016,1639
7.2072,1633
7.2126,1633
7.2182,1638
7.2239,1631
7.2292,1631
7.2348,1638
7.2405,1635
7.2461,1628
7.2517,1638
7.2571,1634
7.2627,1630
7.2683,1636
7.2737,1636
7.2793,1633
7.2849,1637
7.2905,1635
7.2959,1629
7.3015,1636
7.3072,1637
7.3128,1629
7.3182,1636
7.3238,1638
7.3294,1633
7.3348,1631
7.3404,1639
7.3461,1636
7.3517,1629
7.357,1635
7.3627,1638
7.3683,1631
7.3737,1628
7.3793,1640
7.3849,1636
7.3905,1629
7.3962,1637
7.4015,1637
7.4071,1628
7.4128,1633
7.4181,1639
7.4237,1632
7.4293,1630
7.435,1639
7.4403,1637
7.446,1631
7.4516,1633
7.4572,1636
7.4626,1632
7.4682,1632
7.4738,1640
7.4795,1633
7.4848,1631
7.4904,1641
7.4961,1638
7.5017,1628
7.507,1635
7.5126,1639
7.5183,1633
7.5239,1631
7.5293,1637
7.5349,1637
7.5405,1630
7.5459,1635
7.5515,1636
7.5571,1629
7.5628,1633
7.5681,1636
7.5738,1631
7.5794,1630
7.585,1638
7.5904,1636
7.596,1629
7.6016,1634
7.6072,1637
7.6126,1630
7.6182,1631
7.6239,1638
7.6292,1635
7.6348,1631
7.6405,1635
7.6461,1639
7.6517,1632
7.6571,1630
7.6627,1636
7.6683,1637
7.6737,1631
7.6793,1638
7.6849,1635
7.6905,1632
7.6959,1636
7.7015,1637
7.7071,1630
7.7128,1633
7.7181,1638
7.7238,1631
7.7294,1634
7.735,1638
7.7404,1631
7.746,1632
7.7516,1638
7.7572,1632
7.7626,1631
7.7682,1639
7.7739,1635
7.7792,1629
7.7848,1637
7.7904,1635
7.7961,1632
7.8014,1637
7.8071,1636
7.8127,1631
7.8183,1636
7.8237,1636
7.8293,1631
7.8349,1637
7.8405,1636
7.8462,1629
7.8515,1635
7.8571,1639
7.8628,1631
7.8681,1634
7.8738,1638
7.8794,1634
7.885,1628
7.8904,1635
7.896,1638
7.9016,1630
7.9073,1635
7.9126,1639
7.9183,1631
7.9239,1630
7.9295,1638
7.9348,1638
7.9405,1630
7.9461,1634
7.9515,1639
7.9571,1632
7.9627,1632
7.9681,1638
7.9737,1634
7.9793,1631
7.985,1638
7.9906,1634
7.9959,1630
8.0016,1639
8.0073,1635
8.0126,1631
8.0182,1637
8.0239,1636
8.0292,1631
8.0349,1634
8.0405,1637
8.0459,1632
8.0515,1632
8.0572,1639
8.0628,1636
8.0681,1629
8.0737,1635
8.0793,1637
8.0849,1631
8.0906,1633
8.0959,1640
8.1015,1632
8.1071,1630
8.1127,1636
8.1184,1640
8.1237,1628
8.1293,1636
8.1349,1639
8.1406,1630
8.1459,1633
8.1515,1639
8.1571,1632
8.1627,1631
8.1684,1639
8.1737,1638
8.1794,1630
8.1849,1635
8.1905,1640
8.1962,1633
8.2015,1631
8.2071,1639
8.2127,1634
8.2183,1629
8.2237,1637
8.2293,1639
8.2349,1630
8.2405,1634
8.2462,1639
8.2515,1633
8.2571,1631
8.2628,1639
8.2683,1636
8.2737,1629
8.2793,1634
8.2849,1637
8.2906,1630
8.2959,1631
8.3015,1636
8.3072,1634
8.3128,1631
8.3182,1636
8.3238,1637
8.3294,1630
8.3348,1634
8.3404,1637
8.346,1630
8.3517,1633
8.357,1637
8.3626,1631
8.3682,1631
8.3739,1640
8.3792,1633
8.3849,1630
8.3905,1637
8.3961,1638
8.4017,1630
8.4071,1636
8.4127,1638
8.4184,1630
8.4237,1632
8.4293,1638
8.435,1633
8.4403,1629
8.446,1638
8.4516,1639
8.4572,1630
8.4628,1633
8.4682,1636
8.4738,1633
8.4794,1632
8.485,1637
8.4904,1632
8.496,1630
8.5017,1636
8.507,1635
8.5126,1629
8.5183,1637
8.5239,1638
8.5292,1632
8.5349,1633
8.5405,1638
8.5461,1630
8.5515,1631
8.5571,1636
8.5627,1630
8.5684,1631
8.5737,1638
8.5793,1632
8.585,1632
8.5903,1638
8.596,1636
8.6016,1630
8.6072,1638
8.6126,1637
8.6182,1628
8.6238,1633
8.6295,1637
8.6348,1631
8.6404,1632
8.646,1637
8.6517,1633
8.657,1630
8.6626,1639
8.6683,1637
8.6739,1630
8.6793,1636
8.6849,1637
8.6905,1631
8.6961,1636
8.7015,1640
8.7071,1630
8.7128,1633
8.7181,1636
8.7237,1632
8.7293,1632
8.735,1637
8.7406,1636
8.746,1628
8.7516,1634
8.7572,1639
8.7629,1632
8.7682,1631
8.7738,1641
8.7795,1633
8.7848,1631
8.7904,1638
8.7961,1636
8.8014,1628
8.807,1637
8.8127,1638
8.8183,1629
8.8239,1634
8.8293,1639
8.8349,1632
8.8405,1633
8.8461,1638
8.8515,1636
8.8571,1630
8.8627,1635
8.8683,1639
8.8737,1631
8.8793,1633
8.8849,1636
8.8906,1631
8.8962,1631
8.9015,1637
8.9071,1633
8.9128,1629
8.9184,1636
8.9237,1635
8.9294,1629
8.935,1635
8.9404,1637
8.946,1630
8.9516,1635
8.9572,1638
8.9626,1632
8.9682,1630
8.9738,1637
8.9795,1635
8.9848,1629
8.9904,1634
8.9961,1638
9.0017,1629
9.0071,1634
9.0127,1638
9.0183,1632
9.0239,1632
9.0293,1641
9.0349,1634
9.0405,1628
9.0461,1637
9.0515,1638
9.0571,1630
9.0628,1635
9.0681,1639
9.0737,1630
9.0794,1632
9.085,1638
9.0904,1632
9.096,1629
9.1016,1637
9.1072,1637
9.1126,1631
9.1182,1633
9.1238,1638
9.1292,1631
9.1348,1633
9.1404,1640
9.1461,1632
9.1514,1630
9.1571,1639
9.1627,1638
9.1683,1629
9.1739,1633
9.1793,1639
9.1849,1630
9.1905,1629
9.1962,1639
9.2015,1635
9.2071,1631
9.2128,1635
9.2181,1636
9.2238,1630
9.2294,1635
9.235,1637
9.2403,1632
9.246,1632
9.2516,1639
9.2572,1632
9.2626,1629
9.2682,1636
9.2738,1637
9.2795,1630
9.2848,1634
9.2904,1636
9.2961,1632
9.3017,1634
9.3071,1637
9.3127,1631
9.3183,1634
9.3237,1638
9.3293,1632
9.3349,1632
9.3406,1639
9.3459,1631
9.3516,1631
9.3572,1637
9.3626,1637
9.3682,1630
9.3738,1635
9.3794,1637
9.385,1633
9.3904,1632
9.396,1639
9.4016,1634
9.407,1632
9.4126,1637
9.4182,1634
9.4239,1631
9.4295,1638
9.4348,1636
9.4405,1630
9.4461,1639
9.4517,1636
9.4571,1629
9.4627,1636
9.4684,1636
9.4737,1630
9.4793,1632
9.4849,1639
9.4906,1633
9.4959,1630
9.5016,1639
9.5072,1635
9.5128,1631
9.5181,1638
9.5238,1638
9.5294,1631
9.535,1633
9.5404,1638
9.546,1631
9.5516,1634
9.5572,1639
9.5626,1632
9.5682,1632
9.5739,1638
9.5795,1634
9.5848,1631
9.5905,1640
9.5961,1634
9.6015,1631
9.6071,1637
9.6127,1637
9.6184,1630
9.6237,1635
9.6293,1639
9.6349,1632
9.6406,1634
9.6459,1639
9.6515,1635
9.6571,1631
9.6628,1634
9.6682,1639
9.6738,1631
9.6793,1630
9.6849,1641
9.6906,1635
9.6959,1630
9.7015,1638
9.7071,1638
9.7127,1632
9.7184,1632
9.7237,1639
9.7294,1631
9.7349,1631
9.7406,1639
9.7459,1634
9.7515,1629
9.7572,1635
9.7627,1639
9.7684,1630
9.7737,1633
9.7793,1640
9.785,1631
9.7905,1632
9.7962,1637
9.8015,1633
9.8071,1630
9.8128,1638
9.8183,1638
9.8237,1630
9.8293,1633
9.8349,1638
9.8406,1632
9.8459,1631
9.8515,1639
9.8572,1635
9.8628,1629
9.8681,1638
9.8738,1634
9.8794,1630
9.885,1636
9.8904,1639
9.896,1631
9.9016,1630
9.9072,1639
9.9126,1631
9.9182,1629
9.9238,1639
9.9295,1634
9.9351,1630
9.9404,1633
9.946,1638
9.9517,1631
9.957,1631
9.9627,1636
9.9683,1633
9.9737,1630
9.9793,1637
9.9849,1637
9.9905,1630
9.9959,1632
10.0015,1639
10.0072,1633
10.0128,1629
10.0184,1636
10.0238,1637
10.0294,1629
10.035,1631
10.0404,1637
10.046,1632
10.0516,1631
10.0572,1639
10.0626,1637
10.0682,1629
10.0739,1633
10.0795,1638
10.0848,1632
10.0904,1630
10.0961,1639
10.1017,1635
10.107,1627
10.1126,1638
10.1183,1641
10.1239,1629
10.1292,1635
10.1349,1638
10.1405,1634
10.1461,1632
10.1517,1639
10.1571,1636
10.1627,1629
10.1683,1636
10.1737,1638
10.1793,1631
10.1849,1634
10.1906,1637
10.1959,1634
10.2015,1630
10.2072,1638
10.2128,1638
10.2181,1629
10.2238,1632
10.2294,1640
10.235,1631
10.2404,1632
10.246,1639
10.2517,1637
10.257,1630
10.2626,1634
10.2683,1636
10.2739,1630
10.2792,1634
10.2849,1637
10.2905,1631
10.2961,1632
10.3015,1638
10.3071,1634
10.3128,1632
10.3184,1638
10.3237,1637
10.3293,1628
10.335,1636
10.3406,1639
10.3459,1633
10.3516,1630
10.3572,1639
10.3626,1636
10.3682,1629
10.3738,1635
10.3795,1640
10.3848,1633
10.3904,1631
10.396,1638
10.4017,1637
10.407,1630
10.4127,1638
10.4183,1637
10.4239,1630
10.4293,1634
10.4349,1637
10.4405,1631
10.4461,1631
10.4515,1640
10.4571,1633
10.4628,1630
10.4681,1636
10.4738,1637
10.4794,1629
10.485,1635
10.4904,1637
10.496,1633
10.5016,1631
10.5073,1638
10.5126,1635
10.5182,1631
10.5239,1637
10.5292,1638
10.5349,1630
10.5405,1631
10.5461,1640
10.5515,1633
10.5571,1630
10.5628,1636
10.5681,1636
10.5737,1631
10.5794,1633
10.585,1638
10.5904,1631
10.596,1630
10.6016,1639
10.6072,1632
10.6126,1630
10.6182,1637
10.6238,1638
10.6295,1632
10.6348,1631
10.6404,1639
10.6461,1635
10.6517,1629
10.6571,1637
10.6627,1638
10.6683,1630
10.6739,1633
10.6793,1638
10.6849,1632
10.6905,1631
10.6959,1638
10.7015,1635
10.7071,1630
10.7128,1637
10.7184,1639
10.7238,1631
10.7294,1633
10.735,1640
10.7404,1633
10.746,1630
10.7516,1639
10.7573,1636
10.7626,1630
10.7683,1635
10.7739,1635
10.7793,1631
10.7849,1632
10.7905,1640
10.7962,1632
10.8015,1629
10.8071,1639
10.8128,1639
10.8184,1629
10.8237,1635
10.8293,1639
10.8349,1633
10.8406,1629
10.8462,1638
10.8515,1637
10.8572,1630
10.8628,1633
10.8681,1638
10.8738,1631
10.8794,1630
10.885,1638
10.8904,1633
10.896,1629
10.9016,1636
10.9072,1639
10.9126,1631
10.9182,1633
10.9238,1640
10.9295,1634
10.9351,1631
10.9404,1638
10.9461,1637
10.9517,1630
10.9573,1638
10.9627,1637
10.9683,1634
10.9739,1632
10.9795,1636
10.9849,1636
10.9905,1628
10.9961,1636
11.0018,1635
11.0071,1630
11.0128,1633
11.0184,1637
11.0238,1631
11.0294,1636
11.035,1637
11.0406,1632
11.046,1635
11.0516,1638
11.0573,1631
11.0626,1634
11.0683,1637
11.0739,1631
11.0795,1634
11.0849,1636
11.0905,1632
11.0962,1631
11.1018,1639
11.1071,1636
11.1128,1631
11.1184,1635
11.1237,1637
11.1294,1631
11.135,1634
11.1406,1640
11.146,1631
11.1516,1632
11.1572,1639
11.1629,1635
11.1682,1629
11.1737,1636
11.1793,1638
11.185,1630
11.1906,1630
11.1959,1638
11.2015,1634
11.2072,1629
11.2128,1635
11.2184,1640
11.2238,1631
11.2294,1630
11.235,1638
11.2406,1634
11.246,1631
11.2516,1638
11.2572,1636
11.2628,1629
11.2684,1635
11.2738,1637
11.2794,1630
11.285,1632
11.2906,1640
11.2962,1634
11.3016,1632
11.3072,1637
11.3128,1638
11.3184,1629
11.3238,1632
11.3294,1639
11.335,1634
11.3406,1631
11.346,1637
11.3516,1636
11.3572,1629
11.3629,1633
11.3684,1638
11.3738,1633
11.3794,1631
11.385,1638
11.3906,1635
11.396,1630
11.4016,1635
11.4073,1637
11.4129,1628
11.4182,1636
11.4239,1638
11.4295,1632
11.4348,1632
11.4405,1641
11.4461,1633
11.4517,1629
11.4571,1637
11.4627,1638
11.4683,1629
11.474,1634
11.4793,1639
11.485,1632
11.4906,1632
11.4962,1639
11.5016,1638
11.5072,1631
11.5128,1632
11.5182,1638
11.5238,1634
11.5294,1630
11.5351,1637
11.5404,1634
11.546,1630
11.5517,1637
11.5573,1639
11.5629,1630
11.5683,1632
11.5739,1639
11.5795,1632
11.5849,1631
11.5905,1638
11.5962,1636
11.6015,1629
11.6071,1635
11.6127,1635
11.6184,1630
11.624,1633
11.6294,1640
11.635,1632
11.6406,1631
11.646,1637
11.6516,1638
11.6573,1632
11.6626,1633
11.6683,1638
11.6739,1632
11.6795,1632
11.6849,1639
11.6905,1634
11.6961,1630
11.7017,1636
11.7071,1637
11.7128,1630
11.7184,1636
11.724,1637
11.7294,1631
11.735,1631
11.7406,1638
11.746,1634
11.7516,1630
11.7572,1642
11.7628,1639
11.7685,1631
11.7738,1633
11.7794,1639
11.7851,1632
11.7907,1632
11.796,1639
11.8017,1635
11.8073,1628
11.8129,1635
11.8183,1635
11.8239,1632
11.8295,1634
11.8349,1639
11.8405,1633
11.8461,1632
11.8517,1635
11.8571,1634
11.8627,1631
11.8684,1634
11.874,1637
11.8793,1631
11.885,1634
11.8906,1639
11.8962,1632
11.9016,1631
11.9072,1636
11.9129,1636
11.9182,1628
11.9238,1636
11.9295,1640
11.9351,1630
11.9404,1632
11.9461,1639
11.9517,1635
11.9573,1630
11.9627,1637
11.9683,1638
11.9739,1630
11.9795,1631
11.9852,1639
11.9905,1633
11.9961,1631
12.0017,1638
12.0071,1635
12.0127,1630
12.0184,1637
12.024,1638
12.0293,1631
12.0349,1632
12.0406,1638
12.0462,1632
12.0518,1632
12.0572,1638
12.0628,1637
12.0684,1629
12.074,1633
12.0794,1637
12.085,1631
12.0907,1631
12.096,1639
12.1016,1634
12.1073,1631
12.1129,1637
12.1182,1636
12.1239,1631
12.1295,1634
12.1351,1639
12.1407,1634
12.1461,1631
12.1517,1640
12.1573,1635
12.1627,1631
12.1683,1635
12.174,1637
12.1793,1629
12.185,1634
12.1906,1640
12.1962,1632
12.2018,1629
12.2072,1638
12.2128,1637
12.2184,1631
12.224,1632
12.2294,1640
12.235,1631
12.2406,1633
12.2463,1639
12.2516,1635
12.2573,1629
12.2629,1635
12.2683,1639
12.2739,1632
12.2795,1633
12.2851,1638
12.2905,1636
12.2961,1630
12.3017,1636
12.3074,1637
12.3127,1631
12.3183,1632
12.3238,1640
12.3294,1632
12.335,1630
12.3406,1638
12.3463,1635
12.3516,1628
12.3572,1634
12.3628,1639
12.3685,1631
12.3738,1630
12.3794,1637
12.385,1636
12.3907,1630
12.3963,1635
12.4016,1639
12.4073,1632
12.4129,1630
12.4185,1636
12.4238,1637
12.4294,1630
12.4351,1636
12.4405,1639
12.4461,1631
12.4517,1633
12.4574,1638
12.4627,1634
12.4683,1630
12.4738,1636
12.4795,1636
12.4851,1630
12.4905,1633
12.4961,1638
12.5017,1632
12.5072,1631
12.5128,1639
12.5184,1636
12.5238,1630
12.5295,1636
12.5351,1637
12.5405,1630
12.5461,1634
12.5518,1641
12.5572,1632
12.5628,1631
12.5684,1639
12.5738,1634
12.5795,1630
12.5851,1636
12.5905,1638
12.5961,1629
12.6016,1633
12.6072,1637
12.6128,1631
12.6184,1633
12.6239,1639
12.6295,1633
12.6351,1632
12.6405,1638
12.6462,1635
12.6518,1632
12.6572,1638
12.6628,1637
12.6684,1630
12.6739,1636
12.6795,1638
12.6851,1631
12.6905,1633
12.6961,1639
12.7017,1634
12.7072,1630
12.7128,1638
12.7185,1636
12.7238,1629
12.7294,1635
12.7351,1639
12.7406,1632
12.7462,1632
12.7516,1636
12.7572,1632
12.7629,1630
12.7685,1639
12.7738,1636
12.7794,1631
12.7851,1634
12.7906,1639
12.7962,1631
12.8018,1630
12.8072,1639
12.8128,1634
12.8184,1629
12.8238,1637
12.8294,1635
12.8351,1631
12.8406,1635
12.8462,1638
12.8518,1632
12.8572,1633
12.8628,1638
12.8684,1632
12.8739,1632
12.8796,1638
12.8849,1634
12.8906,1630
12.8962,1635
12.9018,1640
12.9071,1631
12.9128,1632
12.9184,1640
12.9239,1633
12.9296,1630
12.9352,1634
12.9405,1637
12.9462,1631
12.9518,1633
12.9571,1637
12.9628,1631
12.9684,1631
12.9739,1637
12.9796,1636
12.9852,1630
12.9905,1634
12.9962,1640
13.0018,1632
13.0072,1630
13.0128,1636
13.0184,1637
13.024,1629
13.0296,1635
13.0352,1636
13.0406,1632
13.0462,1631
13.0518,1640
13.0572,1635
13.0628,1631
13.0684,1637
13.074,1637
13.0796,1629
13.085,1635
13.0906,1637
13.0962,1631
13.1018,1634
13.1072,1638
13.1128,1630
13.1185,1630
13.1238,1641
13.1294,1635
13.135,1629
13.1407,1639
13.146,1635
13.1516,1632
13.1573,1635
13.1629,1640
13.1685,1631
13.1738,1631
13.1794,1639
13.1851,1636
13.1907,1631
13.1963,1636
13.2016,1637
13.2073,1630
13.2129,1633
13.2183,1638
13.2239,1633
13.2295,1631
13.2351,1639
13.2407,1635
13.246,1631
13.2517,1637
13.2573,1638
13.2629,1631
13.2683,1634
13.2739,1638
13.2795,1632
13.2851,1634
13.2907,1636
13.2961,1630
13.3017,1633
13.3073,1637
13.3129,1630
13.3183,1631
13.3239,1638
13.3295,1636
13.3352,1629
13.3405,1638
13.3461,1637
13.3517,1630
13.3574,1632
13.363,1638
13.3683,1632
13.374,1632
13.3796,1638
13.3852,1634
13.3906,1630
13.3962,1638
13.4018,1635
13.4072,1631
13.4128,1636
13.4184,1639
13.4241,1630
13.4294,1633
13.435,1639
13.4407,1636
13.4463,1629
13.4517,1634
13.4573,1641
13.4629,1634
13.4683,1630
13.4739,1637
13.4795,1637
13.4852,1631
13.4905,1634
13.4961,1639
13.5018,1632
13.5074,1633
13.5127,1638
13.5184,1631
13.524,1630
13.5296,1639
13.5349,1636
13.5406,1629
13.5462,1633
13.5518,1638
13.5572,1631
13.5628,1633
13.5684,1640
13.5741,1632
13.5794,1632
13.585,1640
13.5907,1634
13.5963,1629
13.6016,1635
13.6073,1639
13.6129,1632
13.6183,1633
13.6239,1640
13.6295,1632
13.6351,1631
13.6408,1638
13.6461,1635
13.6517,1629
13.6574,1638
13.663,1638
13.6683,1631
13.674,1633
13.6796,1637
13.6852,1632
13.6906,1633
13.6962,1639
13.7018,1634
13.7072,1631
13.7128,1637
13.7184,1636
13.724,1628
13.7294,1637
13.735,1640
13.7406,1629
13.7463,1632
13.7516,1639
13.7572,1632
13.7628,1630
13.7685,1639
13.7741,1636
13.7794,1631
13.785,1634
13.7907,1637
13.7963,1632
13.8016,1634
13.8073,1639
13.8129,1630
13.8185,1633
13.8239,1639
13.8295,1634
13.8351,1628
13.8408,1634
13.8461,1639
13.8517,1629
13.8574,1632
13.8627,1638
13.8683,1632
13.874,1629
13.8796,1637
13.8849,1640
13.8906,1630
13.8962,1635
13.9018,1638
13.9072,1634
13.9128,1630
13.9185,1639
13.9239,1635
13.9295,1631
13.9351,1637
13.9408,1636
13.9461,1631
13.9517,1636
13.9574,1639
13.9627,1630
13.9684,1634
13.974,1638
13.9796,1631
13.9852,1631
13.9906,1639
13.9962,1632
14.0018,1632
14.0072,1637
14.0128,1633
14.0185,1628
14.0241,1637
14.0294,1638
14.0351,1631
14.0407,1635
14.0463,1638
14.0517,1631
14.0573,1630
14.063,1639
14.0683,1635
14.074,1629
14.0796,1637
14.0852,1638
14.0905,1630
14.0961,1633
14.1018,1641
14.1074,1636
14.113,1630
14.1184,1634
14.124,1639
14.1296,1634
14.135,1628
14.1406,1638
14.1462,1637
14.1519,1630
14.1572,1632
14.1628,1639
14.1684,1634
14.1741,1631
14.1794,1635
14.1851,1631
14.1907,1633
14.1963,1638
14.2017,1632
14.2073,1631
14.2129,1640
14.2186,1633
14.2239,1630
14.2295,1635
14.2352,1639
14.2405,1631
14.2461,1634
14.2517,1639
14.2573,1632
14.2629,1631
14.2686,1636
14.2739,1635
14.2795,1630
14.2851,1637
14.2908,1637
14.2961,1628
14.3017,1632
14.3073,1639
14.3129,1630
14.3186,1630
14.3239,1636
14.3295,1636
14.3351,1628
14.3407,1632
14.3461,1639
14.3517,1632
14.3573,1632
14.3629,1638
14.3683,1634
14.3739,1635
14.3795,1638
14.3851,1634
14.3907,1630
14.3961,1639
14.4017,1634
14.4073,1627
14.4129,1636
14.4186,1637
14.4239,1633
14.4295,1634
14.4352,1639
14.4405,1631
14.4461,1632
14.4518,1635
14.4574,1632
14.463,1633
14.4684,1640
14.474,1632
14.4796,1628
14.4852,1637
14.4906,1638
14.4963,1631
14.5016,1632
14.5072,1639
14.5129,1633
14.5185,1629
14.5239,1637
14.5295,1636
14.5351,1631
14.5407,1635
14.5464,1638
14.5517,1630
14.5574,1634
14.563,1638
14.5683,1633
14.574,1632
14.5796,1638
14.5852,1633
14.5906,1631
14.5962,1638
14.6018,1632
14.6075,1633
14.6128,1639
14.6184,1630
14.6241,1633
14.6294,1638
14.635,1631
14.6407,1632
14.6461,1637
14.6517,1632
14.6573,1632
14.6629,1638
14.6686,1634
14.6739,1631
14.6795,1635
14.6851,1637
14.6908,1630
14.6961,1635
14.7017,1637
14.7074,1630
14.713,1632
14.7183,1641
14.724,1633
14.7296,1632
14.7352,1638
14.7406,1634
14.7462,1631
14.7518,1637
14.7574,1631
14.7628,1630
14.7684,1637
14.7741,1633
14.7794,1632
14.785,1636
14.7907,1631
14.7963,1630
14.8017,1637
14.8073,1635
14.8129,1628
14.8185,1636
14.8239,1635
14.8295,1630
14.8351,1632
14.8408,1638
14.8461,1631
14.8517,1630
14.8574,1638
14.863,1637
14.8683,1629
14.874,1637
14.8796,1634
14.8852,1632
14.8906,1639
14.8962,1636
14.9018,1631
14.9075,1635
14.9128,1639
14.9185,1631
14.9241,1630
14.9294,1638
14.9351,1634
14.9407,1632
14.9463,1638
14.9517,1634
14.9573,1632
14.963,1638
14.9686,1633
14.9739,1632
14.9796,1638
14.9852,1634
14.9906,1630
14.9962,1638
15.0018,1632
15.0072,1632
15.0128,1639
15.0185,1632
15.0241,1630
15.0297,1638
15.0351,1633
15.0407,1631
15.0464,1639
15.0517,1633
15.0573,1632
15.063,1640
15.0686,1632
15.0739,1630
15.0795,1638
15.0852,1637
15.0905,1630
15.0962,1634
15.1018,1637
15.1074,1632
15.1128,1634
15.1184,1640
15.124,1630
15.1294,1633
15.135,1639
15.1407,1632
15.1463,1631
15.1516,1639
15.1573,1633
15.1629,1629
15.1685,1637
15.1741,1638
15.1795,1632
15.1851,1635
15.1907,1637
15.1964,1632
15.2017,1636
15.2073,1635
15.213,1632
15.2186,1635
15.2239,1636
15.2296,1628
15.2352,1634
15.2408,1638
15.2461,1630
15.2518,1631
15.2574,1639
15.263,1636
15.2684,1631
15.274,1637
15.2796,1634
15.285,1630
15.2906,1636
15.2962,1632
15.3018,1632
15.3072,1637
15.3128,1632
15.3185,1631
15.3241,1637
15.3297,1635
15.3351,1632
15.3407,1638
15.3463,1633
15.3517,1631
15.3573,1641
15.3629,1635
15.3683,1631
15.3739,1639
15.3796,1636
15.3852,1630
15.3908,1634
15.3962,1637
15.4018,1629
15.4072,1635
15.4128,1638
15.4184,1630
15.4241,1634
15.4294,1637
15.435,1632
15.4407,1633
15.4463,1638
15.4516,1633
15.4573,1633
15.4629,1639
15.4685,1632
15.4741,1632
15.4795,1638
15.4851,1632
15.4907,1630
15.4964,1638
15.5017,1635
15.5073,1630
15.513,1636
15.5186,1636
15.5239,1632
15.5295,1635
15.5352,1636
15.5408,1629
15.5461,1634
15.5518,1637
15.5574,1630
15.5628,1635
15.5684,1637
15.574,1631
15.5796,1633
15.585,1639
15.5906,1632
15.5963,1636
15.6019,1638
15.6072,1630
15.6128,1634
15.6185,1638
15.6241,1631
15.6295,1635
15.6351,1637
15.6407,1632
15.6463,1633
15.6517,1640
15.6573,1629
15.6629,1634
15.6685,1638
15.6739,1630
15.6795,1633
15.6852,1638
15.6908,1634
15.6961,1633
15.7017,1635
15.7074,1632
15.713,1637
15.7183,1640
15.724,1628
15.7296,1630
15.7352,1639
15.7406,1635
15.7463,1631
15.7519,1636
15.7573,1636
15.7629,1631
15.7685,1635
15.7739,1635
15.7795,1631
15.7852,1636
15.7908,1635
15.7961,1631
15.8018,1636
15.8074,1634
15.813,1632
15.8184,1637
15.824,1632
15.8296,1630
15.8352,1639
15.8406,1633
15.8462,1631
15.8517,1642
15.8573,1632
15.863,1630
15.8686,1637
15.8739,1635
15.8795,1633
15.8851,1636
15.8908,1633
15.8961,1632
15.9017,1638
15.9073,1636
15.913,1631
15.9186,1636
15.9239,1636
15.9296,1631
15.9351,1636
15.9408,1634
15.9461,1632
15.9517,1637
15.9574,1632
15.9629,1632
15.9686,1637
15.9739,1632
15.9795,1636
15.9852,1635
15.9907,1632
15.9961,1636
16.0017,1635
16.0074,1629
16.013,1637
16.0184,1635
16.024,1630
16.0296,1636
16.035,1635
16.0407,1630
16.0463,1636
16.0519,1633
16.0573,1633
16.0629,1638
16.0686,1629
16.0739,1632
16.0795,1638
16.0852,1633
16.0906,1633
16.0962,1638
16.1019,1631
16.1072,1633
16.1129,1637
16.1185,1631
16.1241,1634
16.1295,1637
16.1351,1629
16.1407,1632
16.1463,1638
16.1517,1633
16.1573,1630
16.163,1637
16.1683,1635
16.174,1630
16.1796,1636
16.1853,1638
16.1906,1630
16.1962,1636
16.2019,1637
16.2075,1631
16.2129,1636
16.2185,1637
16.2241,1632
16.2295,1638
16.2351,1632
16.2407,1634
16.2464,1638
16.2517,1633
16.2573,1633
16.263,1636
16.2686,1631
16.2739,1634
16.2796,1637
16.2852,1630
16.2906,1634
16.2963,1639
16.3019,1629
16.3073,1631
16.313,1638
16.3186,1634
16.324,1631
16.3296,1636
16.335,1636
16.3406,1630
16.3462,1636
16.3519,1635
16.3573,1633
16.3629,1636
16.3686,1633
16.3739,1634
16.3796,1635
16.3852,1631
16.3906,1634
16.3962,1639
16.4019,1631
16.4075,1636
16.4128,1634
16.4184,1629
16.4241,1637
16.4294,1634
16.435,1631
16.4407,1634
16.4463,1636
16.4519,1631
16.4573,1636
16.4629,1636
16.4685,1629
16.4742,1631
16.4795,1639
16.4852,1635
16.4905,1628
16.4962,1635
16.5018,1638
16.5074,1629
16.5128,1632
16.5184,1638
16.524,1632
16.5297,1631
16.5353,1638
16.5406,1633
16.5463,1632
16.5519,1637
16.5572,1636
16.5629,1629
16.5685,1634
16.5741,1637
16.5795,1631
16.5851,1638
16.5907,1635
16.5961,1630
16.6017,1637
16.6073,1636
16.6129,1630
16.6186,1634
16.6239,1637
16.6295,1632
16.6352,1634
16.6408,1637
16.6461,1632
16.6518,1635
16.6574,1638
16.663,1629
16.6684,1632
16.674,1638
16.6796,1632
16.6852,1630
16.6906,1637
16.6962,1634
16.7018,1630
16.7075,1636
16.7128,1635
16.7184,1629
16.7241,1634
16.7297,1636
16.735,1630
16.7407,1634
16.7463,1638
16.7519,1630
16.7573,1635
16.7629,1636
16.7685,1632
16.7739,1633
16.7795,1637
16.7852,1628
16.7905,1631
16.7961,1637
16.8018,1632
16.8074,1632
16.813,1639
16.8184,1632
16.824,1632
16.8296,1637
16.8353,1631
16.8406,1633
16.8462,1638
16.8519,1631
16.8572,1633
16.8629,1638
16.8685,1632
16.8741,1635
16.8795,1635
16.8851,1629
16.8907,1635
16.8964,1633
16.9017,1630
16.9073,1636
16.913,1636
16.9186,1631
16.9239,1636
16.9296,1634
16.9352,1634
16.9408,1636
16.9462,1632
16.9518,1632
16.9574,1638
16.9628,1631
16.9684,1634
16.974,1635
16.9797,1631
16.985,1635
16.9906,1634
16.9963,1632
17.0019,1638
17.0073,1635
17.0129,1633
17.0186,1638
17.0239,1634
17.0295,1631
17.0352,1635
17.0408,1631
17.0461,1635
17.0518,1640
17.0574,1631
17.063,1632
17.0686,1638
17.074,1631
17.0796,1634
17.0852,1638
17.0906,1632
17.0962,1632
17.1019,1637
17.1072,1633
17.1128,1631
17.1184,1637
17.1241,1633
17.1294,1630
17.135,1637
17.1407,1632
17.1463,1632
17.1519,1637
17.1573,1631
17.1629,1632
17.1685,1636
17.1742,1632
17.1795,1630
17.1851,1638
17.1908,1635
17.1964,1630
17.2017,1639
17.2074,1635
17.213,1629
17.2186,1635
17.2239,1635
17.2296,1634
17.2352,1633
17.2408,1637
17.2462,1630
17.2518,1635
17.2574,1635
17.263,1631
17.2684,1636
17.274,1633
17.2796,1633
17.2852,1638
17.2906,1634
17.2962,1633
17.3019,1638
17.3075,1632
17.3128,1635
17.3185,1637
17.3241,1630
17.3295,1635
17.3351,1639
17.3407,1630
17.3464,1631
17.3517,1639
17.3573,1635
17.363,1632
17.3686,1637
17.3739,1636
17.3795,1630
17.3852,1638
17.3908,1633
17.3962,1628
17.4017,1637
17.4074,1635
17.413,1632
17.4186,1637
17.424,1634
17.4295,1633
17.4351,1638
17.4408,1630
17.4461,1635
17.4518,1640
17.4573,1632
17.463,1631
17.4683,1637
17.4739,1633
17.4796,1632
17.4851,1640
17.4908,1634
17.4961,1630
17.5018,1638
17.5074,1633
17.513,1631
17.5186,1638
17.5239,1635
17.5296,1632
17.5352,1635
17.5405,1636
17.5462,1630
17.5518,1635
17.5575,1636
17.5628,1631
17.5685,1635
17.5741,1636
17.5797,1629
17.585,1633
17.5907,1639
17.5963,1630
17.6019,1633
17.6073,1639
17.6129,1632
17.6185,1633
17.6242,1637
17.6295,1631
17.6351,1633
17.6408,1639
17.6461,1630
17.6517,1635
17.6574,1637
17.663,1629
17.6686,1634
17.674,1637
17.6796,1631
17.6853,1633
17.6906,1637
17.6962,1633
17.7018,1632
17.7075,1638
17.7128,1634
17.7184,1631
17.724,1637
17.7297,1633
17.735,1630
17.7407,1637
17.7463,1632
17.7519,1630
17.7573,1640
17.7629,1633
17.7685,1632
17.7742,1638
17.7795,1633
17.7851,1631
17.7908,1637
17.7961,1636
17.8017,1632
17.8074,1634
17.813,1635
17.8183,1629
17.824,1635
17.8296,1638
17.8352,1631
17.8408,1634
17.8462,1636
17.8518,1631
17.8575,1633
17.8628,1639
17.8685,1630
17.8741,1630
17.8794,1638
17.8851,1635
17.8907,1631
17.8964,1635
17.9017,1633
17.9074,1634
17.913,1635
17.9183,1632
17.924,1634
17.9296,1637
17.9352,1632
17.9406,1633
17.9462,1638
17.9518,1631
17.9575,1631
17.9631,1639
17.9684,1632
17.974,1631
17.9797,1635
17.9853,1634
17.9906,1629
17.9963,1636
18.0019,1638
18.0073,1631
18.0129,1634
18.0185,1640
18.0239,1629
18.0295,1634
18.0351,1636
18.0408,1633
18.0464,1637
18.0518,1636
18.0574,1632
18.0628,1637
18.0684,1632
18.074,1634
18.0797,1636
18.085,1630
18.0907,1631
18.0963,1638
18.1019,1631
18.1073,1634
18.1129,1636
18.1186,1631
18.1239,1636
18.1296,1638
18.1352,1630
18.1406,1635
18.1463,1638
18.1519,1633
18.1573,1636
18.1629,1636
18.1685,1630
18.1739,1637
18.1795,1635
18.1852,1630
18.1908,1636
18.1962,1636
18.2018,1628
18.2074,1635
18.2131,1636
18.2185,1631
18.2241,1633
18.2295,1636
18.2352,1631
18.2408,1635
18.2461,1638
18.2518,1632
18.2574,1636
18.263,1635
18.2684,1632
18.274,1639
18.2797,1632
18.285,1629
18.2906,1636
18.2963,1637
18.3019,1630
18.3073,1635
18.3129,1634
18.3185,1631
18.3241,1637
18.3295,1636
18.3351,1630
18.3407,1636
18.3464,1634
18.3518,1631
18.3574,1638
18.363,1632
18.3684,1634
18.374,1637
18.3796,1631
18.3853,1636
18.3906,1636
18.3963,1633
18.4019,1634
18.4073,1635
18.4129,1629
18.4186,1636
18.4239,1635
18.4296,1631
18.4352,1634
18.4406,1639
18.4462,1631
18.4518,1633
18.4575,1640
18.4628,1632
18.4684,1633
18.4741,1637
18.4797,1632
18.485,1630
18.4907,1639
18.4963,1633
18.5019,1631
18.5073,1636
18.5129,1636
18.5185,1632
18.5241,1636
18.5295,1637
18.5351,1630
18.5407,1637
18.5463,1635
18.5517,1631
18.5573,1637
18.563,1634
18.5686,1630
18.5739,1638
18.5796,1632
18.5852,1629
18.5906,1635
18.5962,1637
18.6018,1630
18.6075,1634
18.6128,1637
18.6184,1633
18.6241,1634
18.6297,1637
18.635,1631
18.6407,1632
18.6463,1636
18.6519,1632
18.6573,1634
18.6629,1637
18.6685,1630
18.6742,1635
18.6795,1637
18.6851,1631
18.6908,1634
18.6964,1639
18.7018,1631
18.7074,1635
18.713,1637
18.7184,1631
18.724,1636
18.7296,1633
18.7352,1631
18.7406,1636
18.7462,1635
18.7519,1630
18.7575,1637
18.7628,1635
18.7685,1630
18.7741,1636
18.7797,1637
18.7851,1630
18.7907,1631
18.7963,1639
18.8019,1633
18.8073,1630
18.8129,1637
18.8186,1634
18.8239,1631
18.8295,1638
18.8352,1637
18.8408,1629
18.8461,1634
18.8518,1637
18.8574,1632
18.863,1633
18.8687,1637
18.874,1630
18.8796,1632
18.8853,1635
18.8906,1630
18.8961,1631
18.9018,1641
18.9074,1633
18.913,1630
18.9184,1637
18.9239,1634
18.9296,1631
18.9352,1638
18.9408,1635
18.9462,1631
18.9517,1637
18.9573,1633
18.963,1630
18.9686,1636
18.974,1634
18.9795,1631
18.9852,1637
18.9908,1633
18.9962,1636
19.0018,1638
19.0073,1631
19.013,1635
19.0184,1637
19.024,1631
19.0297,1635
19.0352,1636
19.0408,1632
19.0462,1637
19.0518,1635
19.0574,1631
19.0628,1636
19.0684,1633
19.074,1632
19.0797,1637
19.0853,1633
19.0906,1631
19.0962,1637
19.1019,1632
19.1075,1632
19.1128,1637
19.1185,1634
19.1241,1632
19.1297,1637
19.1351,1632
19.1407,1632
19.1464,1638
19.1517,1633
19.1573,1634
19.163,1638
19.1686,1631
19.1739,1633
19.1796,1639
19.1852,1632
19.1908,1632
19.1962,1638
19.2018,1635
19.2074,1629
19.2128,1638
19.2184,1638
19.2241,1630
19.2297,1636
19.235,1637
19.2407,1631
19.2463,1636
19.2519,1634
19.2572,1631
19.2629,1636
19.2685,1635
19.2739,1628
19.2796,1634
19.2853,1638
19.2907,1631
19.2962,1633
19.3018,1641
19.3075,1635
19.3128,1630
19.3184,1639
19.3241,1635
19.3294,1630
19.3351,1635
19.3407,1635
19.3464,1628
19.352,1637
19.3573,1635
19.363,1631
19.3686,1637
19.374,1635
19.3796,1631
19.3853,1636
19.3906,1636
19.3962,1631
19.4019,1639
19.4075,1633
19.4129,1631
19.4185,1637
19.4241,1639
19.4296,1631
19.4353,1636
19.4407,1638
19.4464,1631
19.4517,1633
19.4574,1635
19.4628,1630
19.4685,1633
19.4742,1636
19.4796,1631
19.4853,1636
19.4906,1634
19.4963,1632
19.5017,1639
19.5074,1633
19.5131,1634
19.5185,1638
19.5242,1631
19.5295,1636
19.5352,1635
19.5406,1629
19.5463,1636
19.552,1635
19.5574,1630
19.5631,1635
19.5685,1636
19.5741,1632
19.5795,1636
19.5852,1636
19.5909,1630
19.5963,1636
19.602,1637
19.6073,1631
19.613,1637
19.6184,1635
19.6241,1631
19.6295,1637
19.6352,1634
19.6408,1632
19.6462,1636
19.6519,1632
19.6573,1637
19.663,1632
19.6684,1631
19.6741,1638
19.6795,1632
19.6851,1630
19.6908,1638
19.6962,1636
19.7019,1631
19.7073,1637
19.713,1633
19.7184,1632
19.724,1638
19.7297,1632
19.7351,1632
19.7408,1638
19.7462,1633
19.7519,1633
19.7573,1638
19.763,1632
19.7686,1635
19.774,1633
19.7797,1632
19.7851,1636
19.7908,1632
19.7962,1628
19.8019,1635
19.8073,1638
19.8129,1632
19.8186,1635
19.824,1637
19.8297,1632
19.8351,1638
19.8408,1635
19.8462,1630
19.8518,1638
19.8575,1638
19.8629,1629
19.8686,1634
19.874,1639
19.8797,1630
19.8851,1629
19.8908,1637
19.8962,1632
19.9018,1633
19.9072,1638
19.9129,1630
19.9186,1634
19.924,1636
19.9296,1630
19.935,1633
19.9407,1636
19.9464,1631
19.9518,1635
19.9575,1635
19.9628,1630
19.9685,1637
19.9742,1636
19.9796,1630
19.9853,1637
19.9907,1636
19.9963,1630
20.0017,1634
20.0074,1637
20.0128,1631
20.0185,1635
20.0242,1635
20.0296,1631
20.0353,1637
20.0406,1633
20.0463,1632
20.052,1637
20.0574,1633
20.0631,1631
20.0685,1638
20.0741,1635
20.0795,1632
20.0852,1636
20.0906,1632
20.0963,1634
20.102,1637
20.1074,1631
20.113,1633
20.1184,1635
20.1241,1633
20.1295,1635
20.1352,1638
20.1408,1633
20.1462,1632
20.1519,1636
20.1573,1629
20.163,1630
20.1687,1638
20.1741,1632
20.1798,1633
20.1851,1635
20.1908,1630
20.1965,1632
20.2019,1636
20.2076,1632
20.213,1635
20.2186,1638
20.224,1631
20.2297,1634
20.2351,1635
20.2407,1629
20.2464,1637
20.2518,1633
20.2575,1628
20.2629,1634
20.2685,1636
20.2742,1632
20.2796,1634
20.2853,1638
20.2906,1631
20.2963,1632
20.302,1639
20.3074,1632
20.3131,1633
20.3185,1637
20.3241,1633
20.3298,1633
20.3352,1637
20.3409,1630
20.3462,1630
20.3519,1638
20.3575,1633
20.3631,1631
20.3685,1637
20.3741,1634
20.3798,1636
20.3851,1639
20.3908,1631
20.3964,1633
20.4017,1639
20.4075,1633
20.4131,1629
20.4185,1637
20.4242,1635
20.4296,1631
20.4353,1635
20.4407,1636
20.4463,1629
20.452,1634
20.4574,1635
20.463,1633
20.4684,1635
20.474,1635
20.4796,1630
20.4853,1636
20.4907,1635
20.4964,1631
20.5018,1639
20.5075,1635
20.5129,1632
20.5185,1639
20.5242,1636
20.5296,1630
20.5352,1636
20.5408,1637
20.5464,1631
20.5518,1636
20.5574,1637
20.563,1632
20.5687,1638
20.5741,1633
20.5797,1632
20.5851,1638
20.5907,1635
20.5964,1630
20.602,1636
20.6074,1634
20.613,1632
20.6186,1637
20.6242,1632
20.6296,1630
20.6352,1639
20.6408,1637
20.6462,1630
20.6519,1635
20.6575,1637
20.6629,1631
20.6686,1634
20.6742,1637
20.6796,1631
20.6852,1636
20.6909,1636
20.6963,1631
20.7019,1635
20.7073,1639
20.713,1631
20.7187,1633
20.7241,1637
20.7297,1630
20.7351,1634
20.7408,1637
20.7462,1631
20.7519,1635
20.7573,1636
20.763,1632
20.7685,1637
20.7742,1637
20.7796,1635
20.7853,1635
20.7907,1638
20.7964,1628
20.8019,1636
20.8076,1637
20.813,1631
20.8184,1638
20.8241,1637
20.8297,1632
20.8354,1636
20.8408,1636
20.8462,1632
20.8519,1637
20.8574,1635
20.8631,1633
20.8685,1636
20.8742,1631
20.8796,1635
20.8853,1635
20.8907,1630
20.8965,1634
20.9019,1638
20.9076,1630
20.913,1632
20.9187,1640
20.9241,1634
20.9298,1629
20.9352,1636
20.9409,1636
20.9463,1631
20.9519,1636
20.9574,1637
20.9631,1629
20.9685,1635
20.9742,1634
20.9797,1631
20.9854,1635
20.9908,1635
20.9962,1635
21.0019,1637
21.0074,1632
21.0131,1634
21.0186,1638
21.024,1632
21.0297,1632
21.0352,1636
21.0409,1633
21.0463,1631
21.052,1639
21.0575,1636
21.0632,1631
21.0686,1636
21.074,1636
21.0797,1631
21.0852,1634
21.0909,1638
21.0964,1630
21.1021,1632
21.1075,1640
21.1132,1630
21.1186,1631
21.1243,1638
21.1297,1637
21.1352,1631
21.1409,1636
21.1463,1637
21.152,1631
21.1574,1634
21.1631,1638
21.1685,1630
21.1742,1634
21.1797,1636
21.1854,1631
21.1908,1634
21.1965,1637
21.2019,1631
21.2076,1631
21.213,1638
21.2187,1632
21.2242,1631
21.2296,1638
21.2353,1631
21.241,1632
21.2463,1639
21.252,1633
21.2574,1631
21.2631,1637
21.2685,1633
21.2742,1633
21.2798,1640
21.2852,1633
21.2909,1634
21.2963,1637
21.302,1631
21.3074,1631
21.3131,1639
21.3187,1635
21.3241,1633
21.3298,1638
21.3352,1632
21.3409,1629
21.3463,1636
21.352,1635
21.3574,1629
21.363,1636
21.3684,1634
21.3741,1630
21.3798,1637
21.3852,1636
21.3909,1628
21.3963,1634
21.4019,1636
21.4073,1630
21.413,1635
21.4187,1636
21.4241,1631
21.4298,1636
21.4352,1636
21.4409,1630
21.4463,1635
21.4519,1640
21.4576,1630
21.463,1635
21.4687,1634
21.4741,1632
21.4798,1635
21.4852,1637
21.4908,1629
21.4965,1635
21.5019,1637
21.5076,1631
21.513,1634
21.5187,1639
21.5241,1632
21.5297,1632
21.5354,1639
21.5408,1632
21.5465,1630
21.5519,1636
21.5576,1639
21.563,1631
21.5686,1634
21.574,1634
21.5797,1632
21.5854,1635
21.5908,1633
21.5964,1632
21.6018,1638
21.6075,1631
21.6129,1633
21.6186,1636
21.6243,1632
21.6297,1634
21.6353,1638
21.6408,1631
21.6464,1631
21.6518,1638
21.6575,1632
21.6632,1630
21.6686,1639
21.6743,1633
21.6796,1630
21.6853,1636
21.691,1634
21.6964,1630
21.7021,1636
21.7075,1635
21.7132,1632
21.7186,1637
21.7243,1636
21.7297,1631
21.7353,1636
21.7408,1632
21.7465,1633
21.7519,1639
21.7576,1631
21.7629,1632
21.7686,1637
21.7743,1631
21.7797,1636
21.7854,1639
21.7908,1631
21.7965,1634
21.8019,1637
21.8076,1631
21.813,1630
21.8186,1638
21.824,1633
21.8297,1631
21.8354,1638
21.8408,1634
21.8465,1631
21.8519,1635
21.8575,1633
21.863,1634
21.8686,1637
21.8743,1631
21.8797,1634
21.8854,1639
21.8908,1632
21.8965,1632
21.9019,1637
21.9076,1632
21.9129,1634
21.9186,1638
21.9243,1629
21.9297,1636
21.9354,1638
21.9408,1632
21.9465,1636
21.9519,1637
21.9575,1630
21.9632,1634
21.9686,1638
21.9743,1630
21.9797,1633
21.9854,1639
21.9908,1631
21.9965,1631
22.0019,1638
22.0076,1634
22.013,1633
22.0186,1638
22.0242,1636
22.0299,1629
22.0353,1636
22.0409,1635
22.0463,1628
22.0519,1635
22.0575,1636
22.0629,1632
22.0686,1637
22.0743,1634
22.0797,1632
22.0853,1638
22.0907,1632
22.0964,1633
22.1018,1637
22.1075,1631
22.1132,1635
22.1186,1638
22.1242,1631
22.1296,1634
22.1353,1638
22.141,1630
22.1464,1633
22.152,1639
22.1574,1631
22.1631,1632
22.1688,1637
22.1742,1632
22.1798,1631
22.1852,1638
22.1909,1634
22.1963,1631
22.202,1639
22.2077,1635
22.2131,1630
22.2187,1636
22.2241,1635
22.2298,1631
22.2352,1638
22.2409,1636
22.2463,1630
22.252,1638
22.2576,1635
22.263,1628
22.2687,1636
22.2741,1637
22.2798,1632
22.2852,1637
22.2909,1634
22.2965,1630
22.3019,1637
22.3076,1634
22.313,1632
22.3187,1637
22.3241,1635
22.3298,1630
22.3355,1633
22.3408,1636
22.3465,1632
22.3519,1635
22.3576,1636
22.363,1631
22.3687,1633
22.3744,1638
22.3798,1632
22.3854,1634
22.3908,1639
22.3965,1631
22.4019,1633
22.4075,1637
22.4129,1632
22.4186,1635
22.4243,1635
22.4297,1632
22.4353,1638
22.4407,1633
22.4464,1634
22.452,1639
22.4574,1632
22.4631,1629
22.4688,1637
22.4741,1635
22.4798,1631
22.4852,1634
22.4908,1638
22.4965,1630
22.5021,1632
22.5074,1637
22.5131,1632
22.5187,1633
22.5241,1637
22.5297,1634
22.5353,1634
22.5409,1638
22.5463,1631
22.5519,1632
22.5576,1638
22.563,1630
22.5686,1633
22.5743,1637
22.5799,1633
22.5852,1632
22.5909,1638
22.5965,1631
22.6019,1633
22.6075,1639
22.6131,1634
22.6188,1631
22.6241,1638
22.6298,1634
22.6354,1632
22.6407,1636
22.6464,1633
22.652,1632
22.6576,1637
22.663,1632
22.6686,1632
22.6743,1637
22.6797,1633
22.6853,1631
22.691,1636
22.6963,1636
22.702,1631
22.7076,1636
22.7131,1637
22.7252,1630
22.7346,1635
22.738,1637
22.738,1631
22.7409,1636
22.7465,1635
22.7518,1631
22.7575,1637
22.7632,1633
22.7688,1633
22.7741,1638
22.7798,1633
22.7854,1633
22.7908,1637
22.7965,1632
22.8019,1632
22.8075,1638
22.8131,1635
22.8188,1631
22.8241,1635
22.8298,1636
22.8354,1631
22.8408,1635
22.8465,1638
22.8521,1630
22.8575,1637
