Experiment: Mar_23_T2_osmo_expt vial 1, Tue Mar 23 18:19:48 2021
0.0016,1632
0.0069,1632
0.0125,1624
0.0179,1627
0.0235,1634
0.0292,1629
0.0348,1627
0.0401,1628
0.0458,1634
0.0514,1634
0.057,1627
0.0624,1625
0.068,1631
0.0736,1634
0.0793,1630
0.0846,1623
0.0902,1628
0.0959,1634
0.1015,1631
0.1068,1626
0.1124,1624
0.1181,1633
0.1234,1633
0.129,1628
0.1346,1625
0.1403,1630
0.1459,1634
0.1512,1631
0.1569,1622
0.1625,1626
0.1681,1633
0.1735,1635
0.1791,1626
0.1847,1625
0.1904,1632
0.1957,1633
0.2013,1627
0.207,1624
0.2123,1629
0.2179,1634
0.2236,1631
0.2292,1624
0.2346,1623
0.2401,1633
0.2457,1634
0.2514,1627
0.257,1625
0.2623,1630
0.2679,1634
0.2735,1630
0.2792,1626
0.2848,1629
0.2901,1635
0.2957,1628
0.3014,1627
0.307,1628
0.3123,1634
0.318,1633
0.3235,1623
0.3292,1627
0.3348,1632
0.3401,1633
0.3458,1626
0.3513,1625
0.357,1631
0.3623,1635
0.368,1629
0.3736,1619
0.3792,1627
0.3848,1635
0.3901,1634
0.3958,1625
0.4014,1625
0.407,1629
0.4126,1633
0.4179,1629
0.4236,1626
0.4292,1627
0.4348,1635
0.4401,1631
0.4458,1624
0.4514,1626
0.4568,1634
0.4624,1630
0.468,1624
0.4737,1627
0.479,1632
0.4846,1632
0.4903,1627
0.4959,1625
0.5012,1633
0.5069,1632
0.5125,1627
0.5181,1623
0.5234,1629
0.5291,1635
0.5347,1632
0.5401,1623
0.5458,1624
0.5514,1631
0.557,1633
0.5623,1627
0.568,1627
0.5736,1633
0.5792,1633
0.5846,1626
0.5902,1627
0.5959,1631
0.6015,1634
0.6068,1629
0.6125,1624
0.6181,1625
0.6237,1632
0.629,1632
0.6347,1626
0.6403,1626
0.6457,1630
0.6513,1632
0.6569,1627
0.6625,1627
0.6679,1631
0.6735,1632
0.6791,1626
0.6847,1627
0.6901,1630
0.6957,1632
0.7013,1628
0.7069,1623
0.7125,1630
0.7179,1635
0.7235,1630
0.7291,1624
0.7348,1624
0.7401,1633
0.7457,1634
0.7514,1627
0.757,1624
0.7623,1630
0.768,1633
0.7736,1629
0.7792,1625
0.7846,1627
0.7902,1634
0.7958,1634
0.8015,1626
0.8068,1624
0.8124,1629
0.8181,1632
0.8234,1628
0.829,1625
0.8347,1629
0.8403,1635
0.8459,1630
0.8513,1625
0.8569,1628
0.8625,1634
0.8679,1630
0.8735,1624
0.8792,1625
0.8848,1632
0.8902,1630
0.8958,1624
0.9014,1627
0.9068,1633
0.9124,1632
0.9181,1626
0.9237,1625
0.929,1630
0.9347,1635
0.9403,1627
0.9459,1625
0.9513,1631
0.9569,1636
0.9625,1630
0.9681,1624
0.9735,1626
0.9791,1633
0.9847,1634
0.9903,1625
0.9957,1624
1.0013,1629
1.007,1636
1.0126,1629
1.0179,1625
1.0235,1628
1.0292,1633
1.0348,1630
1.0401,1624
1.0458,1625
1.0514,1632
1.057,1631
1.0626,1626
1.068,1626
1.0736,1632
1.0792,1634
1.0848,1629
1.0902,1625
1.0958,1630
1.1014,1634
1.1068,1630
1.1124,1625
1.1181,1625
1.1237,1631
1.129,1634
1.1347,1627
1.1403,1624
1.1459,1631
1.1513,1633
1.157,1628
1.1623,1626
1.1679,1632
1.1736,1631
1.1792,1626
1.1845,1626
1.1901,1631
1.1958,1633
1.2014,1626
1.207,1625
1.2124,1631
1.218,1634
1.2237,1627
1.2293,1627
1.2346,1631
1.2402,1632
1.2459,1626
1.2515,1626
1.2568,1630
1.2625,1632
1.2681,1628
1.2737,1624
1.279,1627
1.2847,1632
1.2903,1630
1.2957,1625
1.3013,1629
1.3069,1633
1.3125,1629
1.3179,1625
1.3235,1629
1.3292,1632
1.3348,1630
1.3401,1624
1.3458,1626
1.3514,1633
1.357,1630
1.3624,1624
1.368,1627
1.3736,1632
1.379,1631
1.3846,1626
1.3903,1627
1.3959,1634
1.4012,1632
1.4069,1626
1.4125,1627
1.4181,1634
1.4235,1632
1.4291,1627
1.4348,1627
1.4401,1632
1.4458,1630
1.4514,1625
1.457,1625
1.4624,1633
1.468,1634
1.4736,1628
1.4792,1625
1.4846,1628
1.4903,1631
1.4959,1628
1.5012,1626
1.5069,1631
1.5125,1633
1.5181,1626
1.5235,1626
1.5291,1629
1.5348,1630
1.5401,1626
1.5458,1627
1.5514,1633
1.5568,1633
1.5624,1626
1.568,1624
1.5736,1633
1.5793,1633
1.5846,1628
1.5902,1624
1.5959,1630
1.6015,1634
1.6068,1629
1.6124,1623
1.6181,1628
1.6237,1632
1.6291,1631
1.6347,1625
1.6403,1627
1.6457,1634
1.6513,1630
1.6569,1626
1.6626,1628
1.6679,1632
1.6736,1631
1.6792,1626
1.6848,1627
1.6902,1632
1.6958,1630
1.7015,1628
1.7068,1628
1.7124,1632
1.7181,1630
1.7237,1625
1.729,1626
1.7346,1632
1.7403,1634
1.7459,1626
1.7513,1624
1.7569,1631
1.7624,1634
1.768,1628
1.7736,1626
1.7793,1628
1.7846,1633
1.7902,1633
1.7958,1624
1.8014,1626
1.8071,1633
1.8124,1632
1.818,1626
1.8236,1628
1.8293,1631
1.8346,1630
1.8402,1626
1.8458,1626
1.8514,1633
1.8571,1631
1.8624,1624
1.868,1626
1.8736,1632
1.8792,1633
1.8846,1627
1.8902,1624
1.8958,1632
1.9014,1634
1.9071,1628
1.9124,1622
1.918,1627
1.9237,1633
1.9292,1630
1.9349,1625
1.9402,1627
1.9458,1634
1.9515,1628
1.9568,1626
1.9624,1631
1.9681,1633
1.9737,1632
1.979,1626
1.9847,1629
1.9903,1635
1.9959,1630
2.0069,1626
2.0126,1633
2.018,1631
2.0236,1627
2.0292,1626
2.0348,1633
2.0402,1630
2.0458,1626
2.0515,1626
2.0568,1634
2.0624,1633
2.0681,1625
2.0737,1626
2.0791,1629
2.0847,1633
2.0904,1629
2.096,1627
2.1013,1628
2.107,1634
2.1126,1629
2.1179,1622
2.1236,1630
2.1292,1633
2.1348,1632
2.1401,1626
2.1458,1625
2.1514,1632
2.157,1631
2.1624,1625
2.168,1625
2.1736,1631
2.1793,1631
2.1846,1627
2.1902,1626
2.1959,1633
2.2015,1636
2.2069,1629
2.2125,1623
2.2181,1627
2.2235,1633
2.2291,1631
2.2347,1625
2.2404,1627
2.2457,1635
2.2514,1631
2.257,1626
2.2627,1627
2.268,1634
2.2737,1628
2.2793,1626
2.2847,1626
2.2903,1633
2.2959,1633
2.3015,1629
2.3069,1624
2.3125,1628
2.3182,1634
2.3235,1630
2.3291,1623
2.3348,1626
2.3404,1633
2.3457,1633
2.3514,1626
2.357,1626
2.3626,1630
2.368,1632
2.3736,1627
2.3792,1624
2.3849,1629
2.3902,1632
2.3958,1630
2.4015,1624
2.4068,1627
2.4124,1633
2.4181,1630
2.4237,1623
2.4293,1630
2.4347,1632
2.4403,1632
2.446,1625
2.4513,1628
2.457,1633
2.4626,1630
2.4682,1625
2.4736,1626
2.4792,1633
2.4848,1633
2.4902,1627
2.4958,1627
2.5014,1631
2.5071,1633
2.5124,1629
2.5181,1627
2.5237,1628
2.5293,1634
2.5347,1630
2.5403,1626
2.5459,1629
2.5513,1631
2.5569,1628
2.5626,1626
2.5682,1629
2.5736,1632
2.5792,1631
2.5848,1625
2.5905,1629
2.5958,1634
2.6014,1631
2.6071,1623
2.6124,1627
2.618,1635
2.6236,1629
2.6293,1624
2.6346,1627
2.6403,1634
2.6459,1630
2.6515,1625
2.6569,1627
2.6625,1633
2.6681,1631
2.6737,1625
2.6793,1628
2.6847,1635
2.6903,1633
2.6959,1625
2.7016,1626
2.7069,1632
2.7126,1634
2.7182,1627
2.7235,1624
2.7292,1630
2.7348,1633
2.7404,1628
2.7458,1625
2.7514,1630
2.757,1634
2.7626,1628
2.768,1624
2.7736,1630
2.7792,1633
2.7849,1628
2.7902,1626
2.7959,1630
2.8015,1633
2.8071,1628
2.8125,1625
2.8181,1629
2.8237,1632
2.8291,1626
2.8347,1629
2.8404,1634
2.846,1632
2.8513,1627
2.857,1629
2.8626,1633
2.8682,1629
2.8736,1626
2.8792,1628
2.8848,1632
2.8902,1628
2.8958,1626
2.9015,1630
2.9071,1633
2.9124,1627
2.9181,1624
2.9237,1632
2.9293,1631
2.9346,1626
2.9403,1625
2.9459,1630
2.9515,1632
2.9571,1625
2.9625,1627
2.9681,1631
2.9737,1633
2.9793,1627
2.9847,1624
2.9903,1631
2.9959,1633
3.0069,1627
3.0125,1632
3.0182,1631
3.0236,1628
3.0292,1624
3.0348,1630
3.0405,1634
3.0458,1627
3.0514,1626
3.0571,1633
3.0627,1632
3.068,1625
3.0737,1625
3.0793,1633
3.0849,1633
3.0902,1627
3.0959,1625
3.1015,1631
3.1071,1635
3.1125,1628
3.1181,1625
3.1237,1631
3.1294,1633
3.1347,1627
3.1403,1625
3.146,1629
3.1513,1634
3.157,1627
3.1626,1626
3.1682,1629
3.1736,1635
3.1792,1627
3.1848,1626
3.1905,1631
3.1958,1633
3.2014,1626
3.207,1627
3.2127,1632
3.218,1631
3.2236,1625
3.2293,1628
3.2349,1632
3.2402,1628
3.2458,1626
3.2515,1629
3.2571,1633
3.2627,1627
3.268,1626
3.2737,1634
3.2793,1630
3.2846,1624
3.2903,1627
3.2959,1634
3.3015,1631
3.3071,1626
3.3125,1629
3.3181,1632
3.3237,1630
3.3294,1626
3.3347,1629
3.3403,1632
3.3459,1632
3.3516,1624
3.3569,1628
3.3625,1635
3.3681,1631
3.3737,1624
3.3791,1629
3.3847,1633
3.3904,1632
3.3959,1625
3.4015,1626
3.4072,1632
3.4125,1634
3.4181,1627
3.4237,1624
3.4293,1630
3.4347,1636
3.4404,1629
3.446,1626
3.4513,1628
3.457,1634
3.4626,1628
3.4682,1625
3.4739,1630
3.4792,1635
3.4848,1629
3.4904,1625
3.4961,1629
3.5015,1633
3.5071,1627
3.5127,1627
3.518,1630
3.5237,1634
3.5293,1628
3.5346,1624
3.5403,1629
3.5459,1632
3.5515,1629
3.5572,1627
3.5625,1630
3.5681,1632
3.5738,1626
3.5794,1625
3.5847,1632
3.5903,1632
3.596,1628
3.6016,1625
3.6069,1629
3.6126,1634
3.6182,1625
3.6236,1627
3.6292,1631
3.6349,1631
3.6405,1624
3.6458,1626
3.6515,1632
3.6571,1630
3.6627,1625
3.6681,1628
3.6737,1632
3.6793,1630
3.6847,1624
3.6903,1629
3.696,1633
3.7016,1630
3.7069,1627
3.7126,1632
3.7182,1631
3.7238,1625
3.7292,1626
3.7348,1633
3.7405,1631
3.7458,1626
3.7514,1628
3.7571,1633
3.7627,1632
3.7681,1625
3.7737,1627
3.7793,1632
3.7849,1631
3.7903,1625
3.7959,1627
3.8015,1631
3.8072,1632
3.8125,1628
3.8182,1623
3.8238,1631
3.8291,1633
3.8348,1627
3.8404,1627
3.846,1631
3.8514,1631
3.857,1627
3.8626,1627
3.8682,1631
3.8736,1633
3.8792,1624
3.8848,1626
3.8905,1631
3.8958,1631
3.9014,1626
3.9071,1626
3.9127,1633
3.9181,1632
3.9237,1625
3.9293,1627
3.9347,1631
3.9403,1631
3.946,1626
3.9516,1628
3.9569,1631
3.9626,1628
3.9682,1627
3.9738,1627
3.9792,1632
3.9848,1627
3.9904,1627
3.9961,1630
4.0014,1633
4.0071,1628
4.0127,1624
4.018,1629
4.0237,1633
4.0293,1629
4.0349,1625
4.0403,1629
4.0459,1632
4.0516,1628
4.0569,1626
4.0626,1629
4.0682,1634
4.0738,1628
4.0792,1625
4.0848,1628
4.0904,1633
4.096,1627
4.1014,1628
4.107,1630
4.1126,1633
4.1183,1625
4.1236,1627
4.1292,1630
4.1348,1632
4.1405,1628
4.1461,1626
4.1515,1630
4.1571,1633
4.1627,1629
4.1681,1627
4.1737,1631
4.1793,1631
4.1849,1626
4.1903,1625
4.1959,1630
4.2016,1633
4.2072,1623
4.2125,1625
4.2182,1632
4.2238,1631
4.2294,1624
4.2348,1627
4.2404,1635
4.246,1630
4.2514,1624
4.257,1625
4.2626,1631
4.2682,1632
4.2739,1625
4.2792,1627
4.2848,1631
4.2905,1633
4.2958,1627
4.3014,1625
4.3071,1631
4.3127,1632
4.318,1627
4.3236,1627
4.3293,1630
4.3349,1633
4.3405,1625
4.3459,1627
4.3515,1633
4.3571,1634
4.3627,1624
4.3681,1626
4.3737,1631
4.3793,1634
4.385,1626
4.3903,1625
4.3959,1631
4.4016,1632
4.4072,1627
4.4125,1625
4.4182,1630
4.4238,1634
4.4294,1627
4.4347,1624
4.4404,1627
4.446,1635
4.4514,1630
4.457,1625
4.4626,1627
4.4683,1634
4.4736,1631
4.4793,1624
4.4849,1627
4.4903,1632
4.4959,1632
4.5015,1626
4.5071,1627
4.5125,1635
4.5181,1631
4.5238,1627
4.5294,1627
4.5347,1633
4.5404,1630
4.546,1626
4.5516,1626
4.557,1635
4.5626,1630
4.5682,1627
4.5738,1627
4.5792,1632
4.5848,1631
4.5905,1625
4.5958,1627
4.6014,1633
4.607,1632
4.6127,1626
4.618,1626
4.6236,1631
4.6293,1632
4.6349,1626
4.6405,1627
4.6459,1633
4.6515,1632
4.6571,1624
4.6627,1627
4.6681,1631
4.6737,1633
4.6793,1624
4.685,1625
4.6903,1631
4.6959,1633
4.7016,1626
4.7072,1627
4.7126,1632
4.7182,1632
4.7238,1626
4.7292,1629
4.7348,1632
4.7405,1631
4.7461,1625
4.7514,1626
4.7571,1632
4.7627,1631
4.768,1626
4.7737,1628
4.7793,1631
4.7849,1633
4.7903,1625
4.7959,1628
4.8016,1631
4.8072,1635
4.8125,1628
4.8182,1623
4.8238,1627
4.8294,1633
4.8348,1632
4.8405,1626
4.8461,1626
4.8514,1634
4.8571,1631
4.8625,1627
4.8681,1626
4.8737,1629
4.8794,1632
4.8847,1627
4.8903,1625
4.8959,1630
4.9016,1636
4.9072,1630
4.9125,1625
4.9181,1626
4.9237,1636
4.9294,1632
4.9347,1629
4.9403,1628
4.9459,1634
4.9516,1631
4.9572,1625
4.9625,1625
4.9682,1633
4.9737,1633
4.9794,1625
4.9847,1626
4.9903,1631
4.996,1632
5.0015,1629
5.0072,1626
5.0125,1629
5.0182,1633
5.0238,1628
5.0293,1625
5.035,1631
5.0403,1633
5.0459,1627
5.0516,1625
5.0571,1631
5.0625,1634
5.0681,1628
5.0738,1623
5.0794,1629
5.0847,1636
5.0904,1631
5.096,1626
5.1016,1624
5.1069,1633
5.1126,1632
5.1182,1626
5.1238,1628
5.1292,1632
5.1348,1633
5.1404,1626
5.1461,1626
5.1514,1633
5.157,1630
5.1627,1625
5.1683,1627
5.1737,1634
5.1793,1631
5.1849,1627
5.1903,1628
5.1959,1633
5.2015,1630
5.2072,1625
5.2125,1630
5.2181,1633
5.2238,1629
5.2294,1627
5.235,1630
5.2404,1631
5.246,1626
5.2516,1626
5.257,1632
5.2626,1631
5.2682,1625
5.2739,1627
5.2792,1633
5.2848,1631
5.2905,1625
5.2961,1626
5.3014,1633
5.3071,1632
5.3127,1627
5.3183,1627
5.3237,1631
5.3293,1633
5.3349,1627
5.3405,1626
5.3459,1632
5.3515,1632
5.3572,1626
5.3628,1624
5.3681,1631
5.3737,1633
5.3794,1628
5.385,1625
5.3903,1627
5.396,1634
5.4016,1633
5.4069,1626
5.4126,1626
5.4182,1631
5.4238,1633
5.4292,1626
5.4348,1625
5.4404,1632
5.4461,1632
5.4515,1626
5.4571,1627
5.4628,1633
5.4681,1633
5.4738,1627
5.4794,1626
5.4847,1633
5.4904,1631
5.496,1626
5.5016,1630
5.507,1633
5.5126,1630
5.5182,1625
5.5239,1630
5.5292,1634
5.5348,1630
5.5405,1624
5.5461,1627
5.5514,1633
5.5571,1631
5.5627,1624
5.5683,1623
5.5736,1632
5.5793,1636
5.5849,1630
5.5906,1624
5.5959,1626
5.6015,1630
5.6072,1633
5.6125,1626
5.6181,1627
5.6238,1629
5.6294,1635
5.6348,1627
5.6404,1625
5.646,1629
5.6517,1634
5.657,1633
5.6626,1625
5.6683,1626
5.6736,1633
5.6792,1633
5.6849,1628
5.6905,1629
5.6958,1634
5.7015,1630
5.7071,1625
5.7127,1625
5.7181,1632
5.7237,1634
5.7294,1628
5.735,1625
5.7404,1628
5.746,1634
5.7516,1629
5.757,1623
5.7626,1626
5.7682,1633
5.7739,1631
5.7792,1625
5.7848,1627
5.7905,1633
5.7961,1632
5.8015,1624
5.8071,1625
5.8127,1630
5.8181,1633
5.8237,1628
5.8294,1624
5.835,1630
5.8403,1633
5.846,1628
5.8516,1625
5.8572,1628
5.8626,1632
5.8682,1633
5.8738,1628
5.8792,1624
5.8848,1630
5.8904,1635
5.8961,1630
5.9014,1625
5.9071,1628
5.9127,1633
5.9181,1629
5.9237,1625
5.9293,1629
5.935,1633
5.9403,1632
5.946,1626
5.9516,1627
5.9572,1634
5.9626,1630
5.9682,1624
5.9738,1626
5.9794,1633
5.9848,1636
5.9904,1628
5.996,1625
6.0017,1629
6.0071,1635
6.0127,1632
6.0183,1630
6.0236,1627
6.0293,1631
6.0349,1633
6.0405,1626
6.0458,1626
6.0515,1632
6.0571,1633
6.0627,1626
6.0683,1625
6.0737,1630
6.0794,1634
6.085,1632
6.0904,1625
6.096,1626
6.1016,1632
6.107,1633
6.1126,1626
6.1182,1625
6.1238,1632
6.1292,1634
6.1348,1629
6.1404,1625
6.1461,1629
6.1517,1635
6.157,1630
6.1626,1626
6.1683,1627
6.1739,1632
6.1792,1632
6.1849,1625
6.1905,1628
6.1961,1632
6.2015,1634
6.2071,1626
6.2127,1624
6.2181,1629
6.2237,1634
6.2294,1629
6.235,1624
6.2403,1627
6.246,1632
6.2516,1631
6.2572,1623
6.2626,1626
6.2682,1631
6.2738,1632
6.2795,1624
6.2848,1627
6.2904,1635
6.2961,1634
6.3014,1625
6.307,1625
6.3127,1631
6.3183,1634
6.3237,1629
6.3293,1625
6.3349,1630
6.3405,1633
6.3459,1632
6.3515,1625
6.3571,1623
6.3627,1633
6.3681,1633
6.3737,1627
6.3793,1625
6.385,1630
6.3906,1634
6.3959,1630
6.4015,1621
6.4072,1626
6.4125,1635
6.4182,1632
6.4238,1624
6.4294,1626
6.435,1633
6.4403,1631
6.446,1626
6.4516,1626
6.4572,1630
6.4626,1634
6.4681,1629
6.4737,1626
6.4794,1629
6.485,1633
6.4904,1630
6.4959,1626
6.5015,1629
6.5072,1634
6.5128,1628
6.5181,1626
6.5237,1630
6.5293,1632
6.535,1628
6.5404,1626
6.546,1631
6.5515,1631
6.5572,1626
6.5628,1625
6.5681,1630
6.5738,1635
6.5793,1631
6.5849,1626
6.5903,1628
6.5959,1633
6.6016,1630
6.6071,1627
6.6128,1628
6.6181,1632
6.6237,1634
6.6294,1626
6.6349,1624
6.6406,1629
6.6459,1635
6.6515,1631
6.6572,1626
6.6627,1625
6.6684,1632
6.6737,1633
6.6793,1626
6.685,1626
6.6903,1631
6.6959,1633
6.7016,1629
6.7072,1627
6.7125,1632
6.7182,1632
6.7238,1625
6.7294,1626
6.7348,1632
6.7404,1633
6.746,1626
6.7516,1625
6.757,1628
6.7626,1634
6.7682,1627
6.7739,1625
6.7792,1632
6.7848,1634
6.7905,1629
6.7961,1624
6.8015,1631
6.8071,1633
6.8127,1628
6.8183,1624
6.8237,1626
6.8293,1634
6.8349,1632
6.8406,1625
6.8459,1627
6.8515,1631
6.8572,1631
6.8628,1628
6.8682,1625
6.8738,1631
6.8794,1634
6.8848,1627
6.8904,1626
6.896,1632
6.9017,1634
6.907,1627
6.9126,1626
6.9183,1630
6.9239,1634
6.9292,1628
6.9349,1626
6.9405,1632
6.9461,1635
6.9515,1629
6.9571,1625
6.9627,1626
6.9683,1633
6.9739,1631
6.9793,1625
6.9849,1627
6.9905,1632
6.9961,1632
7.0015,1624
7.0072,1627
7.0125,1634
7.0181,1635
7.0238,1627
7.0294,1623
7.035,1629
7.0404,1633
7.046,1626
7.0516,1624
7.0573,1629
7.0626,1634
7.0682,1628
7.0739,1624
7.0792,1630
7.0848,1634
7.0905,1628
7.0961,1626
7.1014,1629
7.1071,1633
7.1127,1629
7.1183,1624
7.1236,1627
7.1293,1634
7.1349,1633
7.1405,1626
7.1459,1624
7.1515,1629
7.1571,1634
7.1627,1628
7.1681,1625
7.1737,1630
7.1794,1634
7.185,1628
7.1903,1627
7.196,1631
7.2016,1632
7.2072,1628
7.2126,1627
7.2182,1633
7.2239,1631
7.2292,1626
7.2348,1624
7.2405,1630
7.2461,1633
7.2517,1629
7.2571,1626
7.2627,1631
7.2683,1634
7.2737,1628
7.2793,1624
7.2849,1628
7.2905,1633
7.2959,1630
7.3015,1626
7.3072,1629
7.3128,1634
7.3182,1631
7.3238,1625
7.3294,1627
7.3348,1634
7.3404,1632
7.3461,1627
7.3517,1626
7.357,1633
7.3627,1630
7.3683,1626
7.3737,1626
7.3793,1634
7.3849,1632
7.3905,1625
7.3962,1625
7.4015,1629
7.4071,1632
7.4128,1628
7.4181,1625
7.4237,1630
7.4293,1633
7.435,1627
7.4403,1624
7.446,1628
7.4516,1634
7.4572,1630
7.4626,1625
7.4682,1626
7.4738,1635
7.4795,1632
7.4848,1625
7.4904,1628
7.4961,1632
7.5017,1634
7.507,1630
7.5126,1623
7.5183,1629
7.5239,1633
7.5293,1627
7.5349,1625
7.5405,1627
7.5459,1632
7.5515,1631
7.5571,1625
7.5628,1629
7.5681,1633
7.5738,1629
7.5794,1624
7.585,1629
7.5904,1633
7.596,1633
7.6016,1625
7.6072,1625
7.6126,1633
7.6182,1634
7.6239,1627
7.6292,1626
7.6348,1631
7.6405,1633
7.6461,1627
7.6517,1623
7.6571,1631
7.6627,1634
7.6683,1626
7.6737,1622
7.6793,1632
7.6849,1633
7.6905,1630
7.6959,1625
7.7015,1626
7.7071,1633
7.7128,1629
7.7181,1626
7.7238,1625
7.7294,1634
7.735,1634
7.7404,1627
7.746,1626
7.7516,1631
7.7572,1632
7.7626,1624
7.7682,1625
7.7739,1634
7.7792,1633
7.7848,1625
7.7904,1626
7.7961,1635
7.8014,1633
7.8071,1626
7.8127,1625
7.8183,1630
7.8237,1631
7.8293,1627
7.8349,1626
7.8405,1631
7.8462,1633
7.8515,1629
7.8571,1623
7.8628,1630
7.8681,1634
7.8738,1628
7.8794,1625
7.885,1629
7.8904,1635
7.896,1626
7.9016,1624
7.9073,1632
7.9126,1633
7.9183,1626
7.9239,1627
7.9295,1632
7.9348,1634
7.9405,1627
7.9461,1624
7.9515,1633
7.9571,1635
7.9627,1627
7.9681,1625
7.9737,1631
7.9793,1634
7.985,1628
7.9906,1625
7.9959,1630
8.0016,1636
8.0073,1630
8.0126,1625
8.0182,1627
8.0239,1635
8.0292,1630
8.0349,1624
8.0405,1629
8.0459,1634
8.0515,1628
8.0572,1626
8.0628,1627
8.0681,1632
8.0737,1630
8.0793,1626
8.0849,1628
8.0906,1635
8.0959,1630
8.1015,1624
8.1071,1627
8.1127,1632
8.1184,1629
8.1237,1625
8.1293,1628
8.1349,1634
8.1406,1630
8.1459,1624
8.1515,1626
8.1571,1633
8.1627,1633
8.1684,1626
8.1737,1626
8.1794,1632
8.1849,1630
8.1905,1624
8.1962,1627
8.2015,1631
8.2071,1631
8.2127,1624
8.2183,1626
8.2237,1633
8.2293,1631
8.2349,1626
8.2405,1627
8.2462,1633
8.2515,1631
8.2571,1626
8.2628,1628
8.2683,1631
8.2737,1631
8.2793,1625
8.2849,1628
8.2906,1633
8.2959,1631
8.3015,1626
8.3072,1626
8.3128,1634
8.3182,1632
8.3238,1625
8.3294,1626
8.3348,1633
8.3404,1628
8.346,1624
8.3517,1627
8.357,1634
8.3626,1631
8.3682,1623
8.3739,1628
8.3792,1634
8.3849,1631
8.3905,1624
8.3961,1627
8.4017,1633
8.4071,1633
8.4127,1626
8.4184,1625
8.4237,1631
8.4293,1632
8.435,1626
8.4403,1625
8.446,1631
8.4516,1633
8.4572,1627
8.4628,1624
8.4682,1630
8.4738,1633
8.4794,1628
8.485,1624
8.4904,1629
8.496,1635
8.5017,1628
8.507,1626
8.5126,1629
8.5183,1634
8.5239,1628
8.5292,1625
8.5349,1630
8.5405,1633
8.5461,1628
8.5515,1628
8.5571,1631
8.5627,1632
8.5684,1627
8.5737,1625
8.5793,1632
8.585,1632
8.5903,1627
8.596,1626
8.6016,1631
8.6072,1634
8.6126,1627
8.6182,1626
8.6238,1631
8.6295,1631
8.6348,1626
8.6404,1625
8.646,1631
8.6517,1633
8.657,1628
8.6626,1626
8.6683,1631
8.6739,1634
8.6793,1627
8.6849,1624
8.6905,1632
8.6961,1632
8.7015,1627
8.7071,1624
8.7128,1630
8.7181,1632
8.7237,1626
8.7293,1628
8.735,1630
8.7406,1634
8.746,1626
8.7516,1625
8.7572,1632
8.7629,1631
8.7682,1623
8.7738,1630
8.7795,1631
8.7848,1632
8.7904,1627
8.7961,1627
8.8014,1632
8.807,1633
8.8127,1624
8.8183,1625
8.8239,1629
8.8293,1632
8.8349,1628
8.8405,1626
8.8461,1630
8.8515,1635
8.8571,1629
8.8627,1625
8.8683,1630
8.8737,1634
8.8793,1628
8.8849,1625
8.8906,1629
8.8962,1632
8.9015,1628
8.9071,1625
8.9128,1630
8.9184,1633
8.9237,1628
8.9294,1626
8.935,1629
8.9404,1634
8.946,1629
8.9516,1625
8.9572,1628
8.9626,1632
8.9682,1629
8.9738,1625
8.9795,1629
8.9848,1633
8.9904,1629
8.9961,1624
9.0017,1629
9.0071,1633
9.0127,1626
9.0183,1626
9.0239,1631
9.0293,1633
9.0349,1628
9.0405,1624
9.0461,1632
9.0515,1631
9.0571,1627
9.0628,1627
9.0681,1632
9.0737,1629
9.0794,1626
9.085,1629
9.0904,1633
9.096,1632
9.1016,1626
9.1072,1629
9.1126,1634
9.1182,1630
9.1238,1625
9.1292,1629
9.1348,1632
9.1404,1631
9.1461,1624
9.1514,1629
9.1571,1634
9.1627,1630
9.1683,1627
9.1739,1629
9.1793,1634
9.1849,1630
9.1905,1625
9.1962,1628
9.2015,1632
9.2071,1628
9.2128,1624
9.2181,1630
9.2238,1632
9.2294,1630
9.235,1625
9.2403,1628
9.246,1632
9.2516,1628
9.2572,1627
9.2626,1629
9.2682,1633
9.2738,1629
9.2795,1627
9.2848,1629
9.2904,1635
9.2961,1629
9.3017,1626
9.3071,1630
9.3127,1632
9.3183,1630
9.3237,1625
9.3293,1631
9.3349,1632
9.3406,1627
9.3459,1627
9.3516,1633
9.3572,1632
9.3626,1625
9.3682,1626
9.3738,1631
9.3794,1632
9.385,1627
9.3904,1627
9.396,1633
9.4016,1630
9.407,1627
9.4126,1627
9.4182,1634
9.4239,1634
9.4295,1626
9.4348,1627
9.4405,1632
9.4461,1631
9.4517,1625
9.4571,1624
9.4627,1632
9.4684,1632
9.4737,1625
9.4793,1625
9.4849,1631
9.4906,1633
9.4959,1627
9.5016,1626
9.5072,1632
9.5128,1632
9.5181,1626
9.5238,1625
9.5294,1629
9.535,1632
9.5404,1626
9.546,1627
9.5516,1631
9.5572,1632
9.5626,1627
9.5682,1626
9.5739,1630
9.5795,1636
9.5848,1629
9.5905,1624
9.5961,1628
9.6015,1634
9.6071,1631
9.6127,1624
9.6184,1627
9.6237,1632
9.6293,1629
9.6349,1626
9.6406,1631
9.6459,1634
9.6515,1630
9.6571,1625
9.6628,1628
9.6682,1635
9.6738,1631
9.6793,1623
9.6849,1627
9.6906,1634
9.6959,1632
9.7015,1626
9.7071,1625
9.7127,1632
9.7184,1633
9.7237,1626
9.7294,1625
9.7349,1629
9.7406,1631
9.7459,1625
9.7515,1626
9.7572,1633
9.7627,1632
9.7684,1626
9.7737,1627
9.7793,1633
9.785,1630
9.7905,1626
9.7962,1626
9.8015,1631
9.8071,1633
9.8128,1626
9.8183,1625
9.8237,1632
9.8293,1633
9.8349,1627
9.8406,1625
9.8459,1631
9.8515,1632
9.8572,1626
9.8628,1624
9.8681,1631
9.8738,1631
9.8794,1627
9.885,1623
9.8904,1628
9.896,1632
9.9016,1630
9.9072,1622
9.9126,1625
9.9182,1634
9.9238,1635
9.9295,1626
9.9351,1626
9.9404,1631
9.946,1634
9.9517,1628
9.957,1624
9.9627,1628
9.9683,1633
9.9737,1631
9.9793,1624
9.9849,1626
9.9905,1633
9.9959,1631
10.0015,1625
10.0072,1625
10.0128,1632
10.0184,1634
10.0238,1628
10.0294,1623
10.035,1630
10.0404,1633
10.046,1629
10.0516,1626
10.0572,1629
10.0626,1634
10.0682,1629
10.0739,1623
10.0795,1627
10.0848,1634
10.0904,1631
10.0961,1624
10.1017,1627
10.107,1633
10.1126,1634
10.1183,1627
10.1239,1625
10.1292,1632
10.1349,1634
10.1405,1627
10.1461,1626
10.1517,1631
10.1571,1633
10.1627,1628
10.1683,1626
10.1737,1628
10.1793,1634
10.1849,1630
10.1906,1624
10.1959,1627
10.2015,1632
10.2072,1632
10.2128,1627
10.2181,1627
10.2238,1633
10.2294,1631
10.235,1624
10.2404,1628
10.246,1634
10.2517,1632
10.257,1626
10.2626,1629
10.2683,1633
10.2739,1632
10.2792,1624
10.2849,1626
10.2905,1632
10.2961,1631
10.3015,1626
10.3071,1626
10.3128,1632
10.3184,1634
10.3237,1628
10.3293,1623
10.335,1630
10.3406,1634
10.3459,1631
10.3516,1624
10.3572,1631
10.3626,1632
10.3682,1627
10.3738,1622
10.3795,1632
10.3848,1633
10.3904,1629
10.396,1625
10.4017,1630
10.407,1633
10.4127,1628
10.4183,1624
10.4239,1629
10.4293,1633
10.4349,1629
10.4405,1625
10.4461,1629
10.4515,1632
10.4571,1629
10.4628,1626
10.4681,1631
10.4738,1633
10.4794,1629
10.485,1625
10.4904,1627
10.496,1634
10.5016,1629
10.5073,1625
10.5126,1629
10.5182,1632
10.5239,1633
10.5292,1627
10.5349,1625
10.5405,1632
10.5461,1633
10.5515,1624
10.5571,1627
10.5628,1632
10.5681,1633
10.5737,1628
10.5794,1624
10.585,1631
10.5904,1632
10.596,1628
10.6016,1625
10.6072,1629
10.6126,1632
10.6182,1629
10.6238,1625
10.6295,1630
10.6348,1632
10.6404,1629
10.6461,1627
10.6517,1633
10.6571,1633
10.6627,1629
10.6683,1624
10.6739,1630
10.6793,1634
10.6849,1628
10.6905,1625
10.6959,1627
10.7015,1634
10.7071,1630
10.7128,1623
10.7184,1628
10.7238,1633
10.7294,1632
10.735,1628
10.7404,1625
10.746,1631
10.7516,1634
10.7573,1628
10.7626,1622
10.7683,1628
10.7739,1634
10.7793,1631
10.7849,1624
10.7905,1629
10.7962,1633
10.8015,1631
10.8071,1625
10.8128,1627
10.8184,1632
10.8237,1630
10.8293,1626
10.8349,1629
10.8406,1633
10.8462,1631
10.8515,1623
10.8572,1630
10.8628,1633
10.8681,1631
10.8738,1624
10.8794,1627
10.885,1634
10.8904,1631
10.896,1625
10.9016,1626
10.9072,1633
10.9126,1635
10.9182,1625
10.9238,1623
10.9295,1629
10.9351,1633
10.9404,1629
10.9461,1625
10.9517,1628
10.9573,1637
10.9627,1630
10.9683,1625
10.9739,1627
10.9795,1634
10.9849,1633
10.9905,1626
10.9961,1626
11.0018,1632
11.0071,1630
11.0128,1626
11.0184,1627
11.0238,1634
11.0294,1633
11.035,1626
11.0406,1627
11.046,1635
11.0516,1629
11.0573,1627
11.0626,1629
11.0683,1632
11.0739,1634
11.0795,1627
11.0849,1625
11.0905,1631
11.0962,1633
11.1018,1630
11.1071,1625
11.1128,1631
11.1184,1634
11.1237,1627
11.1294,1626
11.135,1630
11.1406,1634
11.146,1630
11.1516,1623
11.1572,1626
11.1629,1633
11.1682,1631
11.1737,1625
11.1793,1627
11.185,1632
11.1906,1629
11.1959,1624
11.2015,1627
11.2072,1634
11.2128,1632
11.2184,1626
11.2238,1626
11.2294,1634
11.235,1632
11.2406,1625
11.246,1624
11.2516,1631
11.2572,1633
11.2628,1628
11.2684,1624
11.2738,1630
11.2794,1635
11.285,1630
11.2906,1626
11.2962,1628
11.3016,1635
11.3072,1631
11.3128,1625
11.3184,1625
11.3238,1630
11.3294,1635
11.335,1628
11.3406,1624
11.346,1628
11.3516,1633
11.3572,1630
11.3629,1625
11.3684,1627
11.3738,1633
11.3794,1632
11.385,1623
11.3906,1626
11.396,1633
11.4016,1630
11.4073,1625
11.4129,1628
11.4182,1633
11.4239,1631
11.4295,1626
11.4348,1626
11.4405,1633
11.4461,1632
11.4517,1626
11.4571,1626
11.4627,1634
11.4683,1633
11.474,1625
11.4793,1628
11.485,1631
11.4906,1632
11.4962,1625
11.5016,1627
11.5072,1633
11.5128,1631
11.5182,1626
11.5238,1628
11.5294,1634
11.5351,1629
11.5404,1626
11.546,1629
11.5517,1632
11.5573,1630
11.5629,1626
11.5683,1630
11.5739,1632
11.5795,1627
11.5849,1623
11.5905,1629
11.5962,1633
11.6015,1627
11.6071,1625
11.6127,1630
11.6184,1633
11.624,1627
11.6294,1626
11.635,1632
11.6406,1633
11.646,1625
11.6516,1626
11.6573,1632
11.6626,1633
11.6683,1627
11.6739,1626
11.6795,1631
11.6849,1634
11.6905,1626
11.6961,1625
11.7017,1634
11.7071,1630
11.7128,1627
11.7184,1624
11.724,1630
11.7294,1629
11.735,1626
11.7406,1626
11.746,1631
11.7516,1632
11.7572,1630
11.7628,1625
11.7685,1631
11.7738,1633
11.7794,1626
11.7851,1626
11.7907,1632
11.796,1632
11.8017,1627
11.8073,1627
11.8129,1633
11.8183,1633
11.8239,1627
11.8295,1626
11.8349,1629
11.8405,1633
11.8461,1628
11.8517,1623
11.8571,1630
11.8627,1632
11.8684,1629
11.874,1623
11.8793,1630
11.885,1632
11.8906,1628
11.8962,1626
11.9016,1630
11.9072,1634
11.9129,1627
11.9182,1624
11.9238,1629
11.9295,1632
11.9351,1628
11.9404,1625
11.9461,1629
11.9517,1634
11.9573,1629
11.9627,1625
11.9683,1628
11.9739,1633
11.9795,1629
11.9852,1625
11.9905,1630
11.9961,1634
12.0017,1628
12.0071,1624
12.0127,1630
12.0184,1634
12.024,1629
12.0293,1626
12.0349,1628
12.0406,1632
12.0462,1629
12.0518,1625
12.0572,1627
12.0628,1632
12.0684,1630
12.074,1624
12.0794,1628
12.085,1637
12.0907,1632
12.096,1626
12.1016,1629
12.1073,1633
12.1129,1630
12.1182,1626
12.1239,1628
12.1295,1633
12.1351,1627
12.1407,1624
12.1461,1626
12.1517,1634
12.1573,1629
12.1627,1624
12.1683,1626
12.174,1636
12.1793,1630
12.185,1626
12.1906,1627
12.1962,1632
12.2018,1632
12.2072,1625
12.2128,1625
12.2184,1632
12.224,1634
12.2294,1628
12.235,1625
12.2406,1629
12.2463,1634
12.2516,1629
12.2573,1625
12.2629,1627
12.2683,1633
12.2739,1631
12.2795,1625
12.2851,1626
12.2905,1633
12.2961,1632
12.3017,1626
12.3074,1625
12.3127,1633
12.3183,1632
12.3238,1624
12.3294,1626
12.335,1632
12.3406,1634
12.3463,1626
12.3516,1626
12.3572,1630
12.3628,1633
12.3685,1628
12.3738,1626
12.3794,1631
12.385,1633
12.3907,1629
12.3963,1622
12.4016,1631
12.4073,1631
12.4129,1631
12.4185,1624
12.4238,1626
12.4294,1633
12.4351,1632
12.4405,1626
12.4461,1626
12.4517,1632
12.4574,1631
12.4627,1625
12.4683,1628
12.4738,1632
12.4795,1631
12.4851,1624
12.4905,1628
12.4961,1633
12.5017,1630
12.5072,1624
12.5128,1625
12.5184,1631
12.5238,1635
12.5295,1626
12.5351,1625
12.5405,1631
12.5461,1633
12.5518,1630
12.5572,1625
12.5628,1628
12.5684,1633
12.5738,1629
12.5795,1626
12.5851,1629
12.5905,1632
12.5961,1631
12.6016,1626
12.6072,1626
12.6128,1633
12.6184,1630
12.6239,1624
12.6295,1627
12.6351,1632
12.6405,1635
12.6462,1627
12.6518,1623
12.6572,1628
12.6628,1634
12.6684,1629
12.6739,1626
12.6795,1630
12.6851,1635
12.6905,1628
12.6961,1625
12.7017,1627
12.7072,1634
12.7128,1630
12.7185,1625
12.7238,1628
12.7294,1634
12.7351,1632
12.7406,1625
12.7462,1627
12.7516,1633
12.7572,1633
12.7629,1624
12.7685,1625
12.7738,1629
12.7794,1632
12.7851,1624
12.7906,1626
12.7962,1632
12.8018,1632
12.8072,1629
12.8128,1625
12.8184,1629
12.8238,1633
12.8294,1629
12.8351,1623
12.8406,1627
12.8462,1633
12.8518,1631
12.8572,1626
12.8628,1627
12.8684,1634
12.8739,1632
12.8796,1623
12.8849,1629
12.8906,1633
12.8962,1630
12.9018,1626
12.9071,1627
12.9128,1632
12.9184,1631
12.9239,1625
12.9296,1627
12.9352,1633
12.9405,1632
12.9462,1623
12.9518,1627
12.9571,1631
12.9628,1633
12.9684,1624
12.9739,1624
12.9796,1629
12.9852,1635
12.9905,1629
12.9962,1626
13.0018,1628
13.0072,1634
13.0128,1632
13.0184,1626
13.024,1626
13.0296,1635
13.0352,1633
13.0406,1626
13.0462,1624
13.0518,1633
13.0572,1632
13.0628,1627
13.0684,1624
13.074,1630
13.0796,1634
13.085,1631
13.0906,1625
13.0962,1627
13.1018,1634
13.1072,1631
13.1128,1624
13.1185,1627
13.1238,1632
13.1294,1632
13.135,1630
13.1407,1626
13.146,1632
13.1516,1633
13.1573,1626
13.1629,1626
13.1685,1629
13.1738,1633
13.1794,1630
13.1851,1626
13.1907,1628
13.1963,1635
13.2016,1629
13.2073,1625
13.2129,1627
13.2183,1633
13.2239,1632
13.2295,1626
13.2351,1628
13.2407,1633
13.246,1632
13.2517,1626
13.2573,1628
13.2629,1631
13.2683,1631
13.2739,1626
13.2795,1627
13.2851,1632
13.2907,1633
13.2961,1627
13.3017,1625
13.3073,1630
13.3129,1633
13.3183,1626
13.3239,1626
13.3295,1633
13.3352,1630
13.3405,1625
13.3461,1625
13.3517,1632
13.3574,1632
13.363,1624
13.3683,1625
13.374,1632
13.3796,1632
13.3852,1627
13.3906,1624
13.3962,1632
13.4018,1633
13.4072,1627
13.4128,1627
13.4184,1633
13.4241,1633
13.4294,1626
13.435,1626
13.4407,1631
13.4463,1633
13.4517,1626
13.4573,1625
13.4629,1631
13.4683,1635
13.4739,1629
13.4795,1625
13.4852,1628
13.4905,1635
13.4961,1630
13.5018,1624
13.5074,1627
13.5127,1633
13.5184,1632
13.524,1625
13.5296,1626
13.5349,1632
13.5406,1629
13.5462,1626
13.5518,1628
13.5572,1635
13.5628,1630
13.5684,1624
13.5741,1626
13.5794,1632
13.585,1631
13.5907,1625
13.5963,1626
13.6016,1631
13.6073,1632
13.6129,1625
13.6183,1628
13.6239,1634
13.6295,1632
13.6351,1627
13.6408,1625
13.6461,1632
13.6517,1633
13.6574,1627
13.663,1628
13.6683,1631
13.674,1632
13.6796,1627
13.6852,1623
13.6906,1632
13.6962,1634
13.7018,1629
13.7072,1624
13.7128,1630
13.7184,1634
13.724,1628
13.7294,1624
13.735,1627
13.7406,1633
13.7463,1628
13.7516,1626
13.7572,1630
13.7628,1634
13.7685,1625
13.7741,1629
13.7794,1634
13.785,1632
13.7907,1626
13.7963,1628
13.8016,1633
13.8073,1632
13.8129,1626
13.8185,1624
13.8239,1632
13.8295,1634
13.8351,1626
13.8408,1625
13.8461,1632
13.8517,1634
13.8574,1628
13.8627,1625
13.8683,1629
13.874,1636
13.8796,1629
13.8849,1625
13.8906,1628
13.8962,1634
13.9018,1631
13.9072,1624
13.9128,1629
13.9185,1632
13.9239,1631
13.9295,1626
13.9351,1626
13.9408,1631
13.9461,1635
13.9517,1628
13.9574,1625
13.9627,1630
13.9684,1634
13.974,1630
13.9796,1623
13.9852,1629
13.9906,1634
13.9962,1631
14.0018,1625
14.0072,1625
14.0128,1633
14.0185,1632
14.0241,1626
14.0294,1626
14.0351,1629
14.0407,1634
14.0463,1626
14.0517,1625
14.0573,1632
14.063,1633
14.0683,1628
14.074,1624
14.0796,1627
14.0852,1635
14.0905,1630
14.0961,1624
14.1018,1624
14.1074,1632
14.113,1632
14.1184,1627
14.124,1625
14.1296,1631
14.135,1633
14.1406,1628
14.1462,1626
14.1519,1631
14.1572,1633
14.1628,1629
14.1684,1625
14.1741,1631
14.1794,1633
14.1851,1627
14.1907,1625
14.1963,1629
14.2017,1635
14.2073,1630
14.2129,1624
14.2186,1627
14.2239,1634
14.2295,1631
14.2352,1625
14.2405,1625
14.2461,1633
14.2517,1634
14.2573,1627
14.2629,1625
14.2686,1628
14.2739,1632
14.2795,1631
14.2851,1626
14.2908,1626
14.2961,1633
14.3017,1632
14.3073,1626
14.3129,1626
14.3186,1632
14.3239,1630
14.3295,1626
14.3351,1626
14.3407,1632
14.3461,1634
14.3517,1627
14.3573,1625
14.3629,1629
14.3683,1636
14.3739,1631
14.3795,1626
14.3851,1628
14.3907,1632
14.3961,1635
14.4017,1627
14.4073,1621
14.4129,1628
14.4186,1632
14.4239,1630
14.4295,1624
14.4352,1624
14.4405,1634
14.4461,1632
14.4518,1626
14.4574,1628
14.463,1632
14.4684,1635
14.474,1629
14.4796,1624
14.4852,1629
14.4906,1635
14.4963,1631
14.5016,1624
14.5072,1625
14.5129,1632
14.5185,1632
14.5239,1626
14.5295,1625
14.5351,1632
14.5407,1633
14.5464,1627
14.5517,1624
14.5574,1632
14.563,1634
14.5683,1630
14.574,1621
14.5796,1630
14.5852,1634
14.5906,1629
14.5962,1627
14.6018,1631
14.6075,1635
14.6128,1626
14.6184,1626
14.6241,1631
14.6294,1634
14.635,1628
14.6407,1625
14.6461,1630
14.6517,1633
14.6573,1628
14.6629,1627
14.6686,1630
14.6739,1634
14.6795,1629
14.6851,1625
14.6908,1630
14.6961,1634
14.7017,1629
14.7074,1622
14.713,1627
14.7183,1635
14.724,1632
14.7296,1626
14.7352,1627
14.7406,1632
14.7462,1633
14.7518,1624
14.7574,1628
14.7628,1633
14.7684,1630
14.7741,1626
14.7794,1627
14.785,1634
14.7907,1632
14.7963,1625
14.8017,1628
14.8073,1631
14.8129,1633
14.8185,1628
14.8239,1627
14.8295,1631
14.8351,1635
14.8408,1627
14.8461,1626
14.8517,1631
14.8574,1633
14.863,1629
14.8683,1625
14.874,1631
14.8796,1635
14.8852,1630
14.8906,1624
14.8962,1628
14.9018,1632
14.9075,1629
14.9128,1624
14.9185,1629
14.9241,1632
14.9294,1630
14.9351,1624
14.9407,1627
14.9463,1633
14.9517,1631
14.9573,1625
14.963,1627
14.9686,1633
14.9739,1631
14.9796,1624
14.9852,1627
14.9906,1633
14.9962,1631
15.0018,1626
15.0072,1629
15.0128,1634
15.0185,1630
15.0241,1626
15.0297,1627
15.0351,1630
15.0407,1630
15.0464,1625
15.0517,1625
15.0573,1633
15.063,1634
15.0686,1626
15.0739,1626
15.0795,1632
15.0852,1630
15.0905,1625
15.0962,1627
15.1018,1634
15.1074,1631
15.1128,1626
15.1184,1625
15.124,1631
15.1294,1632
15.135,1625
15.1407,1627
15.1463,1631
15.1516,1632
15.1573,1626
15.1629,1627
15.1685,1632
15.1741,1632
15.1795,1627
15.1851,1625
15.1907,1630
15.1964,1635
15.2017,1629
15.2073,1626
15.213,1629
15.2186,1632
15.2239,1628
15.2296,1624
15.2352,1628
15.2408,1633
15.2461,1630
15.2518,1627
15.2574,1630
15.263,1630
15.2684,1626
15.274,1628
15.2796,1632
15.285,1632
15.2906,1625
15.2962,1628
15.3018,1635
15.3072,1631
15.3128,1625
15.3185,1626
15.3241,1633
15.3297,1630
15.3351,1625
15.3407,1627
15.3463,1633
15.3517,1631
15.3573,1626
15.3629,1630
15.3683,1631
15.3739,1627
15.3796,1624
15.3852,1628
15.3908,1633
15.3962,1629
15.4018,1624
15.4072,1629
15.4128,1632
15.4184,1629
15.4241,1625
15.4294,1631
15.435,1631
15.4407,1625
15.4463,1627
15.4516,1632
15.4573,1630
15.4629,1626
15.4685,1627
15.4741,1632
15.4795,1629
15.4851,1626
15.4907,1627
15.4964,1633
15.5017,1632
15.5073,1628
15.513,1630
15.5186,1632
15.5239,1628
15.5295,1626
15.5352,1631
15.5408,1632
15.5461,1627
15.5518,1624
15.5574,1630
15.5628,1632
15.5684,1627
15.574,1626
15.5796,1632
15.585,1632
15.5906,1626
15.5963,1626
15.6019,1633
15.6072,1628
15.6128,1626
15.6185,1627
15.6241,1634
15.6295,1629
15.6351,1627
15.6407,1627
15.6463,1632
15.6517,1628
15.6573,1625
15.6629,1629
15.6685,1632
15.6739,1630
15.6795,1626
15.6852,1628
15.6908,1634
15.6961,1631
15.7017,1626
15.7074,1630
15.713,1632
15.7183,1629
15.724,1627
15.7296,1629
15.7352,1633
15.7406,1630
15.7463,1627
15.7519,1631
15.7573,1633
15.7629,1627
15.7685,1627
15.7739,1632
15.7795,1631
15.7852,1627
15.7908,1628
15.7961,1631
15.8018,1627
15.8074,1625
15.813,1630
15.8184,1632
15.824,1625
15.8296,1626
15.8352,1632
15.8406,1630
15.8462,1626
15.8517,1631
15.8573,1632
15.863,1630
15.8686,1627
15.8739,1628
15.8795,1632
15.8851,1629
15.8908,1624
15.8961,1627
15.9017,1633
15.9073,1632
15.913,1627
15.9186,1626
15.9239,1632
15.9296,1630
15.9351,1625
15.9408,1628
15.9461,1632
15.9517,1630
15.9574,1625
15.9629,1626
15.9686,1634
15.9739,1630
15.9795,1626
15.9852,1628
15.9907,1633
15.9961,1626
16.0017,1627
16.0074,1632
16.013,1633
16.0184,1626
16.024,1627
16.0296,1633
16.035,1630
16.0407,1625
16.0463,1631
16.0519,1634
16.0573,1627
16.0629,1625
16.0686,1631
16.0739,1633
16.0795,1626
16.0852,1626
16.0906,1631
16.0962,1631
16.1019,1626
16.1072,1627
16.1129,1631
16.1185,1630
16.1241,1627
16.1295,1628
16.1351,1632
16.1407,1628
16.1463,1626
16.1517,1629
16.1573,1634
16.163,1628
16.1683,1626
16.174,1632
16.1796,1630
16.1853,1625
16.1906,1627
16.1962,1634
16.2019,1629
16.2075,1624
16.2129,1631
16.2185,1633
16.2241,1629
16.2295,1628
16.2351,1631
16.2407,1629
16.2464,1626
16.2517,1631
16.2573,1633
16.263,1627
16.2686,1627
16.2739,1631
16.2796,1634
16.2852,1627
16.2906,1627
16.2963,1631
16.3019,1631
16.3073,1625
16.313,1624
16.3186,1631
16.324,1632
16.3296,1625
16.335,1629
16.3406,1632
16.3462,1632
16.3519,1625
16.3573,1627
16.3629,1633
16.3686,1630
16.3739,1625
16.3796,1628
16.3852,1632
16.3906,1631
16.3962,1624
16.4019,1626
16.4075,1632
16.4128,1631
16.4184,1626
16.4241,1627
16.4294,1633
16.435,1629
16.4407,1626
16.4463,1629
16.4519,1633
16.4573,1628
16.4629,1624
16.4685,1630
16.4742,1633
16.4795,1625
16.4852,1623
16.4905,1632
16.4962,1632
16.5018,1625
16.5074,1627
16.5128,1632
16.5184,1632
16.524,1624
16.5297,1627
16.5353,1631
16.5406,1631
16.5463,1627
16.5519,1626
16.5572,1632
16.5629,1633
16.5685,1626
16.5741,1628
16.5795,1632
16.5851,1628
16.5907,1625
16.5961,1630
16.6017,1634
16.6073,1630
16.6129,1625
16.6186,1630
16.6239,1633
16.6295,1626
16.6352,1627
16.6408,1631
16.6461,1631
16.6518,1625
16.6574,1629
16.663,1631
16.6684,1629
16.674,1626
16.6796,1630
16.6852,1632
16.6906,1627
16.6962,1629
16.7018,1634
16.7075,1630
16.7128,1625
16.7184,1630
16.7241,1633
16.7297,1628
16.735,1624
16.7407,1629
16.7463,1633
16.7519,1628
16.7573,1625
16.7629,1627
16.7685,1633
16.7739,1627
16.7795,1626
16.7852,1629
16.7905,1631
16.7961,1626
16.8018,1629
16.8074,1635
16.813,1631
16.8184,1625
16.824,1626
16.8296,1633
16.8353,1629
16.8406,1625
16.8462,1627
16.8519,1631
16.8572,1630
16.8629,1625
16.8685,1627
16.8741,1631
16.8795,1631
16.8851,1626
16.8907,1629
16.8964,1633
16.9017,1630
16.9073,1625
16.913,1629
16.9186,1634
16.9239,1630
16.9296,1625
16.9352,1629
16.9408,1632
16.9462,1627
16.9518,1625
16.9574,1632
16.9628,1632
16.9684,1627
16.974,1622
16.9797,1632
16.985,1632
16.9906,1625
16.9963,1625
17.0019,1630
17.0073,1632
17.0129,1626
17.0186,1626
17.0239,1631
17.0295,1633
17.0352,1627
17.0408,1626
17.0461,1631
17.0518,1634
17.0574,1626
17.063,1625
17.0686,1633
17.074,1630
17.0796,1627
17.0852,1629
17.0906,1633
17.0962,1629
17.1019,1624
17.1072,1630
17.1128,1633
17.1184,1628
17.1241,1625
17.1294,1631
17.135,1631
17.1407,1628
17.1463,1626
17.1519,1632
17.1573,1633
17.1629,1627
17.1685,1627
17.1742,1632
17.1795,1632
17.1851,1626
17.1908,1627
17.1964,1630
17.2017,1630
17.2074,1625
17.213,1626
17.2186,1632
17.2239,1633
17.2296,1629
17.2352,1627
17.2408,1631
17.2462,1632
17.2518,1626
17.2574,1628
17.263,1632
17.2684,1629
17.274,1625
17.2796,1630
17.2852,1632
17.2906,1626
17.2962,1625
17.3019,1630
17.3075,1633
17.3128,1627
17.3185,1626
17.3241,1633
17.3295,1631
17.3351,1627
17.3407,1630
17.3464,1633
17.3517,1627
17.3573,1625
17.363,1628
17.3686,1633
17.3739,1629
17.3795,1626
17.3852,1631
17.3908,1632
17.3962,1626
17.4017,1626
17.4074,1631
17.413,1634
17.4186,1627
17.424,1626
17.4295,1632
17.4351,1634
17.4408,1626
17.4461,1626
17.4518,1631
17.4573,1636
17.463,1629
17.4683,1625
17.4739,1629
17.4796,1632
17.4851,1631
17.4908,1624
17.4961,1630
17.5018,1632
17.5074,1627
17.513,1624
17.5186,1630
17.5239,1631
17.5296,1627
17.5352,1625
17.5405,1630
17.5462,1635
17.5518,1629
17.5575,1624
17.5628,1630
17.5685,1633
17.5741,1626
17.5797,1625
17.585,1629
17.5907,1634
17.5963,1627
17.6019,1625
17.6073,1629
17.6129,1633
17.6185,1627
17.6242,1625
17.6295,1630
17.6351,1633
17.6408,1628
17.6461,1625
17.6517,1630
17.6574,1633
17.663,1626
17.6686,1625
17.674,1642
17.6796,1631
17.6853,1626
17.6906,1627
17.6962,1631
17.7018,1630
17.7075,1626
17.7128,1629
17.7184,1633
17.724,1628
17.7297,1626
17.735,1629
17.7407,1631
17.7463,1631
17.7519,1624
17.7573,1632
17.7629,1633
17.7685,1631
17.7742,1627
17.7795,1629
17.7851,1633
17.7908,1626
17.7961,1627
17.8017,1630
17.8074,1632
17.813,1626
17.8183,1626
17.824,1633
17.8296,1631
17.8352,1625
17.8408,1629
17.8462,1630
17.8518,1628
17.8575,1627
17.8628,1633
17.8685,1632
17.8741,1626
17.8794,1625
17.8851,1632
17.8907,1632
17.8964,1628
17.9017,1627
17.9074,1630
17.913,1632
17.9183,1628
17.924,1628
17.9296,1633
17.9352,1631
17.9406,1625
17.9462,1627
17.9518,1632
17.9575,1630
17.9631,1626
17.9684,1629
17.974,1633
17.9797,1626
17.9853,1625
17.9906,1631
17.9963,1631
18.0019,1628
18.0073,1627
18.0129,1631
18.0185,1630
18.0239,1624
18.0295,1626
18.0351,1631
18.0408,1634
18.0464,1629
18.0518,1624
18.0574,1631
18.0628,1634
18.0684,1629
18.074,1625
18.0797,1630
18.085,1634
18.0907,1627
18.0963,1624
18.1019,1629
18.1073,1634
18.1129,1626
18.1186,1624
18.1239,1632
18.1296,1632
18.1352,1626
18.1406,1627
18.1463,1634
18.1519,1629
18.1573,1627
18.1629,1628
18.1685,1631
18.1739,1627
18.1795,1625
18.1852,1629
18.1908,1634
18.1962,1628
18.2018,1626
18.2074,1628
18.2131,1634
18.2185,1626
18.2241,1626
18.2295,1630
18.2352,1631
18.2408,1625
18.2461,1627
18.2518,1632
18.2574,1631
18.263,1626
18.2684,1625
18.274,1633
18.2797,1633
18.285,1626
18.2906,1624
18.2963,1628
18.3019,1633
18.3073,1632
18.3129,1625
18.3185,1626
18.3241,1632
18.3295,1632
18.3351,1626
18.3407,1625
18.3464,1630
18.3518,1631
18.3574,1626
18.363,1627
18.3684,1631
18.374,1631
18.3796,1626
18.3853,1625
18.3906,1632
18.3963,1631
18.4019,1626
18.4073,1626
18.4129,1633
18.4186,1635
18.4239,1626
18.4296,1627
18.4352,1633
18.4406,1632
18.4462,1627
18.4518,1627
18.4575,1632
18.4628,1630
18.4684,1625
18.4741,1626
18.4797,1634
18.485,1632
18.4907,1626
18.4963,1626
18.5019,1631
18.5073,1633
18.5129,1625
18.5185,1627
18.5241,1632
18.5295,1631
18.5351,1626
18.5407,1628
18.5463,1634
18.5517,1629
18.5573,1622
18.563,1629
18.5686,1634
18.5739,1629
18.5796,1625
18.5852,1624
18.5906,1633
18.5962,1630
18.6018,1625
18.6075,1627
18.6128,1633
18.6184,1630
18.6241,1627
18.6297,1630
18.635,1633
18.6407,1628
18.6463,1626
18.6519,1629
18.6573,1633
18.6629,1629
18.6685,1626
18.6742,1630
18.6795,1634
18.6851,1629
18.6908,1624
18.6964,1630
18.7018,1632
18.7074,1629
18.713,1627
18.7184,1630
18.724,1633
18.7296,1628
18.7352,1627
18.7406,1631
18.7462,1632
18.7519,1627
18.7575,1626
18.7628,1631
18.7685,1632
18.7741,1626
18.7797,1629
18.7851,1631
18.7907,1625
18.7963,1628
18.8019,1633
18.8073,1629
18.8129,1625
18.8186,1627
18.8239,1632
18.8295,1632
18.8352,1626
18.8408,1627
18.8461,1632
18.8518,1627
18.8574,1628
18.863,1632
18.8687,1632
18.874,1624
18.8796,1628
18.8853,1630
18.8906,1631
18.8961,1627
18.9018,1626
18.9074,1631
18.913,1632
18.9184,1626
18.9239,1626
18.9296,1633
18.9352,1632
18.9408,1625
18.9462,1625
18.9517,1632
18.9573,1632
18.963,1626
18.9686,1627
18.974,1632
18.9795,1627
18.9852,1624
18.9908,1630
18.9962,1632
19.0018,1626
19.0073,1626
19.013,1632
19.0184,1632
19.024,1625
19.0297,1626
19.0352,1632
19.0408,1630
19.0462,1625
19.0518,1625
19.0574,1630
19.0628,1633
19.0684,1627
19.074,1625
19.0797,1629
19.0853,1633
19.0906,1626
19.0962,1627
19.1019,1633
19.1075,1630
19.1128,1625
19.1185,1629
19.1241,1635
19.1297,1628
19.1351,1625
19.1407,1630
19.1464,1632
19.1517,1626
19.1573,1627
19.163,1631
19.1686,1632
19.1739,1625
19.1796,1626
19.1852,1630
19.1908,1632
19.1962,1627
19.2018,1625
19.2074,1629
19.2128,1633
19.2184,1626
19.2241,1623
19.2297,1630
19.235,1633
19.2407,1627
19.2463,1626
19.2519,1628
19.2572,1632
19.2629,1629
19.2685,1627
19.2739,1632
19.2796,1628
19.2853,1625
19.2907,1631
19.2962,1633
19.3018,1629
19.3075,1624
19.3128,1632
19.3184,1632
19.3241,1626
19.3294,1626
19.3351,1630
19.3407,1631
19.3464,1624
19.352,1627
19.3573,1632
19.363,1630
19.3686,1627
19.374,1627
19.3796,1632
19.3853,1630
19.3906,1625
19.3962,1628
19.4019,1634
19.4075,1628
19.4129,1626
19.4185,1630
19.4241,1631
19.4296,1630
19.4353,1627
19.4407,1630
19.4464,1630
19.4517,1624
19.4574,1626
19.4628,1631
19.4685,1630
19.4742,1624
19.4796,1627
19.4853,1633
19.4906,1629
19.4963,1625
19.5017,1629
19.5074,1634
19.5131,1630
19.5185,1623
19.5242,1630
19.5295,1633
19.5352,1626
19.5406,1624
19.5463,1631
19.552,1633
19.5574,1628
19.5631,1627
19.5685,1631
19.5741,1631
19.5795,1628
19.5852,1628
19.5909,1633
19.5963,1627
19.602,1626
19.6073,1630
19.613,1633
19.6184,1628
19.6241,1625
19.6295,1632
19.6352,1631
19.6408,1627
19.6462,1626
19.6519,1633
19.6573,1633
19.663,1626
19.6684,1626
19.6741,1632
19.6795,1632
19.6851,1626
19.6908,1626
19.6962,1632
19.7019,1631
19.7073,1627
19.713,1625
19.7184,1632
19.724,1632
19.7297,1626
19.7351,1629
19.7408,1632
19.7462,1628
19.7519,1627
19.7573,1630
19.763,1631
19.7686,1628
19.774,1626
19.7797,1633
19.7851,1631
19.7908,1626
19.7962,1627
19.8019,1631
19.8073,1633
19.8129,1624
19.8186,1626
19.824,1634
19.8297,1632
19.8351,1625
19.8408,1628
19.8462,1633
19.8518,1629
19.8575,1628
19.8629,1629
19.8686,1631
19.874,1625
19.8797,1628
19.8851,1631
19.8908,1630
19.8962,1625
19.9018,1628
19.9072,1634
19.9129,1627
19.9186,1626
19.924,1632
19.9296,1630
19.935,1624
19.9407,1625
19.9464,1631
19.9518,1633
19.9575,1624
19.9628,1624
19.9685,1631
19.9742,1629
19.9796,1625
19.9853,1627
19.9907,1632
19.9963,1630
20.0017,1626
20.0074,1628
20.0128,1632
20.0185,1629
20.0242,1625
20.0296,1626
20.0353,1632
20.0406,1629
20.0463,1626
20.052,1630
20.0574,1632
20.0631,1626
20.0685,1625
20.0741,1627
20.0795,1633
20.0852,1630
20.0906,1626
20.0963,1629
20.102,1631
20.1074,1629
20.113,1625
20.1184,1631
20.1241,1632
20.1295,1624
20.1352,1629
20.1408,1632
20.1462,1629
20.1519,1626
20.1573,1630
20.163,1632
20.1687,1628
20.1741,1624
20.1798,1632
20.1851,1632
20.1908,1627
20.1965,1625
20.2019,1631
20.2076,1634
20.213,1627
20.2186,1625
20.224,1631
20.2297,1631
20.2351,1626
20.2407,1625
20.2464,1630
20.2518,1634
20.2575,1625
20.2629,1625
20.2685,1631
20.2742,1633
20.2796,1628
20.2853,1625
20.2906,1632
20.2963,1630
20.302,1624
20.3074,1627
20.3131,1632
20.3185,1628
20.3241,1626
20.3298,1628
20.3352,1632
20.3409,1627
20.3462,1626
20.3519,1630
20.3575,1631
20.3631,1626
20.3685,1626
20.3741,1631
20.3798,1632
20.3851,1628
20.3908,1627
20.3964,1631
20.4017,1632
20.4075,1628
20.4131,1623
20.4185,1627
20.4242,1634
20.4296,1631
20.4353,1625
20.4407,1626
20.4463,1632
20.452,1629
20.4574,1625
20.463,1627
20.4684,1632
20.474,1630
20.4796,1626
20.4853,1629
20.4907,1633
20.4964,1627
20.5018,1625
20.5075,1629
20.5129,1632
20.5185,1628
20.5242,1625
20.5296,1632
20.5352,1633
20.5408,1627
20.5464,1630
20.5518,1632
20.5574,1630
20.563,1626
20.5687,1630
20.5741,1631
20.5797,1625
20.5851,1626
20.5907,1631
20.5964,1632
20.602,1625
20.6074,1628
20.613,1632
20.6186,1631
20.6242,1625
20.6296,1626
20.6352,1633
20.6408,1633
20.6462,1627
20.6519,1624
20.6575,1629
20.6629,1635
20.6686,1628
20.6742,1626
20.6796,1629
20.6852,1633
20.6909,1630
20.6963,1624
20.7019,1626
20.7073,1636
20.713,1633
20.7187,1624
20.7241,1626
20.7297,1632
20.7351,1632
20.7408,1627
20.7462,1626
20.7519,1632
20.7573,1629
20.763,1625
20.7685,1629
20.7742,1634
20.7796,1634
20.7853,1627
20.7907,1629
20.7964,1634
20.8019,1628
20.8076,1625
20.813,1630
20.8184,1636
20.8241,1627
20.8297,1627
20.8354,1630
20.8408,1632
20.8462,1626
20.8519,1627
20.8574,1632
20.8631,1632
20.8685,1626
20.8742,1627
20.8796,1635
20.8853,1631
20.8907,1625
20.8965,1625
20.9019,1633
20.9076,1632
20.913,1627
20.9187,1624
20.9241,1632
20.9298,1632
20.9352,1625
20.9409,1630
20.9463,1633
20.9519,1630
20.9574,1624
20.9631,1627
20.9685,1632
20.9742,1630
20.9797,1627
20.9854,1631
20.9908,1633
20.9962,1626
21.0019,1627
21.0074,1630
21.0131,1631
21.0186,1625
21.024,1631
21.0297,1633
21.0352,1628
21.0409,1625
21.0463,1630
21.052,1632
21.0575,1627
21.0632,1625
21.0686,1627
21.074,1632
21.0797,1628
21.0852,1626
21.0909,1632
21.0964,1633
21.1021,1626
21.1075,1627
21.1132,1633
21.1186,1633
21.1243,1627
21.1297,1623
21.1352,1631
21.1409,1634
21.1463,1627
21.152,1626
21.1574,1627
21.1631,1634
21.1685,1630
21.1742,1625
21.1797,1627
21.1854,1633
21.1908,1627
21.1965,1626
21.2019,1632
21.2076,1631
21.213,1628
21.2187,1626
21.2242,1629
21.2296,1634
21.2353,1627
21.241,1626
21.2463,1632
21.252,1634
21.2574,1628
21.2631,1625
21.2685,1629
21.2742,1631
21.2798,1624
21.2852,1625
21.2909,1631
21.2963,1633
21.302,1627
21.3074,1625
21.3131,1632
21.3187,1631
21.3241,1624
21.3298,1627
21.3352,1633
21.3409,1629
21.3463,1624
21.352,1625
21.3574,1633
21.363,1632
21.3684,1627
21.3741,1624
21.3798,1631
21.3852,1632
21.3909,1626
21.3963,1623
21.4019,1631
21.4073,1633
21.413,1625
21.4187,1625
21.4241,1632
21.4298,1634
21.4352,1627
21.4409,1623
21.4463,1627
21.4519,1636
21.4576,1632
21.463,1622
21.4687,1625
21.4741,1630
21.4798,1634
21.4852,1628
21.4908,1624
21.4965,1629
21.5019,1636
21.5076,1628
21.513,1623
21.5187,1628
21.5241,1633
21.5297,1632
21.5354,1623
21.5408,1626
21.5465,1632
21.5519,1633
21.5576,1625
21.563,1628
21.5686,1633
21.574,1627
21.5797,1625
21.5854,1627
21.5908,1635
21.5964,1630
21.6018,1624
21.6075,1628
21.6129,1634
21.6186,1632
21.6243,1624
21.6297,1626
21.6353,1634
21.6408,1634
21.6464,1624
21.6518,1626
21.6575,1632
21.6632,1631
21.6686,1626
21.6743,1629
21.6796,1632
21.6853,1629
21.691,1628
21.6964,1629
21.7021,1632
21.7075,1628
21.7132,1624
21.7186,1629
21.7243,1634
21.7297,1629
21.7353,1625
21.7408,1627
21.7465,1633
21.7519,1633
21.7576,1624
21.7629,1623
21.7686,1630
21.7743,1634
21.7797,1630
21.7854,1623
21.7908,1626
21.7965,1633
21.8019,1633
21.8076,1624
21.813,1626
21.8186,1635
21.824,1635
21.8297,1625
21.8354,1623
21.8408,1627
21.8465,1636
21.8519,1633
21.8575,1623
21.863,1626
21.8686,1634
21.8743,1632
21.8797,1626
21.8854,1627
21.8908,1632
21.8965,1632
21.9019,1625
21.9076,1626
21.9129,1631
21.9186,1633
21.9243,1627
21.9297,1626
21.9354,1631
21.9408,1634
21.9465,1630
21.9519,1625
21.9575,1626
21.9632,1635
21.9686,1629
21.9743,1625
21.9797,1631
21.9854,1634
21.9908,1628
21.9965,1624
22.0019,1628
22.0076,1635
22.013,1629
22.0186,1621
22.0242,1624
22.0299,1633
22.0353,1632
22.0409,1627
22.0463,1622
22.0519,1628
22.0575,1634
22.0629,1632
22.0686,1624
22.0743,1625
22.0797,1633
22.0853,1634
22.0907,1627
22.0964,1623
22.1018,1624
22.1075,1634
22.1132,1633
22.1186,1624
22.1242,1625
22.1296,1631
22.1353,1635
22.141,1628
22.1464,1622
22.152,1627
22.1574,1634
22.1631,1632
22.1688,1624
22.1742,1623
22.1798,1630
22.1852,1634
22.1909,1628
22.1963,1624
22.202,1628
22.2077,1635
22.2131,1631
22.2187,1623
22.2241,1623
22.2298,1630
22.2352,1633
22.2409,1629
22.2463,1622
22.252,1631
22.2576,1635
22.263,1628
22.2687,1623
22.2741,1625
22.2798,1635
22.2852,1631
22.2909,1624
22.2965,1626
22.3019,1635
22.3076,1635
22.313,1626
22.3187,1624
22.3241,1631
22.3298,1633
22.3355,1631
22.3408,1625
22.3465,1625
22.3519,1633
22.3576,1633
22.363,1626
22.3687,1624
22.3744,1630
22.3798,1633
22.3854,1628
22.3908,1623
22.3965,1626
22.4019,1635
22.4075,1631
22.4129,1623
22.4186,1628
22.4243,1633
22.4297,1630
22.4353,1622
22.4407,1625
22.4464,1633
22.452,1635
22.4574,1627
22.4631,1624
22.4688,1629
22.4741,1634
22.4798,1632
22.4852,1622
22.4908,1626
22.4965,1628
22.5021,1633
22.5074,1628
22.5131,1624
22.5187,1629
22.5241,1637
22.5297,1627
22.5353,1623
22.5409,1627
22.5463,1634
22.5519,1628
22.5576,1625
22.563,1629
22.5686,1633
22.5743,1627
22.5799,1626
22.5852,1631
22.5909,1634
22.5965,1625
22.6019,1625
22.6075,1631
22.6131,1633
22.6188,1626
22.6241,1624
22.6298,1631
22.6354,1634
22.6407,1629
22.6464,1624
22.652,1628
22.6576,1634
22.663,1628
22.6686,1624
22.6743,1627
22.6797,1634
22.6853,1632
22.691,1625
22.6963,1627
22.702,1632
22.7076,1633
22.7131,1626
22.7252,1624
22.7346,1632
22.738,1633
22.738,1628
22.7409,1623
22.7465,1627
22.7518,1634
22.7575,1633
22.7632,1625
22.7688,1625
22.7741,1631
22.7798,1634
22.7854,1628
22.7908,1625
22.7965,1628
22.8019,1635
22.8075,1631
22.8131,1624
22.8188,1628
22.8241,1634
22.8298,1630
22.8354,1623
22.8408,1625
22.8465,1633
22.8521,1632
22.8575,1623
