Experiment: Mar_23_T2_osmo_expt vial 11, Tue Mar 23 18:19:48 2021
0.0016,101
0.0069,103
0.0125,101
0.0179,100
0.0235,102
0.0292,101
0.0348,98
0.0401,97
0.0458,99
0.0514,96
0.057,99
0.0624,101
0.068,104
0.0736,103
0.0793,105
0.0846,104
0.0902,103
0.0959,102
0.1015,103
0.1068,103
0.1124,106
0.1181,102
0.1234,104
0.129,104
0.1346,102
0.1403,101
0.1459,102
0.1512,101
0.1569,100
0.1625,103
0.1681,106
0.1735,102
0.1791,102
0.1847,104
0.1904,101
0.1957,102
0.2013,101
0.207,99
0.2123,102
0.2179,103
0.2236,102
0.2292,98
0.2346,101
0.2401,99
0.2457,99
0.2514,104
0.257,108
0.2623,102
0.2679,105
0.2735,102
0.2792,101
0.2848,103
0.2901,102
0.2957,102
0.3014,103
0.307,102
0.3123,100
0.318,103
0.3235,100
0.3292,99
0.3348,100
0.3401,101
0.3458,102
0.3513,101
0.357,98
0.3623,101
0.368,103
0.3736,103
0.3792,102
0.3848,104
0.3901,101
0.3958,99
0.4014,102
0.407,105
0.4126,102
0.4179,102
0.4236,103
0.4292,104
0.4348,99
0.4401,101
0.4458,101
0.4514,100
0.4568,101
0.4624,102
0.468,102
0.4737,101
0.479,101
0.4846,100
0.4903,105
0.4959,104
0.5012,100
0.5069,101
0.5125,101
0.5181,103
0.5234,100
0.5291,100
0.5347,99
0.5401,101
0.5458,103
0.5514,104
0.557,104
0.5623,100
0.568,100
0.5736,99
0.5792,101
0.5846,101
0.5902,102
0.5959,102
0.6015,104
0.6068,102
0.6125,102
0.6181,99
0.6237,100
0.629,99
0.6347,101
0.6403,103
0.6457,100
0.6513,99
0.6569,104
0.6625,100
0.6679,102
0.6735,102
0.6791,101
0.6847,102
0.6901,103
0.6957,103
0.7013,101
0.7069,101
0.7125,101
0.7179,101
0.7235,100
0.7291,101
0.7348,104
0.7401,102
0.7457,104
0.7514,102
0.757,104
0.7623,103
0.768,99
0.7736,104
0.7792,101
0.7846,105
0.7902,102
0.7958,100
0.8015,101
0.8068,96
0.8124,97
0.8181,100
0.8234,100
0.829,101
0.8347,99
0.8403,103
0.8459,105
0.8513,102
0.8569,105
0.8625,101
0.8679,100
0.8735,100
0.8792,99
0.8848,96
0.8902,99
0.8958,104
0.9014,104
0.9068,100
0.9124,105
0.9181,102
0.9237,99
0.929,99
0.9347,99
0.9403,104
0.9459,100
0.9513,101
0.9569,101
0.9625,103
0.9681,102
0.9735,102
0.9791,102
0.9847,100
0.9903,100
0.9957,101
1.0013,102
1.007,100
1.0126,102
1.0179,101
1.0235,100
1.0292,99
1.0348,103
1.0401,101
1.0458,103
1.0514,103
1.057,99
1.0626,103
1.068,102
1.0736,100
1.0792,99
1.0848,102
1.0902,101
1.0958,105
1.1014,101
1.1068,101
1.1124,101
1.1181,101
1.1237,98
1.129,100
1.1347,100
1.1403,99
1.1459,100
1.1513,98
1.157,100
1.1623,103
1.1679,103
1.1736,102
1.1792,103
1.1845,103
1.1901,102
1.1958,102
1.2014,101
1.207,101
1.2124,97
1.218,99
1.2237,100
1.2293,98
1.2346,97
1.2402,100
1.2459,98
1.2515,99
1.2568,104
1.2625,104
1.2681,102
1.2737,103
1.279,102
1.2847,103
1.2903,103
1.2957,105
1.3013,103
1.3069,101
1.3125,104
1.3179,103
1.3235,99
1.3292,100
1.3348,100
1.3401,104
1.3458,103
1.3514,103
1.357,104
1.3624,102
1.368,102
1.3736,102
1.379,100
1.3846,100
1.3903,103
1.3959,102
1.4012,105
1.4069,101
1.4125,103
1.4181,102
1.4235,99
1.4291,99
1.4348,99
1.4401,102
1.4458,99
1.4514,100
1.457,104
1.4624,100
1.468,101
1.4736,98
1.4792,102
1.4846,101
1.4903,100
1.4959,104
1.5012,104
1.5069,100
1.5125,100
1.5181,99
1.5235,101
1.5291,101
1.5348,99
1.5401,95
1.5458,98
1.5514,98
1.5568,99
1.5624,101
1.568,98
1.5736,97
1.5793,97
1.5846,102
1.5902,98
1.5959,97
1.6015,103
1.6068,96
1.6124,102
1.6181,101
1.6237,104
1.6291,103
1.6347,106
1.6403,100
1.6457,97
1.6513,100
1.6569,98
1.6626,101
1.6679,103
1.6736,104
1.6792,102
1.6848,103
1.6902,101
1.6958,101
1.7015,102
1.7068,102
1.7124,103
1.7181,98
1.7237,98
1.729,103
1.7346,98
1.7403,102
1.7459,104
1.7513,102
1.7569,103
1.7624,100
1.768,99
1.7736,97
1.7793,102
1.7846,101
1.7902,100
1.7958,100
1.8014,102
1.8071,98
1.8124,98
1.818,97
1.8236,99
1.8293,97
1.8346,95
1.8402,96
1.8458,99
1.8514,103
1.8571,102
1.8624,103
1.868,97
1.8736,104
1.8792,100
1.8846,102
1.8902,94
1.8958,101
1.9014,97
1.9071,102
1.9124,101
1.918,99
1.9237,100
1.9292,101
1.9349,102
1.9402,101
1.9458,96
1.9515,101
1.9568,104
1.9624,99
1.9681,105
1.9737,100
1.979,103
1.9847,100
1.9903,100
1.9959,104
2.0069,101
2.0126,102
2.018,101
2.0236,98
2.0292,103
2.0348,101
2.0402,99
2.0458,100
2.0515,101
2.0568,102
2.0624,105
2.0681,101
2.0737,103
2.0791,103
2.0847,100
2.0904,101
2.096,101
2.1013,101
2.107,100
2.1126,100
2.1179,102
2.1236,98
2.1292,98
2.1348,98
2.1401,102
2.1458,100
2.1514,96
2.157,99
2.1624,97
2.168,99
2.1736,98
2.1793,97
2.1846,99
2.1902,99
2.1959,96
2.2015,97
2.2069,101
2.2125,102
2.2181,98
2.2235,100
2.2291,101
2.2347,102
2.2404,103
2.2457,103
2.2514,100
2.257,102
2.2627,101
2.268,104
2.2737,101
2.2793,104
2.2847,100
2.2903,101
2.2959,100
2.3015,97
2.3069,101
2.3125,102
2.3182,102
2.3235,103
2.3291,97
2.3348,101
2.3404,102
2.3457,103
2.3514,102
2.357,100
2.3626,101
2.368,101
2.3736,102
2.3792,102
2.3849,102
2.3902,102
2.3958,98
2.4015,97
2.4068,99
2.4124,103
2.4181,99
2.4237,100
2.4293,98
2.4347,102
2.4403,105
2.446,99
2.4513,102
2.457,104
2.4626,100
2.4682,99
2.4736,100
2.4792,101
2.4848,100
2.4902,101
2.4958,101
2.5014,101
2.5071,99
2.5124,103
2.5181,100
2.5237,103
2.5293,103
2.5347,98
2.5403,100
2.5459,100
2.5513,101
2.5569,103
2.5626,101
2.5682,100
2.5736,103
2.5792,97
2.5848,105
2.5905,100
2.5958,100
2.6014,105
2.6071,101
2.6124,100
2.618,100
2.6236,103
2.6293,102
2.6346,102
2.6403,100
2.6459,101
2.6515,99
2.6569,99
2.6625,101
2.6681,99
2.6737,101
2.6793,101
2.6847,101
2.6903,102
2.6959,99
2.7016,97
2.7069,98
2.7126,99
2.7182,103
2.7235,100
2.7292,102
2.7348,100
2.7404,103
2.7458,101
2.7514,101
2.757,101
2.7626,101
2.768,102
2.7736,101
2.7792,103
2.7849,99
2.7902,101
2.7959,102
2.8015,101
2.8071,101
2.8125,100
2.8181,101
2.8237,102
2.8291,101
2.8347,100
2.8404,100
2.846,102
2.8513,102
2.857,101
2.8626,101
2.8682,99
2.8736,100
2.8792,100
2.8848,102
2.8902,99
2.8958,99
2.9015,102
2.9071,101
2.9124,101
2.9181,103
2.9237,103
2.9293,102
2.9346,103
2.9403,102
2.9459,98
2.9515,103
2.9571,102
2.9625,101
2.9681,100
2.9737,102
2.9793,102
2.9847,105
2.9903,102
2.9959,100
3.0069,99
3.0125,100
3.0182,98
3.0236,101
3.0292,101
3.0348,101
3.0405,102
3.0458,101
3.0514,103
3.0571,103
3.0627,101
3.068,100
3.0737,103
3.0793,104
3.0849,102
3.0902,97
3.0959,102
3.1015,101
3.1071,104
3.1125,104
3.1181,103
3.1237,103
3.1294,98
3.1347,101
3.1403,98
3.146,99
3.1513,102
3.157,103
3.1626,97
3.1682,100
3.1736,100
3.1792,100
3.1848,103
3.1905,103
3.1958,104
3.2014,103
3.207,102
3.2127,99
3.218,102
3.2236,100
3.2293,103
3.2349,102
3.2402,98
3.2458,100
3.2515,102
3.2571,103
3.2627,99
3.268,99
3.2737,100
3.2793,103
3.2846,101
3.2903,103
3.2959,103
3.3015,100
3.3071,100
3.3125,99
3.3181,101
3.3237,103
3.3294,101
3.3347,104
3.3403,102
3.3459,102
3.3516,99
3.3569,99
3.3625,103
3.3681,100
3.3737,99
3.3791,97
3.3847,102
3.3904,103
3.3959,103
3.4015,101
3.4072,102
3.4125,101
3.4181,99
3.4237,103
3.4293,104
3.4347,103
3.4404,105
3.446,101
3.4513,101
3.457,100
3.4626,97
3.4682,103
3.4739,104
3.4792,103
3.4848,102
3.4904,101
3.4961,101
3.5015,101
3.5071,104
3.5127,104
3.518,102
3.5237,102
3.5293,102
3.5346,103
3.5403,102
3.5459,101
3.5515,103
3.5572,97
3.5625,99
3.5681,102
3.5738,100
3.5794,102
3.5847,101
3.5903,101
3.596,100
3.6016,103
3.6069,100
3.6126,102
3.6182,101
3.6236,98
3.6292,103
3.6349,102
3.6405,102
3.6458,102
3.6515,103
3.6571,98
3.6627,100
3.6681,100
3.6737,100
3.6793,104
3.6847,103
3.6903,102
3.696,98
3.7016,104
3.7069,103
3.7126,102
3.7182,102
3.7238,100
3.7292,100
3.7348,103
3.7405,101
3.7458,100
3.7514,102
3.7571,101
3.7627,103
3.7681,100
3.7737,99
3.7793,103
3.7849,99
3.7903,104
3.7959,102
3.8015,101
3.8072,100
3.8125,102
3.8182,102
3.8238,99
3.8291,101
3.8348,103
3.8404,102
3.846,101
3.8514,100
3.857,101
3.8626,99
3.8682,102
3.8736,100
3.8792,98
3.8848,101
3.8905,104
3.8958,99
3.9014,102
3.9071,101
3.9127,103
3.9181,101
3.9237,100
3.9293,100
3.9347,102
3.9403,103
3.946,103
3.9516,102
3.9569,101
3.9626,101
3.9682,101
3.9738,100
3.9792,100
3.9848,102
3.9904,104
3.9961,103
4.0014,98
4.0071,103
4.0127,100
4.018,97
4.0237,100
4.0293,102
4.0349,99
4.0403,104
4.0459,100
4.0516,97
4.0569,98
4.0626,95
4.0682,99
4.0738,102
4.0792,101
4.0848,102
4.0904,102
4.096,103
4.1014,100
4.107,102
4.1126,101
4.1183,101
4.1236,102
4.1292,102
4.1348,101
4.1405,101
4.1461,103
4.1515,101
4.1571,103
4.1627,100
4.1681,103
4.1737,101
4.1793,99
4.1849,100
4.1903,97
4.1959,102
4.2016,100
4.2072,100
4.2125,99
4.2182,100
4.2238,98
4.2294,99
4.2348,102
4.2404,101
4.246,98
4.2514,103
4.257,101
4.2626,101
4.2682,102
4.2739,102
4.2792,103
4.2848,98
4.2905,99
4.2958,101
4.3014,100
4.3071,101
4.3127,102
4.318,102
4.3236,100
4.3293,102
4.3349,100
4.3405,103
4.3459,102
4.3515,102
4.3571,97
4.3627,103
4.3681,101
4.3737,103
4.3793,102
4.385,101
4.3903,99
4.3959,101
4.4016,98
4.4072,101
4.4125,100
4.4182,101
4.4238,101
4.4294,101
4.4347,101
4.4404,98
4.446,98
4.4514,100
4.457,103
4.4626,102
4.4683,100
4.4736,100
4.4793,98
4.4849,99
4.4903,100
4.4959,96
4.5015,99
4.5071,100
4.5125,101
4.5181,102
4.5238,102
4.5294,102
4.5347,101
4.5404,104
4.546,103
4.5516,99
4.557,103
4.5626,103
4.5682,100
4.5738,102
4.5792,102
4.5848,100
4.5905,102
4.5958,99
4.6014,102
4.607,102
4.6127,101
4.618,100
4.6236,101
4.6293,102
4.6349,100
4.6405,98
4.6459,100
4.6515,98
4.6571,100
4.6627,100
4.6681,104
4.6737,100
4.6793,103
4.685,100
4.6903,101
4.6959,101
4.7016,99
4.7072,104
4.7126,99
4.7182,103
4.7238,101
4.7292,101
4.7348,101
4.7405,102
4.7461,102
4.7514,103
4.7571,102
4.7627,99
4.768,99
4.7737,101
4.7793,102
4.7849,100
4.7903,102
4.7959,99
4.8016,104
4.8072,103
4.8125,100
4.8182,104
4.8238,102
4.8294,102
4.8348,104
4.8405,103
4.8461,100
4.8514,99
4.8571,98
4.8625,105
4.8681,99
4.8737,101
4.8794,102
4.8847,101
4.8903,101
4.8959,101
4.9016,101
4.9072,102
4.9125,104
4.9181,102
4.9237,103
4.9294,100
4.9347,102
4.9403,100
4.9459,102
4.9516,98
4.9572,101
4.9625,103
4.9682,102
4.9737,100
4.9794,99
4.9847,99
4.9903,104
4.996,103
5.0015,104
5.0072,104
5.0125,104
5.0182,105
5.0238,103
5.0293,102
5.035,102
5.0403,99
5.0459,103
5.0516,104
5.0571,103
5.0625,102
5.0681,104
5.0738,105
5.0794,102
5.0847,102
5.0904,107
5.096,100
5.1016,99
5.1069,100
5.1126,100
5.1182,102
5.1238,102
5.1292,101
5.1348,103
5.1404,105
5.1461,104
5.1514,102
5.157,102
5.1627,99
5.1683,101
5.1737,101
5.1793,105
5.1849,101
5.1903,101
5.1959,102
5.2015,103
5.2072,102
5.2125,100
5.2181,101
5.2238,102
5.2294,104
5.235,103
5.2404,97
5.246,98
5.2516,101
5.257,101
5.2626,100
5.2682,102
5.2739,105
5.2792,104
5.2848,103
5.2905,102
5.2961,103
5.3014,101
5.3071,99
5.3127,98
5.3183,105
5.3237,100
5.3293,101
5.3349,102
5.3405,103
5.3459,104
5.3515,101
5.3572,100
5.3628,97
5.3681,96
5.3737,98
5.3794,99
5.385,101
5.3903,103
5.396,103
5.4016,101
5.4069,102
5.4126,104
5.4182,102
5.4238,102
5.4292,99
5.4348,95
5.4404,98
5.4461,101
5.4515,101
5.4571,99
5.4628,101
5.4681,100
5.4738,99
5.4794,102
5.4847,101
5.4904,101
5.496,100
5.5016,103
5.507,103
5.5126,101
5.5182,99
5.5239,101
5.5292,102
5.5348,100
5.5405,105
5.5461,104
5.5514,100
5.5571,103
5.5627,103
5.5683,99
5.5736,100
5.5793,104
5.5849,100
5.5906,103
5.5959,102
5.6015,103
5.6072,99
5.6125,97
5.6181,99
5.6238,102
5.6294,100
5.6348,98
5.6404,103
5.646,100
5.6517,95
5.657,96
5.6626,101
5.6683,103
5.6736,100
5.6792,103
5.6849,103
5.6905,101
5.6958,99
5.7015,103
5.7071,101
5.7127,100
5.7181,100
5.7237,100
5.7294,101
5.735,103
5.7404,100
5.746,102
5.7516,104
5.757,99
5.7626,104
5.7682,103
5.7739,103
5.7792,101
5.7848,101
5.7905,101
5.7961,101
5.8015,102
5.8071,101
5.8127,101
5.8181,103
5.8237,101
5.8294,100
5.835,101
5.8403,101
5.846,102
5.8516,103
5.8572,101
5.8626,100
5.8682,99
5.8738,102
5.8792,102
5.8848,101
5.8904,100
5.8961,102
5.9014,103
5.9071,102
5.9127,104
5.9181,102
5.9237,102
5.9293,102
5.935,101
5.9403,100
5.946,100
5.9516,96
5.9572,98
5.9626,100
5.9682,102
5.9738,101
5.9794,103
5.9848,100
5.9904,104
5.996,95
6.0017,98
6.0071,103
6.0127,103
6.0183,100
6.0236,103
6.0293,101
6.0349,102
6.0405,102
6.0458,101
6.0515,98
6.0571,103
6.0627,100
6.0683,103
6.0737,101
6.0794,100
6.085,102
6.0904,99
6.096,100
6.1016,101
6.107,102
6.1126,102
6.1182,104
6.1238,102
6.1292,100
6.1348,102
6.1404,105
6.1461,101
6.1517,97
6.157,101
6.1626,102
6.1683,102
6.1739,103
6.1792,102
6.1849,101
6.1905,101
6.1961,101
6.2015,99
6.2071,101
6.2127,98
6.2181,101
6.2237,98
6.2294,99
6.235,104
6.2403,102
6.246,102
6.2516,101
6.2572,102
6.2626,104
6.2682,101
6.2738,100
6.2795,102
6.2848,100
6.2904,101
6.2961,99
6.3014,101
6.307,101
6.3127,100
6.3183,101
6.3237,103
6.3293,97
6.3349,97
6.3405,99
6.3459,99
6.3515,97
6.3571,104
6.3627,98
6.3681,103
6.3737,100
6.3793,105
6.385,103
6.3906,103
6.3959,100
6.4015,100
6.4072,100
6.4125,101
6.4182,101
6.4238,103
6.4294,101
6.435,101
6.4403,103
6.446,102
6.4516,102
6.4572,102
6.4626,101
6.4681,100
6.4737,101
6.4794,103
6.485,102
6.4904,104
6.4959,102
6.5015,102
6.5072,96
6.5128,102
6.5181,101
6.5237,103
6.5293,102
6.535,100
6.5404,103
6.546,103
6.5515,102
6.5572,101
6.5628,102
6.5681,104
6.5738,102
6.5793,104
6.5849,102
6.5903,104
6.5959,102
6.6016,101
6.6071,100
6.6128,100
6.6181,102
6.6237,98
6.6294,99
6.6349,99
6.6406,103
6.6459,101
6.6515,101
6.6572,102
6.6627,103
6.6684,100
6.6737,101
6.6793,104
6.685,103
6.6903,101
6.6959,100
6.7016,101
6.7072,105
6.7125,102
6.7182,102
6.7238,100
6.7294,105
6.7348,98
6.7404,98
6.746,103
6.7516,100
6.757,97
6.7626,98
6.7682,100
6.7739,100
6.7792,104
6.7848,102
6.7905,100
6.7961,103
6.8015,99
6.8071,100
6.8127,102
6.8183,97
6.8237,100
6.8293,105
6.8349,105
6.8406,101
6.8459,101
6.8515,100
6.8572,102
6.8628,99
6.8682,98
6.8738,99
6.8794,98
6.8848,100
6.8904,99
6.896,99
6.9017,100
6.907,104
6.9126,101
6.9183,100
6.9239,101
6.9292,101
6.9349,103
6.9405,101
6.9461,100
6.9515,101
6.9571,101
6.9627,100
6.9683,103
6.9739,99
6.9793,99
6.9849,103
6.9905,102
6.9961,102
7.0015,103
7.0072,103
7.0125,99
7.0181,102
7.0238,103
7.0294,105
7.035,102
7.0404,99
7.046,101
7.0516,102
7.0573,102
7.0626,103
7.0682,103
7.0739,103
7.0792,103
7.0848,101
7.0905,106
7.0961,102
7.1014,104
7.1071,103
7.1127,103
7.1183,101
7.1236,103
7.1293,107
7.1349,98
7.1405,106
7.1459,99
7.1515,100
7.1571,101
7.1627,99
7.1681,98
7.1737,101
7.1794,103
7.185,95
7.1903,101
7.196,99
7.2016,102
7.2072,102
7.2126,100
7.2182,98
7.2239,98
7.2292,103
7.2348,103
7.2405,101
7.2461,101
7.2517,103
7.2571,99
7.2627,105
7.2683,104
7.2737,102
7.2793,101
7.2849,103
7.2905,100
7.2959,102
7.3015,102
7.3072,100
7.3128,103
7.3182,101
7.3238,103
7.3294,105
7.3348,102
7.3404,102
7.3461,102
7.3517,102
7.357,95
7.3627,100
7.3683,97
7.3737,100
7.3793,100
7.3849,101
7.3905,101
7.3962,103
7.4015,102
7.4071,104
7.4128,102
7.4181,102
7.4237,101
7.4293,104
7.435,102
7.4403,103
7.446,103
7.4516,102
7.4572,102
7.4626,101
7.4682,102
7.4738,99
7.4795,104
7.4848,100
7.4904,102
7.4961,102
7.5017,105
7.507,103
7.5126,102
7.5183,102
7.5239,104
7.5293,100
7.5349,96
7.5405,104
7.5459,102
7.5515,102
7.5571,101
7.5628,101
7.5681,100
7.5738,101
7.5794,101
7.585,104
7.5904,102
7.596,101
7.6016,101
7.6072,101
7.6126,99
7.6182,102
7.6239,100
7.6292,100
7.6348,100
7.6405,103
7.6461,103
7.6517,97
7.6571,104
7.6627,100
7.6683,101
7.6737,102
7.6793,97
7.6849,100
7.6905,101
7.6959,101
7.7015,99
7.7071,101
7.7128,103
7.7181,103
7.7238,101
7.7294,101
7.735,100
7.7404,98
7.746,99
7.7516,101
7.7572,100
7.7626,102
7.7682,98
7.7739,100
7.7792,99
7.7848,103
7.7904,105
7.7961,104
7.8014,99
7.8071,106
7.8127,102
7.8183,98
7.8237,97
7.8293,99
7.8349,104
7.8405,102
7.8462,106
7.8515,102
7.8571,103
7.8628,102
7.8681,102
7.8738,102
7.8794,102
7.885,101
7.8904,103
7.896,103
7.9016,103
7.9073,105
7.9126,100
7.9183,100
7.9239,103
7.9295,102
7.9348,99
7.9405,100
7.9461,100
7.9515,103
7.9571,103
7.9627,103
7.9681,103
7.9737,102
7.9793,101
7.985,105
7.9906,103
7.9959,103
8.0016,106
8.0073,104
8.0126,105
8.0182,103
8.0239,105
8.0292,103
8.0349,101
8.0405,104
8.0459,102
8.0515,99
8.0572,102
8.0628,99
8.0681,103
8.0737,102
8.0793,100
8.0849,100
8.0906,100
8.0959,105
8.1015,100
8.1071,103
8.1127,104
8.1184,103
8.1237,105
8.1293,102
8.1349,102
8.1406,104
8.1459,104
8.1515,98
8.1571,102
8.1627,104
8.1684,103
8.1737,102
8.1794,101
8.1849,103
8.1905,102
8.1962,105
8.2015,105
8.2071,102
8.2127,102
8.2183,101
8.2237,105
8.2293,103
8.2349,104
8.2405,98
8.2462,102
8.2515,101
8.2571,102
8.2628,101
8.2683,103
8.2737,100
8.2793,104
8.2849,103
8.2906,100
8.2959,103
8.3015,101
8.3072,102
8.3128,102
8.3182,101
8.3238,97
8.3294,102
8.3348,98
8.3404,101
8.346,103
8.3517,102
8.357,100
8.3626,99
8.3682,103
8.3739,105
8.3792,102
8.3849,100
8.3905,100
8.3961,102
8.4017,102
8.4071,104
8.4127,102
8.4184,102
8.4237,100
8.4293,100
8.435,102
8.4403,104
8.446,98
8.4516,100
8.4572,99
8.4628,103
8.4682,104
8.4738,103
8.4794,105
8.485,103
8.4904,103
8.496,105
8.5017,104
8.507,102
8.5126,102
8.5183,108
8.5239,99
8.5292,102
8.5349,102
8.5405,103
8.5461,104
8.5515,99
8.5571,106
8.5627,105
8.5684,102
8.5737,101
8.5793,101
8.585,102
8.5903,102
8.596,103
8.6016,103
8.6072,103
8.6126,104
8.6182,99
8.6238,104
8.6295,103
8.6348,100
8.6404,104
8.646,103
8.6517,101
8.657,102
8.6626,99
8.6683,102
8.6739,100
8.6793,102
8.6849,100
8.6905,103
8.6961,101
8.7015,100
8.7071,101
8.7128,105
8.7181,100
8.7237,103
8.7293,101
8.735,102
8.7406,102
8.746,100
8.7516,103
8.7572,103
8.7629,99
8.7682,103
8.7738,105
8.7795,91
8.7848,103
8.7904,104
8.7961,101
8.8014,106
8.807,101
8.8127,100
8.8183,105
8.8239,98
8.8293,102
8.8349,100
8.8405,96
8.8461,98
8.8515,102
8.8571,102
8.8627,103
8.8683,103
8.8737,103
8.8793,101
8.8849,98
8.8906,104
8.8962,103
8.9015,102
8.9071,98
8.9128,103
8.9184,99
8.9237,101
8.9294,103
8.935,102
8.9404,103
8.946,100
8.9516,100
8.9572,104
8.9626,103
8.9682,98
8.9738,100
8.9795,99
8.9848,102
8.9904,102
8.9961,101
9.0017,101
9.0071,101
9.0127,103
9.0183,100
9.0239,104
9.0293,102
9.0349,101
9.0405,101
9.0461,104
9.0515,102
9.0571,104
9.0628,100
9.0681,98
9.0737,99
9.0794,101
9.085,103
9.0904,101
9.096,102
9.1016,102
9.1072,97
9.1126,101
9.1182,103
9.1238,103
9.1292,102
9.1348,101
9.1404,101
9.1461,102
9.1514,97
9.1571,95
9.1627,99
9.1683,104
9.1739,103
9.1793,101
9.1849,103
9.1905,105
9.1962,102
9.2015,104
9.2071,104
9.2128,101
9.2181,102
9.2238,104
9.2294,100
9.235,102
9.2403,101
9.246,102
9.2516,100
9.2572,99
9.2626,102
9.2682,102
9.2738,102
9.2795,104
9.2848,103
9.2904,104
9.2961,101
9.3017,100
9.3071,104
9.3127,101
9.3183,102
9.3237,102
9.3293,102
9.3349,101
9.3406,101
9.3459,100
9.3516,99
9.3572,102
9.3626,103
9.3682,102
9.3738,102
9.3794,101
9.385,104
9.3904,102
9.396,102
9.4016,103
9.407,102
9.4126,101
9.4182,99
9.4239,102
9.4295,102
9.4348,100
9.4405,100
9.4461,100
9.4517,99
9.4571,103
9.4627,104
9.4684,102
9.4737,101
9.4793,104
9.4849,102
9.4906,100
9.4959,103
9.5016,100
9.5072,102
9.5128,103
9.5181,101
9.5238,99
9.5294,97
9.535,102
9.5404,100
9.546,100
9.5516,103
9.5572,102
9.5626,102
9.5682,101
9.5739,100
9.5795,101
9.5848,100
9.5905,103
9.5961,102
9.6015,100
9.6071,104
9.6127,104
9.6184,102
9.6237,105
9.6293,102
9.6349,102
9.6406,102
9.6459,101
9.6515,99
9.6571,97
9.6628,101
9.6682,99
9.6738,100
9.6793,104
9.6849,102
9.6906,99
9.6959,97
9.7015,101
9.7071,101
9.7127,99
9.7184,101
9.7237,102
9.7294,99
9.7349,98
9.7406,98
9.7459,103
9.7515,101
9.7572,102
9.7627,98
9.7684,101
9.7737,99
9.7793,103
9.785,98
9.7905,103
9.7962,101
9.8015,96
9.8071,98
9.8128,100
9.8183,99
9.8237,100
9.8293,98
9.8349,97
9.8406,100
9.8459,101
9.8515,102
9.8572,102
9.8628,101
9.8681,102
9.8738,102
9.8794,101
9.885,98
9.8904,100
9.896,98
9.9016,102
9.9072,100
9.9126,105
9.9182,101
9.9238,101
9.9295,103
9.9351,99
9.9404,101
9.946,104
9.9517,97
9.957,103
9.9627,101
9.9683,101
9.9737,101
9.9793,104
9.9849,100
9.9905,102
9.9959,100
10.0015,102
10.0072,102
10.0128,102
10.0184,103
10.0238,101
10.0294,102
10.035,103
10.0404,102
10.046,101
10.0516,100
10.0572,98
10.0626,102
10.0682,99
10.0739,101
10.0795,104
10.0848,102
10.0904,102
10.0961,98
10.1017,100
10.107,103
10.1126,103
10.1183,98
10.1239,100
10.1292,106
10.1349,103
10.1405,103
10.1461,102
10.1517,99
10.1571,100
10.1627,104
10.1683,104
10.1737,102
10.1793,105
10.1849,108
10.1906,102
10.1959,100
10.2015,100
10.2072,107
10.2128,105
10.2181,102
10.2238,100
10.2294,103
10.235,102
10.2404,104
10.246,104
10.2517,103
10.257,104
10.2626,103
10.2683,100
10.2739,103
10.2792,98
10.2849,100
10.2905,103
10.2961,102
10.3015,101
10.3071,102
10.3128,102
10.3184,101
10.3237,103
10.3293,104
10.335,104
10.3406,100
10.3459,104
10.3516,104
10.3572,104
10.3626,106
10.3682,101
10.3738,101
10.3795,103
10.3848,102
10.3904,101
10.396,103
10.4017,103
10.407,103
10.4127,100
10.4183,104
10.4239,104
10.4293,105
10.4349,104
10.4405,107
10.4461,103
10.4515,104
10.4571,102
10.4628,102
10.4681,102
10.4738,102
10.4794,101
10.485,100
10.4904,100
10.496,102
10.5016,103
10.5073,102
10.5126,100
10.5182,101
10.5239,102
10.5292,104
10.5349,103
10.5405,102
10.5461,101
10.5515,101
10.5571,104
10.5628,103
10.5681,103
10.5737,100
10.5794,103
10.585,104
10.5904,101
10.596,103
10.6016,103
10.6072,103
10.6126,102
10.6182,101
10.6238,103
10.6295,103
10.6348,98
10.6404,99
10.6461,99
10.6517,102
10.6571,102
10.6627,99
10.6683,101
10.6739,103
10.6793,101
10.6849,104
10.6905,103
10.6959,104
10.7015,103
10.7071,101
10.7128,101
10.7184,103
10.7238,102
10.7294,103
10.735,100
10.7404,102
10.746,104
10.7516,101
10.7573,102
10.7626,104
10.7683,105
10.7739,104
10.7793,102
10.7849,106
10.7905,102
10.7962,100
10.8015,101
10.8071,97
10.8128,99
10.8184,102
10.8237,102
10.8293,101
10.8349,102
10.8406,103
10.8462,102
10.8515,103
10.8572,104
10.8628,104
10.8681,102
10.8738,101
10.8794,104
10.885,100
10.8904,100
10.896,104
10.9016,103
10.9072,104
10.9126,103
10.9182,104
10.9238,103
10.9295,103
10.9351,103
10.9404,100
10.9461,100
10.9517,102
10.9573,100
10.9627,100
10.9683,101
10.9739,103
10.9795,103
10.9849,101
10.9905,103
10.9961,104
11.0018,101
11.0071,105
11.0128,100
11.0184,100
11.0238,98
11.0294,101
11.035,102
11.0406,99
11.046,99
11.0516,102
11.0573,97
11.0626,101
11.0683,101
11.0739,101
11.0795,105
11.0849,104
11.0905,103
11.0962,103
11.1018,102
11.1071,99
11.1128,102
11.1184,102
11.1237,103
11.1294,103
11.135,100
11.1406,99
11.146,98
11.1516,97
11.1572,100
11.1629,101
11.1682,106
11.1737,103
11.1793,103
11.185,104
11.1906,101
11.1959,102
11.2015,100
11.2072,103
11.2128,98
11.2184,100
11.2238,102
11.2294,102
11.235,105
11.2406,101
11.246,101
11.2516,104
11.2572,103
11.2628,102
11.2684,103
11.2738,105
11.2794,104
11.285,105
11.2906,102
11.2962,105
11.3016,104
11.3072,104
11.3128,103
11.3184,103
11.3238,103
11.3294,101
11.335,102
11.3406,103
11.346,103
11.3516,101
11.3572,105
11.3629,100
11.3684,103
11.3738,102
11.3794,103
11.385,104
11.3906,102
11.396,100
11.4016,102
11.4073,101
11.4129,102
11.4182,99
11.4239,103
11.4295,100
11.4348,104
11.4405,99
11.4461,100
11.4517,102
11.4571,101
11.4627,103
11.4683,104
11.474,105
11.4793,102
11.485,98
11.4906,105
11.4962,102
11.5016,101
11.5072,102
11.5128,104
11.5182,104
11.5238,102
11.5294,103
11.5351,102
11.5404,102
11.546,103
11.5517,103
11.5573,102
11.5629,101
11.5683,106
11.5739,103
11.5795,101
11.5849,103
11.5905,102
11.5962,101
11.6015,101
11.6071,100
11.6127,103
11.6184,100
11.624,101
11.6294,103
11.635,102
11.6406,104
11.646,104
11.6516,102
11.6573,106
11.6626,103
11.6683,100
11.6739,101
11.6795,101
11.6849,100
11.6905,99
11.6961,104
11.7017,102
11.7071,101
11.7128,103
11.7184,106
11.724,101
11.7294,99
11.735,102
11.7406,103
11.746,102
11.7516,102
11.7572,103
11.7628,102
11.7685,103
11.7738,104
11.7794,105
11.7851,107
11.7907,106
11.796,100
11.8017,104
11.8073,101
11.8129,102
11.8183,103
11.8239,103
11.8295,102
11.8349,102
11.8405,99
11.8461,103
11.8517,102
11.8571,103
11.8627,105
11.8684,100
11.874,96
11.8793,99
11.885,102
11.8906,102
11.8962,104
11.9016,105
11.9072,103
11.9129,104
11.9182,106
11.9238,103
11.9295,100
11.9351,104
11.9404,102
11.9461,102
11.9517,99
11.9573,107
11.9627,104
11.9683,105
11.9739,106
11.9795,105
11.9852,107
11.9905,101
11.9961,103
12.0017,102
12.0071,102
12.0127,101
12.0184,102
12.024,101
12.0293,105
12.0349,100
12.0406,101
12.0462,103
12.0518,104
12.0572,106
12.0628,103
12.0684,102
12.074,104
12.0794,102
12.085,104
12.0907,107
12.096,102
12.1016,101
12.1073,103
12.1129,101
12.1182,104
12.1239,100
12.1295,102
12.1351,101
12.1407,105
12.1461,100
12.1517,102
12.1573,103
12.1627,103
12.1683,103
12.174,103
12.1793,102
12.185,107
12.1906,103
12.1962,99
12.2018,102
12.2072,103
12.2128,103
12.2184,103
12.224,102
12.2294,101
12.235,103
12.2406,103
12.2463,102
12.2516,103
12.2573,103
12.2629,101
12.2683,100
12.2739,100
12.2795,98
12.2851,100
12.2905,102
12.2961,101
12.3017,101
12.3074,102
12.3127,103
12.3183,103
12.3238,101
12.3294,100
12.335,101
12.3406,102
12.3463,99
12.3516,101
12.3572,103
12.3628,103
12.3685,103
12.3738,99
12.3794,103
12.385,104
12.3907,101
12.3963,99
12.4016,103
12.4073,103
12.4129,103
12.4185,104
12.4238,101
12.4294,101
12.4351,104
12.4405,102
12.4461,104
12.4517,103
12.4574,102
12.4627,103
12.4683,101
12.4738,100
12.4795,102
12.4851,102
12.4905,107
12.4961,100
12.5017,102
12.5072,104
12.5128,104
12.5184,101
12.5238,102
12.5295,100
12.5351,99
12.5405,102
12.5461,100
12.5518,101
12.5572,101
12.5628,102
12.5684,101
12.5738,101
12.5795,101
12.5851,103
12.5905,103
12.5961,103
12.6016,100
12.6072,104
12.6128,104
12.6184,101
12.6239,104
12.6295,105
12.6351,99
12.6405,99
12.6462,106
12.6518,103
12.6572,103
12.6628,103
12.6684,105
12.6739,105
12.6795,100
12.6851,101
12.6905,99
12.6961,101
12.7017,97
12.7072,98
12.7128,98
12.7185,101
12.7238,97
12.7294,97
12.7351,96
12.7406,96
12.7462,97
12.7516,98
12.7572,99
12.7629,101
12.7685,99
12.7738,96
12.7794,99
12.7851,100
12.7906,100
12.7962,100
12.8018,103
12.8072,100
12.8128,102
12.8184,104
12.8238,104
12.8294,102
12.8351,100
12.8406,103
12.8462,103
12.8518,103
12.8572,104
12.8628,104
12.8684,107
12.8739,104
12.8796,101
12.8849,101
12.8906,101
12.8962,102
12.9018,103
12.9071,103
12.9128,103
12.9184,101
12.9239,102
12.9296,99
12.9352,100
12.9405,98
12.9462,103
12.9518,106
12.9571,102
12.9628,104
12.9684,99
12.9739,98
12.9796,96
12.9852,101
12.9905,103
12.9962,105
13.0018,105
13.0072,102
13.0128,103
13.0184,101
13.024,101
13.0296,104
13.0352,104
13.0406,101
13.0462,102
13.0518,103
13.0572,102
13.0628,99
13.0684,99
13.074,103
13.0796,103
13.085,104
13.0906,103
13.0962,102
13.1018,102
13.1072,100
13.1128,104
13.1185,103
13.1238,103
13.1294,105
13.135,104
13.1407,100
13.146,104
13.1516,99
13.1573,104
13.1629,101
13.1685,101
13.1738,105
13.1794,104
13.1851,100
13.1907,102
13.1963,106
13.2016,101
13.2073,102
13.2129,102
13.2183,103
13.2239,99
13.2295,103
13.2351,103
13.2407,101
13.246,103
13.2517,101
13.2573,104
13.2629,105
13.2683,103
13.2739,103
13.2795,103
13.2851,102
13.2907,104
13.2961,101
13.3017,103
13.3073,103
13.3129,105
13.3183,104
13.3239,99
13.3295,101
13.3352,105
13.3405,104
13.3461,103
13.3517,101
13.3574,103
13.363,103
13.3683,102
13.374,103
13.3796,103
13.3852,101
13.3906,100
13.3962,100
13.4018,95
13.4072,100
13.4128,99
13.4184,102
13.4241,102
13.4294,101
13.435,100
13.4407,100
13.4463,99
13.4517,102
13.4573,99
13.4629,100
13.4683,100
13.4739,103
13.4795,103
13.4852,98
13.4905,100
13.4961,100
13.5018,100
13.5074,101
13.5127,100
13.5184,96
13.524,97
13.5296,99
13.5349,98
13.5406,96
13.5462,102
13.5518,99
13.5572,99
13.5628,101
13.5684,101
13.5741,105
13.5794,103
13.585,102
13.5907,100
13.5963,101
13.6016,103
13.6073,103
13.6129,100
13.6183,102
13.6239,100
13.6295,103
13.6351,102
13.6408,100
13.6461,103
13.6517,102
13.6574,102
13.663,102
13.6683,101
13.674,103
13.6796,102
13.6852,102
13.6906,100
13.6962,102
13.7018,100
13.7072,103
13.7128,101
13.7184,102
13.724,99
13.7294,102
13.735,99
13.7406,98
13.7463,104
13.7516,105
13.7572,101
13.7628,100
13.7685,102
13.7741,101
13.7794,100
13.785,103
13.7907,100
13.7963,102
13.8016,103
13.8073,102
13.8129,101
13.8185,102
13.8239,100
13.8295,102
13.8351,104
13.8408,99
13.8461,101
13.8517,100
13.8574,100
13.8627,100
13.8683,101
13.874,102
13.8796,102
13.8849,103
13.8906,103
13.8962,102
13.9018,98
13.9072,101
13.9128,98
13.9185,100
13.9239,102
13.9295,100
13.9351,102
13.9408,101
13.9461,102
13.9517,104
13.9574,100
13.9627,102
13.9684,102
13.974,103
13.9796,102
13.9852,100
13.9906,100
13.9962,99
14.0018,99
14.0072,98
14.0128,101
14.0185,98
14.0241,99
14.0294,100
14.0351,105
14.0407,100
14.0463,101
14.0517,100
14.0573,103
14.063,102
14.0683,102
14.074,100
14.0796,100
14.0852,101
14.0905,102
14.0961,103
14.1018,99
14.1074,98
14.113,99
14.1184,99
14.124,102
14.1296,101
14.135,101
14.1406,101
14.1462,102
14.1519,97
14.1572,100
14.1628,98
14.1684,102
14.1741,107
14.1794,100
14.1851,99
14.1907,102
14.1963,104
14.2017,102
14.2073,102
14.2129,101
14.2186,105
14.2239,101
14.2295,101
14.2352,98
14.2405,100
14.2461,101
14.2517,98
14.2573,98
14.2629,101
14.2686,101
14.2739,102
14.2795,101
14.2851,100
14.2908,102
14.2961,99
14.3017,99
14.3073,104
14.3129,103
14.3186,101
14.3239,99
14.3295,103
14.3351,103
14.3407,103
14.3461,96
14.3517,98
14.3573,100
14.3629,99
14.3683,99
14.3739,100
14.3795,103
14.3851,101
14.3907,103
14.3961,104
14.4017,102
14.4073,103
14.4129,99
14.4186,98
14.4239,99
14.4295,94
14.4352,100
14.4405,102
14.4461,102
14.4518,101
14.4574,100
14.463,103
14.4684,103
14.474,103
14.4796,105
14.4852,103
14.4906,101
14.4963,100
14.5016,103
14.5072,101
14.5129,97
14.5185,100
14.5239,102
14.5295,103
14.5351,100
14.5407,102
14.5464,99
14.5517,102
14.5574,106
14.563,103
14.5683,102
14.574,101
14.5796,101
14.5852,103
14.5906,99
14.5962,100
14.6018,105
14.6075,103
14.6128,105
14.6184,102
14.6241,100
14.6294,101
14.635,105
14.6407,100
14.6461,102
14.6517,102
14.6573,102
14.6629,102
14.6686,100
14.6739,102
14.6795,103
14.6851,103
14.6908,99
14.6961,101
14.7017,103
14.7074,103
14.713,101
14.7183,101
14.724,102
14.7296,104
14.7352,103
14.7406,104
14.7462,99
14.7518,100
14.7574,105
14.7628,102
14.7684,101
14.7741,101
14.7794,102
14.785,102
14.7907,104
14.7963,102
14.8017,98
14.8073,101
14.8129,102
14.8185,99
14.8239,100
14.8295,104
14.8351,101
14.8408,103
14.8461,105
14.8517,103
14.8574,102
14.863,101
14.8683,103
14.874,102
14.8796,100
14.8852,105
14.8906,105
14.8962,104
14.9018,102
14.9075,103
14.9128,103
14.9185,104
14.9241,102
14.9294,102
14.9351,100
14.9407,101
14.9463,101
14.9517,103
14.9573,104
14.963,103
14.9686,101
14.9739,97
14.9796,101
14.9852,101
14.9906,100
14.9962,105
15.0018,104
15.0072,104
15.0128,105
15.0185,99
15.0241,104
15.0297,105
15.0351,101
15.0407,102
15.0464,102
15.0517,103
15.0573,103
15.063,106
15.0686,104
15.0739,103
15.0795,102
15.0852,100
15.0905,102
15.0962,101
15.1018,102
15.1074,103
15.1128,107
15.1184,102
15.124,104
15.1294,102
15.135,105
15.1407,102
15.1463,101
15.1516,98
15.1573,102
15.1629,102
15.1685,102
15.1741,98
15.1795,100
15.1851,102
15.1907,102
15.1964,102
15.2017,104
15.2073,99
15.213,103
15.2186,102
15.2239,101
15.2296,103
15.2352,103
15.2408,106
15.2461,105
15.2518,102
15.2574,99
15.263,100
15.2684,103
15.274,100
15.2796,104
15.285,100
15.2906,101
15.2962,106
15.3018,100
15.3072,100
15.3128,99
15.3185,100
15.3241,102
15.3297,102
15.3351,104
15.3407,101
15.3463,104
15.3517,103
15.3573,102
15.3629,100
15.3683,100
15.3739,99
15.3796,104
15.3852,101
15.3908,100
15.3962,100
15.4018,103
15.4072,100
15.4128,101
15.4184,101
15.4241,98
15.4294,103
15.435,103
15.4407,100
15.4463,100
15.4516,100
15.4573,100
15.4629,100
15.4685,102
15.4741,102
15.4795,101
15.4851,102
15.4907,101
15.4964,101
15.5017,102
15.5073,99
15.513,98
15.5186,99
15.5239,102
15.5295,101
15.5352,100
15.5408,102
15.5461,102
15.5518,100
15.5574,99
15.5628,101
15.5684,103
15.574,102
15.5796,98
15.585,103
15.5906,100
15.5963,102
15.6019,99
15.6072,96
15.6128,98
15.6185,104
15.6241,103
15.6295,96
15.6351,100
15.6407,102
15.6463,102
15.6517,100
15.6573,100
15.6629,100
15.6685,98
15.6739,102
15.6795,102
15.6852,100
15.6908,102
15.6961,101
15.7017,100
15.7074,101
15.713,104
15.7183,101
15.724,101
15.7296,105
15.7352,102
15.7406,102
15.7463,105
15.7519,98
15.7573,100
15.7629,100
15.7685,102
15.7739,101
15.7795,101
15.7852,103
15.7908,101
15.7961,103
15.8018,101
15.8074,105
15.813,101
15.8184,101
15.824,101
15.8296,100
15.8352,100
15.8406,99
15.8462,102
15.8517,100
15.8573,101
15.863,101
15.8686,99
15.8739,103
15.8795,103
15.8851,103
15.8908,103
15.8961,100
15.9017,103
15.9073,100
15.913,100
15.9186,100
15.9239,102
15.9296,101
15.9351,95
15.9408,100
15.9461,101
15.9517,103
15.9574,102
15.9629,103
15.9686,102
15.9739,101
15.9795,103
15.9852,104
15.9907,99
15.9961,100
16.0017,99
16.0074,100
16.013,103
16.0184,104
16.024,100
16.0296,105
16.035,99
16.0407,100
16.0463,101
16.0519,98
16.0573,102
16.0629,101
16.0686,103
16.0739,104
16.0795,101
16.0852,105
16.0906,101
16.0962,100
16.1019,101
16.1072,104
16.1129,103
16.1185,101
16.1241,102
16.1295,100
16.1351,100
16.1407,101
16.1463,103
16.1517,99
16.1573,101
16.163,99
16.1683,102
16.174,100
16.1796,101
16.1853,100
16.1906,102
16.1962,98
16.2019,100
16.2075,98
16.2129,101
16.2185,101
16.2241,100
16.2295,100
16.2351,101
16.2407,100
16.2464,102
16.2517,100
16.2573,98
16.263,100
16.2686,100
16.2739,103
16.2796,101
16.2852,101
16.2906,99
16.2963,99
16.3019,102
16.3073,102
16.313,106
16.3186,100
16.324,100
16.3296,100
16.335,100
16.3406,101
16.3462,101
16.3519,99
16.3573,102
16.3629,101
16.3686,102
16.3739,99
16.3796,98
16.3852,100
16.3906,105
16.3962,102
16.4019,102
16.4075,104
16.4128,106
16.4184,102
16.4241,100
16.4294,101
16.435,105
16.4407,102
16.4463,105
16.4519,100
16.4573,97
16.4629,102
16.4685,102
16.4742,99
16.4795,103
16.4852,103
16.4905,106
16.4962,104
16.5018,99
16.5074,100
16.5128,100
16.5184,96
16.524,101
16.5297,98
16.5353,102
16.5406,101
16.5463,102
16.5519,100
16.5572,97
16.5629,103
16.5685,104
16.5741,101
16.5795,101
16.5851,100
16.5907,99
16.5961,102
16.6017,102
16.6073,101
16.6129,101
16.6186,104
16.6239,102
16.6295,100
16.6352,98
16.6408,102
16.6461,103
16.6518,99
16.6574,98
16.663,101
16.6684,100
16.674,103
16.6796,102
16.6852,102
16.6906,101
16.6962,104
16.7018,103
16.7075,101
16.7128,100
16.7184,102
16.7241,104
16.7297,102
16.735,104
16.7407,102
16.7463,100
16.7519,102
16.7573,101
16.7629,104
16.7685,103
16.7739,102
16.7795,105
16.7852,107
16.7905,102
16.7961,99
16.8018,100
16.8074,99
16.813,98
16.8184,101
16.824,97
16.8296,104
16.8353,96
16.8406,105
16.8462,104
16.8519,103
16.8572,99
16.8629,102
16.8685,105
16.8741,103
16.8795,103
16.8851,104
16.8907,102
16.8964,101
16.9017,106
16.9073,101
16.913,101
16.9186,103
16.9239,104
16.9296,98
16.9352,101
16.9408,102
16.9462,101
16.9518,102
16.9574,101
16.9628,105
16.9684,104
16.974,100
16.9797,100
16.985,100
16.9906,102
16.9963,103
17.0019,101
17.0073,102
17.0129,102
17.0186,102
17.0239,100
17.0295,98
17.0352,103
17.0408,103
17.0461,103
17.0518,102
17.0574,100
17.063,104
17.0686,102
17.074,104
17.0796,103
17.0852,101
17.0906,99
17.0962,103
17.1019,103
17.1072,101
17.1128,102
17.1184,102
17.1241,101
17.1294,104
17.135,104
17.1407,96
17.1463,100
17.1519,103
17.1573,103
17.1629,102
17.1685,104
17.1742,102
17.1795,99
17.1851,104
17.1908,103
17.1964,103
17.2017,104
17.2074,104
17.213,102
17.2186,103
17.2239,101
17.2296,100
17.2352,102
17.2408,101
17.2462,104
17.2518,106
17.2574,103
17.263,101
17.2684,105
17.274,106
17.2796,102
17.2852,100
17.2906,96
17.2962,103
17.3019,98
17.3075,100
17.3128,100
17.3185,105
17.3241,97
17.3295,104
17.3351,103
17.3407,105
17.3464,102
17.3517,103
17.3573,99
17.363,99
17.3686,100
17.3739,101
17.3795,102
17.3852,100
17.3908,103
17.3962,105
17.4017,104
17.4074,97
17.413,98
17.4186,103
17.424,99
17.4295,98
17.4351,99
17.4408,97
17.4461,100
17.4518,98
17.4573,98
17.463,104
17.4683,103
17.4739,103
17.4796,103
17.4851,103
17.4908,103
17.4961,106
17.5018,101
17.5074,100
17.513,102
17.5186,99
17.5239,102
17.5296,102
17.5352,102
17.5405,103
17.5462,102
17.5518,96
17.5575,105
17.5628,104
17.5685,107
17.5741,103
17.5797,101
17.585,99
17.5907,106
17.5963,101
17.6019,102
17.6073,101
17.6129,103
17.6185,103
17.6242,100
17.6295,103
17.6351,103
17.6408,103
17.6461,102
17.6517,106
17.6574,105
17.663,102
17.6686,107
17.674,101
17.6796,103
17.6853,104
17.6906,101
17.6962,102
17.7018,102
17.7075,103
17.7128,102
17.7184,100
17.724,102
17.7297,107
17.735,104
17.7407,103
17.7463,106
17.7519,103
17.7573,102
17.7629,104
17.7685,102
17.7742,102
17.7795,102
17.7851,103
17.7908,103
17.7961,102
17.8017,103
17.8074,102
17.813,103
17.8183,101
17.824,105
17.8296,106
17.8352,99
17.8408,104
17.8462,99
17.8518,99
17.8575,103
17.8628,102
17.8685,106
17.8741,104
17.8794,105
17.8851,101
17.8907,99
17.8964,101
17.9017,104
17.9074,104
17.913,104
17.9183,101
17.924,103
17.9296,104
17.9352,104
17.9406,102
17.9462,100
17.9518,100
17.9575,103
17.9631,103
17.9684,104
17.974,103
17.9797,104
17.9853,102
17.9906,100
17.9963,101
18.0019,104
18.0073,102
18.0129,103
18.0185,99
18.0239,99
18.0295,101
18.0351,101
18.0408,104
18.0464,101
18.0518,103
18.0574,103
18.0628,104
18.0684,104
18.074,104
18.0797,101
18.085,103
18.0907,103
18.0963,97
18.1019,98
18.1073,103
18.1129,103
18.1186,106
18.1239,103
18.1296,102
18.1352,102
18.1406,102
18.1463,103
18.1519,99
18.1573,102
18.1629,101
18.1685,102
18.1739,103
18.1795,103
18.1852,102
18.1908,102
18.1962,105
18.2018,103
18.2074,103
18.2131,102
18.2185,105
18.2241,101
18.2295,100
18.2352,99
18.2408,103
18.2461,100
18.2518,99
18.2574,103
18.263,99
18.2684,101
18.274,102
18.2797,99
18.285,105
18.2906,103
18.2963,101
18.3019,100
18.3073,102
18.3129,101
18.3185,102
18.3241,102
18.3295,103
18.3351,104
18.3407,101
18.3464,99
18.3518,99
18.3574,100
18.363,104
18.3684,102
18.374,102
18.3796,102
18.3853,103
18.3906,103
18.3963,102
18.4019,101
18.4073,98
18.4129,100
18.4186,104
18.4239,100
18.4296,101
18.4352,101
18.4406,98
18.4462,100
18.4518,101
18.4575,100
18.4628,102
18.4684,105
18.4741,106
18.4797,104
18.485,100
18.4907,104
18.4963,105
18.5019,100
18.5073,103
18.5129,101
18.5185,100
18.5241,99
18.5295,101
18.5351,100
18.5407,103
18.5463,108
18.5517,102
18.5573,98
18.563,104
18.5686,102
18.5739,102
18.5796,98
18.5852,98
18.5906,103
18.5962,104
18.6018,101
18.6075,100
18.6128,103
18.6184,100
18.6241,102
18.6297,100
18.635,105
18.6407,103
18.6463,100
18.6519,102
18.6573,107
18.6629,102
18.6685,102
18.6742,106
18.6795,101
18.6851,105
18.6908,100
18.6964,99
18.7018,100
18.7074,100
18.713,102
18.7184,101
18.724,103
18.7296,99
18.7352,99
18.7406,101
18.7462,99
18.7519,99
18.7575,99
18.7628,95
18.7685,100
18.7741,102
18.7797,103
18.7851,102
18.7907,102
18.7963,101
18.8019,95
18.8073,96
18.8129,96
18.8186,98
18.8239,99
18.8295,102
18.8352,103
18.8408,100
18.8461,97
18.8518,104
18.8574,98
18.863,99
18.8687,93
18.874,98
18.8796,98
18.8853,100
18.8906,99
18.8961,102
18.9018,99
18.9074,97
18.913,103
18.9184,101
18.9239,100
18.9296,98
18.9352,103
18.9408,101
18.9462,101
18.9517,102
18.9573,99
18.963,101
18.9686,101
18.974,101
18.9795,100
18.9852,100
18.9908,100
18.9962,100
19.0018,101
19.0073,102
19.013,102
19.0184,102
19.024,100
19.0297,97
19.0352,102
19.0408,98
19.0462,101
19.0518,101
19.0574,101
19.0628,101
19.0684,103
19.074,100
19.0797,98
19.0853,103
19.0906,102
19.0962,101
19.1019,98
19.1075,101
19.1128,101
19.1185,102
19.1241,99
19.1297,97
19.1351,100
19.1407,102
19.1464,102
19.1517,99
19.1573,100
19.163,103
19.1686,101
19.1739,102
19.1796,101
19.1852,102
19.1908,101
19.1962,102
19.2018,103
19.2074,101
19.2128,100
19.2184,102
19.2241,103
19.2297,101
19.235,101
19.2407,101
19.2463,101
19.2519,102
19.2572,100
19.2629,99
19.2685,102
19.2739,96
19.2796,97
19.2853,102
19.2907,104
19.2962,101
19.3018,98
19.3075,98
19.3128,98
19.3184,99
19.3241,98
19.3294,98
19.3351,100
19.3407,101
19.3464,102
19.352,103
19.3573,100
19.363,106
19.3686,100
19.374,99
19.3796,100
19.3853,100
19.3906,101
19.3962,101
19.4019,98
19.4075,101
19.4129,101
19.4185,101
19.4241,98
19.4296,99
19.4353,102
19.4407,101
19.4464,99
19.4517,102
19.4574,103
19.4628,103
19.4685,101
19.4742,100
19.4796,101
19.4853,102
19.4906,98
19.4963,100
19.5017,101
19.5074,97
19.5131,101
19.5185,100
19.5242,102
19.5295,102
19.5352,104
19.5406,102
19.5463,104
19.552,101
19.5574,103
19.5631,104
19.5685,100
19.5741,104
19.5795,103
19.5852,104
19.5909,102
19.5963,100
19.602,101
19.6073,105
19.613,101
19.6184,101
19.6241,100
19.6295,99
19.6352,102
19.6408,101
19.6462,100
19.6519,100
19.6573,99
19.663,99
19.6684,103
19.6741,102
19.6795,105
19.6851,101
19.6908,101
19.6962,103
19.7019,102
19.7073,103
19.713,103
19.7184,99
19.724,102
19.7297,103
19.7351,102
19.7408,104
19.7462,101
19.7519,104
19.7573,103
19.763,103
19.7686,103
19.774,104
19.7797,101
19.7851,103
19.7908,100
19.7962,102
19.8019,99
19.8073,96
19.8129,103
19.8186,104
19.824,101
19.8297,100
19.8351,101
19.8408,102
19.8462,96
19.8518,100
19.8575,104
19.8629,102
19.8686,104
19.874,101
19.8797,102
19.8851,101
19.8908,105
19.8962,102
19.9018,103
19.9072,101
19.9129,102
19.9186,101
19.924,100
19.9296,100
19.935,99
19.9407,98
19.9464,102
19.9518,100
19.9575,103
19.9628,99
19.9685,101
19.9742,102
19.9796,101
19.9853,102
19.9907,104
19.9963,102
20.0017,102
20.0074,101
20.0128,103
20.0185,102
20.0242,101
20.0296,100
20.0353,101
20.0406,103
20.0463,104
20.052,105
20.0574,104
20.0631,101
20.0685,103
20.0741,104
20.0795,106
20.0852,106
20.0906,102
20.0963,106
20.102,104
20.1074,101
20.113,103
20.1184,102
20.1241,100
20.1295,100
20.1352,98
20.1408,100
20.1462,105
20.1519,102
20.1573,105
20.163,101
20.1687,105
20.1741,103
20.1798,100
20.1851,103
20.1908,101
20.1965,102
20.2019,105
20.2076,100
20.213,102
20.2186,103
20.224,104
20.2297,105
20.2351,103
20.2407,101
20.2464,102
20.2518,101
20.2575,101
20.2629,102
20.2685,100
20.2742,99
20.2796,101
20.2853,101
20.2906,99
20.2963,99
20.302,103
20.3074,102
20.3131,101
20.3185,101
20.3241,103
20.3298,100
20.3352,100
20.3409,101
20.3462,101
20.3519,102
20.3575,97
20.3631,102
20.3685,96
20.3741,98
20.3798,101
20.3851,100
20.3908,98
20.3964,98
20.4017,102
20.4075,101
20.4131,103
20.4185,102
20.4242,103
20.4296,102
20.4353,103
20.4407,101
20.4463,101
20.452,102
20.4574,100
20.463,100
20.4684,101
20.474,103
20.4796,101
20.4853,100
20.4907,102
20.4964,103
20.5018,100
20.5075,99
20.5129,102
20.5185,102
20.5242,104
20.5296,104
20.5352,103
20.5408,105
20.5464,105
20.5518,101
20.5574,105
20.563,100
20.5687,101
20.5741,101
20.5797,100
20.5851,106
20.5907,100
20.5964,103
20.602,106
20.6074,101
20.613,99
20.6186,102
20.6242,101
20.6296,100
20.6352,100
20.6408,98
20.6462,99
20.6519,100
20.6575,99
20.6629,101
20.6686,104
20.6742,106
20.6796,102
20.6852,103
20.6909,101
20.6963,98
20.7019,100
20.7073,102
20.713,101
20.7187,101
20.7241,103
20.7297,103
20.7351,102
20.7408,102
20.7462,102
20.7519,102
20.7573,101
20.763,102
20.7685,101
20.7742,99
20.7796,100
20.7853,101
20.7907,99
20.7964,101
20.8019,102
20.8076,104
20.813,102
20.8184,100
20.8241,100
20.8297,102
20.8354,102
20.8408,104
20.8462,103
20.8519,102
20.8574,100
20.8631,97
20.8685,102
20.8742,98
20.8796,100
20.8853,101
20.8907,104
20.8965,104
20.9019,105
20.9076,103
20.913,102
20.9187,101
20.9241,101
20.9298,103
20.9352,106
20.9409,103
20.9463,100
20.9519,104
20.9574,101
20.9631,102
20.9685,103
20.9742,103
20.9797,100
20.9854,100
20.9908,100
20.9962,106
21.0019,101
21.0074,99
21.0131,102
21.0186,102
21.024,102
21.0297,104
21.0352,100
21.0409,103
21.0463,102
21.052,102
21.0575,100
21.0632,101
21.0686,101
21.074,102
21.0797,102
21.0852,102
21.0909,101
21.0964,104
21.1021,101
21.1075,102
21.1132,99
21.1186,101
21.1243,100
21.1297,102
21.1352,102
21.1409,100
21.1463,102
21.152,99
21.1574,102
21.1631,100
21.1685,100
21.1742,102
21.1797,102
21.1854,102
21.1908,103
21.1965,105
21.2019,103
21.2076,100
21.213,101
21.2187,99
21.2242,97
21.2296,101
21.2353,101
21.241,103
21.2463,105
21.252,104
21.2574,99
21.2631,104
21.2685,102
21.2742,101
21.2798,102
21.2852,102
21.2909,103
21.2963,105
21.302,101
21.3074,100
21.3131,101
21.3187,103
21.3241,102
21.3298,100
21.3352,101
21.3409,100
21.3463,99
21.352,100
21.3574,102
21.363,100
21.3684,102
21.3741,102
21.3798,102
21.3852,100
21.3909,100
21.3963,102
21.4019,100
21.4073,103
21.413,103
21.4187,102
21.4241,102
21.4298,103
21.4352,102
21.4409,99
21.4463,96
21.4519,102
21.4576,100
21.463,101
21.4687,101
21.4741,102
21.4798,99
21.4852,104
21.4908,100
21.4965,100
21.5019,101
21.5076,101
21.513,101
21.5187,100
21.5241,97
21.5297,103
21.5354,97
21.5408,99
21.5465,99
21.5519,100
21.5576,103
21.563,104
21.5686,96
21.574,102
21.5797,102
21.5854,102
21.5908,101
21.5964,100
21.6018,102
21.6075,102
21.6129,103
21.6186,104
21.6243,102
21.6297,101
21.6353,102
21.6408,102
21.6464,100
21.6518,103
21.6575,102
21.6632,103
21.6686,102
21.6743,103
21.6796,99
21.6853,103
21.691,98
21.6964,100
21.7021,100
21.7075,104
21.7132,103
21.7186,102
21.7243,103
21.7297,101
21.7353,105
21.7408,99
21.7465,98
21.7519,98
21.7576,102
21.7629,101
21.7686,100
21.7743,101
21.7797,102
21.7854,103
21.7908,99
21.7965,102
21.8019,100
21.8076,104
21.813,100
21.8186,100
21.824,103
21.8297,104
21.8354,102
21.8408,102
21.8465,97
21.8519,100
21.8575,101
21.863,103
21.8686,100
21.8743,102
21.8797,103
21.8854,99
21.8908,102
21.8965,101
21.9019,100
21.9076,99
21.9129,98
21.9186,99
21.9243,96
21.9297,97
21.9354,99
21.9408,100
21.9465,102
21.9519,101
21.9575,101
21.9632,99
21.9686,99
21.9743,102
21.9797,100
21.9854,101
21.9908,100
21.9965,102
22.0019,101
22.0076,102
22.013,102
22.0186,100
22.0242,102
22.0299,101
22.0353,100
22.0409,103
22.0463,102
22.0519,99
22.0575,105
22.0629,101
22.0686,103
22.0743,104
22.0797,102
22.0853,100
22.0907,100
22.0964,104
22.1018,101
22.1075,100
22.1132,99
22.1186,97
22.1242,98
22.1296,102
22.1353,102
22.141,101
22.1464,100
22.152,100
22.1574,99
22.1631,100
22.1688,103
22.1742,100
22.1798,101
22.1852,102
22.1909,102
22.1963,103
22.202,103
22.2077,102
22.2131,101
22.2187,103
22.2241,102
22.2298,101
22.2352,104
22.2409,99
22.2463,99
22.252,102
22.2576,102
22.263,102
22.2687,106
22.2741,102
22.2798,105
22.2852,104
22.2909,104
22.2965,101
22.3019,101
22.3076,101
22.313,97
22.3187,102
22.3241,100
22.3298,100
22.3355,100
22.3408,103
22.3465,102
22.3519,102
22.3576,100
22.363,98
22.3687,103
22.3744,100
22.3798,100
22.3854,101
22.3908,102
22.3965,101
22.4019,101
22.4075,102
22.4129,103
22.4186,99
22.4243,102
22.4297,101
22.4353,99
22.4407,101
22.4464,99
22.452,97
22.4574,101
22.4631,103
22.4688,103
22.4741,99
22.4798,100
22.4852,98
22.4908,99
22.4965,101
22.5021,98
22.5074,106
22.5131,104
22.5187,99
22.5241,102
22.5297,103
22.5353,103
22.5409,100
22.5463,99
22.5519,102
22.5576,100
22.563,100
22.5686,99
22.5743,101
22.5799,100
22.5852,104
22.5909,98
22.5965,98
22.6019,98
22.6075,102
22.6131,101
22.6188,101
22.6241,103
22.6298,104
22.6354,100
22.6407,98
22.6464,102
22.652,102
22.6576,99
22.663,100
22.6686,105
22.6743,100
22.6797,103
22.6853,100
22.691,102
22.6963,103
22.702,104
22.7076,101
22.7131,103
22.7252,103
22.7346,99
22.738,97
22.738,98
22.7409,102
22.7465,102
22.7518,99
22.7575,102
22.7632,101
22.7688,103
22.7741,100
22.7798,99
22.7854,99
22.7908,102
22.7965,103
22.8019,99
22.8075,98
22.8131,98
22.8188,103
22.8241,103
22.8298,102
22.8354,100
22.8408,99
22.8465,101
22.8521,100
22.8575,96
