Experiment: Feb_24_Turb_expt vial 6, Wed Feb 24 18:13:41 2021
0.0013,55601
0.0067,55606
0.0121,55617
0.0177,55612
0.0233,55623
0.0287,55620
0.0343,55633
0.04,55634
0.0456,55649
0.051,55658
0.0566,55655
0.0622,55665
0.0676,55664
0.0732,55665
0.0789,55668
0.0845,55676
0.0899,55673
0.0955,55678
0.1011,55676
0.1065,55683
0.1121,55683
0.1177,55684
0.1234,55695
0.1288,55702
0.1344,55711
0.14,55714
0.1454,55710
0.151,55711
0.1567,55714
0.162,55710
0.1677,55714
0.1733,55722
0.1789,55729
0.1843,55726
0.1899,55730
0.1955,55725
0.2012,55734
0.2065,55723
0.2122,55715
0.2178,55720
0.2232,55722
0.2288,55712
0.2344,55721
0.2401,55727
0.2454,55725
0.2511,55716
0.2567,55728
0.2621,55730
0.2677,55726
0.2733,55719
0.2787,55722
0.2844,55726
0.29,55733
0.2956,55729
0.301,55723
0.3066,55723
0.3123,55727
0.3176,55733
0.3233,55735
0.3289,55732
0.3343,55729
0.3399,55733
0.3456,55729
0.3509,55740
0.3566,55727
0.3622,55722
0.3676,55734
0.3732,55725
0.3789,55721
0.3845,55713
0.3899,55723
0.3955,55731
0.4011,55723
0.4065,55725
0.4121,55727
0.4178,55733
0.4231,55725
0.4288,55727
0.4345,55722
0.4398,55726
0.4454,55722
0.4511,55722
0.4567,55729
0.4621,55733
0.4677,55727
0.4733,55724
0.4787,55729
0.4843,55724
0.49,55722
0.4953,55729
0.501,55729
0.5066,55719
0.5122,55727
0.5176,55722
0.5232,55731
0.5289,55723
0.5345,55732
0.5399,55727
0.5455,55728
0.5512,55735
0.5565,55734
0.5622,55736
0.5678,55735
0.5732,55737
0.5788,55727
0.5844,55732
0.59,55729
0.5954,55720
0.601,55727
0.6067,55735
0.6121,55724
0.6177,55726
0.6233,55735
0.6289,55741
0.6343,55742
0.6399,55734
0.6456,55733
0.6509,55740
0.6565,55730
0.6622,55743
0.6678,55739
0.6732,55739
0.6788,55735
0.6844,55731
0.6898,55734
0.6954,55736
0.7011,55735
0.7067,55736
0.712,55725
0.7177,55726
0.7233,55730
0.7289,55735
0.7343,55737
0.7399,55733
0.7456,55745
0.7509,55745
0.7566,55721
0.7622,55738
0.7678,55734
0.7732,55730
0.7789,55736
0.7842,55743
0.7899,55736
0.7955,55734
0.8012,55746
0.8065,55737
0.8121,55734
0.8177,55737
0.8234,55750
0.8287,55745
0.8343,55731
0.8399,55737
0.8456,55747
0.8512,55741
0.8566,55741
0.8621,55744
0.8677,55743
0.8734,55748
0.8787,55742
0.8844,55742
0.8899,55734
0.8955,55742
0.9012,55747
0.9065,55733
0.9122,55734
0.9177,55741
0.9233,55744
0.9287,55744
0.9343,55747
0.94,55745
0.9455,55744
0.9511,55733
0.9565,55737
0.9622,55740
0.9678,55740
0.9732,55739
0.9788,55736
0.9844,55743
0.9898,55742
0.9954,55737
1.0067,55741
1.0121,55736
1.0177,55742
1.0234,55740
1.0287,55731
1.0344,55738
1.04,55741
1.0456,55732
1.051,55738
1.0566,55734
1.0622,55736
1.0676,55740
1.0732,55735
1.0788,55735
1.0842,55735
1.0898,55722
1.0955,55736
1.1011,55738
1.1065,55736
1.1121,55734
1.1178,55735
1.1231,55734
1.1288,55732
1.1344,55734
1.14,55733
1.1454,55731
1.151,55730
1.1566,55740
1.1623,55730
1.1676,55738
1.1733,55730
1.1789,55745
1.1842,55735
1.1899,55729
1.1955,55726
1.2011,55734
1.2065,55727
1.2122,55732
1.2178,55729
1.2231,55730
1.2288,55721
1.2344,55728
1.2398,55729
1.2454,55736
1.2511,55740
1.2567,55736
1.2621,55731
1.2677,55731
1.2734,55736
1.2787,55737
1.2844,55728
1.29,55738
1.2954,55745
1.301,55745
1.3067,55739
1.3121,55745
1.3177,55747
1.3234,55743
1.3287,55738
1.3343,55740
1.34,55741
1.3456,55733
1.351,55736
1.3566,55743
1.3622,55736
1.3676,55738
1.3732,55741
1.3789,55745
1.3845,55736
1.3899,55732
1.3955,55741
1.4011,55747
1.4065,55741
1.4121,55745
1.4178,55744
1.4234,55741
1.4288,55743
1.4344,55736
1.44,55751
1.4454,55747
1.451,55745
1.4567,55744
1.462,55748
1.4677,55748
1.4733,55740
1.4787,55749
1.4844,55752
1.49,55736
1.4954,55743
1.501,55748
1.5067,55749
1.5123,55739
1.5177,55743
1.5233,55743
1.5287,55734
1.5343,55738
1.54,55749
1.5454,55744
1.551,55739
1.5566,55739
1.562,55734
1.5676,55733
1.5733,55734
1.5789,55744
1.5843,55743
1.5899,55740
1.5955,55747
1.6012,55733
1.6065,55741
1.6121,55740
1.6178,55745
1.6231,55743
1.6288,55748
1.6344,55754
1.64,55742
1.6457,55740
1.651,55738
1.6566,55740
1.6622,55742
1.6676,55736
1.6732,55739
1.6788,55742
1.6845,55734
1.6898,55729
1.6954,55731
1.7011,55731
1.7067,55730
1.7121,55729
1.7177,55736
1.7233,55738
1.729,55732
1.7343,55732
1.7399,55727
1.7456,55731
1.7509,55738
1.7566,55743
1.7622,55738
1.7676,55739
1.7732,55740
1.7788,55744
1.7845,55737
1.7898,55740
1.7955,55732
1.8011,55730
1.8065,55732
1.8121,55729
1.8178,55732
1.8234,55737
1.8288,55743
1.8344,55748
1.84,55740
1.8454,55729
1.851,55739
1.8567,55743
1.862,55730
1.8677,55727
1.8733,55733
1.8787,55738
1.8843,55737
1.89,55728
1.8956,55738
1.901,55737
1.9066,55729
1.9122,55736
1.9176,55738
1.9232,55732
1.9289,55741
1.9343,55748
1.9399,55742
1.9455,55747
1.9512,55752
1.9565,55745
1.9622,55745
1.9678,55754
1.9732,55752
1.9788,55754
1.9844,55751
1.9898,55755
1.9955,55754
2.0065,55758
2.0122,55754
2.0178,55750
2.0231,55754
2.0288,55755
2.0344,55754
2.04,55754
2.0454,55759
2.051,55755
2.0566,55757
2.0623,55750
2.0676,55753
2.0733,55754
2.0789,55753
2.0843,55754
2.0899,55757
2.0956,55752
2.1012,55751
2.1065,55748
2.1122,55758
2.1178,55751
2.1234,55752
2.1288,55756
2.1344,55755
2.14,55749
2.1454,55756
2.151,55756
2.1566,55752
2.1623,55750
2.1676,55755
2.1733,55754
2.1789,55750
2.1843,55750
2.1899,55755
2.1956,55755
2.2009,55744
2.2066,55751
2.2122,55757
2.2178,55748
2.2232,55757
2.2288,55756
2.2344,55743
2.2398,55750
2.2455,55751
2.2511,55751
2.2567,55753
2.2621,55754
2.2677,55755
2.2734,55753
2.2787,55744
2.2844,55752
2.29,55756
2.2954,55749
2.301,55743
2.3066,55751
2.3123,55758
2.3176,55746
2.3233,55746
2.3289,55749
2.3343,55755
2.3399,55748
2.3455,55749
2.3512,55749
2.3565,55751
2.3621,55747
2.3678,55753
2.3731,55754
2.3788,55750
2.3843,55743
2.3899,55752
2.3955,55748
2.4012,55750
2.4065,55750
2.4121,55757
2.4177,55757
2.4234,55744
2.4287,55752
2.4344,55757
2.4398,55750
2.4454,55750
2.451,55758
2.4567,55748
2.4623,55751
2.4677,55749
2.4733,55746
2.4789,55748
2.4843,55747
2.49,55750
2.4955,55753
2.5011,55751
2.5065,55745
2.5121,55753
2.5178,55758
2.5231,55751
2.5288,55750
2.5344,55752
2.54,55747
2.5454,55745
2.551,55742
2.5566,55752
2.5623,55751
2.5676,55754
2.5733,55751
2.5789,55749
2.5842,55751
2.5899,55744
2.5955,55752
2.6011,55748
2.6065,55747
2.6121,55746
2.6177,55749
2.6233,55748
2.629,55745
2.6343,55752
2.64,55755
2.6456,55750
2.6509,55747
2.6566,55753
2.6622,55754
2.6676,55745
2.6732,55750
2.6789,55753
2.6845,55752
2.6898,55751
2.6955,55759
2.7011,55750
2.7065,55751
2.7121,55753
2.7178,55751
2.7234,55747
2.7288,55744
2.7344,55748
2.7401,55750
2.7454,55751
2.7511,55757
2.7567,55757
2.7621,55750
2.7677,55753
2.7733,55755
2.7787,55759
2.7843,55751
2.79,55749
2.7956,55755
2.801,55757
2.8066,55745
2.8122,55752
2.8176,55751
2.8233,55745
2.8289,55746
2.8343,55749
2.8399,55743
2.8455,55747
2.8509,55749
2.8566,55753
2.8622,55752
2.8678,55747
2.8733,55754
2.8789,55750
2.8842,55750
2.8899,55747
2.8955,55752
2.9012,55753
2.9065,55750
2.9122,55746
2.9178,55754
2.9232,55754
2.9288,55744
2.9344,55747
2.9401,55752
2.9455,55752
2.9511,55743
2.9565,55746
2.9621,55749
2.9678,55749
2.9734,55745
2.9788,55753
2.9844,55749
2.99,55744
2.9954,55750
3.001,55751
3.0067,55745
3.0121,55751
3.0177,55755
3.0233,55757
3.0287,55750
3.0343,55748
3.04,55749
3.0456,55754
3.051,55743
3.0566,55742
3.0622,55749
3.0676,55744
3.0732,55744
3.0789,55747
3.0845,55757
3.0898,55751
3.0955,55750
3.1011,55754
3.1067,55750
3.1121,55749
3.1177,55751
3.1234,55752
3.1287,55752
3.1344,55750
3.14,55751
3.1456,55740
3.151,55743
3.1567,55739
3.162,55743
3.1676,55740
3.1733,55741
3.1789,55749
3.1843,55754
3.1899,55743
3.1956,55734
3.2009,55731
3.2066,55744
3.2122,55748
3.2178,55734
3.2232,55733
3.2289,55747
3.2345,55740
3.2399,55735
3.2455,55742
3.2511,55741
3.2565,55742
3.2621,55741
3.2678,55738
3.2731,55734
3.2788,55727
3.2844,55734
3.29,55734
3.2954,55736
3.3011,55731
3.3067,55735
3.3121,55733
3.3177,55732
3.3233,55735
3.3287,55741
3.3344,55739
3.34,55743
3.3454,55746
3.351,55744
3.3566,55740
3.3623,55734
3.3676,55735
3.3733,55742
3.3789,55732
3.3843,55743
3.3899,55744
3.3956,55737
3.4009,55742
3.4066,55737
3.4122,55733
3.4176,55729
3.4232,55739
3.4289,55743
3.4345,55741
3.4398,55732
3.4455,55744
3.4511,55742
3.4565,55739
3.4621,55733
3.4678,55744
3.4731,55737
3.4788,55729
3.4844,55735
3.49,55742
3.4954,55743
3.501,55737
3.5067,55738
3.512,55751
3.5177,55746
3.5233,55742
3.5289,55751
3.5343,55750
3.5399,55745
3.5455,55741
3.5509,55739
3.5566,55741
3.5622,55739
3.5676,55753
3.5732,55737
3.5788,55741
3.5844,55734
3.5901,55748
3.5954,55742
3.6011,55738
3.6067,55742
3.6121,55750
3.6177,55742
3.6233,55736
3.6287,55750
3.6343,55743
3.6399,55732
3.6456,55737
3.6509,55735
3.6566,55738
3.6622,55730
3.6676,55740
3.6732,55739
3.6789,55740
3.6842,55741
3.6899,55741
3.6955,55729
3.7009,55741
3.7065,55748
3.7122,55743
3.7178,55736
3.7232,55742
3.7288,55748
3.7344,55744
3.7398,55741
3.7455,55751
3.7511,55747
3.7565,55746
3.7621,55740
3.7678,55748
3.7731,55754
3.7788,55743
3.7844,55741
3.7898,55748
3.7954,55747
3.8011,55743
3.8067,55750
3.8121,55748
3.8177,55744
3.8231,55729
3.8287,55738
3.8344,55747
3.84,55742
3.8454,55749
3.851,55745
3.8567,55746
3.862,55749
3.8677,55747
3.8733,55743
3.8789,55738
3.8843,55746
3.8899,55743
3.8953,55749
3.901,55732
3.9066,55734
3.9122,55749
3.9176,55748
3.9233,55732
3.9289,55730
3.9343,55739
3.9399,55743
3.9455,55741
3.9509,55753
3.9565,55748
3.9622,55749
3.9675,55743
3.9732,55747
3.9788,55748
3.9844,55746
3.9898,55733
3.9954,55750
4.0011,55746
4.0065,55741
4.0121,55753
4.0176,55741
4.0232,55740
4.0288,55742
4.0345,55744
4.0398,55742
4.0454,55737
4.051,55739
4.0566,55742
4.062,55740
4.0676,55738
4.0732,55747
4.0788,55751
4.0842,55744
4.0898,55740
4.0955,55747
4.101,55743
4.1066,55735
4.112,55742
4.1176,55741
4.1232,55743
4.1288,55740
4.1344,55744
4.1398,55744
4.1454,55741
4.1511,55741
4.1564,55750
4.1621,55747
4.1677,55753
4.1734,55754
4.1787,55750
4.1844,55747
4.19,55748
4.1953,55750
4.201,55752
4.2066,55749
4.212,55750
4.2176,55760
4.2233,55750
4.2287,55747
4.2343,55755
4.24,55756
4.2453,55752
4.251,55753
4.2566,55756
4.262,55753
4.2676,55749
4.2732,55757
4.2789,55758
4.2842,55752
4.2899,55756
4.2955,55760
4.3009,55756
4.3065,55757
4.3122,55761
4.3175,55755
4.3232,55759
4.3288,55759
4.3342,55757
4.3398,55758
4.3455,55756
4.3508,55758
4.3565,55764
4.3621,55756
4.3678,55756
4.3731,55752
4.3788,55758
4.3844,55755
4.3898,55756
4.3954,55763
4.401,55758
4.4067,55754
4.412,55753
4.4177,55761
4.423,55754
4.4287,55755
4.4343,55763
4.44,55762
4.4453,55750
4.451,55756
4.4566,55764
4.462,55753
4.4676,55756
4.4733,55760
4.4789,55760
4.4843,55754
4.4899,55757
4.4953,55759
4.5009,55759
4.5065,55752
4.5122,55758
4.5175,55759
4.5232,55754
4.5288,55752
4.5344,55761
4.5398,55760
4.5454,55755
4.5511,55757
4.5564,55759
4.5621,55756
4.5677,55751
4.5733,55761
4.5787,55762
4.5842,55754
4.5899,55749
4.5955,55756
4.6009,55760
4.6065,55757
4.6121,55756
4.6177,55760
4.6231,55758
4.6287,55756
4.6344,55760
4.6397,55761
4.6454,55753
4.651,55758
4.6566,55764
4.662,55759
4.6676,55760
4.6733,55754
4.6787,55762
4.6843,55756
4.6899,55756
4.6955,55756
4.7009,55760
4.7065,55758
4.7122,55755
4.7175,55751
4.7232,55758
4.7289,55760
4.7342,55756
4.7399,55754
4.7455,55759
4.7509,55752
4.7565,55751
4.7622,55756
4.7676,55743
4.7732,55743
4.7788,55748
4.7842,55761
4.7898,55755
4.7955,55757
4.8009,55756
4.8065,55757
4.8121,55752
4.8175,55758
4.8231,55758
4.8288,55754
4.8344,55757
4.8398,55759
4.8454,55761
4.8511,55764
4.8564,55751
4.8621,55762
4.8677,55767
4.8731,55753
4.8787,55750
4.8844,55757
4.8897,55758
4.8954,55754
4.901,55746
4.9067,55763
4.912,55764
4.9177,55755
4.9233,55758
4.9287,55760
4.9343,55757
4.94,55756
4.9456,55760
4.9509,55755
4.9566,55752
4.9622,55755
4.9676,55760
4.9733,55757
4.9789,55752
4.9843,55754
4.9899,55755
4.9955,55752
5.0009,55752
5.0066,55756
5.012,55762
5.0176,55755
5.0233,55753
5.0289,55756
5.0343,55758
5.0399,55750
5.0456,55753
5.0509,55754
5.0566,55758
5.0622,55757
5.0676,55754
5.0732,55760
5.0789,55754
5.0842,55752
5.0899,55757
5.0955,55752
5.1012,55751
5.1065,55757
5.1122,55758
5.1178,55753
5.1232,55752
5.1288,55754
5.1344,55759
5.1401,55750
5.1454,55756
5.151,55758
5.1567,55759
5.162,55758
5.1677,55750
5.1733,55756
5.1787,55759
5.1843,55753
5.19,55763
5.1956,55758
5.201,55752
5.2066,55755
5.2123,55755
5.2176,55754
5.2233,55756
5.2289,55755
5.2343,55756
5.2399,55755
5.2455,55748
5.2509,55755
5.2566,55758
5.2622,55752
5.2676,55757
5.2732,55760
5.2788,55760
5.2845,55759
5.2899,55755
5.2955,55762
5.3011,55759
5.3065,55756
5.3121,55760
5.3178,55753
5.3231,55749
5.3288,55749
5.3344,55753
5.3398,55755
5.3454,55755
5.3511,55750
5.3564,55760
5.3621,55754
5.3677,55752
5.3734,55756
5.3787,55757
5.3844,55748
5.39,55747
5.3954,55757
5.401,55753
5.4067,55750
5.412,55749
5.4177,55754
5.4233,55756
5.4287,55751
5.4343,55759
5.4399,55752
5.4456,55758
5.4509,55754
5.4566,55752
5.4622,55753
5.4676,55749
5.4732,55759
5.4788,55757
5.4844,55753
5.4898,55756
5.4954,55758
5.5011,55759
5.5067,55758
5.512,55753
5.5176,55756
5.5232,55760
5.5289,55752
5.5345,55759
5.5398,55759
5.5454,55756
5.5511,55748
5.5565,55760
5.5621,55759
5.5676,55749
5.5732,55755
5.5789,55761
5.5842,55755
5.5899,55756
5.5954,55742
5.601,55750
5.6067,55760
5.612,55754
5.6177,55752
5.6232,55754
5.6288,55750
5.6345,55755
5.6398,55764
5.6455,55760
5.651,55753
5.6566,55753
5.6623,55760
5.6676,55754
5.6733,55752
5.6788,55763
5.6845,55759
5.6898,55753
5.6955,55756
5.7011,55757
5.7065,55749
5.7121,55752
5.7178,55754
5.7231,55760
5.7288,55753
5.7344,55750
5.7398,55760
5.7454,55762
5.7511,55751
5.7567,55750
5.7621,55757
5.7677,55760
5.7734,55753
5.7787,55755
5.7844,55761
5.79,55752
5.7954,55750
5.801,55755
5.8067,55755
5.812,55752
5.8177,55756
5.8233,55758
5.8287,55750
5.8343,55748
5.84,55753
5.8456,55759
5.851,55754
5.8566,55748
5.8622,55752
5.8676,55756
5.8732,55753
5.8789,55748
5.8842,55748
5.8899,55754
5.8955,55749
5.9011,55744
5.9065,55749
5.9122,55750
5.9178,55752
5.9232,55749
5.9288,55750
5.9344,55755
5.9398,55750
5.9454,55752
5.9511,55753
5.9564,55753
5.9621,55752
5.9677,55757
5.9733,55754
5.9787,55752
5.9843,55758
5.99,55761
5.9956,55754
6.0009,55748
6.0066,55755
6.0122,55755
6.0176,55755
6.0232,55751
6.0289,55750
6.0342,55762
6.0399,55755
6.0455,55751
6.0511,55754
6.0565,55757
6.0621,55750
6.0678,55749
6.0731,55754
6.0788,55753
6.0844,55749
6.09,55751
6.0954,55755
6.101,55750
6.1067,55750
6.112,55740
6.1177,55749
6.1233,55751
6.1287,55747
6.1343,55750
6.14,55754
6.1453,55750
6.151,55747
6.1566,55755
6.162,55750
6.1676,55752
6.1733,55744
6.1789,55752
6.1843,55755
6.1899,55749
6.1956,55751
6.2009,55755
6.2066,55748
6.2122,55753
6.2176,55753
6.2232,55752
6.2288,55747
6.2342,55754
6.2399,55752
6.2455,55747
6.2511,55747
6.2565,55753
6.2621,55752
6.2675,55742
6.2732,55747
6.2788,55750
6.2844,55750
6.2898,55749
6.2954,55752
6.3011,55750
6.3064,55750
6.3121,55750
6.3177,55752
6.3233,55753
6.3287,55746
6.3344,55749
6.3397,55755
6.3454,55751
6.351,55749
6.3567,55751
6.362,55756
6.3677,55748
6.3733,55749
6.3787,55752
6.3843,55748
6.39,55756
6.3953,55752
6.401,55749
6.4066,55754
6.412,55756
6.4176,55755
6.4233,55755
6.4289,55750
6.4343,55750
6.4399,55754
6.4455,55755
6.4509,55750
6.4565,55751
6.4622,55755
6.4678,55750
6.4731,55745
6.4788,55749
6.4844,55754
6.4898,55749
6.4954,55746
6.501,55754
6.5067,55751
6.5121,55747
6.5177,55741
6.5233,55750
6.5287,55755
6.5343,55750
6.5399,55749
6.5453,55756
6.551,55753
6.5566,55746
6.562,55746
6.5676,55750
6.5733,55756
6.5786,55749
6.5843,55756
6.5899,55755
6.5955,55750
6.6009,55747
6.6065,55747
6.6122,55752
6.6175,55749
6.6232,55752
6.6288,55754
6.6345,55748
6.6398,55748
6.6454,55753
6.6508,55750
6.6565,55744
6.6621,55751
6.6677,55757
6.6731,55755
6.6787,55748
6.6844,55748
6.69,55756
6.6954,55749
6.701,55756
6.7066,55752
6.712,55756
6.7177,55750
6.723,55749
6.7287,55757
6.7343,55754
6.74,55750
6.7453,55751
6.751,55752
6.7566,55753
6.762,55751
6.7676,55747
6.7732,55751
6.7786,55748
6.7842,55748
6.7899,55759
6.7955,55751
6.8009,55754
6.8065,55753
6.8122,55751
6.8178,55752
6.8231,55751
6.8288,55755
6.8344,55754
6.8398,55746
6.8454,55754
6.851,55754
6.8564,55752
6.862,55754
6.8676,55756
6.8733,55749
6.8786,55748
6.8843,55749
6.8899,55756
6.8955,55752
6.9009,55750
6.9065,55744
6.9122,55756
6.9175,55752
6.9232,55744
6.9288,55748
6.9344,55755
6.9398,55750
6.9454,55745
6.9511,55751
6.9565,55342
6.9621,55748
6.9677,55747
6.9731,55753
6.9787,55754
6.9844,55745
6.9897,55754
6.9953,55750
7.001,55751
7.0067,55749
7.012,55749
7.0177,55751
7.0233,55754
7.0287,55748
7.0343,55753
7.04,55749
7.0453,55748
7.051,55756
7.0567,55754
7.062,55753
7.0677,55752
7.0733,55754
7.0786,55754
7.0843,55749
7.0899,55749
7.0955,55751
7.1009,55749
7.1065,55747
7.1122,55751
7.1178,55752
7.1231,55749
7.1288,55745
7.1344,55752
7.1398,55755
7.1453,55751
7.151,55752
7.1566,55751
7.1622,55752
7.1676,55745
7.1731,55746
7.1788,55748
7.1844,55749
7.19,55746
7.1954,55749
7.2009,55749
7.2066,55745
7.2122,55743
7.2176,55753
7.2232,55750
7.2287,55746
7.2344,55749
7.24,55755
7.2454,55751
7.251,55750
7.2566,55749
7.2622,55747
7.2676,55746
7.2732,55746
7.2788,55747
7.2844,55757
7.29,55747
7.2954,55747
7.301,55754
7.3066,55752
7.312,55745
7.3176,55746
7.3233,55753
7.3289,55742
7.3343,55746
7.3399,55753
7.3455,55748
7.3509,55746
7.3565,55747
7.3622,55754
7.3678,55749
7.3732,55748
7.3788,55750
7.3844,55755
7.3898,55744
7.3954,55749
7.401,55753
7.4067,55746
7.412,55748
7.4177,55753
7.4233,55755
7.4289,55751
7.4343,55747
7.4399,55750
7.4455,55746
7.4512,55745
7.4565,55746
7.4621,55747
7.4678,55755
7.4731,55740
7.4788,55748
7.4844,55750
7.49,55746
7.4954,55744
7.501,55743
7.5067,55748
7.5121,55733
7.5177,55745
7.5233,55745
7.5287,55742
7.5343,55739
7.5399,55742
7.5456,55742
7.5509,55744
7.5566,55741
7.5622,55741
7.5676,55741
7.5732,55744
7.5789,55736
7.5842,55743
7.5899,55735
7.5955,55732
7.6011,55740
7.6067,55744
7.6121,55743
7.6177,55737
7.6233,55745
7.6287,55740
7.6343,55741
7.6399,55744
7.6456,55746
7.651,55743
7.6566,55740
7.6622,55748
7.6676,55747
7.6732,55740
7.6789,55736
7.6842,55743
7.6898,55749
7.6955,55739
7.7011,55746
7.7065,55743
7.7121,55745
7.7178,55742
7.7231,55735
7.7288,55739
7.7344,55735
7.7401,55728
7.7454,55733
7.7511,55722
7.7567,55734
7.7621,55735
7.7677,55736
7.7733,55748
7.7787,55739
7.7844,55744
7.79,55748
7.7953,55748
7.801,55743
7.8066,55750
7.8123,55746
7.8176,55745
7.8232,55751
7.8289,55746
7.8342,55750
7.8399,55746
7.8455,55745
7.8511,55754
7.8565,55749
7.8621,55746
7.8678,55748
7.8734,55752
7.8788,55754
7.8844,55752
7.89,55754
7.8954,55754
7.9011,55753
7.9067,55751
7.9121,55756
7.9177,55755
7.9234,55744
7.9287,55750
7.9344,55757
7.94,55753
7.9454,55746
7.9511,55748
7.9567,55748
7.962,55747
7.9677,55738
7.9733,55744
7.9787,55751
7.9843,55751
7.99,55742
7.9956,55752
8.0009,55749
8.0066,55744
8.0123,55748
8.0176,55747
8.0231,55740
8.0287,55745
8.0344,55746
8.04,55751
8.0453,55745
8.051,55746
8.0566,55747
8.0622,55751
8.0676,55748
8.0732,55747
8.0789,55752
8.0845,55750
8.0898,55747
8.0953,55751
8.101,55755
8.1066,55744
8.1122,55746
8.1176,55753
8.1232,55751
8.1287,55749
8.1343,55753
8.1399,55750
8.1453,55749
8.151,55746
8.1566,55752
8.1622,55757
8.1676,55754
8.1732,55756
8.1787,55754
8.1843,55756
8.19,55750
8.1954,55748
8.201,55749
8.2066,55751
8.212,55752
8.2177,55746
8.2233,55751
8.2287,55750
8.2343,55748
8.24,55740
8.2454,55741
8.251,55747
8.2566,55746
8.262,55744
8.2676,55747
8.2733,55748
8.2787,55748
8.2844,55747
8.29,55747
8.2954,55749
8.301,55743
8.3066,55743
8.312,55747
8.3177,55751
8.3233,55747
8.3287,55751
8.3344,55749
8.34,55747
8.3454,55742
8.351,55749
8.3566,55755
8.362,55743
8.3676,55750
8.3733,55757
8.3787,55754
8.3843,55749
8.3899,55746
8.3954,55753
8.401,55741
8.4067,55747
8.412,55748
8.4177,55747
8.4233,55748
8.4286,55748
8.4343,55753
8.4399,55752
8.4454,55747
8.451,55749
8.4567,55754
8.462,55752
8.4677,55748
8.4733,55748
8.4786,55752
8.4843,55753
8.4899,55744
8.4954,55747
8.501,55754
8.5067,55746
8.512,55749
8.5177,55753
8.5233,55752
8.5287,55745
8.5343,55747
8.5399,55751
8.5454,55750
8.5511,55750
8.5567,55748
8.5621,55746
8.5677,55747
8.5733,55746
8.5787,55748
8.5843,55751
8.59,55749
8.5954,55751
8.601,55748
8.6066,55754
8.6121,55743
8.6178,55744
8.6231,55751
8.6288,55746
8.6344,55749
8.6398,55748
8.6454,55753
8.651,55752
8.6567,55748
8.662,55745
8.6675,55747
8.6732,55749
8.6788,55748
8.6844,55746
8.6898,55747
8.6953,55751
8.701,55749
8.7066,55748
8.712,55757
8.7176,55751
8.7231,55746
8.7288,55755
8.7344,55753
8.7398,55746
8.7454,55745
8.7509,55753
8.7566,55749
8.7621,55742
8.7678,55750
8.7731,55753
8.7787,55748
8.7844,55750
8.79,55750
8.7954,55751
8.801,55748
8.8065,55743
8.8121,55746
8.8178,55750
8.8231,55748
8.8288,55749
8.8343,55755
8.84,55748
8.8453,55745
8.851,55753
8.8566,55755
8.8622,55749
8.8678,55748
8.8731,55755
8.8788,55753
8.8844,55747
8.8898,55752
8.8954,55754
8.901,55756
8.9067,55749
8.912,55754
8.9176,55754
8.9233,55751
8.9286,55751
8.9343,55752
8.9399,55749
8.9455,55750
8.9511,55745
8.9565,55742
8.9621,55743
8.9677,55745
8.9733,55740
8.9787,55747
8.9843,55748
8.9899,55745
8.9955,55747
9.0009,55750
9.0065,55749
9.0122,55741
9.0177,55747
9.0231,55753
9.0287,55752
9.0343,55749
9.0399,55752
9.0453,55754
9.0509,55750
9.0566,55748
9.0622,55750
9.0675,55753
9.0731,55749
9.0788,55746
9.0844,55744
9.0897,55751
9.0954,55746
9.101,55749
9.1066,55753
9.1119,55754
9.1176,55751
9.1232,55754
9.1288,55750
9.1342,55754
9.1398,55746
9.1454,55752
9.151,55755
9.1564,55747
9.162,55747
9.1677,55757
9.1733,55754
9.1789,55748
9.1842,55749
9.1898,55753
9.1955,55754
9.2011,55746
9.2065,55753
9.2121,55757
9.2177,55753
9.2233,55749
9.2287,55754
9.2343,55758
9.2399,55749
9.2455,55750
9.2509,55753
9.2565,55743
9.2621,55748
9.2677,55751
9.2731,55752
9.2787,55750
9.2843,55745
9.29,55749
9.2953,55751
9.3009,55747
9.3066,55750
9.3122,55751
9.3176,55748
9.3232,55752
9.3288,55751
9.3344,55746
9.3398,55748
9.3454,55749
9.351,55753
9.3567,55754
9.362,55746
9.3676,55752
9.3732,55756
9.3789,55745
9.3842,55746
9.3899,55755
9.3955,55754
9.4008,55748
9.4065,55752
9.4121,55750
9.4177,55742
9.4233,55747
9.4287,55753
9.4343,55751
9.44,55753
9.4453,55748
9.451,55754
9.4566,55758
9.4622,55755
9.4676,55758
9.4732,55760
9.4788,55753
9.4844,55751
9.4898,55753
9.4954,55754
9.501,55750
9.5064,55747
9.512,55753
9.5176,55760
9.5233,55753
9.5286,55754
9.5342,55758
9.5399,55756
9.5455,55754
9.5511,55755
9.5565,55750
9.5621,55756
9.5677,55753
9.5733,55758
9.5787,55755
9.5843,55752
9.5899,55743
9.5956,55747
9.6009,55749
9.6065,55754
9.6122,55751
9.6175,55753
9.6232,55754
9.6288,55744
9.6344,55745
9.6398,55759
9.6454,55752
9.651,55750
9.6566,55747
9.662,55754
9.6676,55754
9.6733,55747
9.6789,55749
9.6842,55755
9.6899,55751
9.6955,55754
9.7011,55756
9.7065,55754
9.7121,55751
9.7177,55758
9.7233,55753
9.7287,55750
9.7343,55750
9.7399,55758
9.7455,55753
9.7509,55752
9.7565,55755
9.7621,55754
9.7678,55757
9.7731,55752
9.7788,55754
9.7844,55763
9.79,55752
9.7954,55752
9.801,55759
9.8066,55759
9.812,55753
9.8176,55751
9.8232,55754
9.8289,55752
9.8342,55750
9.8398,55751
9.8455,55753
9.8511,55753
9.8564,55754
9.862,55758
9.8676,55758
9.8732,55753
9.8789,55749
9.8842,55757
9.8898,55756
9.8954,55752
9.9011,55753
9.9067,55760
9.912,55753
9.9177,55753
9.9233,55750
9.9287,55753
9.9343,55758
9.9399,55756
9.9455,55757
9.9508,55758
9.9565,55758
9.9621,55749
9.9677,55758
9.9734,55756
9.9787,55751
9.9843,55754
9.99,55754
9.9956,55753
10.0009,55756
10.0066,55751
10.0122,55753
10.0176,55751
10.0232,55752
10.0288,55754
10.0342,55755
10.0398,55753
10.0454,55751
10.051,55752
10.0567,55757
10.062,55755
10.0676,55750
10.0732,55751
10.0788,55755
10.0842,55749
10.0898,55747
10.0954,55750
10.101,55753
10.1067,55746
10.112,55746
10.1176,55757
10.1232,55748
10.1289,55744
10.1342,55751
10.1399,55756
10.1455,55752
10.1511,55752
10.1564,55751
10.1621,55751
10.1677,55740
10.1731,55740
10.1787,55746
10.1843,55749
10.1899,55747
10.1953,55750
10.2009,55753
10.2066,55752
10.2122,55751
10.2175,55755
10.2232,55757
10.2288,55753
10.2344,55751
10.2398,55752
10.2454,55753
10.251,55748
10.2566,55732
10.262,55755
10.2676,55746
10.2733,55748
10.2789,55756
10.2842,55745
10.2899,55748
10.2955,55751
10.3009,55756
10.3065,55753
10.3121,55748
10.3178,55745
10.3231,55750
10.3287,55750
10.3343,55748
10.3399,55756
10.3453,55755
10.3509,55748
10.3565,55748
10.3621,55759
10.3678,55761
10.3731,55750
10.3788,55755
10.3843,55760
10.3899,55751
10.3953,55753
10.4009,55752
10.4066,55754
10.4121,55756
10.4177,55755
10.4231,55749
10.4288,55753
10.4344,55754
10.4399,55752
10.4456,55747
10.4509,55754
10.4565,55754
10.4622,55742
10.4677,55746
10.4731,55749
10.4787,55751
10.4843,55746
10.49,55749
10.4953,55753
10.5009,55748
10.5066,55753
10.5122,55749
10.5175,55749
10.5232,55751
10.5288,55754
10.5344,55752
10.5398,55749
10.5454,55747
10.551,55748
10.5566,55753
10.562,55753
10.5676,55753
10.5732,55757
10.5788,55752
10.5842,55750
10.5899,55748
10.5955,55760
10.6008,55751
10.6065,55751
10.6121,55758
10.6178,55758
10.6231,55751
10.6287,55750
10.6344,55752
10.64,55754
10.6453,55750
10.651,55751
10.6566,55760
10.6622,55753
10.6676,55754
10.6732,55747
10.6788,55758
10.6842,55753
10.6898,55749
10.6954,55748
10.7011,55760
10.7064,55753
10.7121,55742
10.7177,55757
10.7233,55758
10.7287,55752
10.7343,55748
10.7399,55751
10.7453,55754
10.7509,55749
10.7565,55750
10.7622,55749
10.7675,55746
10.7731,55753
10.7788,55749
10.7844,55752
10.79,55752
10.7954,55750
10.801,55750
10.8067,55758
10.812,55748
10.8176,55756
10.8233,55753
10.8286,55754
10.8343,55748
10.8399,55749
10.8455,55748
10.8509,55752
10.8565,55748
10.8621,55752
10.8675,55755
10.8732,55744
10.8788,55744
10.8844,55747
10.8898,55749
10.8954,55750
10.901,55750
10.9066,55754
10.912,55751
10.9176,55750
10.9232,55746
10.9289,55752
10.9342,55753
10.9399,55750
10.9455,55747
10.9508,55750
10.9565,55758
10.9621,55752
10.9677,55750
10.9731,55761
10.9787,55755
10.9843,55750
10.9899,55752
10.9953,55754
11.0009,55752
11.0066,55754
11.0122,55750
11.0176,55756
11.0232,55754
11.0288,55752
11.0344,55751
11.0398,55753
11.0454,55753
11.051,55752
11.0566,55745
11.062,55754
11.0676,55754
11.0733,55743
11.0786,55748
11.0843,55754
11.0899,55754
11.0955,55748
11.1011,55746
11.1065,55752
11.1121,55752
11.1177,55753
11.1231,55751
11.1287,55753
11.1343,55745
11.14,55749
11.1453,55755
11.1509,55753
11.1566,55749
11.1622,55746
11.1675,55753
11.1732,55751
11.1788,55744
11.1844,55748
11.1898,55750
11.1954,55741
11.201,55749
11.2066,55751
11.212,55747
11.2176,55745
11.2232,55745
11.2289,55748
11.2342,55752
11.2398,55746
11.2455,55747
11.2511,55751
11.2564,55744
11.262,55747
11.2677,55753
11.2733,55752
11.2786,55739
11.2843,55746
11.2899,55751
11.2952,55750
11.3009,55748
11.3065,55744
11.3121,55748
11.3178,55747
11.3231,55745
11.3287,55737
11.3343,55742
11.34,55744
11.3453,55748
11.3509,55749
11.3565,55748
11.3622,55750
11.3675,55746
11.3732,55750
11.3788,55748
11.3844,55747
11.3898,55742
11.3954,55752
11.401,55748
11.4064,55740
11.412,55747
11.4176,55746
11.4232,55744
11.4286,55746
11.4342,55750
11.4398,55747
11.4455,55745
11.4511,55755
11.4564,55748
11.4621,55748
11.4677,55751
11.4733,55755
11.4787,55750
11.4843,55749
11.4899,55753
11.4955,55748
11.5009,55748
11.5065,55743
11.5121,55751
11.5175,55757
11.5231,55746
11.5287,55746
11.5344,55748
11.5397,55747
11.5454,55744
11.551,55751
11.5566,55748
11.562,55746
11.5676,55752
11.5732,55752
11.5788,55747
11.5842,55743
11.5898,55745
11.5955,55755
11.6011,55750
11.6064,55740
11.6121,55751
11.6177,55755
11.6233,55745
11.6286,55749
11.6343,55744
11.6399,55751
11.6455,55748
11.6509,55743
11.6565,55752
11.6621,55746
11.6678,55747
11.6731,55754
11.6787,55749
11.6844,55747
11.69,55744
11.6953,55756
11.701,55746
11.7066,55742
11.712,55749
11.7176,55752
11.7232,55742
11.7288,55740
11.7342,55749
11.7398,55750
11.7455,55744
11.7511,55747
11.7564,55745
11.7621,55742
11.7677,55745
11.7733,55747
11.7787,55747
11.7843,55745
11.7899,55746
11.7953,55745
11.8009,55742
11.8065,55745
11.8122,55744
11.8175,55752
11.8231,55747
11.8288,55744
11.8344,55745
11.8397,55751
11.8453,55751
11.8509,55743
11.8565,55753
11.8621,55751
11.8677,55747
11.8731,55747
11.8787,55755
11.8843,55747
11.8899,55744
11.8955,55754
11.9009,55752
11.9065,55745
11.9121,55751
11.9178,55752
11.9231,55750
11.9287,55746
11.9343,55752
11.9399,55750
11.9455,55751
11.9509,55748
11.9565,55751
11.9621,55749
11.9677,55752
11.9731,55745
11.9787,55752
11.9843,55751
11.9899,55742
11.9955,55753
12.0009,55760
12.0065,55741
12.0121,55748
12.0177,55751
12.0233,55760
12.0287,55744
12.0343,55744
12.0399,55752
12.0453,55752
12.0509,55748
12.0565,55747
12.0621,55756
12.0677,55756
12.0731,55751
12.0787,55750
12.0843,55750
12.09,55745
12.0953,55750
12.1009,55750
12.1066,55752
12.1122,55749
12.1176,55743
12.1232,55752
12.1288,55750
12.1344,55745
12.1398,55747
12.1454,55751
12.151,55753
12.1566,55746
12.162,55748
12.1676,55757
12.1732,55749
12.1789,55744
12.1842,55752
12.1898,55752
12.1955,55743
12.2011,55751
12.2065,55752
12.2121,55753
12.2177,55750
12.223,55749
12.2287,55757
12.2343,55748
12.2399,55739
12.2455,55754
12.2508,55751
12.2565,55745
12.2621,55754
12.2677,55751
12.2731,55756
12.2787,55751
12.2843,55748
12.29,55751
12.2953,55747
12.301,55748
12.3066,55750
12.3122,55755
12.3176,55751
12.3232,55749
12.3288,55749
12.3342,55754
12.3398,55751
12.3454,55752
12.3511,55754
12.3564,55745
12.362,55747
12.3677,55750
12.3733,55753
12.3787,55747
12.3843,55750
12.3899,55754
12.3953,55753
12.4009,55747
12.4066,55746
12.4122,55749
12.4176,55746
12.4232,55742
12.4288,55750
12.4344,55747
12.4398,55748
12.4454,55749
12.451,55745
12.4567,55745
12.462,55744
12.4676,55752
12.4733,55752
12.4786,55748
12.4843,55750
12.4899,55749
12.4955,55749
12.5009,55748
12.5066,55744
12.5122,55752
12.5175,55753
12.5232,55745
12.5288,55745
12.5344,55754
12.5397,55744
12.5454,55749
12.551,55749
12.5566,55749
12.562,55749
12.5676,55754
12.5732,55752
12.5788,55754
12.5844,55738
12.5898,55747
12.5954,55755
12.6011,55750
12.6067,55746
12.612,55751
12.6177,55747
12.6233,55748
12.6287,55745
12.6344,55749
12.64,55751
12.6453,55750
12.651,55746
12.6566,55758
12.6622,55752
12.6676,55751
12.6732,55754
12.6788,55749
12.6844,55747
12.6898,55744
12.6954,55752
12.701,55751
12.7066,55751
12.712,55752
12.7176,55754
12.7233,55748
12.7286,55744
12.7343,55754
12.7399,55752
12.7455,55743
12.7509,55733
12.7565,55735
12.7621,55736
12.7677,55742
12.7731,55731
12.7787,55739
12.7843,55738
12.79,55738
12.7953,55742
12.8009,55743
12.8066,55729
12.8122,55735
12.8175,55732
12.8232,55738
12.8288,55729
12.8344,55736
12.8397,55742
12.8454,55730
12.851,55725
12.8566,55733
12.862,55737
12.8676,55727
12.8733,55731
12.8789,55738
12.8843,55728
12.8899,55731
12.8955,55725
12.9009,55739
12.9065,55732
12.9121,55737
12.9177,55737
12.923,55716
12.9287,55736
12.9343,55734
12.9399,55730
12.9453,55725
12.9509,55732
12.9565,55731
12.9621,55730
12.9678,55731
12.9731,55727
12.9787,55738
12.9844,55731
12.99,55733
12.9953,55731
13.001,55740
13.0066,55728
13.0122,55738
13.0176,55737
13.0232,55735
13.0288,55736
13.0344,55733
13.0398,55741
13.0454,55740
13.051,55736
13.0567,55736
13.062,55739
13.0676,55740
13.0733,55730
13.0786,55736
13.0843,55740
13.0899,55737
13.0955,55740
13.1011,55741
13.1065,55743
13.1121,55734
13.1177,55734
13.1233,55737
13.1287,55743
13.1343,55726
13.14,55729
13.1453,55739
13.151,55742
13.1566,55739
13.162,55735
13.1676,55739
13.1732,55733
13.1788,55726
13.1844,55734
13.1898,55741
13.1954,55725
13.2011,55731
13.2067,55733
13.212,55739
13.2176,55731
13.2233,55738
13.2289,55735
13.2342,55736
13.2398,55730
13.2455,55736
13.2511,55735
13.2564,55738
13.2621,55729
13.2677,55738
13.2733,55728
13.2787,55736
13.2843,55736
13.2899,55738
13.2953,55737
13.3009,55739
13.3066,55738
13.3122,55736
13.3176,55734
13.3232,55743
13.3288,55737
13.3342,55738
13.3398,55739
13.3454,55740
13.3511,55746
13.3564,55734
13.362,55736
13.3677,55744
13.3733,55741
13.3786,55733
13.3842,55735
13.3899,55735
13.3955,55741
13.4011,55738
13.4065,55741
13.4121,55738
13.4177,55734
13.4233,55728
13.4287,55733
13.4343,55734
13.4399,55730
13.4455,55729
13.4508,55734
13.4564,55738
13.462,55735
13.4676,55742
13.4733,55743
13.4786,55746
13.4842,55735
13.4898,55740
13.4955,55744
13.5011,55741
13.5064,55732
13.512,55729
13.5176,55735
13.5232,55727
13.5289,55735
13.5342,55729
13.5398,55730
13.5454,55734
13.5511,55738
13.5564,55735
13.562,55729
13.5676,55724
13.5732,55729
13.5789,55731
13.5842,55723
13.5898,55733
13.5954,55739
13.6011,55728
13.6064,55739
13.612,55735
13.6177,55725
13.6232,55735
13.6289,55738
13.6342,55732
13.6398,55732
13.6455,55730
13.651,55736
13.6564,55734
13.662,55739
13.6676,55734
13.6732,55739
13.6786,55739
13.6842,55736
13.6898,55741
13.6955,55731
13.7011,55736
13.7064,55736
13.7121,55736
13.7177,55732
13.7233,55738
13.7287,55741
13.7343,55743
13.7399,55735
13.7453,55741
13.7509,55739
13.7565,55734
13.7622,55732
13.7675,55739
13.7731,55737
13.7788,55735
13.7844,55735
13.7898,55732
13.7954,55729
13.801,55725
13.8066,55726
13.812,55723
13.8176,55730
13.8233,55736
13.8286,55736
13.8342,55730
13.8399,55724
13.8455,55734
13.8508,55734
13.8565,55734
13.8621,55735
13.8677,55740
13.873,55734
13.8787,55746
13.8843,55739
13.8899,55735
13.8953,55741
13.9009,55739
13.9065,55743
13.9122,55732
13.9175,55730
13.9232,55732
13.9288,55728
13.9344,55726
13.9398,55731
13.9454,55725
13.951,55734
13.9564,55732
13.962,55735
13.9676,55731
13.9733,55734
13.9786,55730
13.9842,55737
13.9899,55728
13.9955,55736
14.0011,55744
14.0065,55739
14.0121,55745
14.0177,55747
14.0231,55748
14.0287,55744
14.0344,55747
14.04,55746
14.0453,55744
14.051,55730
14.0566,55737
14.0622,55735
14.0676,55740
14.0732,55744
14.0788,55748
14.0844,55746
14.0898,55748
14.0954,55740
14.101,55742
14.1067,55731
14.112,55741
14.1176,55740
14.1233,55741
14.1289,55742
14.1342,55738
14.1399,55746
14.1455,55740
14.1508,55735
14.1565,55729
14.1621,55740
14.1677,55735
14.1731,55733
14.1787,55729
14.1843,55740
14.1899,55736
14.1955,55739
14.2009,55744
14.2065,55733
14.2121,55736
14.2178,55735
14.2231,55738
14.2287,55727
14.2344,55736
14.24,55737
14.2453,55741
14.2509,55736
14.2566,55737
14.2622,55731
14.2675,55732
14.2732,55723
14.2788,55732
14.2844,55733
14.2898,55731
14.2954,55737
14.301,55737
14.3064,55734
14.312,55734
14.3176,55728
14.3233,55744
14.3289,55742
14.3342,55733
14.3399,55740
14.3455,55747
14.3508,55741
14.3565,55726
14.3621,55735
14.3677,55745
14.3733,55739
14.3787,55733
14.3843,55737
14.39,55731
14.3953,55726
14.401,55735
14.4066,55742
14.412,55733
14.4176,55725
14.4232,55732
14.4289,55728
14.4342,55720
14.4398,55723
14.4455,55735
14.4511,55724
14.4564,55721
14.4621,55731
14.4677,55728
14.4733,55722
14.4787,55713
14.4843,55722
14.4899,55716
14.4955,55714
14.5009,55718
14.5065,55721
14.5121,55729
14.5178,55722
14.5231,55727
14.5287,55720
14.5344,55723
14.54,55725
14.5454,55722
14.551,55724
14.5566,55726
14.5622,55735
14.5676,55729
14.5732,55724
14.5788,55732
14.5842,55731
14.5898,55732
14.5955,55732
14.6011,55741
14.6065,55732
14.6121,55721
14.6177,55721
14.6233,55718
14.6287,55724
14.6343,55719
14.6399,55722
14.6456,55713
14.6509,55719
14.6566,55718
14.6622,55715
14.6676,55723
14.6732,55717
14.6788,55719
14.6842,55722
14.6898,55731
14.6955,55727
14.7011,55716
14.7067,55719
14.712,55719
14.7177,55718
14.7233,55717
14.7289,55727
14.7342,55718
14.7399,55726
14.7455,55731
14.7511,55729
14.7565,55729
14.7621,55733
14.7677,55726
14.7733,55725
14.7787,55732
14.7843,55731
14.7899,55737
14.7953,55726
14.8009,55728
14.8065,55736
14.8122,55737
14.8175,55731
14.8232,55735
14.8288,55726
14.8344,55727
14.8398,55731
14.8454,55727
14.851,55727
14.8567,55728
14.862,55732
14.8676,55730
14.8733,55724
14.8786,55721
14.8843,55727
14.8899,55719
14.8955,55731
14.9011,55731
14.9065,55726
14.9121,55727
14.9177,55729
14.9233,55727
14.9287,55730
14.9343,55725
14.9399,55732
14.9455,55729
14.9509,55731
14.9565,55731
14.9621,55729
14.9678,55733
14.9731,55740
14.9788,55734
14.9844,55739
14.9897,55736
14.9954,55727
15.001,55735
15.0066,55737
15.012,55735
15.0176,55729
15.0233,55729
15.0289,55724
15.0342,55728
15.0398,55729
15.0455,55721
15.0511,55730
15.0564,55729
15.062,55726
15.0676,55721
15.0733,55725
15.0789,55730
15.0842,55728
15.0898,55730
15.0955,55736
15.1011,55735
15.1064,55725
15.1121,55736
15.1176,55733
15.1232,55732
15.1286,55731
15.1342,55728
15.1399,55733
15.1454,55728
15.1511,55736
15.1564,55734
15.162,55729
15.1676,55737
15.1733,55735
15.1789,55730
15.1842,55735
15.1899,55742
15.1955,55739
15.2009,55738
15.2065,55741
15.2121,55746
15.2178,55741
15.2232,55732
15.2288,55735
15.2344,55727
15.2398,55726
15.2454,55733
15.251,55725
15.2567,55732
15.262,55735
15.2676,55731
15.2733,55730
15.2789,55729
15.2843,55733
15.2899,55739
15.2955,55733
15.3011,55737
15.3065,55740
15.3121,55733
15.3177,55734
15.3231,55750
15.3287,55747
15.3343,55741
15.34,55751
15.3453,55764
15.351,55752
15.3566,55747
15.3622,55756
15.3675,55752
15.3732,55745
15.3788,55748
15.3844,55745
15.3898,55754
15.3954,55747
15.4011,55741
15.4064,55745
15.4121,55737
15.4177,55739
15.4233,55737
15.4287,55740
15.4343,55743
15.4399,55743
15.4455,55742
15.4509,55749
15.4565,55738
15.4621,55731
15.4677,55729
15.4731,55732
15.4787,55730
15.4844,55740
15.4897,55751
15.4953,55745
15.501,55743
15.5066,55745
15.5122,55750
15.5176,55747
15.5232,55746
15.5288,55754
15.5342,55752
15.5398,55748
15.5455,55752
15.5511,55751
15.5564,55740
15.5621,55740
15.5677,55739
15.573,55731
15.5787,55729
15.5843,55726
15.5899,55740
15.5956,55738
15.6009,55735
15.6065,55731
15.6121,55735
15.6178,55727
15.6231,55735
15.6287,55737
15.6344,55738
15.64,55730
15.6453,55736
15.651,55736
15.6566,55743
15.6619,55736
15.6676,55740
15.6732,55742
15.6788,55733
15.6842,55736
15.6898,55732
15.6954,55735
15.7011,55735
15.7064,55728
15.7121,55743
15.7177,55744
15.7231,55742
15.7287,55736
15.7343,55750
15.7399,55736
15.7453,55738
15.7509,55742
15.7566,55747
15.7619,55742
15.7676,55738
15.7732,55744
15.7788,55743
15.7842,55745
15.7899,55748
15.7955,55750
15.8009,55749
15.8065,55744
15.8121,55753
15.8175,55753
15.8231,55739
15.8288,55743
15.8344,55747
15.8398,55744
15.8454,55731
15.851,55739
15.8567,55738
15.862,55736
15.8676,55743
15.8732,55739
15.8788,55742
15.8842,55729
