Experiment: Apr27_cal_tst_expt vial 9, Wed Apr 27 17:25:27 2022
0.004,28191
0.0091,28193
0.0148,28207
0.0201,28259
0.0258,28285
0.0314,28274
0.0368,28155
0.0424,28239
0.0481,28276
0.0534,28264
0.0591,28083
0.0647,28178
0.0704,28241
0.0757,28256
0.0813,28249
0.0869,28164
0.0926,28213
0.0979,28174
0.1035,28227
0.1092,28166
0.1145,27847
0.1202,28168
0.1258,28072
0.1314,28145
0.1368,28198
0.1424,28157
0.148,28187
0.1537,28187
0.159,28250
0.1647,28122
0.1703,28234
0.1756,28234
0.1813,28188
0.1869,28192
0.1925,28156
0.1979,28146
0.2035,28194
0.2091,28196
0.2148,28199
0.2201,28217
0.2257,27737
0.2314,28205
0.2368,28158
0.2424,28138
0.2481,28190
0.2537,28181
0.259,28221
0.2647,28192
0.2703,28220
0.2757,28165
0.2813,28238
0.2869,28221
0.2923,28242
0.2979,28141
0.3035,28265
0.3092,28186
0.3148,28191
0.3202,28210
0.3258,28184
0.3312,28227
0.3368,28193
0.3424,28230
0.3481,28201
0.3534,28201
0.3591,28212
0.3647,28211
0.3701,28206
0.3757,28249
0.3813,28257
0.387,28220
0.3923,28216
0.3979,28261
0.4036,28154
0.4092,28227
0.4146,28243
0.4202,28210
0.4258,28207
0.4314,28219
0.4368,28201
0.4424,28202
0.448,28247
0.4537,28239
0.459,28202
0.4647,28212
0.4703,28209
0.4757,28176
0.4813,28185
0.4869,28196
0.4926,28179
0.4979,28173
0.5036,28154
0.5092,28136
0.5146,28243
0.5202,28260
0.5259,28167
0.5312,28218
0.5369,28171
0.5426,28191
0.5479,28226
0.5536,28085
0.559,28270
0.5646,28254
0.5703,28245
0.5757,28243
0.5813,28193
0.587,28219
0.5924,28218
0.5981,28186
0.6037,28250
0.6091,28189
0.6148,28168
0.6201,28214
0.6257,28221
0.6314,28221
0.6368,28225
0.6424,28236
0.6481,28223
0.6535,28193
0.6591,28197
0.6648,28208
0.6701,28216
0.6758,28187
0.6814,28204
0.687,28227
0.6924,28233
0.698,28158
0.7037,28224
0.709,28220
0.7147,28165
0.7203,28226
0.7256,28209
0.7313,28109
0.7369,28164
0.7425,28195
0.7481,28195
0.7537,28175
0.759,28128
0.7647,28223
0.7703,28203
0.7759,28235
0.7813,28228
0.7869,28194
0.7925,28177
0.7979,28176
0.8035,28199
0.8091,28213
0.8147,28191
0.8203,28230
0.8259,28187
0.8313,28221
0.8369,28220
0.8425,28231
0.8479,28239
0.8535,28243
0.8592,28236
0.8648,28229
0.8701,28223
0.8758,28160
0.8814,28215
0.887,28238
0.8924,28227
0.898,28236
0.9037,28236
0.909,28236
0.9147,28225
0.9203,28224
0.9259,28229
0.9313,28216
0.9369,28221
0.9425,28197
0.9479,28232
0.9535,28220
0.9591,28232
0.9648,28232
0.9701,28233
0.9757,28232
0.9814,28243
0.987,28241
0.9924,28182
0.998,28198
1.0036,28139
1.0093,28211
1.0146,28215
1.0203,28170
1.0259,28185
1.0313,28214
1.0369,28186
1.0426,28193
1.0482,28128
1.0535,28134
1.0592,28172
1.0648,28208
1.0704,28158
1.0757,28200
1.0814,28148
1.087,28147
1.0926,28132
1.098,28152
1.1036,28193
1.1092,28188
1.1146,28162
1.1202,28197
1.1258,28176
1.1315,28162
1.1369,28172
1.1425,28220
1.1481,28111
1.1535,28200
1.1592,28231
1.1648,28227
1.1704,28146
1.1758,28214
1.1814,28186
1.1871,28162
1.1924,28169
1.1981,28052
1.2037,28192
1.2091,28201
1.2147,28175
1.2203,28213
1.2259,28185
1.2313,28219
1.2369,28228
1.2425,28228
1.2482,28233
1.2535,28214
1.2592,28222
1.2648,28232
1.2702,28230
1.2758,28223
1.2814,28235
1.2871,28230
1.2924,28207
1.2981,28219
1.3037,28232
1.309,28229
1.3146,28204
1.3202,28218
1.3259,28227
1.3314,28221
1.3371,28230
1.3424,28225
1.3481,28167
1.3537,28181
1.3591,28180
1.3647,28103
1.3702,28107
1.3759,28209
1.3815,28221
1.3868,28226
1.3925,28189
1.398,28223
1.4037,28189
1.4093,28224
1.4146,28200
1.4203,28228
1.4258,28188
1.4315,28171
1.4368,28211
1.4425,28199
1.4481,28196
1.4537,28206
1.4593,28212
1.4647,28150
1.4703,28163
1.4759,28162
1.4815,28211
1.4868,28213
1.4925,28197
1.4981,28211
1.5037,28158
1.5091,28144
1.5147,28208
1.5204,28196
1.5259,28184
1.5315,28201
1.5369,28210
1.5425,28193
1.5481,28199
1.5538,28134
1.5591,28189
1.5647,28184
1.5704,28204
1.576,28184
1.5814,28201
1.587,28165
1.5924,28193
1.598,28116
1.6036,28189
1.6093,28167
1.6149,28139
1.6203,28162
1.6259,28210
1.6316,28155
1.6369,28196
1.6425,28204
1.6481,28165
1.6535,28215
1.6591,28220
1.6647,28163
1.6703,28178
1.676,28215
1.6813,28194
1.6869,28200
1.6926,28210
1.6982,28212
1.7035,28198
1.7092,28205
1.7148,28214
1.7204,28157
1.7258,28190
1.7314,28216
1.737,28129
1.7427,28217
1.748,28198
1.7536,28198
1.7593,28188
1.7648,28178
1.7704,28210
1.7758,28127
1.7814,28212
1.7871,28180
1.7924,28222
1.7981,28203
1.8037,28205
1.8093,28205
1.8147,28210
1.8203,28220
1.8259,28165
1.8313,28208
1.8369,28197
1.8426,28189
1.8482,28205
1.8535,28207
1.8592,28206
1.8648,28206
1.8704,28207
1.8758,28200
1.8814,28209
1.8871,28215
1.8924,28214
1.898,28128
1.9037,28204
1.9093,28208
1.9146,28198
1.9203,28196
1.9259,28172
1.9315,28167
1.9369,28195
1.9425,28206
1.9482,28180
1.9535,28217
1.9591,28163
1.9648,28210
1.9704,28190
1.9757,28202
1.9813,28175
1.987,28167
1.9926,27990
1.998,28218
2.0036,28199
2.0093,28214
2.0149,28197
2.0203,28213
2.0259,28139
2.0315,28199
2.0369,28217
2.0425,28216
2.0481,28139
2.0538,28138
2.0591,28216
2.0648,28200
2.0704,28197
2.076,28121
2.0814,28168
2.087,28211
2.0926,28213
2.098,28173
2.1036,28178
2.1093,28195
2.1149,28181
2.1203,28165
2.1259,28161
2.1315,28186
2.1369,28185
2.1425,28190
2.1481,28221
2.1538,28171
2.1591,28200
2.1648,28195
2.1704,28206
2.176,28177
2.1813,28205
2.187,28212
2.1926,28207
2.198,28180
2.2036,28211
2.2092,28169
2.2149,28215
2.2202,28106
2.2259,28199
2.2315,28203
2.2371,28148
2.2425,28205
2.2481,28181
2.2538,28135
2.2591,28200
2.2648,28217
2.2704,28195
2.2757,28195
2.2814,28164
2.287,28156
2.2927,28219
2.298,28195
2.3036,28212
2.3093,28212
2.3149,28193
2.3203,28188
2.3259,28197
2.3315,28216
2.3369,28212
2.3425,28205
2.3481,28177
2.3538,28213
2.3591,28197
2.3648,28132
2.3704,28075
2.3759,28184
2.3816,28202
2.3869,28207
2.3925,28193
2.3982,28207
2.4038,28186
2.4092,28186
2.4148,28206
2.4204,28135
2.426,28201
2.4314,28199
2.437,28213
2.4427,28218
2.448,28211
2.4536,28213
2.4593,28202
2.4649,28184
2.4702,28202
2.4759,28189
2.4815,28217
2.4871,28206
2.4925,28220
2.4981,28221
2.5038,28197
2.5091,28187
2.5148,28216
2.5204,28196
2.5257,28171
2.5314,28194
2.537,28216
2.5427,28219
2.5483,28196
2.5536,28224
2.5593,28160
2.5649,28225
2.5702,28206
2.5759,28219
2.5815,28217
2.5871,28152
2.5925,28220
2.5981,28191
2.6037,28121
2.6093,28204
2.6147,28219
2.6203,28126
2.626,28195
2.6316,28184
2.6369,28208
2.6426,28192
2.6482,28186
2.6538,28206
2.6592,28216
2.6648,28181
2.6705,28221
2.6758,28214
2.6814,28218
2.6871,28191
2.6925,28183
2.6981,28203
2.7037,28190
2.7091,28200
2.7147,28201
2.7203,28162
2.726,28162
2.7313,28193
2.7369,28125
2.7425,28194
2.7482,28207
2.7538,28222
2.7591,28222
2.7648,28204
2.7704,28215
2.776,28190
2.7814,28204
2.7871,28045
2.7927,28045
2.798,28168
2.8036,28195
2.8093,28209
2.8149,28191
2.8203,28204
2.8259,28221
2.8315,28205
2.8371,28196
2.8425,28203
2.8481,28195
2.8537,28190
2.8594,28181
2.8647,28207
2.8703,28212
2.8759,28216
2.8816,28219
2.8869,28205
2.8925,28171
2.8981,28214
2.9037,28187
2.9094,28220
2.9147,28227
2.9203,28226
2.9259,28186
2.9316,28202
2.9369,28182
2.9426,28196
2.9481,28182
2.9537,28207
2.9591,28222
2.9647,28192
2.9704,28170
2.9759,28161
2.9815,28215
2.9872,28218
2.9925,28213
2.9981,28227
3.0037,28195
3.0094,28200
3.0147,28206
3.0203,28211
3.026,28204
3.0313,28207
3.0369,28215
3.0426,28217
3.0482,28231
3.0538,28206
3.0593,28213
3.0649,28223
3.0703,28205
3.0759,28220
3.0815,28195
3.0871,28223
3.0925,28213
3.0981,28177
3.1037,28200
3.1094,28206
3.1147,28224
3.1203,28218
3.126,28184
3.1316,28202
3.1372,28185
3.1425,28184
3.1482,28209
3.1538,28171
3.1591,28196
3.1648,28175
3.1704,28199
3.176,28206
3.1814,28166
3.187,28207
3.1926,28206
3.1982,28120
3.2038,28219
3.2092,28225
3.2148,28224
3.2204,28204
3.2258,28202
3.2314,28220
3.2371,28208
3.2427,28209
3.2481,28227
3.2537,28218
3.2593,28224
3.2649,28165
3.2703,28208
3.2759,28195
3.2815,28214
3.2871,28221
3.2925,28196
3.2981,28219
3.3037,28218
3.3094,28218
3.3147,28211
3.3203,28208
3.326,28185
3.3316,28208
3.3369,28219
3.3426,28228
3.3482,28219
3.3538,28208
3.3592,28222
3.3648,28216
3.3704,28225
3.376,28226
3.3814,28223
3.387,28223
3.3926,28008
3.3983,28173
3.4036,28085
3.4093,28218
3.4149,28168
3.4203,28133
3.4259,28217
3.4315,28220
3.4371,28218
3.4425,28190
3.4481,28213
3.4538,28218
3.4594,28231
3.4648,28218
3.4704,28195
3.476,28189
3.4814,28184
3.487,28142
3.4926,28215
3.4982,28212
3.5036,28173
3.5092,28172
3.5148,28229
3.5205,28203
3.5258,28228
3.5314,28216
3.5371,28224
3.5427,28201
3.5481,28197
3.5537,28229
3.5593,28227
3.5647,28195
3.5703,28223
3.5759,28207
3.5816,28230
3.5869,28230
3.5925,28229
3.5982,28200
3.6038,28236
3.6093,28224
3.6149,28233
3.6203,28202
3.6259,28205
3.6316,28179
3.6369,28192
3.6425,28233
3.6481,28216
3.6538,28218
3.6591,28227
3.6648,28230
3.6704,28220
3.676,28126
3.6814,28179
3.687,28228
3.6926,28211
3.6983,28232
3.7036,28239
3.7093,28231
3.7149,28238
3.7205,28204
3.7259,28209
3.7315,28240
3.7371,28233
3.7425,28231
3.7481,28161
3.7537,28197
3.7594,28202
3.7647,28235
3.7704,28215
3.776,28200
3.7816,28203
3.787,28232
3.7926,28213
3.7982,28240
3.8036,28243
3.8092,28205
3.8148,28229
3.8205,28184
3.8258,28209
3.8314,28237
3.837,28234
3.8427,28234
3.848,28231
3.8537,28216
3.8593,28209
3.8649,28240
3.8703,28221
3.8759,28219
3.8816,28230
3.8872,28223
3.8925,28210
3.8981,28239
3.9038,28240
3.9094,28190
3.9147,28241
3.9204,28235
3.926,28210
3.9316,28237
3.937,28242
3.9426,28237
3.9482,28235
3.9538,28237
3.9592,28236
3.9648,28228
3.9705,28239
3.9758,28235
3.9814,28229
3.9871,28240
3.9927,28229
3.9982,28232
4.0038,28203
4.0092,28228
4.0149,28224
4.0205,28224
4.0259,28231
4.0315,28234
4.0371,28235
4.0425,28218
4.0481,28236
4.0538,28227
4.0594,28219
4.0647,28231
4.0703,28233
4.0759,28228
4.0816,28229
4.0869,28214
4.0926,28190
4.0982,28232
4.1038,28234
4.1092,28236
4.1148,28234
4.1204,28234
4.1261,28233
4.1314,28239
4.137,28218
4.1426,28238
4.1483,28236
4.1536,28233
4.1592,28239
4.1649,28237
4.1705,28242
4.1759,28215
4.1815,28239
4.1871,28243
4.1925,28248
4.1981,28246
4.2038,28230
4.2094,28222
4.2147,28166
4.2204,28236
4.226,28183
4.2316,28238
4.237,28230
4.2426,28238
4.2482,28248
4.2538,28240
4.2592,28239
4.2648,28240
4.2705,28236
4.2758,28229
4.2815,28217
4.2871,28235
4.2927,28238
4.2981,28234
4.3037,28198
4.3094,28243
4.3147,28239
4.3203,28217
4.326,28235
4.3316,28221
4.337,28241
4.3426,28220
4.3482,28239
4.3539,28241
4.3592,28228
4.3648,28226
4.3705,28220
4.3758,28221
4.3815,28234
4.3871,28239
4.3927,28238
4.3981,28222
4.4037,28236
4.4093,28233
4.415,28230
4.4203,28235
4.4259,28237
4.4316,28234
4.4372,28237
4.4425,28237
4.4482,28113
4.4538,28230
4.4591,28235
4.4648,28236
4.4703,28230
4.4759,28238
4.4816,28240
4.4872,28241
4.4926,28239
4.4981,28242
4.5037,28241
4.5094,28234
4.515,28238
4.5204,28220
4.5259,28160
4.5315,28238
4.5372,28241
4.5425,28240
4.5481,28231
4.5537,28240
4.5594,28241
4.5647,28239
4.5704,28240
4.576,28237
4.5815,28245
4.5872,28243
4.5925,28244
4.5981,28242
4.6038,28229
4.6093,28249
4.615,28242
4.6203,28215
4.6259,28230
4.6315,28235
4.6371,28241
4.6425,28192
4.6481,28231
4.6537,28240
4.6594,28241
4.6647,28212
4.6704,28177
4.676,28238
4.6816,28209
4.687,28219
4.6926,28185
4.6982,28218
4.7039,28239
4.7092,28250
4.7148,28247
4.7205,28238
4.7261,28239
4.7314,28172
4.7371,27902
4.7427,28243
4.7481,28193
4.7537,28115
4.7593,28232
4.7649,28235
4.7703,28229
4.7759,28243
4.7815,28225
4.7872,28213
4.7925,28232
4.7982,28227
4.8038,28230
4.8094,28245
4.8148,28205
4.8204,28221
4.826,28208
4.8314,28235
4.837,28241
4.8427,28233
4.8483,28233
4.8536,28239
4.8593,28238
4.8649,28232
4.8705,28212
4.8758,28232
4.8814,28219
4.8871,28201
4.8927,28233
4.8983,28208
4.9036,28232
4.9093,28213
4.9149,28215
4.9205,28240
4.9259,28209
4.9315,28215
4.9371,28239
4.9427,28238
4.9481,28190
4.9537,28243
4.9594,28228
4.965,28239
4.9704,28241
4.976,28221
4.9816,28243
4.987,28180
4.9926,28222
4.9982,28230
5.0039,28214
5.0092,28240
5.0149,28236
5.0205,28208
5.0259,28238
5.0315,28223
5.0371,28232
5.0428,28228
5.0481,28224
5.0538,28235
5.0594,28236
5.065,28224
5.0704,28242
5.076,28240
5.0816,28244
5.087,28232
5.0926,28210
5.0982,28246
5.1039,28242
5.1092,28220
5.1148,28234
5.1205,28243
5.1261,28201
5.1314,28134
5.1371,28233
5.1427,28208
5.1483,28247
5.1537,28236
5.1593,28232
5.1649,28235
5.1705,28230
5.1759,28211
5.1815,28220
5.1871,28247
5.1928,28231
5.1981,28197
5.2038,28234
5.2094,28242
5.2148,28240
5.2204,28222
5.226,28213
5.2317,28219
5.237,28205
5.2426,28230
5.2483,28222
5.2539,28245
5.2592,28237
5.2649,28180
5.2705,28236
5.2761,28207
5.2814,28224
5.2871,28227
5.2927,28238
5.2981,28219
5.3037,28209
5.3094,28220
5.315,28226
5.3203,28236
5.326,28233
5.3316,28231
5.337,28232
5.3426,28229
5.3483,28233
5.3539,28229
5.3592,28233
5.3649,28228
5.3705,28202
5.3759,28236
5.3815,28239
5.3871,28237
5.3925,28236
5.3981,28157
5.4038,28158
5.4094,28241
5.415,28241
5.4204,28238
5.426,28192
5.4316,28236
5.4372,28208
5.4426,28227
5.4482,28212
5.4538,28218
5.4594,28234
5.4648,28244
5.4704,28230
5.476,28220
5.4816,28238
5.487,28237
5.4926,28242
5.4983,28240
5.5036,28232
5.5092,28202
5.5149,28239
5.5205,28229
5.5259,28199
5.5315,28238
5.5371,28194
5.5427,28238
5.5481,28244
5.5537,28219
5.5594,28189
5.565,28234
5.5703,28239
5.576,28232
5.5816,28229
5.5869,28241
5.5926,28240
5.5982,28227
5.6038,28219
5.6092,28234
5.6148,28242
5.6205,28230
5.626,28186
5.6314,28224
5.637,28238
5.6426,28235
5.6483,28242
5.6539,28245
5.6592,28243
5.6649,28249
5.6705,28229
5.6761,28241
5.6815,28201
5.6871,28243
5.6927,28237
5.6982,28243
5.7036,28237
5.7092,28246
5.7149,28236
5.7205,28230
5.7261,28236
5.7314,28214
5.7371,28236
5.7427,28242
5.7483,28216
5.7537,28221
5.7593,28235
5.7649,28238
5.7705,28238
5.7761,28232
5.7815,28232
5.7871,28235
5.7927,28232
5.7981,28237
5.8037,28234
5.8093,28237
5.815,28247
5.8203,28236
5.826,28238
5.8316,28237
5.8372,28235
5.8426,28240
5.8482,28235
5.8539,28247
5.8592,28238
5.8648,28233
5.8704,28235
5.8761,28238
5.8817,28243
5.887,28248
5.8926,28241
5.8983,28243
5.9039,28241
5.9092,28242
5.9149,28241
5.9205,28238
5.9259,28242
5.9315,28242
5.9371,28245
5.9428,28243
5.9481,28239
5.9537,28245
5.9593,28223
5.9649,28244
5.9705,28231
5.9759,28228
5.9815,28241
5.9872,28196
5.9925,28223
5.9981,28226
6.0038,28242
6.0094,28240
6.0148,28242
6.0203,28239
6.0259,28241
6.0316,28239
6.0372,28237
6.0425,28238
6.0481,28237
6.0538,28245
6.0594,28243
6.0647,28234
6.0704,28244
6.0759,28232
6.0816,28237
6.0872,28210
6.0925,28246
6.0982,28216
6.1037,28237
6.1094,28239
6.115,28242
6.1203,28240
6.1259,28235
6.1315,28240
6.1372,28220
6.1428,28236
6.1481,28236
6.1538,28205
6.1594,28235
6.165,28209
6.1703,28229
6.176,28223
6.1816,28236
6.1872,28238
6.1928,28213
6.1981,28228
6.2038,28225
6.2092,28237
6.2148,28239
6.2205,28208
6.2261,28232
6.2315,28240
6.2372,28228
6.2425,28230
6.2482,28233
6.2538,28233
6.2594,28235
6.2647,28232
6.2704,28238
6.276,28247
6.2816,28236
6.2872,28240
6.2926,28240
6.2982,28241
6.3038,28237
6.3094,28234
6.3148,28239
6.3204,28236
6.3261,28232
6.3314,28235
6.3371,28236
6.3427,28239
6.348,28237
6.3537,28237
6.3593,28232
6.3649,28240
6.3705,28235
6.3759,28231
6.3815,28240
6.3872,28236
6.3928,28237
6.3981,28233
6.4038,28239
6.4094,28239
6.4148,28236
6.4204,28237
6.426,28237
6.4316,28237
6.437,28241
6.4426,28236
6.4482,28241
6.4539,28246
6.4592,28241
6.4648,28242
6.4705,28241
6.4761,28245
6.4815,28245
6.4871,28239
6.4927,28241
6.4981,28248
6.5037,28236
6.5093,28229
6.515,28233
6.5203,28238
6.5259,28248
6.5316,28241
6.5372,28242
6.5425,28225
6.5482,28237
6.5538,28242
6.5594,28237
6.5648,28242
6.5704,28244
6.576,28230
6.5817,28241
6.587,28242
6.5927,28242
6.5983,28239
6.6037,28246
6.6093,28244
6.6149,28241
6.6205,28240
6.6258,28235
6.6315,28246
6.6371,28244
6.6428,28237
6.6484,28244
6.6537,28242
6.6594,28244
6.665,28243
6.6704,28241
6.676,28248
6.6816,28239
6.6869,28239
6.6926,28235
6.6982,28242
6.7038,28250
6.7092,28240
6.7148,28246
6.7205,28253
6.7261,28242
6.7315,28249
6.7371,28243
6.7427,28257
6.7483,28248
6.7537,28251
6.7593,28256
6.7649,28246
6.7703,28254
6.7759,28246
6.7815,28248
6.7872,28249
6.7925,28247
6.7981,28243
6.8038,28251
6.8094,28250
6.8148,28256
6.8204,28247
6.826,28248
6.8316,28252
6.8372,28248
6.8426,28225
6.8482,28245
6.8538,28243
6.8595,28249
6.8648,28244
6.8704,28247
6.8761,28254
6.8814,28249
6.887,28249
6.8927,28248
6.8983,28247
6.9036,28251
6.9092,28250
6.9149,28258
6.9205,28259
6.9259,28260
6.9315,28262
6.9371,28259
6.9428,28262
6.9481,28261
6.9538,28254
6.9594,28259
6.9648,28263
6.9704,28261
6.976,28255
6.9816,28264
6.987,28266
6.9926,28259
6.9982,28257
7.0038,28257
7.0092,28255
7.0148,28255
7.0205,28255
7.0261,28255
7.0314,28257
7.0371,28257
7.0427,28261
7.0483,28257
7.0539,28261
7.0593,28260
7.0649,28261
7.0705,28260
7.0759,28260
7.0815,28261
7.0871,28259
7.0928,28259
7.0981,28253
7.1037,28255
7.1093,28252
7.115,28253
7.1203,28253
7.126,28260
7.1316,28265
7.1372,28254
7.1426,28261
7.1482,28259
7.1538,28261
7.1594,28254
7.1648,28258
7.1704,28264
7.176,28263
7.1816,28261
7.187,28259
7.1926,28255
7.1982,28259
7.2038,28256
7.2094,28256
7.2148,28252
7.2204,28258
7.2261,28259
7.2317,28254
7.237,28265
7.2426,28244
7.2482,28264
7.2539,28264
7.2592,28259
7.2648,28260
7.2704,28263
7.276,28260
7.2817,28264
7.287,28271
7.2926,28266
7.2982,28265
7.3039,28261
7.3092,28269
7.3148,28273
7.3204,28264
7.3261,28262
7.3314,28263
7.337,28265
7.3426,28260
7.3483,28264
7.3539,28258
7.3592,28262
7.3648,28258
7.3704,28256
7.3761,28263
7.3814,28266
7.387,28266
7.3927,28267
7.3983,28264
7.4036,28268
7.4093,28266
7.4149,28261
7.4205,28262
7.4259,28263
7.4315,28268
7.4371,28267
7.4427,28265
7.4481,28267
7.4537,28269
7.4593,28278
7.465,28276
7.4703,28265
7.4759,28273
7.4816,28272
7.4872,28273
7.4925,28275
7.4982,28276
7.5038,28273
7.5094,28280
7.5148,28271
7.5204,28268
7.526,28282
7.5317,28279
7.537,28277
7.5426,28275
7.5483,28280
7.5539,28277
7.5592,28276
7.5648,28282
7.5705,28285
7.5761,28281
7.5814,28282
7.5871,28287
7.5927,28283
7.5981,28281
7.6037,28272
7.6093,28272
7.615,28272
7.6203,28275
7.6259,28270
7.6315,28274
7.6372,28279
7.6428,28278
7.6481,28276
7.6537,28269
7.6593,28277
7.6649,28278
7.6706,28275
7.6759,28280
7.6815,28282
7.6872,28282
7.6928,28288
7.6981,28284
7.7037,28284
7.7093,28286
7.715,28274
7.7203,28283
7.7259,28280
7.7316,28281
7.7371,28280
7.7428,28282
7.7481,28284
7.7537,28281
7.7594,28283
7.7649,28284
7.7706,28282
7.7759,28284
7.7815,28278
7.7871,28288
7.7928,28280
7.7981,28286
7.8037,28283
7.8093,28292
7.815,28287
7.8203,28284
7.8259,28286
7.8316,28281
7.8372,28285
7.8428,28286
7.8481,28280
7.8538,28278
7.8594,28285
7.865,28283
7.8703,28286
7.876,28289
7.8816,28283
7.8872,28283
7.8928,28275
7.8981,28277
7.9038,28277
7.9094,28273
7.915,28281
7.9204,28277
7.926,28276
7.9316,28280
7.9372,28282
7.9428,28283
7.9482,28286
7.9538,28287
7.9594,28279
7.965,28283
7.9704,28285
7.976,28275
7.9816,28283
7.987,28284
7.9926,28285
7.9983,28286
8.0036,28286
8.0093,28292
8.0149,28278
8.0205,28286
8.0259,28285
8.0315,28290
8.0372,28282
8.0425,28286
8.0482,28289
8.0538,28283
8.0594,28282
8.0648,28276
8.0704,28277
8.076,28280
8.0817,28284
8.087,28275
8.0927,28278
8.0983,28287
8.1039,28289
8.1092,28272
8.1149,28276
8.1205,28280
8.1261,28286
8.1315,28286
8.1371,28287
8.1427,28289
8.1481,28293
8.1537,28285
8.1593,28289
8.165,28284
8.1706,28291
8.1759,28288
8.1815,28290
8.1872,28283
8.1928,28289
8.1981,28287
8.2038,28288
8.2094,28286
8.215,28285
8.2204,28282
8.226,28273
8.2316,28277
8.2372,28280
8.2426,28271
8.2482,28272
8.2539,28277
8.2592,28282
8.2649,28281
8.2705,28284
8.2761,28273
8.2815,28282
8.2871,28282
8.2927,28285
8.2981,28285
8.3037,28293
8.3093,28289
8.315,28283
8.3203,28282
8.326,28286
8.3316,28273
8.3372,28276
8.3426,28280
8.3482,28280
8.3539,28279
8.3592,28287
8.3648,28284
8.3705,28285
8.3761,28285
8.3815,28282
8.3871,28285
8.3927,28288
8.3983,28283
8.4036,28281
8.4093,28278
8.4149,28286
8.4205,28277
8.4258,28284
8.4315,28278
8.4371,28281
8.4427,28281
8.4483,28279
8.4537,28284
8.4593,28281
8.4649,28273
8.4706,28275
8.4759,28269
8.4815,28266
8.4872,28271
8.4928,28272
8.4981,28275
8.5038,28286
8.5094,28283
8.515,28272
8.5206,28283
8.5259,28276
8.5315,28274
8.5372,28274
8.5428,28278
8.5481,28279
8.5538,28281
8.5594,28283
8.565,28287
8.5703,28285
8.576,28288
8.5816,28281
8.5872,28282
8.5928,28286
8.5981,28279
8.6038,28279
8.6094,28288
8.615,28282
8.6204,28284
8.626,28279
8.6316,28284
8.6372,28278
8.6428,28277
8.6481,28273
8.6538,28275
8.6594,28275
8.6647,28286
8.6704,28282
8.676,28278
8.6816,28276
8.6872,28278
8.6926,28277
8.6982,28274
8.7038,28264
8.7094,28281
8.7148,28280
8.7204,28282
8.726,28284
8.7317,28286
8.737,28281
8.7426,28278
8.7483,28285
8.7539,28291
8.7592,28286
8.7648,28281
8.7705,28284
8.7761,28287
8.7815,28284
8.7871,28282
8.7927,28286
8.7981,28282
8.8037,28278
8.8093,28284
8.815,28286
8.8203,28291
8.8259,28293
8.8316,28292
8.8372,28297
8.8428,28296
8.8482,28298
8.8538,28284
8.8594,28287
8.8648,28287
8.8704,28280
8.8761,28278
8.8815,28285
8.8871,28288
8.8927,28288
8.8983,28293
8.9037,28289
8.9093,28290
8.9149,28287
8.9206,28284
8.9259,28279
8.9315,28285
8.9372,28291
8.9428,28285
8.9481,28287
8.9538,28289
8.9594,28288
8.9647,28288
8.9704,28284
8.976,28287
8.9816,28288
8.9872,28289
8.9925,28282
8.9982,28278
9.0038,28287
9.0095,28284
9.0148,28292
9.0204,28284
9.026,28290
9.0317,28292
9.037,28294
9.0426,28288
9.0483,28292
9.0539,28291
9.0592,28291
9.0649,28288
9.0705,28287
9.0761,28282
9.0815,28282
9.0871,28285
9.0925,28285
9.0982,28288
9.1038,28289
9.1094,28286
9.1148,28288
9.1204,28291
9.126,28294
9.1316,28288
9.137,28288
9.1426,28296
9.1482,28290
9.1538,28289
9.1594,28286
9.1648,28297
9.1704,28282
9.176,28287
9.1816,28287
9.1872,28287
9.1926,28286
9.1982,28298
9.2038,28295
9.2094,28289
9.215,28294
9.2204,28297
9.226,28294
9.2316,28291
9.2372,28292
9.2426,28291
9.2482,28285
9.2538,28292
9.2594,28291
9.2648,28286
9.2704,28294
9.276,28297
9.2816,28292
9.2872,28290
9.2926,28290
9.2982,28296
9.3038,28284
9.3094,28285
9.3148,28290
9.3204,28287
9.3261,28293
9.3317,28289
9.337,28288
9.3427,28285
9.3483,28283
9.3537,28286
9.3593,28284
9.3649,28292
9.3705,28295
9.3759,28290
9.3815,28298
9.3872,28291
9.3928,28280
9.3982,28285
9.4038,28282
9.4094,28293
9.415,28291
9.4204,28285
9.426,28285
9.4316,28298
9.437,28291
9.4426,28289
9.4482,28296
9.4539,28287
9.4592,28284
9.4648,28283
9.4704,28291
9.4761,28279
9.4814,28285
9.487,28292
9.4927,28293
9.4983,28292
9.5036,28290
9.5093,28289
9.5149,28291
9.5205,28294
9.5261,28293
9.5315,28294
9.5371,28303
9.5428,28296
9.5481,28293
9.5537,28297
9.5593,28296
9.565,28293
9.5703,28294
9.5759,28296
9.5816,28290
9.5872,28297
9.5928,28297
9.5982,28294
9.6038,28297
9.6094,28296
9.6148,28295
9.6204,28295
9.6261,28292
9.6317,28301
9.637,28301
9.6426,28297
9.6483,28301
9.6539,28296
9.6592,28298
9.6649,28288
9.6705,28296
9.6761,28292
9.6815,28288
9.6871,28284
9.6927,28290
9.6983,28297
9.7037,28292
9.7093,28290
9.715,28298
9.7206,28292
9.7259,28297
9.7316,28297
9.7372,28298
9.7425,28301
9.7481,28295
9.7538,28293
9.7594,28293
9.765,28297
9.7704,28298
9.776,28300
9.7816,28293
9.7872,28291
9.7926,28290
9.7982,28289
9.8038,28288
9.8095,28298
9.8148,28302
9.8205,28294
9.8261,28298
9.8317,28299
9.837,28291
9.8427,28292
9.8483,28290
9.8539,28293
9.8595,28301
9.8649,28295
9.8705,28296
9.8761,28289
9.8817,28295
9.8871,28300
9.8927,28290
9.8983,28291
9.9037,28284
9.9093,28284
9.9149,28289
9.9206,28288
9.9259,28283
9.9315,28291
9.9372,28286
9.9428,28289
9.9481,28284
9.9538,28291
9.9594,28289
9.965,28292
9.9704,28292
9.976,28296
9.9816,28295
9.9873,28300
9.9926,28293
9.9983,28295
10.0039,28296
10.0093,28302
10.0149,28292
10.0205,28293
10.0261,28295
10.0315,28290
10.0371,28289
10.0427,28295
10.0483,28292
10.0537,28294
10.0593,28291
10.0649,28294
10.0705,28294
10.0762,28289
10.0815,28285
10.0871,28293
10.0928,28292
10.0984,28292
10.1037,28297
10.1094,28293
10.115,28289
10.1206,28297
10.1259,28302
10.1316,28297
10.1372,28300
10.1428,28300
10.1484,28293
10.1538,28299
10.1594,28290
10.165,28291
10.1704,28291
10.176,28294
10.1816,28302
10.1873,28300
10.1926,28297
10.1983,28297
10.2039,28303
10.2095,28300
10.2149,28302
10.2205,28302
10.2261,28297
10.2317,28299
10.2371,28299
10.2427,28303
10.2484,28304
10.254,28303
10.2593,28297
10.265,28298
10.2706,28298
10.2762,28295
10.2816,28297
10.2872,28297
10.2928,28297
10.2984,28300
10.3038,28299
10.3094,28300
10.315,28294
10.3204,28307
10.326,28293
10.3316,28300
10.3373,28301
10.3426,28302
10.3482,28306
10.3538,28307
10.3595,28302
10.3651,28310
10.3704,28306
10.376,28306
10.3816,28311
10.3873,28314
10.3926,28311
10.3982,28311
10.4039,28309
10.4095,28316
10.4148,28310
10.4205,28307
10.4261,28312
10.4317,28304
10.4371,28303
10.4427,28307
10.4483,28304
10.454,28306
10.4593,28302
10.4649,28305
10.4706,28304
10.4759,28305
10.4815,28308
10.4872,28305
10.4928,28304
10.4982,28306
10.5038,28304
10.5094,28300
10.515,28313
10.5207,28311
10.526,28306
10.5316,28312
10.5373,28309
10.5429,28306
10.5482,28312
10.5539,28308
10.5593,28318
10.5649,28314
10.5705,28312
10.5761,28301
10.5818,28318
10.5871,28316
10.5927,28316
10.5983,28317
10.6039,28318
10.6093,28318
10.6149,28318
10.6205,28314
10.6262,28325
10.6315,28318
10.6371,28313
10.6427,28315
10.6483,28319
10.6539,28314
10.6596,28316
10.6649,28311
10.6705,28325
10.6761,28301
10.6818,28308
10.6871,28318
10.6927,28318
10.6983,28317
10.704,28321
10.7096,28308
10.7149,28319
10.7206,28319
10.7261,28312
10.7318,28315
10.7371,28317
10.7427,28320
10.7484,28321
10.7537,28316
10.7594,28325
10.765,28318
10.7706,28314
10.776,28324
10.7816,28328
10.7872,28327
10.7929,28323
10.7982,28328
10.8038,28323
10.8095,28326
10.8148,28333
10.8205,28335
10.8261,28327
10.8317,28327
10.8371,28328
10.8427,28328
10.8483,28328
10.8539,28329
10.8593,28332
10.8649,28329
10.8705,28303
10.8762,28331
10.8815,28330
10.8871,28332
10.8928,28328
10.8984,28334
10.904,28329
10.9094,28330
10.915,28327
10.9206,28331
10.926,28315
10.9316,28329
10.9373,28327
10.9426,28334
10.9483,28334
10.9539,28327
10.9595,28332
10.9649,28337
10.9705,28340
10.9761,28338
10.9818,28339
10.9871,28334
10.9928,28335
10.9984,28332
11.0037,28340
11.0094,28325
11.0151,28345
11.0207,28354
11.026,28335
11.0316,28337
11.0373,28339
11.0426,28343
11.0483,28314
11.0539,28328
11.0595,28339
11.0649,28336
11.0705,28344
11.0762,28339
11.0818,28336
11.0871,28335
11.0928,28344
11.0984,28340
11.1037,28333
11.1094,28333
11.115,28333
11.1207,28344
11.126,28333
11.1317,28329
11.1373,28345
11.1429,28341
11.1483,28342
11.1539,28340
11.1595,28348
11.1651,28338
11.1705,28336
11.1761,28346
11.1817,28346
11.1871,28345
11.1927,28344
11.1983,28338
11.204,28349
11.2093,28350
11.2149,28339
11.2206,28341
11.2262,28346
11.2316,28342
11.2372,28344
11.2428,28347
11.2484,28347
11.2541,28345
11.2594,28345
11.2651,28344
11.2704,28346
11.2761,28349
11.2817,28338
11.2873,28350
11.2927,28349
11.2983,28357
11.304,28349
11.3093,28348
11.315,28352
11.3206,28352
11.3262,28355
11.3316,28352
11.3372,28348
11.3429,28352
11.3485,28358
11.3538,28356
11.3594,28346
11.3651,28361
11.3707,28351
11.376,28352
11.3817,28358
11.3873,28354
11.3929,28353
11.3983,28360
11.4039,28350
11.4095,28354
11.4149,28357
11.4205,28353
11.4261,28362
11.4318,28362
11.4371,28361
11.4428,28359
11.4484,28362
11.454,28368
11.4594,28361
11.465,28354
11.4706,28361
11.4762,28364
11.4818,28361
11.4872,28363
11.4928,28351
11.4984,28361
11.504,28354
11.5094,28354
11.515,28361
11.5206,28357
11.5262,28357
11.5316,28362
11.5372,28359
11.5429,28364
11.5482,28363
11.5538,28365
11.5594,28367
11.5651,28364
11.5704,28360
11.576,28359
11.5817,28360
11.5873,28358
11.5927,28355
11.5983,28365
11.6039,28368
11.6096,28365
11.6152,28358
11.6205,28365
11.6261,28374
11.6318,28372
11.6371,28367
11.6427,28368
11.6483,28377
11.654,28376
11.6596,28369
11.665,28368
11.6706,28371
11.6762,28373
11.6818,28370
11.6872,28372
11.6928,28373
11.6984,28374
11.7038,28373
11.7094,28379
11.715,28384
11.7207,28370
11.726,28377
11.7317,28378
11.7373,28376
11.7429,28376
11.7483,28386
11.7539,28384
11.7595,28372
11.7652,28375
11.7705,28375
11.7762,28372
11.7818,28376
11.7871,28379
11.7928,28376
11.7984,28379
11.804,28377
11.8094,28382
11.815,28379
11.8207,28388
11.826,28382
11.8316,28381
11.8373,28384
11.8429,28385
11.8483,28374
11.8539,28386
11.8595,28384
11.8652,28385
11.8705,28385
11.8761,28384
11.8818,28386
11.8871,28391
11.8927,28392
11.8984,28387
11.904,28390
11.9093,28387
11.915,28389
11.9206,28385
11.9262,28381
11.9316,28384
11.9372,28381
11.9428,28381
11.9485,28382
11.9541,28393
11.9594,28381
11.965,28391
11.9707,28389
11.9763,28402
11.9816,28396
11.9873,28406
11.9929,28394
11.9982,28403
12.0039,28410
12.0096,28406
12.0149,28393
12.0206,28401
12.0262,28406
12.0318,28400
12.0372,28396
12.0428,28405
12.0484,28404
12.0541,28399
12.0594,28401
12.065,28407
12.0707,28402
12.076,28405
12.0817,28409
12.0873,28404
12.0929,28410
12.0983,28409
12.1039,28405
12.1095,28411
12.1149,28414
12.1205,28411
12.1262,28414
12.1318,28411
12.1371,28409
12.1427,28416
12.1484,28405
12.154,28411
12.1593,28419
12.165,28412
12.1706,28408
12.1762,28409
12.1819,28411
12.1872,28417
12.1928,28416
12.1984,28420
12.204,28421
12.2094,28425
12.215,28422
12.2206,28432
12.2262,28428
12.2316,28427
12.2372,28421
12.2428,28420
12.2484,28422
12.254,28425
12.2594,28420
12.265,28425
12.2707,28430
12.2762,28422
12.2816,28437
12.2872,28434
12.2928,28435
12.2985,28429
12.3038,28431
12.3095,28432
12.3151,28427
12.3207,28418
12.3261,28430
12.3317,28422
12.3374,28425
12.3428,28431
12.3484,28431
12.354,28437
12.3594,28428
12.365,28439
12.3706,28435
12.3763,28441
12.3816,28440
12.3873,28453
12.3929,28442
12.3985,28442
12.4039,28440
12.4095,28449
12.4151,28444
12.4208,28441
12.4261,28435
12.4317,28418
12.4373,28442
12.443,28442
12.4483,28445
12.454,28449
12.4596,28438
12.465,28451
12.4706,28451
12.4762,28447
12.4819,28451
12.4872,28441
12.4928,28448
12.4985,28446
12.5041,28447
12.5094,28444
12.515,28451
12.5207,28448
12.5263,28441
12.5316,28440
12.5373,28443
12.5429,28458
12.5485,28449
12.5539,28454
12.5595,28453
12.5651,28446
12.5705,28447
12.5761,28439
12.5817,28463
12.5874,28454
12.5927,28460
12.5984,28460
12.604,28455
12.6094,28463
12.615,28461
12.6207,28457
12.6263,28456
12.6316,28468
12.6373,28457
12.6429,28459
12.6485,28467
12.6539,28465
12.6595,28463
12.6651,28463
12.6707,28460
12.676,28463
12.6817,28472
12.6873,28466
12.6929,28474
12.6985,28475
12.7039,28468
12.7095,28472
12.7151,28480
12.7208,28475
12.7261,28464
12.7319,28466
12.7372,28457
12.7428,28467
12.7485,28466
12.7538,28470
12.7595,28473
12.7651,28475
12.7707,28468
12.7761,28465
12.7817,28476
12.7873,28476
12.793,28479
12.7983,28481
12.8039,28471
12.8095,28472
12.8152,28468
12.8205,28477
12.8261,28479
12.8318,28479
12.8374,28478
12.8428,28482
12.8484,28481
12.854,28487
12.8594,28475
12.865,28485
12.8706,28484
12.8763,28491
12.8816,28487
12.8872,28490
12.8929,28490
12.8985,28493
12.9039,28493
12.9095,28494
12.9151,28495
12.9208,28498
12.9261,28492
12.9317,28503
12.9374,28493
12.9427,28492
12.9484,28487
12.954,28488
12.9596,28492
12.965,28495
12.9706,28489
12.9763,28493
12.9816,28490
12.9872,28490
12.9929,28492
12.9985,28487
13.0039,28487
13.0095,28496
13.0152,28504
13.0205,28507
13.0262,28501
13.0318,28494
13.0372,28498
13.0428,28493
13.0484,28498
13.0541,28498
13.0594,28499
13.065,28492
13.0707,28489
13.0763,28502
13.0816,28499
13.0873,28507
13.0929,28506
13.0983,28503
13.1039,28501
13.1095,28511
13.1152,28508
13.1205,28503
13.1261,28502
13.1318,28501
13.1374,28511
13.1428,28499
13.1484,28510
13.154,28500
13.1594,28509
13.165,28514
13.1706,28512
13.1763,28512
13.1816,28514
13.1873,28512
13.1929,28512
13.1985,28512
13.2039,28516
13.2095,28513
13.2151,28516
13.2208,28516
13.2261,28517
13.2317,28519
13.2373,28504
13.243,28522
13.2483,28506
13.254,28501
13.2596,28521
13.265,28521
13.2706,28519
13.2762,28527
13.2819,28520
13.2872,28521
13.2928,28526
13.2985,28516
13.3041,28524
13.3094,28525
13.315,28518
13.3207,28524
13.3263,28528
13.3319,28525
13.3372,28519
13.3428,28530
13.3484,28523
13.3541,28518
13.3594,28517
13.365,28536
13.3707,28531
13.3763,28531
13.3817,28528
13.3873,28511
13.3929,28527
13.3983,28529
13.4039,28538
13.4095,28519
13.4152,28527
13.4205,28536
13.4261,28528
13.4318,28534
13.4374,28527
13.4428,28524
13.4484,28527
13.454,28532
13.4596,28519
13.465,28525
13.4706,28527
13.4762,28530
13.4816,28526
13.4872,28535
13.4928,28534
13.4985,28532
13.5038,28538
13.5095,28530
13.5151,28524
13.5207,28534
13.5261,28524
13.5317,28528
13.5373,28529
13.5429,28533
13.5485,28521
13.5539,28527
13.5595,28521
13.5651,28527
13.5708,28529
13.5761,28521
13.5817,28529
13.5874,28511
13.593,28523
13.5983,28534
13.6039,28523
13.6096,28520
13.6149,28530
13.6206,28537
13.6262,28535
13.6318,28540
13.6372,28541
13.6428,28533
13.6484,28532
13.6541,28536
13.6594,28534
13.6651,28536
13.6707,28532
13.6763,28531
13.6817,28538
13.6872,28527
13.6929,28527
13.6985,28529
13.7039,28541
13.7095,28545
13.715,28530
13.7207,28536
13.7263,28544
13.7317,28539
13.7373,28523
13.7429,28544
13.7485,28528
13.7541,28546
13.7594,28527
13.7651,28528
13.7707,28540
13.7763,28537
13.7817,28530
13.7873,28533
13.7929,28535
13.7985,28541
13.8038,28543
13.8095,28529
13.8151,28545
13.8207,28526
13.8261,28531
13.8317,28515
13.8373,28531
13.843,28533
13.8483,28523
13.854,28533
13.8596,28536
13.8652,28525
13.8705,28530
13.8762,28512
13.8818,28533
13.8874,28529
13.8928,28517
13.8984,28526
13.904,28527
13.9094,28524
13.915,28527
13.9207,28527
13.9263,28528
13.9316,28535
13.9373,28524
13.9429,28521
13.9485,28517
13.9541,28529
13.9595,28520
13.9651,28524
13.9707,28524
13.9761,28515
13.9817,28518
13.9873,28524
13.993,28525
13.9983,28518
14.004,28515
14.0096,28522
14.0152,28513
14.0206,28517
14.0262,28517
14.0318,28515
14.0374,28510
14.0428,28513
14.0484,28503
14.054,28504
14.0594,28519
14.065,28500
14.0706,28514
14.0763,28512
14.0816,28503
14.0872,28505
14.0929,28500
14.0985,28499
14.1038,28515
14.1095,28511
14.1151,28511
14.1207,28516
14.126,28501
14.1317,28512
14.1373,28516
14.1429,28504
14.1486,28506
14.1539,28497
14.1595,28498
14.1652,28492
14.1705,28498
14.1762,28499
14.1818,28494
14.1872,28491
14.1928,28492
14.1985,28500
14.2041,28506
14.2094,28497
14.215,28491
14.2207,28486
14.2263,28489
14.2319,28497
14.2373,28498
14.2429,28487
14.2485,28487
14.2539,28482
14.2595,28490
14.2652,28488
14.2705,28492
14.2761,28495
14.2818,28483
14.2874,28487
14.2928,28494
14.2984,28477
14.3041,28482
14.3094,28485
14.315,28477
14.3207,28478
14.3263,28471
14.3317,28483
14.3373,28491
14.343,28490
14.3483,28488
14.354,28478
14.3596,28476
14.3649,28482
14.3706,28476
14.3762,28479
14.3818,28481
14.3872,28455
14.3929,28488
14.3985,28472
14.4041,28467
14.4094,28472
14.4151,28465
14.4207,28462
14.4261,28460
14.4317,28460
14.4373,28451
14.443,28448
14.4483,28464
14.4539,28456
14.4596,28444
14.4652,28455
14.4708,28438
14.4762,28450
14.4818,28434
14.4874,28439
14.4928,28436
14.4984,28459
14.504,28438
14.5094,28447
14.515,28448
14.5206,28438
14.5263,28442
14.5319,28433
14.5373,28431
14.5429,28442
14.5485,28428
14.5541,28438
14.5595,28438
14.5651,28440
14.5707,28426
14.5761,28412
14.5817,28432
14.5874,28431
14.593,28430
14.5983,28427
14.604,28418
14.6096,28417
14.6152,28419
14.6206,28408
14.6262,28417
14.6318,28397
14.6374,28417
14.6428,28409
14.6484,28422
14.6541,28423
14.6594,28408
14.665,28417
14.6706,28408
14.6763,28390
14.6819,28409
14.6872,28410
14.6928,28404
14.6985,28400
14.7041,28403
14.7094,28399
14.715,28415
14.7207,28411
14.7263,28409
14.7316,28395
14.7373,28391
14.7429,28390
14.7485,28405
14.7539,28393
14.7595,28387
14.7651,28381
14.7707,28382
14.7761,28378
14.7817,28371
14.7873,28385
14.793,28382
14.7983,28383
14.8039,28375
14.8096,28370
14.8152,28385
14.8205,28359
14.8262,28369
14.8318,28365
14.8374,28371
14.8428,28357
14.8484,28364
14.854,28367
14.8596,28363
14.8652,28355
14.8706,28352
14.8762,28361
14.8818,28348
14.8875,28360
14.8928,28353
14.8984,28340
14.9041,28344
14.9094,28341
14.9151,28357
14.9207,28357
14.9263,28337
14.9316,28327
14.9373,28339
14.9429,28331
14.9485,28339
14.9539,28335
14.9595,28325
14.9651,28336
14.9707,28334
14.9761,28310
14.9817,28351
14.9873,28326
14.993,28333
14.9986,28328
15.0039,28330
15.0096,28325
15.015,28321
15.0206,28325
15.0262,28316
15.0318,28316
15.0372,28313
15.0428,28312
15.0484,28298
15.0541,28308
15.0594,28303
15.065,28284
15.0706,28286
15.0763,28288
15.0819,28293
15.0872,28278
15.0929,28290
15.0985,28284
15.1041,28281
15.1095,28278
15.1151,28296
15.1207,28285
15.1264,28279
15.1317,28271
15.1373,28271
15.143,28266
15.1483,28268
15.1539,28266
15.1596,28270
15.1652,28250
15.1705,28270
15.1761,28255
15.1816,28250
15.1873,28261
15.1929,28239
15.1985,28246
15.2039,28237
15.2094,28253
15.2151,28185
15.2207,28230
15.2263,28233
15.2317,28244
15.2372,28224
15.2429,28231
15.2485,28244
15.2541,28222
15.2595,28231
15.2651,28234
15.2707,28207
15.2763,28214
15.2816,28204
15.2873,28216
15.2929,28209
15.2985,28206
15.3041,28205
15.3095,28204
15.3151,28171
15.3207,28204
15.3263,28176
15.3317,28173
15.3373,28182
15.3429,28180
15.3485,28184
15.3541,28180
15.3595,28180
15.3651,28182
15.3707,28182
15.3761,28172
15.3817,28158
15.3873,28178
15.393,28166
15.3983,28139
15.4039,28169
15.4096,28163
15.4152,28139
15.4205,28135
15.4262,28151
15.4318,28168
15.4374,28135
15.4428,28135
15.4484,28138
15.454,28122
15.4597,28117
15.465,28108
15.4706,28106
15.4762,28120
15.4819,28122
15.4875,28109
15.4928,28034
15.4984,28095
15.5041,28095
15.5097,28100
15.515,28076
15.5207,28092
15.5263,28083
15.5316,28083
15.5373,28093
15.5429,28095
15.5486,28075
15.5539,28059
15.5595,28047
15.5652,28065
15.5708,28043
15.5762,28064
15.5818,28046
15.5874,28047
15.5928,28046
15.5984,28052
15.604,28021
15.6096,28022
15.615,28053
15.6206,28041
15.6262,28031
15.6319,28024
15.6372,28011
15.6428,28018
15.6485,28025
15.6541,28006
15.6595,28005
15.6651,27982
15.6707,28002
15.6761,28010
15.6817,27996
15.6874,27989
15.693,27972
15.6983,27985
15.704,27953
15.7096,27973
15.7152,27901
15.7206,27977
15.7262,27954
15.7318,27958
15.7375,27953
15.7428,27961
15.7484,27952
15.7541,27952
15.7594,27949
15.765,27938
15.7707,27940
15.7763,27960
15.7816,27931
15.7872,27910
15.7929,27905
15.7985,27912
15.8039,27917
15.8095,27900
15.8151,27884
15.8207,27860
15.8261,27892
15.8317,27880
15.8374,27898
15.843,27901
15.8483,27879
15.854,27880
15.8596,27856
15.8652,27867
15.8706,27856
15.8762,27842
15.8818,27858
15.8874,27877
15.8928,27844
15.8984,27844
15.9041,27848
15.9094,27827
15.9151,27861
15.9207,27823
15.9263,27826
15.9319,27813
15.9373,27815
15.9429,27803
15.9485,27819
15.9539,27822
15.9595,27789
15.9651,27800
15.9708,27799
15.9761,27791
15.9818,27777
15.9874,27787
15.993,27770
15.9984,27772
16.004,27759
16.0097,27746
16.015,27759
16.0206,27732
16.0262,27761
16.0318,27747
16.0372,27754
16.0428,27737
16.0485,27735
16.0541,27703
16.0594,27726
16.065,27724
16.0707,27717
16.0763,27701
16.0817,27723
16.0873,27676
16.0929,27681
16.0985,27686
16.1038,27665
16.1095,27643
16.1151,27679
16.1207,27672
16.1261,27678
16.1317,27645
16.1373,27646
16.143,27660
16.1486,27633
16.1539,27623
16.1596,27640
16.1652,27651
16.1708,27633
16.1762,27654
16.1818,27637
16.1874,27602
16.1928,27563
16.1984,27607
16.2041,27621
16.2094,27603
16.215,27616
16.2207,27576
16.2263,27595
16.2319,27582
16.2372,27608
16.2429,27571
16.2485,27584
16.2541,27555
16.2595,27569
16.2651,27544
16.2708,27554
16.2761,27585
16.2817,27537
16.2874,27563
16.293,27555
16.2983,27536
16.304,27535
16.3096,27518
16.315,27532
16.3206,27510
16.3263,27517
16.3317,27500
16.3373,27498
16.3429,27498
16.3486,27475
16.354,27488
16.3596,27479
16.365,27483
16.3707,27467
16.3763,27460
16.3817,27469
16.3873,27467
16.393,27435
16.3984,27448
16.404,27423
16.4096,27431
16.415,27422
16.4207,27407
16.4263,27421
16.4317,27394
16.4373,27395
16.443,27390
16.4484,27379
16.454,27386
16.4596,27384
16.465,27344
16.4707,27363
16.4763,27344
16.4817,27347
16.4874,27332
16.493,27357
16.4984,27346
16.504,27326
16.5097,27336
16.515,27343
16.5206,27308
16.5263,27323
16.5316,27326
16.5373,27321
16.5429,27315
16.5485,27304
16.5542,27290
16.5595,27298
16.5651,27288
16.5708,27325
16.5761,27317
16.5818,27290
16.5874,27282
16.5928,27274
16.5984,27268
16.604,27269
16.6097,27265
16.615,27249
16.6207,27230
16.6264,27215
16.6317,27158
16.6374,27238
16.643,27189
16.6484,27219
16.654,27207
16.6597,27162
16.665,27171
16.6707,27213
16.6761,27201
16.6817,27181
16.6873,27184
16.693,27176
16.6984,27040
16.7039,27175
16.7096,27190
16.7152,27157
16.7206,27164
16.7262,27144
16.7317,27125
16.7373,27124
16.743,27134
16.7483,27112
16.7539,27116
16.7595,27123
16.7651,27109
16.7708,27101
16.7761,27097
16.7818,27094
16.7873,27102
16.7929,27082
16.7985,27099
16.8039,27092
16.8095,27081
16.8151,27060
16.8207,27056
16.8263,27035
16.8317,27067
16.8373,27037
16.8429,27033
16.8485,27026
16.8541,27038
16.8595,27061
16.8651,27017
16.8707,27025
16.8763,26966
16.8817,26955
16.8873,26929
16.8929,26974
16.8985,26932
16.9039,26983
16.9095,26915
16.9151,26979
16.9208,26953
16.9261,26932
16.9318,26927
16.9374,26918
16.9428,26910
16.9485,26943
16.9539,26901
16.9595,26908
16.9651,26878
16.9708,26889
16.9761,26874
16.9817,26892
16.9874,26883
16.9928,26846
16.9985,26878
17.0041,26860
17.0095,26837
17.0151,26845
17.0208,26848
17.0261,26815
17.0318,26824
17.0374,26816
17.043,26796
17.0484,26775
17.054,26797
17.0596,26769
17.065,26772
17.0706,26750
17.0762,26771
17.0819,26744
17.0872,26743
17.0929,26762
17.0985,26684
17.1042,26726
17.1095,26648
17.1151,26696
17.1208,26705
17.1261,26672
17.1318,26694
17.1374,26670
17.1428,26705
17.1485,26675
17.1541,26617
17.1595,26657
17.1651,26666
17.1707,26642
17.1763,26603
17.1817,26592
17.1873,26619
17.193,26612
17.1983,26607
17.204,26554
17.2096,26536
17.215,26530
17.2206,26555
17.2263,26542
17.2319,26551
17.2373,26569
17.2429,26504
17.2486,26489
17.2539,26531
17.2595,26493
17.2652,26449
17.2708,26502
17.2761,26480
17.2817,26470
17.2874,26472
17.293,26442
17.2984,26462
17.304,26441
17.3096,26447
17.3153,26440
17.3206,26403
17.3262,26389
17.3319,26357
17.3372,26381
17.3429,26374
17.3485,26407
17.3541,26353
17.3595,26325
17.3651,26341
17.3707,26350
17.3764,26351
17.3817,26373
17.3873,26315
17.3929,26308
17.3986,26318
17.4039,26318
17.4095,26269
17.4152,26303
17.4205,26300
17.4261,26283
17.4318,26238
17.4374,26259
17.4428,26278
17.4484,26269
17.454,26242
17.4597,26238
17.465,26236
17.4707,26189
17.4763,26160
17.4819,26208
17.4872,26188
17.4929,26188
17.4985,26136
17.5039,26158
17.5095,26147
17.5152,26092
17.5206,26055
17.5262,26138
17.5319,26130
17.5373,26049
17.5429,26111
17.5485,26079
17.5539,26062
17.5595,26066
17.5652,26082
17.5708,26073
17.5762,26061
17.5818,26063
17.5875,26055
17.5928,26074
17.5985,26035
17.6041,26035
17.6095,26003
17.6151,26008
17.6207,26003
17.6264,25965
17.6317,25922
17.6374,25956
17.643,25951
17.6483,25949
17.654,25943
17.6596,25903
17.6652,25937
17.6706,25911
17.6762,25842
17.6818,25923
17.6874,25851
17.6931,25854
17.6984,25912
17.704,25858
17.7097,25835
17.715,25804
17.7206,25834
17.7263,25834
17.7319,25814
17.7372,25796
17.7429,25779
17.7485,25749
17.7541,25800
17.7595,25777
17.7651,25787
17.7707,25800
17.7764,25718
17.7817,25704
17.7874,25755
17.793,25773
17.7986,25722
17.804,25692
17.8096,25703
17.8152,25730
17.8206,25691
17.8262,25688
17.8318,25676
17.8372,25691
17.8428,25626
17.8485,25627
17.8541,25594
17.8594,25647
17.8651,25609
17.8707,25606
17.8761,25606
17.8817,25601
17.8874,25625
17.8931,25526
17.8985,25539
17.9041,25515
17.9095,25548
17.9151,25543
17.9207,25554
17.9264,25533
17.9317,25501
17.9374,25489
17.943,25517
17.9483,25540
17.954,25497
17.9596,25489
17.9652,25478
17.9706,25481
17.9762,25426
17.9818,25456
17.9875,25450
17.9928,25377
17.9984,25426
18.0041,25399
18.0095,25397
18.0151,25367
18.0207,25332
18.0263,25370
18.0317,25339
18.0373,25318
18.0429,25327
18.0485,25303
18.0539,25293
18.0595,25302
18.0652,25281
18.0708,25284
18.0761,25269
18.0818,25263
18.0874,25226
18.093,25248
18.0984,25253
18.104,25184
18.1096,25194
18.115,25188
18.1206,25215
18.1262,25185
18.1319,25169
18.1372,25188
18.1428,25184
18.1484,25158
18.1541,25175
18.1597,25114
18.165,25130
18.1707,25089
18.1763,25080
18.1819,25100
18.1873,25089
18.1929,25068
18.1985,25065
18.2039,25065
18.2095,25100
18.2151,25019
18.2208,25028
18.2261,25029
18.2317,25066
18.2374,25011
18.243,25029
18.2483,25004
18.2539,24980
18.2596,24990
18.2652,25000
18.2705,24953
18.2762,24998
18.2817,24931
18.2873,24955
18.293,24965
18.2984,24963
18.304,24936
18.3095,24948
18.3151,24906
18.3208,24928
18.3264,24899
18.3317,24909
18.3373,24868
18.343,24833
18.3486,24847
18.354,24870
18.3596,24809
18.365,24870
18.3706,24781
18.3762,24836
18.3819,24804
18.3875,24763
18.3929,24771
18.3985,24794
18.4039,24741
18.4096,24785
18.4152,24749
18.4206,24776
18.4262,24797
18.4319,24753
18.4372,24753
18.4429,24753
18.4485,24777
18.4541,24730
18.4595,24740
18.4651,24696
18.4707,24676
18.4761,24697
18.4818,24692
18.4874,24662
18.4928,24653
18.4984,24663
18.5041,24642
18.5095,24635
18.5151,24613
18.5207,24631
18.5261,24616
18.5317,24645
18.5374,24577
18.543,24613
18.5484,24621
18.554,24561
18.5596,24594
18.565,24575
18.5706,24549
18.5763,24574
18.5817,24515
18.5874,24522
18.5931,24466
18.5984,24494
18.6041,24526
18.6095,24530
18.6151,24506
18.6208,24506
18.6264,24511
18.6318,24432
18.6374,24487
18.643,24499
18.6484,24463
18.654,24492
18.6596,24428
18.665,24412
18.6706,24477
18.6764,24483
18.6817,24437
18.6873,24408
18.693,24388
18.6986,24393
18.704,24382
18.7096,24390
18.7152,24334
18.7206,24324
18.7262,24408
18.7319,24384
18.7372,24355
18.7429,24333
18.7485,24316
18.7541,24327
18.7595,24327
18.7652,24379
18.7708,24309
18.7762,24310
18.7819,24307
18.7873,24308
18.7929,24303
18.7986,24323
18.804,24312
18.8096,24300
18.8152,24223
18.8209,24305
18.8262,24282
18.8318,24270
18.8373,24253
18.8429,24235
18.8485,24233
18.8541,24212
18.8595,24140
18.8651,24196
18.8707,24267
18.8764,24219
18.8817,24211
18.8873,24177
18.893,24078
18.8986,24174
18.9039,24143
18.9096,24164
18.9152,24124
18.9208,24145
18.9262,24179
18.9318,24164
18.9375,24176
18.9428,24110
18.9485,24145
18.9541,24120
18.9597,24193
18.9651,24100
18.9707,24085
18.9763,24119
18.9817,24162
18.9873,24092
18.993,24090
18.9986,24102
19.004,24101
19.0096,24161
19.0152,24035
19.0206,24061
19.0262,24103
19.0318,24143
19.0375,24037
19.0428,24029
19.0485,24057
19.0541,24041
19.0597,24041
19.0651,24021
19.0707,24036
19.0764,24054
19.0817,23997
19.0874,24043
19.093,23961
19.0984,24002
19.104,23957
19.1097,23975
19.1153,23986
19.1206,24027
19.1263,23976
19.1319,24012
19.1372,23928
19.1429,23946
19.1485,23962
19.1541,24008
19.1595,23950
19.1651,23972
19.1707,23954
19.1764,23962
19.1817,23957
19.1873,23950
19.193,23954
19.1986,23936
19.2042,23960
19.2096,23920
19.2152,23856
19.2208,23936
19.2262,23924
19.2318,23943
19.2375,23910
19.2428,23931
19.2485,23954
19.2541,23946
19.2595,23915
19.2651,23896
19.2707,23962
19.2764,23934
19.2817,23848
19.2874,23906
19.293,23866
19.2986,23923
19.304,23884
19.3096,23879
19.3153,23878
19.3206,23853
19.3262,23883
19.3319,23883
19.3375,23794
19.3429,23861
19.3485,23887
19.3541,23742
19.3597,23910
19.3651,23860
19.3707,23856
19.3764,23822
19.382,23774
19.3873,23823
19.393,23826
19.3986,23797
19.404,23861
19.4096,23833
19.4152,23831
19.4209,23798
19.4262,23870
19.4318,23804
19.4375,23819
19.4431,23799
19.4485,23777
19.4541,23879
19.4597,23766
19.4651,23728
19.4707,23774
19.4763,23800
19.482,23770
19.4873,23768
19.493,23787
19.4986,23749
19.5039,23777
19.5096,23794
19.5152,23804
19.5208,23839
19.5262,23789
19.5318,23754
19.5374,23746
19.5431,23798
19.5484,23755
19.5541,23706
19.5597,23732
19.5651,23755
19.5707,23764
19.5763,23726
19.582,23736
19.5876,23669
19.5929,23757
19.5986,23770
19.6042,23790
19.6096,23735
19.6152,23754
19.6208,23734
19.6262,23753
19.6318,23744
19.6375,23764
19.6431,23759
19.6484,23753
19.654,23719
19.6597,23706
19.6653,23719
19.6706,23743
19.6763,23716
19.6819,23720
19.6876,23809
19.6929,23682
19.6985,23771
19.7042,23750
19.7095,23739
19.7152,23741
19.7208,23730
19.7264,23761
19.7318,23714
19.7374,23722
19.743,23736
19.7486,23711
19.754,23743
19.7596,23674
19.7652,23687
19.7709,23743
19.7762,23675
19.7818,23713
19.7875,23726
19.7931,23704
19.7984,23720
19.804,23690
19.8096,23712
19.8152,23721
19.8209,23728
19.8265,23697
19.8318,23695
19.8374,23718
19.843,23728
19.8486,23691
19.8541,23676
19.8596,23744
19.8652,23686
19.8709,23698
19.8762,23681
19.8819,23748
19.8874,23684
19.893,23709
19.8986,23653
19.904,23708
19.9096,23731
19.9152,23684
19.9208,23655
19.9264,23730
19.9318,23675
19.9374,23720
19.943,23606
19.9486,23707
19.9543,23716
19.9596,23709
19.9652,23715
19.9708,23712
19.9764,23714
19.9818,23691
19.9874,23682
19.993,23676
19.9986,23688
20.0042,23640
20.0096,23749
20.0153,23730
20.0209,23639
20.0263,23722
20.0319,23621
20.0375,23708
20.0429,23729
20.0485,23715
20.0541,23697
20.0598,23699
20.0651,23664
20.0707,23711
20.0764,23636
20.082,23672
20.0874,23682
20.093,23662
20.0986,23662
20.1042,23665
20.1096,23658
20.1152,23682
20.1209,23677
20.1262,23650
20.1319,23697
20.1375,23680
20.1431,23727
20.1485,23702
20.1541,23721
20.1597,23719
20.1654,23637
20.1707,23608
20.1763,23668
20.182,23734
20.1876,23684
20.1929,23690
20.1986,23716
20.2042,23582
20.2096,23663
20.2152,23673
20.2208,23616
20.2265,23739
20.2318,23665
20.2374,23682
20.2431,23729
20.2485,23731
20.2541,23653
20.2597,23677
20.2653,23723
20.2707,23678
20.2763,23696
20.282,23693
20.2876,23699
20.2929,23709
20.2986,23694
20.3042,23667
20.3096,23694
20.3152,23717
20.3208,23694
20.3265,23630
20.3318,23685
20.3375,23686
20.3431,23690
20.3485,23662
20.3541,23722
20.3597,23646
20.3653,23704
20.3707,23665
20.3763,23655
20.3819,23665
20.3873,23634
20.3929,23762
20.3986,23706
20.4042,23683
20.4098,23657
20.4152,23646
20.4208,23687
20.4265,23643
20.4318,23742
20.4373,23680
20.443,23683
20.4484,23642
20.4541,23723
20.4597,23647
20.4654,23670
20.4707,23643
20.4762,23723
20.4818,23724
20.4873,23711
20.4929,23705
20.4984,23747
20.5041,23684
20.5096,23666
20.5151,23732
20.5207,23718
20.5262,23703
20.5318,23628
20.5373,23692
20.543,23688
20.5485,23668
20.5541,23563
20.5596,23718
20.5651,23692
20.5707,23710
20.5762,23721
20.5818,23779
20.5874,23715
20.5929,23720
20.5985,23645
20.604,23764
20.6096,23752
20.6152,23736
20.6207,23710
20.6263,23726
20.6318,23704
20.6374,23693
20.6429,23702
20.6485,23680
20.6541,23639
20.6596,23714
20.6652,23748
20.6707,23704
20.6763,23719
20.6818,23700
20.6874,23712
20.693,23712
20.6985,23702
20.7041,23718
20.7096,23744
20.7152,23752
20.7208,23647
20.7263,23673
20.7319,23723
20.7374,23745
20.743,23707
20.7486,23722
20.7541,23764
20.7597,23751
20.7652,23745
20.7708,23699
20.7763,23756
20.7819,23727
20.7875,23771
20.793,23732
20.7986,23763
20.8041,23680
20.8097,23747
20.8152,23740
20.8208,23803
20.8264,23713
20.8319,23782
20.8375,23709
20.843,23710
20.8486,23760
20.8542,23791
20.8597,23783
20.8653,23756
20.8708,23746
20.8764,23763
20.8819,23705
20.8875,23772
20.893,23732
20.8986,23719
20.9042,23794
20.9097,23743
20.9151,23709
20.9207,23719
20.9264,23728
20.932,23691
20.9375,23671
20.9431,23678
20.9486,23744
20.954,23796
20.9596,23701
20.9653,23767
20.9709,23661
20.9762,23687
20.9819,23837
20.9875,23749
20.9931,23731
20.9985,23747
21.0042,23809
21.0096,23766
21.0153,23792
21.0209,23756
21.0263,23790
21.032,23766
21.0373,23747
21.043,23704
21.0487,23711
21.0542,23727
21.0596,23786
21.0653,23807
21.0709,23817
21.0763,23708
21.0819,23804
21.0876,23771
21.0929,23755
21.0985,23812
21.1042,23759
21.1098,23718
21.1151,23778
21.1208,23742
21.1264,23750
21.132,23754
21.1374,23800
21.143,23797
21.1486,23680
21.1543,23746
21.1596,23855
21.1652,23800
21.1709,23776
21.1763,23771
21.1819,23816
21.1876,23869
21.1929,23765
21.1985,23824
21.204,23787
21.2097,23821
21.2153,23768
21.2209,23805
21.2263,23854
21.2319,23741
21.2375,23803
21.2431,23821
21.2487,23810
21.2541,23837
21.2597,23799
21.2653,23792
21.2709,23788
21.2763,23828
21.2819,23847
21.2875,23827
21.2931,23863
21.2985,23743
21.3041,23825
21.3098,23806
21.3153,23859
21.321,23772
21.3263,23813
21.3319,23817
21.3375,23821
21.3431,23880
21.3485,23897
21.3541,23812
21.3597,23804
21.3654,23836
21.3707,23835
21.3764,23869
21.3818,23844
21.3874,23840
21.3931,23823
21.3987,23834
21.4043,23879
21.4096,23819
21.4152,23881
21.4209,23815
21.4265,23842
21.4318,23800
21.4374,23868
21.443,23903
21.4487,23776
21.454,23840
21.4596,23796
21.4652,23924
21.4708,23815
21.4765,23880
21.4818,23852
21.4875,23823
21.493,23872
21.4986,23826
21.5043,23871
21.5097,23844
21.5153,23870
21.5207,23905
21.5264,23880
21.5321,23896
21.5374,23912
21.5431,23853
21.5486,23833
21.5543,23885
21.5596,23888
21.5653,23877
21.5709,23906
21.5762,23861
21.5819,23895
21.5875,23783
21.5931,23914
21.5985,23855
21.6041,23892
21.6098,23850
21.6154,23889
21.6207,23886
21.6264,23833
21.632,23906
21.6376,23842
21.643,23877
21.6486,23950
21.6542,23981
21.6599,23949
21.6652,23884
21.6708,23908
21.6765,23904
21.6818,23902
21.6875,23901
21.6931,23845
21.6987,23872
21.7041,23912
21.7097,23941
21.7153,23957
21.7209,23896
21.7263,23894
21.7319,23934
21.7376,23923
21.7429,23966
21.7485,23976
21.7542,23945
21.7598,23892
21.7651,23929
21.7708,23930
21.7764,23942
21.7821,23844
21.7874,23920
21.793,23911
21.7987,23933
21.8043,23939
21.8096,23880
21.8153,23931
21.8209,23905
21.8262,23925
21.8319,23930
21.8375,23962
21.8431,23922
21.8488,23938
21.8541,23915
21.8598,23979
21.8654,23981
21.8707,23938
21.8764,23887
21.882,23951
21.8876,23921
21.893,23968
21.8986,23951
21.9042,23967
21.9096,23987
21.9152,23838
21.9208,23936
21.9265,23925
21.9321,23931
21.9374,24005
21.9431,23933
21.9487,23995
21.9541,23974
21.9597,23988
21.9653,24018
21.9709,23889
21.9763,23930
21.9819,23911
21.9875,23962
21.9932,23914
21.9985,23929
22.0042,23967
22.0098,24009
22.0154,23999
22.0208,24001
22.0264,24004
22.0321,23969
22.0374,23916
22.043,23944
22.0487,23966
22.054,23979
22.0597,23983
22.0653,23982
22.071,24028
22.0763,24036
22.082,24007
22.0876,24046
22.0929,24010
22.0986,23969
22.1042,24032
22.1098,23977
22.1152,24068
22.1208,24007
22.1265,23989
22.1321,24024
22.1374,24019
22.1431,23918
22.1487,24020
22.1541,24009
22.1597,24015
22.1653,24034
22.1709,24038
22.1763,24032
22.1819,24006
22.1876,24068
22.1932,24125
22.1985,24067
22.2041,24041
22.2098,24026
22.2154,24083
22.2207,24034
22.2264,24011
22.232,23993
22.2376,24095
22.243,24050
22.2486,24071
22.2542,24068
22.2599,24027
22.2652,24033
22.2708,24039
22.2765,24029
22.2818,24036
22.2874,24020
22.2931,24068
22.2987,24012
22.3043,24047
22.3097,24021
22.3153,24042
22.3209,24082
22.3263,23981
22.3319,24063
22.3375,24027
22.3432,24018
22.3485,24019
22.3541,24032
22.3598,24035
22.3654,24057
22.3708,24094
22.3764,24092
22.382,24080
22.3877,24003
22.393,24070
22.3986,24092
22.4043,24098
22.4099,24045
22.4153,23951
22.4207,24088
22.4264,24079
22.432,24095
22.4376,24061
22.443,24056
22.4486,24061
22.4542,24035
22.4598,24009
22.4652,24101
22.4708,24094
22.4764,24102
22.482,24117
22.4877,24057
22.493,24098
22.4986,24114
22.5042,24125
22.5098,24119
22.5152,24048
22.5208,24069
22.5264,24137
22.532,24111
22.5374,24101
22.5431,24043
22.5487,24111
22.5541,24105
22.5598,24100
22.5654,24080
22.5707,24113
22.5764,24126
22.582,24162
22.5876,24086
22.593,24125
22.5986,24122
22.6043,24083
22.6096,24092
22.6153,24145
22.6209,24079
22.6265,24107
22.6319,24084
22.6375,24108
22.6431,24112
22.6488,24122
22.6541,24146
22.6598,24112
22.6654,24203
22.6708,24069
22.6764,24127
22.682,24136
22.6874,24110
22.693,24113
22.6987,24115
22.7043,24139
22.7097,24019
22.7153,24123
22.7209,24111
22.7263,24099
22.7319,24148
22.7376,24113
22.7432,24116
22.7486,24111
