Experiment: Apr27_cal_tst_expt vial 2, Wed Apr 27 17:25:27 2022
0.004,28651
0.0091,28664
0.0148,28668
0.0201,28656
0.0258,28675
0.0314,28691
0.0368,28697
0.0424,28705
0.0481,28711
0.0534,28720
0.0591,28673
0.0647,28740
0.0704,28739
0.0757,28735
0.0813,28758
0.0869,28765
0.0926,28770
0.0979,28742
0.1035,28776
0.1092,28792
0.1145,28784
0.1202,28791
0.1258,28806
0.1314,28806
0.1368,28797
0.1424,28817
0.148,28809
0.1537,28831
0.159,28831
0.1647,28830
0.1703,28810
0.1756,28826
0.1813,28833
0.1869,28833
0.1925,28818
0.1979,28804
0.2035,28812
0.2091,28832
0.2148,28839
0.2201,28831
0.2257,28836
0.2314,28846
0.2368,28849
0.2424,28830
0.2481,28829
0.2537,28834
0.259,28827
0.2647,28825
0.2703,28592
0.2757,28826
0.2813,28812
0.2869,28829
0.2923,28817
0.2979,28788
0.3035,28799
0.3092,28771
0.3148,28794
0.3202,28780
0.3258,28776
0.3312,28772
0.3368,28577
0.3424,28805
0.3481,28694
0.3534,28776
0.3591,28785
0.3647,28818
0.3701,28805
0.3757,28660
0.3813,28805
0.387,28824
0.3923,28808
0.3979,28811
0.4036,28799
0.4092,28806
0.4146,28819
0.4202,28798
0.4258,28819
0.4314,28819
0.4368,28812
0.4424,28810
0.448,28824
0.4537,28815
0.459,28828
0.4647,28823
0.4703,28821
0.4757,28826
0.4813,28826
0.4869,28820
0.4926,28819
0.4979,28829
0.5036,28836
0.5092,28839
0.5146,28829
0.5202,28823
0.5259,28825
0.5312,28832
0.5369,28780
0.5426,28785
0.5479,28827
0.5536,28828
0.559,28835
0.5646,28812
0.5703,28820
0.5757,28819
0.5813,28793
0.587,28841
0.5924,28842
0.5981,28823
0.6037,28811
0.6091,28830
0.6148,28843
0.6201,28847
0.6257,28827
0.6314,28828
0.6368,28850
0.6424,28847
0.6481,28845
0.6535,28844
0.6591,28822
0.6648,28811
0.6701,28843
0.6758,28844
0.6814,28841
0.687,28845
0.6924,28797
0.698,28833
0.7037,28835
0.709,28833
0.7147,28790
0.7203,28844
0.7256,28849
0.7313,28800
0.7369,28828
0.7425,28850
0.7481,28847
0.7537,28845
0.759,28846
0.7647,28830
0.7703,28848
0.7759,28846
0.7813,28850
0.7869,28850
0.7925,28856
0.7979,28853
0.8035,28849
0.8091,28849
0.8147,28849
0.8203,28849
0.8259,28851
0.8313,28834
0.8369,28848
0.8425,28855
0.8479,28850
0.8535,28820
0.8592,28851
0.8648,28849
0.8701,28814
0.8758,28833
0.8814,28849
0.887,28849
0.8924,28845
0.898,28848
0.9037,28846
0.909,28846
0.9147,28822
0.9203,28849
0.9259,28852
0.9313,28851
0.9369,28850
0.9425,28848
0.9479,28851
0.9535,28830
0.9591,28840
0.9648,28854
0.9701,28857
0.9757,28855
0.9814,28854
0.987,28856
0.9924,28849
0.998,28830
1.0036,28856
1.0093,28849
1.0146,28851
1.0203,28842
1.0259,28848
1.0313,28823
1.0369,28813
1.0426,28848
1.0482,28831
1.0535,28852
1.0592,28852
1.0648,28854
1.0704,28852
1.0757,28848
1.0814,28828
1.087,28838
1.0926,28820
1.098,28792
1.1036,28850
1.1092,28851
1.1146,28847
1.1202,28848
1.1258,28770
1.1315,28827
1.1369,28843
1.1425,28846
1.1481,28842
1.1535,28820
1.1592,28846
1.1648,28845
1.1704,28842
1.1758,28837
1.1814,28841
1.1871,28817
1.1924,28808
1.1981,28842
1.2037,28849
1.2091,28779
1.2147,28759
1.2203,28827
1.2259,28825
1.2313,28818
1.2369,28848
1.2425,28846
1.2482,28850
1.2535,28847
1.2592,28849
1.2648,28852
1.2702,28849
1.2758,28816
1.2814,28834
1.2871,28812
1.2924,28834
1.2981,28786
1.3037,28802
1.309,28845
1.3146,28812
1.3202,28813
1.3259,28837
1.3314,28850
1.3371,28850
1.3424,28848
1.3481,28794
1.3537,28850
1.3591,28850
1.3647,28848
1.3702,28853
1.3759,28853
1.3815,28852
1.3868,28845
1.3925,28840
1.398,28850
1.4037,28846
1.4093,28843
1.4146,28842
1.4203,28847
1.4258,28843
1.4315,28831
1.4368,28743
1.4425,28837
1.4481,28830
1.4537,28834
1.4593,28841
1.4647,28816
1.4703,28837
1.4759,28834
1.4815,28847
1.4868,28844
1.4925,28841
1.4981,28839
1.5037,28825
1.5091,28837
1.5147,28836
1.5204,28842
1.5259,28820
1.5315,28835
1.5369,28824
1.5425,28845
1.5481,28842
1.5538,28839
1.5591,28817
1.5647,28836
1.5704,28842
1.576,28850
1.5814,28838
1.587,28845
1.5924,28849
1.598,28847
1.6036,28842
1.6093,28836
1.6149,28846
1.6203,28842
1.6259,28834
1.6316,28847
1.6369,28847
1.6425,28838
1.6481,28843
1.6535,28843
1.6591,28828
1.6647,28841
1.6703,28842
1.676,28846
1.6813,28838
1.6869,28842
1.6926,28838
1.6982,28848
1.7035,28814
1.7092,28837
1.7148,28843
1.7204,28848
1.7258,28754
1.7314,28724
1.737,28839
1.7427,28818
1.748,28802
1.7536,28837
1.7593,28837
1.7648,28835
1.7704,28836
1.7758,28823
1.7814,28834
1.7871,28841
1.7924,28835
1.7981,28798
1.8037,28839
1.8093,28838
1.8147,28816
1.8203,28842
1.8259,28817
1.8313,28837
1.8369,28837
1.8426,28836
1.8482,28830
1.8535,28839
1.8592,28837
1.8648,28826
1.8704,28843
1.8758,28849
1.8814,28837
1.8871,28843
1.8924,28841
1.898,28842
1.9037,28840
1.9093,28834
1.9146,28793
1.9203,28839
1.9259,28836
1.9315,28829
1.9369,28824
1.9425,28843
1.9482,28841
1.9535,28829
1.9591,28709
1.9648,28836
1.9704,28809
1.9757,28837
1.9813,28837
1.987,28820
1.9926,28838
1.998,28840
2.0036,28831
2.0093,28831
2.0149,28812
2.0203,28829
2.0259,28814
2.0315,28828
2.0369,28786
2.0425,28837
2.0481,28833
2.0538,28841
2.0591,28827
2.0648,28780
2.0704,28834
2.076,28840
2.0814,28811
2.087,28821
2.0926,28835
2.098,28845
2.1036,28832
2.1093,28832
2.1149,28842
2.1203,28833
2.1259,28838
2.1315,28839
2.1369,28836
2.1425,28839
2.1481,28840
2.1538,28823
2.1591,28836
2.1648,28839
2.1704,28837
2.176,28837
2.1813,28837
2.187,28841
2.1926,28842
2.198,28826
2.2036,28839
2.2092,28839
2.2149,28834
2.2202,28839
2.2259,28841
2.2315,28841
2.2371,28844
2.2425,28835
2.2481,28836
2.2538,28840
2.2591,28839
2.2648,28835
2.2704,28845
2.2757,28837
2.2814,28829
2.287,28828
2.2927,28833
2.298,28841
2.3036,28810
2.3093,28832
2.3149,28830
2.3203,28827
2.3259,28828
2.3315,28829
2.3369,28832
2.3425,28835
2.3481,28834
2.3538,28830
2.3591,28829
2.3648,28827
2.3704,28822
2.3759,28835
2.3816,28836
2.3869,28831
2.3925,28837
2.3982,28836
2.4038,28833
2.4092,28836
2.4148,28838
2.4204,28824
2.426,28835
2.4314,28840
2.437,28840
2.4427,28839
2.448,28831
2.4536,28833
2.4593,28840
2.4649,28832
2.4702,28832
2.4759,28836
2.4815,28839
2.4871,28838
2.4925,28840
2.4981,28834
2.5038,28837
2.5091,28833
2.5148,28829
2.5204,28840
2.5257,28836
2.5314,28832
2.537,28835
2.5427,28835
2.5483,28834
2.5536,28837
2.5593,28836
2.5649,28836
2.5702,28834
2.5759,28838
2.5815,28837
2.5871,28835
2.5925,28839
2.5981,28833
2.6037,28835
2.6093,28832
2.6147,28834
2.6203,28832
2.626,28837
2.6316,28840
2.6369,28838
2.6426,28831
2.6482,28836
2.6538,28834
2.6592,28837
2.6648,28835
2.6705,28830
2.6758,28839
2.6814,28837
2.6871,28837
2.6925,28834
2.6981,28837
2.7037,28837
2.7091,28837
2.7147,28829
2.7203,28825
2.726,28830
2.7313,28831
2.7369,28823
2.7425,28833
2.7482,28828
2.7538,28834
2.7591,28834
2.7648,28831
2.7704,28828
2.776,28834
2.7814,28833
2.7871,28828
2.7927,28833
2.798,28834
2.8036,28830
2.8093,28833
2.8149,28833
2.8203,28833
2.8259,28839
2.8315,28833
2.8371,28830
2.8425,28831
2.8481,28833
2.8537,28834
2.8594,28839
2.8647,28838
2.8703,28836
2.8759,28833
2.8816,28840
2.8869,28837
2.8925,28835
2.8981,28842
2.9037,28840
2.9094,28836
2.9147,28842
2.9203,28843
2.9259,28832
2.9316,28836
2.9369,28831
2.9426,28833
2.9481,28833
2.9537,28837
2.9591,28838
2.9647,28832
2.9704,28834
2.9759,28836
2.9815,28833
2.9872,28837
2.9925,28833
2.9981,28841
3.0037,28838
3.0094,28834
3.0147,28835
3.0203,28838
3.026,28831
3.0313,28827
3.0369,28828
3.0426,28827
3.0482,28831
3.0538,28833
3.0593,28832
3.0649,28830
3.0703,28831
3.0759,28828
3.0815,28834
3.0871,28827
3.0925,28831
3.0981,28833
3.1037,28831
3.1094,28831
3.1147,28831
3.1203,28837
3.126,28837
3.1316,28832
3.1372,28832
3.1425,28830
3.1482,28834
3.1538,28832
3.1591,28830
3.1648,28831
3.1704,28840
3.176,28835
3.1814,28827
3.187,28839
3.1926,28834
3.1982,28832
3.2038,28833
3.2092,28833
3.2148,28832
3.2204,28833
3.2258,28833
3.2314,28833
3.2371,28836
3.2427,28836
3.2481,28834
3.2537,28841
3.2593,28835
3.2649,28832
3.2703,28832
3.2759,28838
3.2815,28839
3.2871,28835
3.2925,28829
3.2981,28833
3.3037,28835
3.3094,28836
3.3147,28831
3.3203,28836
3.326,28836
3.3316,28836
3.3369,28843
3.3426,28829
3.3482,28845
3.3538,28831
3.3592,28833
3.3648,28834
3.3704,28833
3.376,28836
3.3814,28838
3.387,28833
3.3926,28838
3.3983,28837
3.4036,28835
3.4093,28837
3.4149,28842
3.4203,28834
3.4259,28834
3.4315,28837
3.4371,28828
3.4425,28834
3.4481,28844
3.4538,28836
3.4594,28838
3.4648,28837
3.4704,28834
3.476,28836
3.4814,28839
3.487,28837
3.4926,28838
3.4982,28831
3.5036,28834
3.5092,28842
3.5148,28842
3.5205,28833
3.5258,28839
3.5314,28837
3.5371,28838
3.5427,28837
3.5481,28834
3.5537,28836
3.5593,28836
3.5647,28840
3.5703,28839
3.5759,28842
3.5816,28845
3.5869,28842
3.5925,28843
3.5982,28839
3.6038,28840
3.6093,28847
3.6149,28844
3.6203,28841
3.6259,28847
3.6316,28843
3.6369,28839
3.6425,28841
3.6481,28839
3.6538,28845
3.6591,28846
3.6648,28840
3.6704,28844
3.676,28839
3.6814,28830
3.687,28836
3.6926,28842
3.6983,28837
3.7036,28838
3.7093,28841
3.7149,28840
3.7205,28842
3.7259,28844
3.7315,28843
3.7371,28843
3.7425,28846
3.7481,28841
3.7537,28844
3.7594,28840
3.7647,28841
3.7704,28842
3.776,28845
3.7816,28839
3.787,28839
3.7926,28834
3.7982,28839
3.8036,28839
3.8092,28846
3.8148,28836
3.8205,28840
3.8258,28841
3.8314,28836
3.837,28839
3.8427,28843
3.848,28843
3.8537,28846
3.8593,28844
3.8649,28842
3.8703,28843
3.8759,28843
3.8816,28847
3.8872,28844
3.8925,28843
3.8981,28848
3.9038,28843
3.9094,28845
3.9147,28839
3.9204,28838
3.926,28841
3.9316,28844
3.937,28846
3.9426,28841
3.9482,28838
3.9538,28842
3.9592,28845
3.9648,28838
3.9705,28841
3.9758,28839
3.9814,28841
3.9871,28845
3.9927,28839
3.9982,28839
4.0038,28845
4.0092,28836
4.0149,28842
4.0205,28845
4.0259,28842
4.0315,28841
4.0371,28842
4.0425,28845
4.0481,28844
4.0538,28842
4.0594,28839
4.0647,28846
4.0703,28841
4.0759,28835
4.0816,28837
4.0869,28842
4.0926,28845
4.0982,28844
4.1038,28839
4.1092,28842
4.1148,28843
4.1204,28841
4.1261,28838
4.1314,28841
4.137,28842
4.1426,28840
4.1483,28844
4.1536,28838
4.1592,28846
4.1649,28837
4.1705,28840
4.1759,28844
4.1815,28844
4.1871,28841
4.1925,28840
4.1981,28824
4.2038,28801
4.2094,28834
4.2147,28840
4.2204,28821
4.226,28827
4.2316,28838
4.237,28825
4.2426,28844
4.2482,28825
4.2538,28843
4.2592,28838
4.2648,28840
4.2705,28837
4.2758,28841
4.2815,28832
4.2871,28841
4.2927,28833
4.2981,28834
4.3037,28835
4.3094,28837
4.3147,28844
4.3203,28835
4.326,28839
4.3316,28838
4.337,28840
4.3426,28839
4.3482,28837
4.3539,28843
4.3592,28841
4.3648,28834
4.3705,28835
4.3758,28838
4.3815,28835
4.3871,28840
4.3927,28838
4.3981,28840
4.4037,28841
4.4093,28836
4.415,28835
4.4203,28840
4.4259,28843
4.4316,28841
4.4372,28842
4.4425,28838
4.4482,28838
4.4538,28837
4.4591,28838
4.4648,28842
4.4703,28846
4.4759,28836
4.4816,28842
4.4872,28842
4.4926,28842
4.4981,28839
4.5037,28838
4.5094,28837
4.515,28835
4.5204,28835
4.5259,28835
4.5315,28838
4.5372,28841
4.5425,28835
4.5481,28837
4.5537,28836
4.5594,28833
4.5647,28836
4.5704,28833
4.576,28830
4.5815,28835
4.5872,28840
4.5925,28838
4.5981,28841
4.6038,28837
4.6093,28842
4.615,28838
4.6203,28834
4.6259,28840
4.6315,28834
4.6371,28843
4.6425,28840
4.6481,28840
4.6537,28832
4.6594,28832
4.6647,28839
4.6704,28828
4.676,28838
4.6816,28844
4.687,28838
4.6926,28837
4.6982,28840
4.7039,28834
4.7092,28841
4.7148,28832
4.7205,28835
4.7261,28839
4.7314,28839
4.7371,28834
4.7427,28836
4.7481,28839
4.7537,28838
4.7593,28839
4.7649,28837
4.7703,28832
4.7759,28835
4.7815,28838
4.7872,28837
4.7925,28839
4.7982,28843
4.8038,28841
4.8094,28840
4.8148,28841
4.8204,28843
4.826,28842
4.8314,28841
4.837,28841
4.8427,28843
4.8483,28838
4.8536,28845
4.8593,28835
4.8649,28836
4.8705,28837
4.8758,28837
4.8814,28834
4.8871,28836
4.8927,28839
4.8983,28838
4.9036,28835
4.9093,28836
4.9149,28832
4.9205,28838
4.9259,28832
4.9315,28836
4.9371,28837
4.9427,28838
4.9481,28830
4.9537,28829
4.9594,28836
4.965,28834
4.9704,28834
4.976,28835
4.9816,28829
4.987,28839
4.9926,28837
4.9982,28838
5.0039,28832
5.0092,28836
5.0149,28839
5.0205,28841
5.0259,28837
5.0315,28834
5.0371,28836
5.0428,28835
5.0481,28836
5.0538,28833
5.0594,28837
5.065,28830
5.0704,28836
5.076,28834
5.0816,28830
5.087,28831
5.0926,28828
5.0982,28833
5.1039,28830
5.1092,28832
5.1148,28833
5.1205,28833
5.1261,28836
5.1314,28836
5.1371,28835
5.1427,28838
5.1483,28837
5.1537,28828
5.1593,28831
5.1649,28833
5.1705,28831
5.1759,28837
5.1815,28836
5.1871,28835
5.1928,28835
5.1981,28835
5.2038,28834
5.2094,28839
5.2148,28840
5.2204,28840
5.226,28835
5.2317,28831
5.237,28835
5.2426,28830
5.2483,28832
5.2539,28840
5.2592,28831
5.2649,28834
5.2705,28840
5.2761,28838
5.2814,28839
5.2871,28838
5.2927,28834
5.2981,28839
5.3037,28838
5.3094,28837
5.315,28839
5.3203,28837
5.326,28840
5.3316,28838
5.337,28836
5.3426,28840
5.3483,28839
5.3539,28840
5.3592,28836
5.3649,28841
5.3705,28838
5.3759,28838
5.3815,28838
5.3871,28838
5.3925,28837
5.3981,28834
5.4038,28839
5.4094,28841
5.415,28844
5.4204,28836
5.426,28838
5.4316,28838
5.4372,28838
5.4426,28841
5.4482,28841
5.4538,28842
5.4594,28845
5.4648,28842
5.4704,28844
5.476,28839
5.4816,28841
5.487,28842
5.4926,28840
5.4983,28841
5.5036,28835
5.5092,28842
5.5149,28839
5.5205,28833
5.5259,28836
5.5315,28844
5.5371,28838
5.5427,28842
5.5481,28845
5.5537,28845
5.5594,28837
5.565,28843
5.5703,28847
5.576,28843
5.5816,28837
5.5869,28839
5.5926,28840
5.5982,28840
5.6038,28841
5.6092,28836
5.6148,28844
5.6205,28836
5.626,28840
5.6314,28840
5.637,28839
5.6426,28843
5.6483,28841
5.6539,28839
5.6592,28839
5.6649,28843
5.6705,28837
5.6761,28838
5.6815,28841
5.6871,28838
5.6927,28833
5.6982,28837
5.7036,28838
5.7092,28835
5.7149,28836
5.7205,28836
5.7261,28839
5.7314,28839
5.7371,28836
5.7427,28841
5.7483,28839
5.7537,28838
5.7593,28833
5.7649,28837
5.7705,28837
5.7761,28836
5.7815,28834
5.7871,28839
5.7927,28838
5.7981,28837
5.8037,28839
5.8093,28843
5.815,28844
5.8203,28846
5.826,28842
5.8316,28843
5.8372,28842
5.8426,28842
5.8482,28836
5.8539,28839
5.8592,28840
5.8648,28840
5.8704,28837
5.8761,28837
5.8817,28842
5.887,28838
5.8926,28840
5.8983,28836
5.9039,28833
5.9092,28834
5.9149,28836
5.9205,28839
5.9259,28840
5.9315,28835
5.9371,28838
5.9428,28833
5.9481,28835
5.9537,28833
5.9593,28839
5.9649,28839
5.9705,28837
5.9759,28839
5.9815,28837
5.9872,28841
5.9925,28840
5.9981,28832
6.0038,28839
6.0094,28842
6.0148,28840
6.0203,28841
6.0259,28837
6.0316,28835
6.0372,28840
6.0425,28841
6.0481,28846
6.0538,28841
6.0594,28836
6.0647,28840
6.0704,28843
6.0759,28840
6.0816,28834
6.0872,28838
6.0925,28836
6.0982,28840
6.1037,28834
6.1094,28831
6.115,28842
6.1203,28834
6.1259,28836
6.1315,28835
6.1372,28836
6.1428,28832
6.1481,28840
6.1538,28833
6.1594,28832
6.165,28836
6.1703,28831
6.176,28835
6.1816,28834
6.1872,28833
6.1928,28833
6.1981,28829
6.2038,28836
6.2092,28835
6.2148,28831
6.2205,28825
6.2261,28834
6.2315,28835
6.2372,28826
6.2425,28827
6.2482,28837
6.2538,28836
6.2594,28834
6.2647,28833
6.2704,28831
6.276,28834
6.2816,28830
6.2872,28833
6.2926,28837
6.2982,28841
6.3038,28833
6.3094,28829
6.3148,28834
6.3204,28830
6.3261,28829
6.3314,28826
6.3371,28832
6.3427,28831
6.348,28827
6.3537,28827
6.3593,28826
6.3649,28834
6.3705,28831
6.3759,28831
6.3815,28833
6.3872,28834
6.3928,28833
6.3981,28832
6.4038,28838
6.4094,28833
6.4148,28833
6.4204,28828
6.426,28827
6.4316,28837
6.437,28836
6.4426,28832
6.4482,28831
6.4539,28839
6.4592,28839
6.4648,28833
6.4705,28841
6.4761,28838
6.4815,28835
6.4871,28830
6.4927,28836
6.4981,28840
6.5037,28826
6.5093,28833
6.515,28829
6.5203,28831
6.5259,28835
6.5316,28836
6.5372,28833
6.5425,28834
6.5482,28830
6.5538,28832
6.5594,28835
6.5648,28835
6.5704,28837
6.576,28836
6.5817,28834
6.587,28833
6.5927,28832
6.5983,28829
6.6037,28836
6.6093,28837
6.6149,28831
6.6205,28833
6.6258,28829
6.6315,28838
6.6371,28836
6.6428,28828
6.6484,28836
6.6537,28832
6.6594,28829
6.665,28831
6.6704,28829
6.676,28832
6.6816,28831
6.6869,28831
6.6926,28833
6.6982,28837
6.7038,28839
6.7092,28830
6.7148,28836
6.7205,28832
6.7261,28835
6.7315,28836
6.7371,28834
6.7427,28833
6.7483,28827
6.7537,28830
6.7593,28828
6.7649,28832
6.7703,28837
6.7759,28827
6.7815,28831
6.7872,28837
6.7925,28837
6.7981,28832
6.8038,28838
6.8094,28834
6.8148,28828
6.8204,28836
6.826,28826
6.8316,28828
6.8372,28830
6.8426,28833
6.8482,28829
6.8538,28835
6.8595,28830
6.8648,28836
6.8704,28835
6.8761,28830
6.8814,28835
6.887,28836
6.8927,28834
6.8983,28833
6.9036,28830
6.9092,28834
6.9149,28831
6.9205,28832
6.9259,28837
6.9315,28833
6.9371,28834
6.9428,28832
6.9481,28833
6.9538,28825
6.9594,28829
6.9648,28838
6.9704,28829
6.976,28830
6.9816,28829
6.987,28832
6.9926,28828
6.9982,28826
7.0038,28828
7.0092,28832
7.0148,28827
7.0205,28822
7.0261,28829
7.0314,28831
7.0371,28835
7.0427,28829
7.0483,28827
7.0539,28834
7.0593,28830
7.0649,28832
7.0705,28830
7.0759,28831
7.0815,28832
7.0871,28831
7.0928,28838
7.0981,28836
7.1037,28836
7.1093,28835
7.115,28833
7.1203,28837
7.126,28835
7.1316,28832
7.1372,28830
7.1426,28832
7.1482,28830
7.1538,28836
7.1594,28830
7.1648,28830
7.1704,28830
7.176,28836
7.1816,28831
7.187,28834
7.1926,28833
7.1982,28832
7.2038,28832
7.2094,28831
7.2148,28835
7.2204,28833
7.2261,28835
7.2317,28839
7.237,28831
7.2426,28837
7.2482,28836
7.2539,28832
7.2592,28844
7.2648,28834
7.2704,28832
7.276,28833
7.2817,28830
7.287,28836
7.2926,28834
7.2982,28836
7.3039,28833
7.3092,28833
7.3148,28831
7.3204,28830
7.3261,28835
7.3314,28830
7.337,28831
7.3426,28833
7.3483,28833
7.3539,28840
7.3592,28834
7.3648,28836
7.3704,28836
7.3761,28837
7.3814,28831
7.387,28826
7.3927,28832
7.3983,28835
7.4036,28835
7.4093,28832
7.4149,28834
7.4205,28834
7.4259,28835
7.4315,28831
7.4371,28833
7.4427,28828
7.4481,28834
7.4537,28834
7.4593,28832
7.465,28837
7.4703,28828
7.4759,28832
7.4816,28834
7.4872,28832
7.4925,28834
7.4982,28833
7.5038,28832
7.5094,28837
7.5148,28833
7.5204,28828
7.526,28833
7.5317,28837
7.537,28835
7.5426,28830
7.5483,28839
7.5539,28839
7.5592,28833
7.5648,28835
7.5705,28831
7.5761,28837
7.5814,28841
7.5871,28840
7.5927,28833
7.5981,28834
7.6037,28833
7.6093,28839
7.615,28834
7.6203,28830
7.6259,28831
7.6315,28832
7.6372,28835
7.6428,28829
7.6481,28832
7.6537,28830
7.6593,28829
7.6649,28822
7.6706,28830
7.6759,28838
7.6815,28832
7.6872,28834
7.6928,28832
7.6981,28829
7.7037,28832
7.7093,28833
7.715,28829
7.7203,28834
7.7259,28837
7.7316,28831
7.7371,28831
7.7428,28828
7.7481,28829
7.7537,28830
7.7594,28824
7.7649,28828
7.7706,28829
7.7759,28829
7.7815,28823
7.7871,28827
7.7928,28824
7.7981,28827
7.8037,28829
7.8093,28826
7.815,28827
7.8203,28827
7.8259,28827
7.8316,28829
7.8372,28828
7.8428,28829
7.8481,28821
7.8538,28829
7.8594,28827
7.865,28831
7.8703,28828
7.876,28828
7.8816,28833
7.8872,28828
7.8928,28833
7.8981,28828
7.9038,28832
7.9094,28834
7.915,28833
7.9204,28824
7.926,28827
7.9316,28829
7.9372,28832
7.9428,28827
7.9482,28829
7.9538,28828
7.9594,28829
7.965,28829
7.9704,28830
7.976,28822
7.9816,28831
7.987,28827
7.9926,28824
7.9983,28830
8.0036,28824
8.0093,28828
8.0149,28825
8.0205,28822
8.0259,28830
8.0315,28823
8.0372,28826
8.0425,28825
8.0482,28827
8.0538,28821
8.0594,28828
8.0648,28819
8.0704,28820
8.076,28833
8.0817,28825
8.087,28824
8.0927,28826
8.0983,28824
8.1039,28822
8.1092,28823
8.1149,28820
8.1205,28818
8.1261,28818
8.1315,28822
8.1371,28821
8.1427,28823
8.1481,28818
8.1537,28823
8.1593,28818
8.165,28822
8.1706,28821
8.1759,28817
8.1815,28812
8.1872,28816
8.1928,28818
8.1981,28817
8.2038,28823
8.2094,28818
8.215,28823
8.2204,28813
8.226,28817
8.2316,28813
8.2372,28817
8.2426,28809
8.2482,28811
8.2539,28813
8.2592,28822
8.2649,28819
8.2705,28811
8.2761,28814
8.2815,28818
8.2871,28818
8.2927,28818
8.2981,28812
8.3037,28818
8.3093,28814
8.315,28817
8.3203,28814
8.326,28816
8.3316,28815
8.3372,28811
8.3426,28817
8.3482,28817
8.3539,28817
8.3592,28821
8.3648,28811
8.3705,28817
8.3761,28817
8.3815,28812
8.3871,28813
8.3927,28813
8.3983,28815
8.4036,28813
8.4093,28814
8.4149,28816
8.4205,28808
8.4258,28817
8.4315,28808
8.4371,28814
8.4427,28812
8.4483,28811
8.4537,28807
8.4593,28803
8.4649,28802
8.4706,28814
8.4759,28798
8.4815,28805
8.4872,28809
8.4928,28802
8.4981,28770
8.5038,28805
8.5094,28805
8.515,28807
8.5206,28804
8.5259,28797
8.5315,28796
8.5372,28804
8.5428,28798
8.5481,28800
8.5538,28797
8.5594,28794
8.565,28797
8.5703,28802
8.576,28806
8.5816,28803
8.5872,28804
8.5928,28806
8.5981,28805
8.6038,28800
8.6094,28798
8.615,28805
8.6204,28797
8.626,28799
8.6316,28808
8.6372,28801
8.6428,28801
8.6481,28793
8.6538,28797
8.6594,28797
8.6647,28800
8.6704,28799
8.676,28788
8.6816,28802
8.6872,28797
8.6926,28794
8.6982,28797
8.7038,28789
8.7094,28790
8.7148,28799
8.7204,28798
8.726,28794
8.7317,28799
8.737,28792
8.7426,28794
8.7483,28797
8.7539,28793
8.7592,28792
8.7648,28794
8.7705,28801
8.7761,28795
8.7815,28793
8.7871,28796
8.7927,28796
8.7981,28798
8.8037,28796
8.8093,28796
8.815,28799
8.8203,28798
8.8259,28791
8.8316,28782
8.8372,28782
8.8428,28789
8.8482,28782
8.8538,28782
8.8594,28775
8.8648,28793
8.8704,28777
8.8761,28780
8.8815,28773
8.8871,28774
8.8927,28774
8.8983,28776
8.9037,28787
8.9093,28768
8.9149,28775
8.9206,28773
8.9259,28774
8.9315,28772
8.9372,28773
8.9428,28766
8.9481,28767
8.9538,28776
8.9594,28767
8.9647,28766
8.9704,28772
8.976,28772
8.9816,28775
8.9872,28766
8.9925,28767
8.9982,28768
9.0038,28760
9.0095,28767
9.0148,28762
9.0204,28757
9.026,28760
9.0317,28762
9.037,28761
9.0426,28758
9.0483,28760
9.0539,28749
9.0592,28750
9.0649,28755
9.0705,28758
9.0761,28759
9.0815,28745
9.0871,28755
9.0925,28736
9.0982,28731
9.1038,28734
9.1094,28749
9.1148,28736
9.1204,28744
9.126,28714
9.1316,28738
9.137,28751
9.1426,28742
9.1482,28740
9.1538,28743
9.1594,28743
9.1648,28741
9.1704,28738
9.176,28741
9.1816,28739
9.1872,28735
9.1926,28741
9.1982,28735
9.2038,28737
9.2094,28738
9.215,28732
9.2204,28744
9.226,28740
9.2316,28744
9.2372,28734
9.2426,28731
9.2482,28732
9.2538,28724
9.2594,28728
9.2648,28723
9.2704,28732
9.276,28727
9.2816,28717
9.2872,28721
9.2926,28720
9.2982,28721
9.3038,28719
9.3094,28718
9.3148,28716
9.3204,28712
9.3261,28719
9.3317,28717
9.337,28719
9.3427,28718
9.3483,28707
9.3537,28712
9.3593,28717
9.3649,28708
9.3705,28707
9.3759,28710
9.3815,28708
9.3872,28712
9.3928,28706
9.3982,28706
9.4038,28710
9.4094,28715
9.415,28712
9.4204,28692
9.426,28701
9.4316,28695
9.437,28643
9.4426,28708
9.4482,28687
9.4539,28698
9.4592,28690
9.4648,28684
9.4704,28685
9.4761,28691
9.4814,28696
9.487,28688
9.4927,28679
9.4983,28686
9.5036,28690
9.5093,28688
9.5149,28684
9.5205,28677
9.5261,28671
9.5315,28687
9.5371,28685
9.5428,28682
9.5481,28678
9.5537,28680
9.5593,28675
9.565,28672
9.5703,28671
9.5759,28664
9.5816,28667
9.5872,28670
9.5928,28665
9.5982,28665
9.6038,28668
9.6094,28653
9.6148,28653
9.6204,28664
9.6261,28648
9.6317,28649
9.637,28651
9.6426,28662
9.6483,28647
9.6539,28650
9.6592,28656
9.6649,28652
9.6705,28646
9.6761,28651
9.6815,28647
9.6871,28639
9.6927,28639
9.6983,28640
9.7037,28638
9.7093,28643
9.715,28642
9.7206,28641
9.7259,28640
9.7316,28634
9.7372,28640
9.7425,28639
9.7481,28629
9.7538,28637
9.7594,28626
9.765,28626
9.7704,28622
9.776,28618
9.7816,28610
9.7872,28621
9.7926,28622
9.7982,28618
9.8038,28616
9.8095,28607
9.8148,28625
9.8205,28609
9.8261,28607
9.8317,28591
9.837,28603
9.8427,28602
9.8483,28609
9.8539,28596
9.8595,28606
9.8649,28607
9.8705,28600
9.8761,28593
9.8817,28589
9.8871,28600
9.8927,28585
9.8983,28595
9.9037,28585
9.9093,28561
9.9149,28589
9.9206,28575
9.9259,28576
9.9315,28578
9.9372,28576
9.9428,28565
9.9481,28579
9.9538,28568
9.9594,28564
9.965,28579
9.9704,28581
9.976,28581
9.9816,28533
9.9873,28518
9.9926,28558
9.9983,28523
10.0039,28526
10.0093,28554
10.0149,28526
10.0205,28534
10.0261,28555
10.0315,28553
10.0371,28561
10.0427,28551
10.0483,28544
10.0537,28558
10.0593,28542
10.0649,28558
10.0705,28542
10.0762,28545
10.0815,28534
10.0871,28539
10.0928,28530
10.0984,28530
10.1037,28527
10.1094,28526
10.115,28516
10.1206,28538
10.1259,28523
10.1316,28516
10.1372,28517
10.1428,28525
10.1484,28496
10.1538,28414
10.1594,28438
10.165,28433
10.1704,28500
10.176,28509
10.1816,28460
10.1873,28447
10.1926,28437
10.1983,28497
10.2039,28479
10.2095,28253
10.2149,28432
10.2205,28445
10.2261,28412
10.2317,28491
10.2371,28472
10.2427,28470
10.2484,28470
10.254,28489
10.2593,28467
10.265,28486
10.2706,28481
10.2762,28491
10.2816,28478
10.2872,28471
10.2928,28470
10.2984,28472
10.3038,28471
10.3094,28461
10.315,28463
10.3204,28477
10.326,28454
10.3316,28462
10.3373,28409
10.3426,28432
10.3482,28425
10.3538,28446
10.3595,28443
10.3651,28437
10.3704,28461
10.376,28447
10.3816,28435
10.3873,28440
10.3926,28446
10.3982,28431
10.4039,28433
10.4095,28445
10.4148,28436
10.4205,28434
10.4261,28434
10.4317,28427
10.4371,28428
10.4427,28412
10.4483,28411
10.454,28407
10.4593,28408
10.4649,28408
10.4706,28396
10.4759,28409
10.4815,28396
10.4872,28393
10.4928,28400
10.4982,28403
10.5038,28394
10.5094,28388
10.515,28379
10.5207,28379
10.526,28385
10.5316,28388
10.5373,28387
10.5429,28386
10.5482,28369
10.5539,28357
10.5593,28382
10.5649,28352
10.5705,28356
10.5761,28363
10.5818,28195
10.5871,28306
10.5927,28241
10.5983,28355
10.6039,28327
10.6093,28344
10.6149,28306
10.6205,28318
10.6262,28295
10.6315,28299
10.6371,28330
10.6427,28302
10.6483,28321
10.6539,28299
10.6596,28320
10.6649,28310
10.6705,28302
10.6761,28297
10.6818,28306
10.6871,28303
10.6927,28306
10.6983,28308
10.704,28292
10.7096,28293
10.7149,28309
10.7206,28290
10.7261,28294
10.7318,28281
10.7371,28278
10.7427,28283
10.7484,28278
10.7537,28276
10.7594,28269
10.765,28277
10.7706,28233
10.776,28230
10.7816,28122
10.7872,28258
10.7929,28227
10.7982,28134
10.8038,28206
10.8095,28212
10.8148,28240
10.8205,28216
10.8261,28186
10.8317,28200
10.8371,28227
10.8427,28188
10.8483,28056
10.8539,28149
10.8593,28219
10.8649,28154
10.8705,28138
10.8762,28176
10.8815,28068
10.8871,28160
10.8928,28176
10.8984,28150
10.904,28181
10.9094,28179
10.915,28144
10.9206,28171
10.926,28135
10.9316,28166
10.9373,28162
10.9426,28172
10.9483,28136
10.9539,28140
10.9595,28151
10.9649,28127
10.9705,28111
10.9761,28113
10.9818,27936
10.9871,28127
10.9928,28097
10.9984,28056
11.0037,28055
11.0094,28096
11.0151,28063
11.0207,28107
11.026,28129
11.0316,28056
11.0373,27971
11.0426,28009
11.0483,28029
11.0539,28009
11.0595,27923
11.0649,28052
11.0705,28056
11.0762,28045
11.0818,27998
11.0871,28034
11.0928,28065
11.0984,28056
11.1037,28000
11.1094,28052
11.115,28008
11.1207,27984
11.126,28014
11.1317,27965
11.1373,27967
11.1429,28028
11.1483,27984
11.1539,28039
11.1595,28022
11.1651,27967
11.1705,27989
11.1761,27983
11.1817,28026
11.1871,28015
11.1927,28020
11.1983,28018
11.204,27998
11.2093,28006
11.2149,28005
11.2206,28008
11.2262,28011
11.2316,27994
11.2372,27971
11.2428,27963
11.2484,27987
11.2541,27941
11.2594,27978
11.2651,27954
11.2704,27964
11.2761,27963
11.2817,27959
11.2873,27579
11.2927,27934
11.2983,27819
11.304,27845
11.3093,27887
11.315,27891
11.3206,27864
11.3262,27832
11.3316,27871
11.3372,27896
11.3429,27791
11.3485,27876
11.3538,27778
11.3594,27829
11.3651,27748
11.3707,27887
11.376,27873
11.3817,27851
11.3873,27868
11.3929,27846
11.3983,27866
11.4039,27788
11.4095,27840
11.4149,27832
11.4205,27831
11.4261,27803
11.4318,27835
11.4371,27744
11.4428,27846
11.4484,27815
11.454,27711
11.4594,27772
11.465,27755
11.4706,27768
11.4762,27754
11.4818,27697
11.4872,27813
11.4928,27764
11.4984,27752
11.504,27585
11.5094,27729
11.515,27657
11.5206,27734
11.5262,27763
11.5316,27727
11.5372,27694
11.5429,27682
11.5482,27717
11.5538,27726
11.5594,27570
11.5651,27644
11.5704,27721
11.576,27734
11.5817,27706
11.5873,27717
11.5927,27634
11.5983,27710
11.6039,27716
11.6096,27619
11.6152,27486
11.6205,27654
11.6261,27617
11.6318,27443
11.6371,27602
11.6427,27622
11.6483,27636
11.654,27650
11.6596,27606
11.665,27598
11.6706,27556
11.6762,27574
11.6818,27578
11.6872,27645
11.6928,27606
11.6984,27626
11.7038,27617
11.7094,27588
11.715,27538
11.7207,27509
11.726,27568
11.7317,27591
11.7373,27602
11.7429,27564
11.7483,27539
11.7539,27538
11.7595,27542
11.7652,27579
11.7705,27417
11.7762,27565
11.7818,27543
11.7871,27491
11.7928,27476
11.7984,27485
11.804,27197
11.8094,27406
11.815,27511
11.8207,27467
11.826,27505
11.8316,27488
11.8373,27471
11.8429,27464
11.8483,27473
11.8539,27490
11.8595,27511
11.8652,27388
11.8705,27334
11.8761,27460
11.8818,27450
11.8871,27448
11.8927,27380
11.8984,27449
11.904,27415
11.9093,27391
11.915,27369
11.9206,27440
11.9262,27424
11.9316,27151
11.9372,27411
11.9428,27383
11.9485,27226
11.9541,27418
11.9594,27396
11.965,27389
11.9707,27355
11.9763,27408
11.9816,27318
11.9873,27377
11.9929,27353
11.9982,27306
12.0039,27321
12.0096,27364
12.0149,27315
12.0206,27296
12.0262,27375
12.0318,27259
12.0372,27272
12.0428,27271
12.0484,27315
12.0541,27329
12.0594,27111
12.065,27273
12.0707,27171
12.076,27171
12.0817,27266
12.0873,27273
12.0929,27278
12.0983,27223
12.1039,27181
12.1095,27197
12.1149,27144
12.1205,27246
12.1262,27155
12.1318,27180
12.1371,27218
12.1427,27199
12.1484,27178
12.154,27210
12.1593,27199
12.165,27177
12.1706,27200
12.1762,27189
12.1819,27103
12.1872,27067
12.1928,27175
12.1984,27192
12.204,27091
12.2094,27152
12.215,27046
12.2206,27125
12.2262,27167
12.2316,27050
12.2372,27117
12.2428,27076
12.2484,27104
12.254,27126
12.2594,27115
12.265,27080
12.2707,27076
12.2762,27034
12.2816,27068
12.2872,27051
12.2928,27106
12.2985,27082
12.3038,27080
12.3095,27061
12.3151,26991
12.3207,27021
12.3261,27060
12.3317,27039
12.3374,27026
12.3428,27029
12.3484,27054
12.354,27005
12.3594,27020
12.365,27010
12.3706,27022
12.3763,27025
12.3816,27009
12.3873,27035
12.3929,27019
12.3985,26992
12.4039,26936
12.4095,26970
12.4151,26954
12.4208,26691
12.4261,26926
12.4317,26916
12.4373,26958
12.443,26868
12.4483,26659
12.454,26814
12.4596,26900
12.465,26920
12.4706,26928
12.4762,26870
12.4819,26850
12.4872,26873
12.4928,26884
12.4985,26911
12.5041,26888
12.5094,26850
12.515,26896
12.5207,26894
12.5263,26903
12.5316,26844
12.5373,26877
12.5429,26864
12.5485,26875
12.5539,26867
12.5595,26874
12.5651,26849
12.5705,26850
12.5761,26833
12.5817,26806
12.5874,26848
12.5927,26795
12.5984,26861
12.604,26820
12.6094,26816
12.615,26842
12.6207,26820
12.6263,26779
12.6316,26805
12.6373,26667
12.6429,26783
12.6485,26517
12.6539,26792
12.6595,26687
12.6651,26662
12.6707,26771
12.676,26749
12.6817,26768
12.6873,26741
12.6929,26743
12.6985,26733
12.7039,26746
12.7095,26722
12.7151,26694
12.7208,26717
12.7261,26716
12.7319,26676
12.7372,26506
12.7428,26668
12.7485,26601
12.7538,26593
12.7595,26598
12.7651,26585
12.7707,26570
12.7761,26576
12.7817,26543
12.7873,26606
12.793,26572
12.7983,26591
12.8039,26606
12.8095,26603
12.8152,26528
12.8205,26567
12.8261,26575
12.8318,26529
12.8374,26535
12.8428,26540
12.8484,26523
12.854,26524
12.8594,26516
12.865,26367
12.8706,26466
12.8763,26518
12.8816,26480
12.8872,26429
12.8929,26329
12.8985,26330
12.9039,26455
12.9095,26438
12.9151,26441
12.9208,26420
12.9261,26438
12.9317,26384
12.9374,26340
12.9427,26411
12.9484,26420
12.954,26336
12.9596,26390
12.965,26367
12.9706,26350
12.9763,26333
12.9816,26349
12.9872,26272
12.9929,26335
12.9985,26288
13.0039,26307
13.0095,26243
13.0152,26308
13.0205,26222
13.0262,26141
13.0318,26273
13.0372,26240
13.0428,26178
13.0484,26232
13.0541,26196
13.0594,26207
13.065,26215
13.0707,26216
13.0763,26232
13.0816,26233
13.0873,26137
13.0929,26067
13.0983,26069
13.1039,26203
13.1095,26174
13.1152,26135
13.1205,25918
13.1261,26156
13.1318,26117
13.1374,26149
13.1428,26142
13.1484,26144
13.154,26132
13.1594,26062
13.165,26047
13.1706,26092
13.1763,26087
13.1816,26005
13.1873,26080
13.1929,26052
13.1985,26030
13.2039,26041
13.2095,25846
13.2151,26016
13.2208,25989
13.2261,25979
13.2317,25953
13.2373,25975
13.243,25984
13.2483,25919
13.254,25944
13.2596,25940
13.265,25951
13.2706,25839
13.2762,25951
13.2819,25695
13.2872,25906
13.2928,25874
13.2985,25849
13.3041,25869
13.3094,25858
13.315,25875
13.3207,25877
13.3263,25871
13.3319,25854
13.3372,25820
13.3428,25861
13.3484,25821
13.3541,25809
13.3594,25781
13.365,25750
13.3707,25572
13.3763,25758
13.3817,25574
13.3873,25740
13.3929,25738
13.3983,25654
13.4039,25708
13.4095,25675
13.4152,25614
13.4205,25707
13.4261,25664
13.4318,25718
13.4374,25664
13.4428,25661
13.4484,25608
13.454,25677
13.4596,25640
13.465,25604
13.4706,25656
13.4762,25619
13.4816,25580
13.4872,25537
13.4928,25577
13.4985,25572
13.5038,25537
13.5095,25568
13.5151,25558
13.5207,25523
13.5261,25522
13.5317,25501
13.5373,25332
13.5429,25539
13.5485,25500
13.5539,25469
13.5595,25497
13.5651,25503
13.5708,25443
13.5761,25471
13.5817,25455
13.5874,25400
13.593,25430
13.5983,25442
13.6039,25357
13.6096,25392
13.6149,25394
13.6206,25352
13.6262,25344
13.6318,25350
13.6372,25357
13.6428,25223
13.6484,25307
13.6541,25320
13.6594,25239
13.6651,25268
13.6707,25302
13.6763,25311
13.6817,25212
13.6872,25229
13.6929,25284
13.6985,25254
13.7039,25134
13.7095,25259
13.715,25225
13.7207,25236
13.7263,25237
13.7317,25195
13.7373,25188
13.7429,25206
13.7485,25168
13.7541,25168
13.7594,25170
13.7651,25182
13.7707,25158
13.7763,25139
13.7817,25126
13.7873,25094
13.7929,24650
13.7985,25095
13.8038,25138
13.8095,25104
13.8151,25128
13.8207,25048
13.8261,25070
13.8317,24968
13.8373,25013
13.843,25019
13.8483,25045
13.854,24885
13.8596,25052
13.8652,25005
13.8705,25022
13.8762,24796
13.8818,24982
13.8874,24975
13.8928,24940
13.8984,24909
13.904,24958
13.9094,24936
13.915,24864
13.9207,24894
13.9263,24921
13.9316,24915
13.9373,24854
13.9429,24888
13.9485,24863
13.9541,24796
13.9595,24830
13.9651,24869
13.9707,24824
13.9761,24759
13.9817,24745
13.9873,24864
13.993,24813
13.9983,24795
14.004,24809
14.0096,24768
14.0152,24764
14.0206,24776
14.0262,24761
14.0318,24755
14.0374,24717
14.0428,24791
14.0484,24706
14.054,23887
14.0594,24613
14.065,24525
14.0706,24574
14.0763,24376
14.0816,24699
14.0872,24671
14.0929,24387
14.0985,24486
14.1038,24411
14.1095,24563
14.1151,24624
14.1207,24625
14.126,24608
14.1317,24588
14.1373,24598
14.1429,24553
14.1486,24569
14.1539,24556
14.1595,24600
14.1652,24447
14.1705,24450
14.1762,24559
14.1818,24550
14.1872,24579
14.1928,24527
14.1985,24505
14.2041,24505
14.2094,24413
14.215,24509
14.2207,24503
14.2263,24468
14.2319,24494
14.2373,24446
14.2429,24462
14.2485,24499
14.2539,24511
14.2595,24428
14.2652,24444
14.2705,24447
14.2761,24417
14.2818,24425
14.2874,24399
14.2928,24399
14.2984,24424
14.3041,24320
14.3094,24385
14.315,24297
14.3207,24397
14.3263,24375
14.3317,24269
14.3373,24298
14.343,24309
14.3483,24297
14.354,24325
14.3596,24357
14.3649,24307
14.3706,24319
14.3762,24311
14.3818,24320
14.3872,24313
14.3929,24231
14.3985,24267
14.4041,24262
14.4094,24217
14.4151,24165
14.4207,24243
14.4261,24258
14.4317,24276
14.4373,24205
14.443,24243
14.4483,24236
14.4539,24211
14.4596,24242
14.4652,24202
14.4708,24246
14.4762,24199
14.4818,24197
14.4874,24227
14.4928,23647
14.4984,24170
14.504,24165
14.5094,24188
14.515,24195
14.5206,24185
14.5263,24179
14.5319,24162
14.5373,24169
14.5429,24143
14.5485,24153
14.5541,24140
14.5595,24137
14.5651,24122
14.5707,24148
14.5761,24125
14.5817,24094
14.5874,24100
14.593,24052
14.5983,24075
14.604,24108
14.6096,23792
14.6152,24095
14.6206,24074
14.6262,24061
14.6318,24046
14.6374,23949
14.6428,24039
14.6484,24025
14.6541,23903
14.6594,23724
14.665,24022
14.6706,24000
14.6763,24011
14.6819,24018
14.6872,24019
14.6928,24031
14.6985,23847
14.7041,23978
14.7094,23977
14.715,23863
14.7207,23992
14.7263,23879
14.7316,23980
14.7373,23962
14.7429,23979
14.7485,23884
14.7539,23939
14.7595,23960
14.7651,23941
14.7707,23886
14.7761,23899
14.7817,23898
14.7873,23974
14.793,24002
14.7983,23954
14.8039,23957
14.8096,23835
14.8152,23940
14.8205,23937
14.8262,23931
14.8318,23860
14.8374,23872
14.8428,23899
14.8484,23950
14.854,23891
14.8596,23830
14.8652,23933
14.8706,23948
14.8762,23922
14.8818,23873
14.8875,23906
14.8928,23932
14.8984,23879
14.9041,23878
14.9094,23882
14.9151,23866
14.9207,23916
14.9263,23856
14.9316,23863
14.9373,23866
14.9429,23912
14.9485,23772
14.9539,23883
14.9595,23854
14.9651,23878
14.9707,23875
14.9761,23867
14.9817,23876
14.9873,23825
14.993,23796
14.9986,23803
15.0039,23830
15.0096,23779
15.015,23869
15.0206,23795
15.0262,23849
15.0318,23860
15.0372,23827
15.0428,23770
15.0484,23845
15.0541,23878
15.0594,23856
15.065,23839
15.0706,23838
15.0763,23837
15.0819,23803
15.0872,23625
15.0929,23854
15.0985,23844
15.1041,23832
15.1095,23810
15.1151,23834
15.1207,23854
15.1264,23768
15.1317,23809
15.1373,23815
15.143,23836
15.1483,23698
15.1539,23808
15.1596,23691
15.1652,23744
15.1705,23778
15.1761,23753
15.1816,23782
15.1873,23721
15.1929,23777
15.1985,23787
15.2039,23784
15.2094,23753
15.2151,23763
15.2207,23715
15.2263,23780
15.2317,23777
15.2372,23691
15.2429,23755
15.2485,23724
15.2541,23802
15.2595,23705
15.2651,23745
15.2707,23721
15.2763,23732
15.2816,23785
15.2873,23743
15.2929,23791
15.2985,23820
15.3041,23645
15.3095,23745
15.3151,23769
15.3207,23784
15.3263,23762
15.3317,23776
15.3373,23673
15.3429,23658
15.3485,23696
15.3541,23701
15.3595,23736
15.3651,23762
15.3707,23686
15.3761,23702
15.3817,23660
15.3873,23708
15.393,23737
15.3983,23701
15.4039,23696
15.4096,23697
15.4152,23763
15.4205,23780
15.4262,23694
15.4318,23772
15.4374,23710
15.4428,23733
15.4484,23687
15.454,23717
15.4597,23689
15.465,23671
15.4706,23732
15.4762,23728
15.4819,23761
15.4875,23729
15.4928,23692
15.4984,23679
15.5041,23688
15.5097,23590
15.515,23731
15.5207,23652
15.5263,23647
15.5316,23672
15.5373,23661
15.5429,23653
15.5486,23723
15.5539,23707
15.5595,23713
15.5652,23716
15.5708,23725
15.5762,23806
15.5818,23702
15.5874,23739
15.5928,23729
15.5984,23738
15.604,23679
15.6096,23771
15.615,23557
15.6206,23621
15.6262,23709
15.6319,23734
15.6372,23631
15.6428,23701
15.6485,23739
15.6541,23710
15.6595,23704
15.6651,23736
15.6707,23668
15.6761,23696
15.6817,23675
15.6874,23699
15.693,23661
15.6983,23743
15.704,23699
15.7096,23691
15.7152,23719
15.7206,23724
15.7262,23736
15.7318,23706
15.7375,23662
15.7428,23711
15.7484,23742
15.7541,23538
15.7594,23763
15.765,23756
15.7707,23717
15.7763,23727
15.7816,23734
15.7872,23699
15.7929,23733
15.7985,23626
15.8039,23760
15.8095,23749
15.8151,23547
15.8207,23732
15.8261,23651
15.8317,23668
15.8374,23724
15.843,23599
15.8483,23614
15.854,23672
15.8596,23682
15.8652,23771
15.8706,23713
15.8762,23692
15.8818,23773
15.8874,23770
15.8928,23723
15.8984,23712
15.9041,23697
15.9094,23598
15.9151,23712
15.9207,23715
15.9263,23668
15.9319,23630
15.9373,23764
15.9429,23705
15.9485,23772
15.9539,23714
15.9595,23751
15.9651,23769
15.9708,23742
15.9761,23717
15.9818,23763
15.9874,23756
15.993,23712
15.9984,23770
16.004,23736
16.0097,23727
16.015,23703
16.0206,23759
16.0262,23758
16.0318,23532
16.0372,23671
16.0428,23757
16.0485,23795
16.0541,23751
16.0594,23748
16.065,23703
16.0707,23726
16.0763,23762
16.0817,23689
16.0873,23627
16.0929,23717
16.0985,23703
16.1038,23715
16.1095,23793
16.1151,23802
16.1207,23728
16.1261,23764
16.1317,23757
16.1373,23764
16.143,23757
16.1486,23715
16.1539,23780
16.1596,23749
16.1652,23708
16.1708,23731
16.1762,23813
16.1818,23790
16.1874,23778
16.1928,23737
16.1984,23769
16.2041,23809
16.2094,23205
16.215,23589
16.2207,23709
16.2263,23743
16.2319,23782
16.2372,23758
16.2429,23709
16.2485,23757
16.2541,23779
16.2595,23753
16.2651,23758
16.2708,23705
16.2761,23489
16.2817,23816
16.2874,23694
16.293,23774
16.2983,23726
16.304,23800
16.3096,23790
16.315,23767
16.3206,23789
16.3263,23745
16.3317,23752
16.3373,23747
16.3429,23797
16.3486,23723
16.354,23819
16.3596,23802
16.365,23785
16.3707,23781
16.3763,23816
16.3817,23754
16.3873,23769
16.393,23800
16.3984,23846
16.404,23755
16.4096,23669
16.415,23788
16.4207,23799
16.4263,23822
16.4317,23761
16.4373,23836
16.443,23810
16.4484,23809
16.454,23825
16.4596,23814
16.465,23781
16.4707,23761
16.4763,23754
16.4817,23750
16.4874,23839
16.493,23839
16.4984,23808
16.504,23783
16.5097,23773
16.515,23822
16.5206,23790
16.5263,23767
16.5316,23769
16.5373,23794
16.5429,23791
16.5485,23756
16.5542,23832
16.5595,23800
16.5651,23853
16.5708,23836
16.5761,23805
16.5818,23809
16.5874,23827
16.5928,23790
16.5984,23903
16.604,23798
16.6097,23564
16.615,23779
16.6207,23757
16.6264,23861
16.6317,23840
16.6374,23806
16.643,23858
16.6484,23817
16.654,23857
16.6597,23847
16.665,23836
16.6707,23726
16.6761,23879
16.6817,23844
16.6873,23809
16.693,23873
16.6984,23837
16.7039,23803
16.7096,23810
16.7152,23834
16.7206,23862
16.7262,23840
16.7317,23801
16.7373,23871
16.743,23876
16.7483,23844
16.7539,23859
16.7595,23861
16.7651,23904
16.7708,23872
16.7761,23851
16.7818,23869
16.7873,23858
16.7929,23817
16.7985,23744
16.8039,23851
16.8095,23842
16.8151,23830
16.8207,23880
16.8263,23874
16.8317,23873
16.8373,23868
16.8429,23882
16.8485,23903
16.8541,23923
16.8595,23891
16.8651,23868
16.8707,23900
16.8763,23846
16.8817,23881
16.8873,23902
16.8929,23864
16.8985,23855
16.9039,23897
16.9095,23893
16.9151,23869
16.9208,23904
16.9261,23933
16.9318,23869
16.9374,23926
16.9428,23891
16.9485,23912
16.9539,23946
16.9595,23845
16.9651,23897
16.9708,23624
16.9761,23916
16.9817,23907
16.9874,23936
16.9928,23885
16.9985,23904
17.0041,23853
17.0095,23918
17.0151,23938
17.0208,23984
17.0261,23916
17.0318,23915
17.0374,23788
17.043,23906
17.0484,23899
17.054,23974
17.0596,23897
17.065,23949
17.0706,23972
17.0762,23952
17.0819,23964
17.0872,23909
17.0929,23394
17.0985,23946
17.1042,23942
17.1095,23939
17.1151,23881
17.1208,23956
17.1261,24015
17.1318,23965
17.1374,23969
17.1428,23978
17.1485,23933
17.1541,23940
17.1595,23944
17.1651,23970
17.1707,23944
17.1763,23930
17.1817,23963
17.1873,23967
17.193,23953
17.1983,23874
17.204,23946
17.2096,23990
17.215,23974
17.2206,23878
17.2263,23942
17.2319,23755
17.2373,23974
17.2429,23935
17.2486,23947
17.2539,23977
17.2595,23940
17.2652,23917
17.2708,23916
17.2761,23912
17.2817,23958
17.2874,23985
17.293,23957
17.2984,23922
17.304,24011
17.3096,24018
17.3153,23901
17.3206,23968
17.3262,23989
17.3319,23957
17.3372,23920
17.3429,23943
17.3485,23895
17.3541,23959
17.3595,23958
17.3651,23977
17.3707,23943
17.3764,23966
17.3817,23916
17.3873,24008
17.3929,24005
17.3986,23967
17.4039,23899
17.4095,24002
17.4152,24002
17.4205,23987
17.4261,24012
17.4318,24034
17.4374,24073
17.4428,24026
17.4484,24037
17.454,23970
17.4597,24041
17.465,24071
17.4707,24006
17.4763,24008
17.4819,23998
17.4872,24039
17.4929,23943
17.4985,23938
17.5039,24005
17.5095,24070
17.5152,24062
17.5206,24003
17.5262,24059
17.5319,24022
17.5373,24082
17.5429,24078
17.5485,24084
17.5539,24074
17.5595,23980
17.5652,24070
17.5708,24025
17.5762,24018
17.5818,23969
17.5875,24091
17.5928,24077
17.5985,24017
17.6041,24101
17.6095,24036
17.6151,24061
17.6207,24094
17.6264,23937
17.6317,24058
17.6374,24028
17.643,24082
17.6483,24104
17.654,24045
17.6596,24052
17.6652,24138
17.6706,24053
17.6762,24077
17.6818,23985
17.6874,24080
17.6931,24068
17.6984,24123
17.704,24052
17.7097,24047
17.715,24075
17.7206,24057
17.7263,24150
17.7319,24076
17.7372,24104
17.7429,24025
17.7485,24083
17.7541,24049
17.7595,24040
17.7651,24105
17.7707,24105
17.7764,23998
17.7817,24104
17.7874,24091
17.793,24096
17.7986,24145
17.804,24112
17.8096,24061
17.8152,24136
17.8206,24021
17.8262,24108
17.8318,24146
17.8372,24070
17.8428,24031
17.8485,24038
17.8541,24077
17.8594,24086
17.8651,24052
17.8707,24151
17.8761,24086
17.8817,24101
17.8874,24126
17.8931,24055
17.8985,24020
17.9041,24173
17.9095,24130
17.9151,24119
17.9207,24123
17.9264,24071
17.9317,24083
17.9374,24079
17.943,24176
17.9483,24125
17.954,24189
17.9596,24121
17.9652,24061
17.9706,24084
17.9762,24139
17.9818,24092
17.9875,24079
17.9928,24119
17.9984,24101
18.0041,24137
18.0095,24090
18.0151,24117
18.0207,24104
18.0263,24133
18.0317,24069
18.0373,24124
18.0429,24108
18.0485,24023
18.0539,24129
18.0595,24106
18.0652,24102
18.0708,24145
18.0761,24153
18.0818,24132
18.0874,24148
18.093,24139
18.0984,24140
18.104,24113
18.1096,24136
18.115,24136
18.1206,24156
18.1262,24173
18.1319,24117
18.1372,24179
18.1428,24163
18.1484,24168
18.1541,24157
18.1597,24145
18.165,24163
18.1707,24153
18.1763,24165
18.1819,24188
18.1873,24155
18.1929,24224
18.1985,24202
18.2039,24180
18.2095,24205
18.2151,24187
18.2208,24160
18.2261,24180
18.2317,24189
18.2374,24152
18.243,24189
18.2483,24174
18.2539,24112
18.2596,24180
18.2652,24139
18.2705,23807
18.2762,24166
18.2817,24078
18.2873,24180
18.293,24165
18.2984,24152
18.304,24196
18.3095,24166
18.3151,24159
18.3208,24160
18.3264,24232
18.3317,24200
18.3373,24088
18.343,24201
18.3486,24271
18.354,24219
18.3596,24207
18.365,24198
18.3706,24225
18.3762,24203
18.3819,24214
18.3875,23980
18.3929,24167
18.3985,24190
18.4039,24213
18.4096,24190
18.4152,24199
18.4206,24204
18.4262,24229
18.4319,24237
18.4372,24129
18.4429,24206
18.4485,24182
18.4541,24248
18.4595,24146
18.4651,24204
18.4707,24202
18.4761,24217
18.4818,24213
18.4874,24188
18.4928,24124
18.4984,24212
18.5041,24219
18.5095,24187
18.5151,24230
18.5207,24216
18.5261,24180
18.5317,24244
18.5374,24181
18.543,24210
18.5484,24246
18.554,24226
18.5596,24301
18.565,24242
18.5706,24183
18.5763,24291
18.5817,24215
18.5874,24248
18.5931,24264
18.5984,24240
18.6041,24259
18.6095,24262
18.6151,24213
18.6208,24222
18.6264,24237
18.6318,24237
18.6374,24210
18.643,24224
18.6484,24242
18.654,24213
18.6596,24239
18.665,24252
18.6706,24277
18.6764,24219
18.6817,24252
18.6873,24088
18.693,24283
18.6986,24172
18.704,24259
18.7096,24257
18.7152,24256
18.7206,24278
18.7262,24253
18.7319,24231
18.7372,24281
18.7429,24268
18.7485,24256
18.7541,24303
18.7595,24274
18.7652,24245
18.7708,24334
18.7762,24311
18.7819,24301
18.7873,24299
18.7929,24269
18.7986,24308
18.804,24276
18.8096,24201
18.8152,24191
18.8209,24325
18.8262,24275
18.8318,24248
18.8373,24327
18.8429,24277
18.8485,24321
18.8541,24281
18.8595,24307
18.8651,24249
18.8707,24295
18.8764,24299
18.8817,24270
18.8873,24318
18.893,24304
18.8986,24315
18.9039,24255
18.9096,24324
18.9152,24255
18.9208,24303
18.9262,24319
18.9318,24272
18.9375,24365
18.9428,24332
18.9485,24351
18.9541,24297
18.9597,24344
18.9651,24216
18.9707,24255
18.9763,24255
18.9817,24319
18.9873,24275
18.993,24279
18.9986,24297
19.004,24329
19.0096,24280
19.0152,24339
19.0206,24337
19.0262,24246
19.0318,24284
19.0375,24387
19.0428,24207
19.0485,24234
19.0541,24291
19.0597,24357
19.0651,24324
19.0707,24371
19.0764,24274
19.0817,24377
19.0874,24357
19.093,24369
19.0984,24380
19.104,24381
19.1097,24375
19.1153,24363
19.1206,24371
19.1263,23937
19.1319,24308
19.1372,24370
19.1429,24348
19.1485,24356
19.1541,24368
19.1595,24383
19.1651,24312
19.1707,24382
19.1764,24378
19.1817,24369
19.1873,24386
19.193,24352
19.1986,24270
19.2042,24372
19.2096,24327
19.2152,24411
19.2208,24367
19.2262,24345
19.2318,24257
19.2375,24150
19.2428,24396
19.2485,24387
19.2541,24418
19.2595,24364
19.2651,24184
19.2707,24330
19.2764,24281
19.2817,24199
19.2874,24395
19.293,24339
19.2986,24392
19.304,24398
19.3096,24373
19.3153,24241
19.3206,24384
19.3262,24259
19.3319,24222
19.3375,24456
19.3429,24382
19.3485,24291
19.3541,24443
19.3597,24314
19.3651,24403
19.3707,24395
19.3764,24380
19.382,24442
19.3873,24397
19.393,24376
19.3986,24372
19.404,24362
19.4096,24413
19.4152,24376
19.4209,24409
19.4262,24418
19.4318,24403
19.4375,24444
19.4431,24452
19.4485,24451
19.4541,24422
19.4597,24363
19.4651,24386
19.4707,24416
19.4763,24403
19.482,24444
19.4873,24299
19.493,24349
19.4986,24348
19.5039,24403
19.5096,24391
19.5152,24360
19.5208,24429
19.5262,24388
19.5318,24441
19.5374,24403
19.5431,24397
19.5484,24430
19.5541,24440
19.5597,24437
19.5651,24436
19.5707,24412
19.5763,24416
19.582,24404
19.5876,24483
19.5929,24485
19.5986,24452
19.6042,24442
19.6096,24457
19.6152,24455
19.6208,24383
19.6262,24433
19.6318,24439
19.6375,24441
19.6431,24478
19.6484,24481
19.654,24461
19.6597,24410
19.6653,24349
19.6706,24467
19.6763,24425
19.6819,24455
19.6876,24468
19.6929,24446
19.6985,24360
19.7042,24445
19.7095,24390
19.7152,24438
19.7208,24440
19.7264,24456
19.7318,24449
19.7374,24473
19.743,24455
19.7486,24453
19.754,24473
19.7596,24398
19.7652,24411
19.7709,24429
19.7762,24418
19.7818,24441
19.7875,24469
19.7931,24361
19.7984,24447
19.804,24424
19.8096,24462
19.8152,24452
19.8209,24431
19.8265,24481
19.8318,24423
19.8374,24513
19.843,24485
19.8486,24423
19.8541,24412
19.8596,24522
19.8652,24428
19.8709,24403
19.8762,24464
19.8819,24448
19.8874,24484
19.893,24450
19.8986,24500
19.904,24453
19.9096,24486
19.9152,24450
19.9208,24486
19.9264,24511
19.9318,24461
19.9374,24519
19.943,24504
19.9486,24466
19.9543,24520
19.9596,24478
19.9652,24486
19.9708,24461
19.9764,24463
19.9818,24522
19.9874,24501
19.993,24482
19.9986,24485
20.0042,24509
20.0096,24518
20.0153,24512
20.0209,24514
20.0263,24480
20.0319,24427
20.0375,24356
20.0429,24457
20.0485,24487
20.0541,24554
20.0598,24515
20.0651,24509
20.0707,24539
20.0764,24536
20.082,24522
20.0874,24548
20.093,24432
20.0986,24519
20.1042,24556
20.1096,24538
20.1152,24527
20.1209,24534
20.1262,24529
20.1319,24531
20.1375,24592
20.1431,24529
20.1485,24543
20.1541,24562
20.1597,24569
20.1654,24531
20.1707,24511
20.1763,24517
20.182,24513
20.1876,24481
20.1929,24447
20.1986,24566
20.2042,24560
20.2096,24497
20.2152,24550
20.2208,24527
20.2265,24532
20.2318,24536
20.2374,24562
20.2431,24546
20.2485,24516
20.2541,24546
20.2597,24585
20.2653,24474
20.2707,24465
20.2763,24570
20.282,24300
20.2876,24483
20.2929,24568
20.2986,24539
20.3042,24521
20.3096,24566
20.3152,24571
20.3208,24571
20.3265,24535
20.3318,24542
20.3375,24545
20.3431,24596
20.3485,24526
20.3541,24557
20.3597,24602
20.3653,24527
20.3707,24566
20.3763,24475
20.3819,24561
20.3873,24525
20.3929,24536
20.3986,24556
20.4042,24569
20.4098,24548
20.4152,24456
20.4208,24550
20.4265,24552
20.4318,24581
20.4373,24596
20.443,24553
20.4484,24585
20.4541,24614
20.4597,24583
20.4654,24613
20.4707,24637
20.4762,24582
20.4818,24613
20.4873,24586
20.4929,24628
20.4984,24351
20.5041,24601
20.5096,24584
20.5151,24605
20.5207,24587
20.5262,24611
20.5318,24578
20.5373,24568
20.543,24565
20.5485,24591
20.5541,24546
20.5596,24567
20.5651,24643
20.5707,24433
20.5762,24563
20.5818,24605
20.5874,24585
20.5929,24566
20.5985,24598
20.604,24582
20.6096,24633
20.6152,24570
20.6207,24640
20.6263,24550
20.6318,24570
20.6374,24661
20.6429,24623
20.6485,24630
20.6541,24545
20.6596,24562
20.6652,24639
20.6707,24622
20.6763,24642
20.6818,24594
20.6874,24643
20.693,24533
20.6985,24594
20.7041,24598
20.7096,24605
20.7152,24615
20.7208,24591
20.7263,24612
20.7319,24552
20.7374,24526
20.743,24584
20.7486,24622
20.7541,24595
20.7597,24638
20.7652,24645
20.7708,24581
20.7763,24652
20.7819,24659
20.7875,24512
20.793,24666
20.7986,24659
20.8041,24648
20.8097,24624
20.8152,24591
20.8208,24578
20.8264,24654
20.8319,24633
20.8375,24597
20.843,24584
20.8486,24626
20.8542,24613
20.8597,24583
20.8653,24588
20.8708,24632
20.8764,24577
20.8819,24610
20.8875,24592
20.893,24596
20.8986,24662
20.9042,24555
20.9097,24571
20.9151,24609
20.9207,24590
20.9264,24591
20.932,24592
20.9375,24623
20.9431,24580
20.9486,24663
20.954,24611
20.9596,24606
20.9653,24607
20.9709,24609
20.9762,24619
20.9819,24649
20.9875,24625
20.9931,24611
20.9985,24598
21.0042,24666
21.0096,24626
21.0153,24603
21.0209,24615
21.0263,24643
21.032,24646
21.0373,24653
21.043,24599
21.0487,24521
21.0542,24634
21.0596,24624
21.0653,24600
21.0709,24618
21.0763,24647
21.0819,24644
21.0876,24626
21.0929,24626
21.0985,24626
21.1042,24622
21.1098,24653
21.1151,24615
21.1208,24657
21.1264,24642
21.132,24671
21.1374,24649
21.143,24689
21.1486,24689
21.1543,24653
21.1596,24559
21.1652,24592
21.1709,24612
21.1763,24656
21.1819,24651
21.1876,24625
21.1929,24669
21.1985,24638
21.204,24613
21.2097,24618
21.2153,24648
21.2209,24699
21.2263,24647
21.2319,24615
21.2375,24688
21.2431,24633
21.2487,24626
21.2541,24630
21.2597,24655
21.2653,24628
21.2709,24668
21.2763,24664
21.2819,24658
21.2875,24619
21.2931,24673
21.2985,24666
21.3041,24695
21.3098,24668
21.3153,24669
21.321,24691
21.3263,24716
21.3319,24644
21.3375,24591
21.3431,24619
21.3485,24696
21.3541,24671
21.3597,24666
21.3654,24687
21.3707,24656
21.3764,24531
21.3818,24715
21.3874,24653
21.3931,24693
21.3987,24689
21.4043,24602
21.4096,24695
21.4152,24709
21.4209,24626
21.4265,24611
21.4318,24678
21.4374,24705
21.443,24646
21.4487,24630
21.454,24680
21.4596,24614
21.4652,24677
21.4708,24708
21.4765,24680
21.4818,24717
21.4875,24715
21.493,24687
21.4986,24702
21.5043,24727
21.5097,24566
21.5153,24707
21.5207,24678
21.5264,24721
21.5321,24610
21.5374,24679
21.5431,24741
21.5486,24679
21.5543,24682
21.5596,24755
21.5653,24728
21.5709,24723
21.5762,24708
21.5819,24597
21.5875,24750
21.5931,24758
21.5985,24734
21.6041,24727
21.6098,24698
21.6154,24672
21.6207,24753
21.6264,24699
21.632,24729
21.6376,24732
21.643,24714
21.6486,24635
21.6542,24570
21.6599,24642
21.6652,24650
21.6708,24702
21.6765,24734
21.6818,24692
21.6875,24687
21.6931,24738
21.6987,24683
21.7041,24682
21.7097,24702
21.7153,24676
21.7209,24685
21.7263,24704
21.7319,24716
21.7376,24746
21.7429,24667
21.7485,24728
21.7542,24717
21.7598,24658
21.7651,24739
21.7708,24721
21.7764,24711
21.7821,24733
21.7874,24757
21.793,24690
21.7987,24723
21.8043,24752
21.8096,24723
21.8153,24768
21.8209,24738
21.8262,24688
21.8319,24748
21.8375,24770
21.8431,24681
21.8488,24738
21.8541,24765
21.8598,24769
21.8654,24733
21.8707,24748
21.8764,24785
21.882,24809
21.8876,24785
21.893,24784
21.8986,24758
21.9042,24807
21.9096,24794
21.9152,24817
21.9208,24788
21.9265,24790
21.9321,24436
21.9374,24782
21.9431,24794
21.9487,24576
21.9541,24733
21.9597,24716
21.9653,24810
21.9709,24795
21.9763,24809
21.9819,24761
21.9875,24783
21.9932,24805
21.9985,24771
22.0042,24799
22.0098,24762
22.0154,24805
22.0208,24779
22.0264,24789
22.0321,24809
22.0374,24758
22.043,24809
22.0487,24817
22.054,24809
22.0597,24790
22.0653,24854
22.071,24614
22.0763,24790
22.082,24820
22.0876,24813
22.0929,24785
22.0986,24823
22.1042,24748
22.1098,24797
22.1152,24772
22.1208,24807
22.1265,24785
22.1321,24800
22.1374,24786
22.1431,24805
22.1487,24697
22.1541,24702
22.1597,24782
22.1653,24809
22.1709,24668
22.1763,24765
22.1819,24785
22.1876,24738
22.1932,24759
22.1985,24789
22.2041,24797
22.2098,24778
22.2154,24827
22.2207,24821
22.2264,24809
22.232,24794
22.2376,24764
22.243,24800
22.2486,24821
22.2542,24825
22.2599,24764
22.2652,24823
22.2708,24803
22.2765,24786
22.2818,24755
22.2874,24783
22.2931,24786
22.2987,24815
22.3043,24795
22.3097,24770
22.3153,24807
22.3209,24854
22.3263,24817
22.3319,24823
22.3375,24842
22.3432,24837
22.3485,24809
22.3541,24808
22.3598,24827
22.3654,24808
22.3708,24781
22.3764,24819
22.382,24805
22.3877,24623
22.393,24782
22.3986,24729
22.4043,24773
22.4099,24736
22.4153,24699
22.4207,24764
22.4264,24806
22.432,24803
22.4376,24776
22.443,24813
22.4486,24853
22.4542,24767
22.4598,24802
22.4652,24812
22.4708,24787
22.4764,24792
22.482,24764
22.4877,24792
22.493,24819
22.4986,24807
22.5042,24785
22.5098,24786
22.5152,24832
22.5208,24836
22.5264,24822
22.532,24817
22.5374,24789
22.5431,24833
22.5487,24834
22.5541,24759
22.5598,24826
22.5654,24864
22.5707,24802
22.5764,24858
22.582,24765
22.5876,24824
22.593,24748
22.5986,24809
22.6043,24833
22.6096,24829
22.6153,24869
22.6209,24780
22.6265,24852
22.6319,24848
22.6375,24861
22.6431,24811
22.6488,24891
22.6541,24840
22.6598,24805
22.6654,24841
22.6708,24874
22.6764,24786
22.682,24812
22.6874,24864
22.693,24881
22.6987,24837
22.7043,24860
22.7097,24819
22.7153,24859
22.7209,24883
22.7263,24807
22.7319,24863
22.7376,24776
22.7432,24824
22.7486,24795
