Experiment: Feb_19_real_eric2_expt vial 15, Fri Feb 19 13:52:14 2021
0.0021,52514
0.0078,52408
0.0132,52365
0.0188,52478
0.0242,52315
0.0298,52437
0.0355,52545
0.0408,52436
0.0465,52416
0.0521,52440
0.0575,52416
0.0632,52510
0.0688,52479
0.0742,52346
0.0798,52320
0.0855,52384
0.0909,52380
0.0965,52449
0.1022,52426
0.1075,52498
0.1132,52391
0.1188,52416
0.1242,52512
0.1298,52429
0.1355,52488
0.1409,52467
0.1465,52460
0.1522,52354
0.1575,52442
0.1632,52320
0.1688,52522
0.1742,52443
0.1799,50427
0.1855,50495
0.1909,50494
0.1965,50489
0.2022,50467
0.2076,50474
0.2132,50501
0.2189,50470
0.2242,50459
0.2299,50439
0.2355,50458
0.2409,50447
0.2466,50455
0.2519,50501
0.2576,50504
0.2632,50425
0.2689,50437
0.2743,50431
0.2799,50440
0.2856,50413
0.2909,50346
0.2966,50383
0.302,50380
0.3076,50376
0.3133,50331
0.3187,50343
0.3243,50304
0.33,50298
0.3353,50273
0.341,50276
0.3466,50239
0.352,50243
0.3577,50216
0.3633,50200
0.3687,50193
0.3743,50164
0.38,50158
0.3853,50108
0.391,50068
0.3966,50105
0.402,50064
0.4077,50062
0.4131,50077
0.4187,50040
0.4244,50017
0.4298,49960
0.4354,49947
0.4411,49940
0.4464,49910
0.4521,49869
0.4577,49840
0.4631,49802
0.4688,49811
0.4744,49769
0.4798,49798
0.4854,49791
0.4911,49742
0.4964,49698
0.5021,49695
0.5077,49686
0.5131,49671
0.5188,49500
0.5242,49595
0.5299,49547
0.5355,49487
0.5409,49513
0.5466,49466
0.552,49425
0.5577,49446
0.5631,49415
0.5688,49338
0.5744,49355
0.5798,49324
0.5854,49264
0.5911,49230
0.5964,49191
0.6021,49180
0.6076,49147
0.6132,49129
0.6189,49111
0.6242,49125
0.6299,49006
0.6354,48971
0.641,48982
0.6464,48971
0.6521,48866
0.6577,48848
0.6631,48823
0.6688,48772
0.6745,48733
0.6798,48664
0.6855,48676
0.6909,48633
0.6965,48561
0.7022,48499
0.7076,48498
0.7132,48476
0.7188,48403
0.7242,48444
0.7299,48427
0.7355,48389
0.7409,48316
0.7465,48253
0.7522,48185
0.7576,48109
0.7632,48075
0.7689,48017
0.7742,47983
0.7799,47851
0.7853,47890
0.791,47860
0.7966,47773
0.802,47781
0.8077,47739
0.8133,47651
0.8187,47622
0.8243,47653
0.83,47537
0.8354,47486
0.841,47454
0.8467,47494
0.852,47352
0.8577,47279
0.8631,47324
0.8687,47309
0.8744,47111
0.88,47112
0.8854,47096
0.8911,47115
0.8964,46994
0.9021,46910
0.9078,46952
0.9131,46909
0.9188,46851
0.9244,46795
0.9298,46639
0.9355,46632
0.9411,46480
0.9465,46641
0.9521,46382
0.9578,46504
0.9631,46330
0.9688,46330
0.9744,46272
0.9798,46179
0.9855,46131
0.9909,45989
0.9965,45916
1.0022,45905
1.0076,45950
1.0132,45753
1.0189,45638
1.0243,45768
1.0299,45705
1.0356,45494
1.0409,45448
1.0466,45477
1.052,45419
1.0576,45404
1.0633,45190
1.0686,45270
1.0743,45211
1.08,44999
1.0853,44925
1.091,45059
1.0966,44937
1.102,44945
1.1077,44770
1.1133,44536
1.1187,44675
1.1244,44564
1.1298,44549
1.1354,44495
1.1411,44391
1.1465,44163
1.1521,44028
1.1578,44126
1.1632,44064
1.1688,43996
1.1742,43829
1.1798,43681
1.1855,43837
1.1909,43625
1.1965,43520
1.2022,43589
1.2075,43538
1.2132,43404
1.2188,43107
1.2242,43099
1.2299,43233
1.2355,43163
1.2409,43089
1.2466,42885
1.2522,42800
1.2576,42749
1.2633,42709
1.2687,42644
1.2743,42616
1.2797,42573
1.2854,42413
1.291,42382
1.2964,42325
1.3021,42234
1.3077,42062
1.3131,41960
1.3188,41828
1.3244,41791
1.3298,41681
1.3354,41464
1.3411,41249
1.3465,41191
1.3521,41513
1.3578,41375
1.3631,41296
1.3688,41314
1.3744,41019
1.3798,40825
1.3855,40798
1.3908,40912
1.3965,40453
1.4021,40722
1.4078,40499
1.4132,40325
1.4188,40624
1.4245,40122
1.4298,39962
1.4355,40055
1.4409,40095
1.4465,39972
1.4522,39827
1.4578,39974
1.4632,39708
1.4688,39654
1.4742,39863
1.4799,39489
1.4855,39651
1.4909,39370
1.4965,39443
1.5021,39260
1.5078,39150
1.5132,38877
1.5188,38778
1.5242,38799
1.5299,38973
1.5355,38654
1.5409,38646
1.5465,38180
1.5522,38277
1.5578,38060
1.5632,38297
1.5688,38116
1.5742,38090
1.5799,37989
1.5855,38020
1.5909,37732
1.5966,37717
1.6022,37154
1.6076,37356
1.6133,37194
1.6187,37284
1.6243,36971
1.6299,37168
1.6354,36818
1.641,36588
1.6467,36765
1.6521,36881
1.6577,36772
1.6634,36802
1.6688,36169
1.6744,36299
1.6798,36509
1.6855,36464
1.6909,36182
1.6966,36261
1.7022,36031
1.7076,35589
1.7132,35785
1.7186,35678
1.7243,35817
1.7299,35367
1.7356,35211
1.741,35305
1.7466,35237
1.752,35269
1.7577,35264
1.7633,35199
1.7687,35246
1.7744,35158
1.7797,35130
1.7854,35031
1.7911,34774
1.7965,34592
1.8021,34646
1.8078,34843
1.8132,34434
1.8188,34680
1.8245,34315
1.8298,34147
1.8355,34359
1.8409,34252
1.8466,34438
1.852,33923
1.8577,33734
1.8631,33725
1.8687,33896
1.8744,33727
1.8798,33901
1.8854,33569
1.8911,33601
1.8964,33228
1.9022,33570
1.9076,33577
1.9132,33233
1.9187,32861
1.9243,33342
1.93,32952
1.9354,32762
1.9411,32936
1.9465,33116
1.9522,32622
1.9576,33020
1.9632,32934
1.9686,32598
1.9743,32639
1.9797,32502
1.9854,32586
1.991,32695
1.9967,32625
2.0021,32642
2.0077,32599
2.0132,32568
2.0189,32452
2.0243,32399
2.03,32173
2.0354,32279
2.0411,32712
2.0465,32684
2.0522,32669
2.0576,32221
2.0633,32346
2.0687,32396
2.0744,32510
2.0798,32423
2.0854,32357
2.0909,32363
2.0966,32590
2.102,32429
2.1077,32334
2.1131,31940
2.1188,32093
2.1242,32351
2.1299,32347
2.1356,32292
2.141,32117
2.1466,32367
2.152,31949
2.1577,31827
2.1633,32133
2.1686,31680
2.1743,32154
2.18,32080
2.1854,31622
2.1911,31905
2.1965,31950
2.2021,31791
2.2078,32059
2.2132,32086
2.2189,31682
2.2243,31718
2.23,31730
2.2354,31761
2.2411,31745
2.2465,31270
2.2522,31866
2.2576,31746
2.2633,31725
2.2688,31673
2.2745,31461
2.2798,31436
2.2855,31782
2.2909,31816
2.2966,31704
2.302,31570
2.3077,31362
2.3131,31288
2.3187,31501
2.3242,31251
2.3299,31456
2.3356,31165
2.341,31389
2.3467,31471
2.3521,31413
2.3578,31258
2.3632,31231
2.3689,31254
2.3743,31192
2.38,31255
2.3854,31397
2.3911,31303
2.3965,31140
2.4022,31184
2.4076,31000
2.4133,30634
2.4187,31076
2.4244,30949
2.4299,31295
2.4355,31213
2.4409,31083
2.4466,31033
2.4521,30932
2.4577,31161
2.4631,31117
2.4688,31160
2.4744,30996
2.4798,31189
2.4853,31030
2.491,31019
2.4967,31126
2.5021,31058
2.5078,31009
2.5132,31276
2.5189,30867
2.5243,30887
2.53,31139
2.5354,30958
2.5411,31080
2.5465,30889
2.5521,30964
2.5576,31156
2.5633,31437
2.5687,31016
2.5744,30914
2.5798,30645
2.5855,30996
2.5909,30991
2.5966,31103
2.602,31344
2.6077,31046
2.6131,31010
2.6188,30702
2.6242,30901
2.6299,31171
2.6353,31062
2.641,30920
2.6464,30761
2.6521,30821
2.6578,30880
2.6632,31271
2.6689,31306
2.6743,31304
2.68,31250
2.6854,30627
2.6911,31196
2.6965,31073
2.7022,30625
2.7078,31189
2.7132,30725
2.7187,31135
2.7243,31012
2.7298,30840
2.7355,30827
2.7409,30985
2.7466,30850
2.752,30655
2.7577,30822
2.7633,30947
2.7687,30919
2.7744,31225
2.7798,30954
2.7854,30805
2.7909,30827
2.7966,30717
2.802,30905
2.8077,30752
2.8131,30799
2.8188,31023
2.8242,31102
2.8299,31030
2.8354,30912
2.8411,30945
2.8464,30841
2.8521,30851
2.8578,30830
2.8632,30802
2.8689,30865
2.8743,31004
2.88,30878
2.8855,30885
2.8909,31018
2.8966,30812
2.902,30920
2.9076,30994
2.9133,31240
2.9187,30910
2.9244,30710
2.9298,30921
2.9355,31171
2.9409,31204
2.9466,31018
2.952,31161
2.9577,30916
2.9631,31008
2.9689,31116
2.9743,30823
2.9799,30971
2.9853,30913
2.991,31057
2.9964,30993
3.0021,31075
3.0075,30862
3.0132,31119
3.0188,31026
3.0243,30890
3.03,31036
3.0354,31175
3.0411,31366
3.0465,31161
3.052,30930
3.0576,30847
3.0633,30859
3.0687,30917
3.0744,31242
3.0798,31079
3.0855,31184
3.0909,30914
3.0966,31008
3.102,31119
3.1077,31223
3.1131,30994
3.1188,30919
3.1242,31173
3.1299,30951
3.1353,31256
3.141,31140
3.1467,30968
3.1521,31134
3.1578,30842
3.1632,31062
3.1689,31112
3.1742,31075
3.1799,31182
3.1854,31203
3.1911,31016
3.1965,30858
3.2022,31166
3.2076,30800
3.2133,30922
3.2187,31120
3.2244,31207
3.2298,31087
3.2354,30978
3.2411,30910
3.2465,31178
3.2522,31393
3.2576,31208
3.2633,31151
3.2688,31113
3.2742,31095
3.2799,31364
3.2853,31299
3.291,30903
3.2966,30982
3.3021,30943
3.3078,30935
3.3132,30977
3.3187,31083
3.3243,30873
3.33,31228
3.3354,31358
3.3409,31119
3.3465,31058
3.3522,31205
3.3576,31275
3.3633,31019
3.3687,30999
3.3743,31306
3.38,31052
3.3855,30960
3.3911,30966
3.3965,31028
3.4021,31028
3.4078,30776
3.4132,31033
3.4186,31019
3.4243,31015
3.43,30798
3.4354,31167
3.4411,31246
3.4465,31173
3.4521,30906
3.4578,31326
3.4632,31260
3.4689,31136
3.4743,31048
3.48,31269
3.4854,31254
3.4911,31539
3.4965,31146
3.5022,31095
3.5076,31197
3.5133,31177
3.5188,31117
3.5244,30897
3.5298,31013
3.5355,31085
3.5409,31145
3.5466,31043
3.5523,30952
3.5576,31228
3.5633,31067
3.5687,31083
3.5744,31062
3.5799,31080
3.5856,31150
3.591,31214
3.5964,30985
3.6021,31203
3.6077,31134
3.6132,31100
3.6189,30990
3.6243,31069
3.63,31273
3.6354,31350
3.641,31343
3.6467,30886
3.6522,31063
3.6576,30925
3.6633,31329
3.6687,31291
3.6745,31177
3.6798,31067
3.6855,31165
3.6909,30982
3.6966,31053
3.7023,31191
3.7077,31283
3.7134,31234
3.7187,31223
3.7244,30971
3.7298,31006
3.7355,31081
3.741,31092
3.7467,31364
3.7521,31152
3.7578,30933
3.7634,31111
3.7689,31043
3.7743,31026
3.78,31198
3.7854,31030
3.7911,31117
3.7967,31264
3.8021,31102
3.8076,31109
3.8133,31148
3.8187,31383
3.8244,31064
3.8298,31122
3.8355,31157
3.8412,31156
3.8466,31114
3.852,31291
3.8577,31194
3.8634,31281
3.8688,31466
3.8744,31246
3.8799,31295
3.8856,31322
3.891,31362
3.8965,31255
3.9022,31446
3.9076,31129
3.9132,30985
3.9189,31046
3.9243,31226
3.93,31044
3.9354,30947
3.9411,31204
3.9467,31081
3.9521,31206
3.9578,31044
3.9632,31146
3.9689,31038
3.9744,31068
3.9801,31078
3.9855,31168
3.9912,31032
3.9965,30951
4.0022,31478
4.0077,31234
4.0133,30882
4.0188,31282
4.0244,31360
4.0301,31256
4.0355,31215
4.0412,31263
4.0466,31246
4.0523,31215
4.0577,31338
4.0631,30920
4.0688,31158
4.0745,30987
4.0799,31273
4.0856,31287
4.091,31289
4.0967,31165
4.1023,31415
4.1077,31261
4.1131,31098
4.1188,31474
4.1245,31219
4.13,31218
4.1354,31556
4.1411,31184
4.1465,30915
4.1521,31182
4.1578,30974
4.1633,31186
4.1689,31348
4.1744,31363
4.18,31190
4.1854,31185
4.1911,31296
4.1968,31367
4.2022,31353
4.2079,31395
4.2133,31560
4.2187,31208
4.2244,31409
4.2301,31308
4.2355,31487
4.2412,31363
4.2466,31379
4.2523,31460
4.2576,31261
4.2633,31560
4.2687,31736
4.2744,31447
4.2799,31428
4.2856,31711
4.291,31832
4.2967,31151
4.3021,31566
4.3077,31094
4.3131,31437
4.3188,31345
4.3245,31399
4.3299,31262
4.3356,31147
4.341,31431
4.3467,31400
4.3521,31372
4.3578,31478
4.3633,31486
4.369,31550
4.3744,31432
4.38,31507
4.3854,31566
4.3911,31358
4.3966,31389
4.4022,31263
4.4076,31743
4.4133,31292
4.4189,31639
4.4244,31497
4.4301,31326
4.4355,31421
4.4412,31649
4.4466,31590
4.4523,31467
4.4577,31251
4.4634,31349
4.4688,31429
4.4745,31280
4.4799,31772
4.4856,31296
4.491,31479
4.4966,31633
4.502,31797
4.5078,31616
4.5132,31721
4.5189,31601
4.5243,31643
4.53,31443
4.5354,31570
4.5411,31575
4.5465,31499
4.5522,31513
4.5578,31655
4.5633,31461
4.5689,31357
4.5743,31650
4.58,31785
4.5854,31483
4.5909,31647
4.5966,31675
4.6021,31813
4.6078,31411
4.6132,31542
4.6187,31243
4.6245,31761
4.6299,31700
4.6356,31563
4.641,31562
4.6466,31690
4.6523,31270
4.6577,31746
4.6634,31450
4.6688,31588
4.6743,31700
4.68,31737
4.6857,31338
4.6911,31430
4.6967,31381
4.7022,31518
4.7079,31453
4.7132,31283
4.7189,31679
4.7243,31400
4.73,31656
4.7354,31770
4.7411,31686
4.7466,31406
4.7523,31365
4.7577,31326
4.7634,31333
4.7688,31391
4.7744,31229
4.7799,31296
4.7856,31452
4.7912,31547
4.7967,31307
4.8023,31265
4.8077,31518
4.8134,31763
4.8188,31632
4.8245,31670
4.8299,31389
4.8356,31775
4.8411,31516
4.8467,31305
4.8521,31293
4.8578,31424
4.8632,31237
4.8689,31528
4.8743,31542
4.88,31623
4.8856,31475
4.891,31643
4.8965,31755
4.9022,31565
4.9076,31181
4.9133,31723
4.919,31272
4.9244,31503
4.93,31528
4.9354,31550
4.9412,31549
4.9465,31500
4.9522,31611
4.9576,31462
4.9633,31507
4.9687,31676
4.9744,31680
4.9798,31760
4.9855,31777
4.991,31571
4.9967,31510
5.0021,31273
5.0077,31489
5.0134,31291
5.0189,31549
5.0245,31336
5.0299,31462
5.0356,31671
5.041,31622
5.0467,31641
5.0521,31692
5.0578,31759
5.0632,31469
5.0689,31490
5.0743,31700
5.08,31404
5.0856,31605
5.0911,31488
5.0968,31453
5.1022,31691
5.1079,31589
5.1133,31563
5.1189,31335
5.1244,31730
5.1301,31438
5.1355,31631
5.1412,31667
5.1467,31859
5.1524,31405
5.1577,31550
5.1634,31694
5.1688,31448
5.1745,31557
5.1799,31469
5.1856,31614
5.191,31617
5.1966,31542
5.2023,31421
5.2077,31809
5.2132,31728
5.2189,31658
5.2243,32047
5.23,31325
5.2354,31521
5.2411,31414
5.2468,31919
5.2522,31625
5.2579,31725
5.2633,31685
5.2689,31742
5.2743,31569
5.28,31857
5.2855,31812
5.2912,31694
5.2966,31616
5.3023,31736
5.3077,31617
5.3134,31588
5.3188,31604
5.3245,31540
5.3299,31813
5.3355,31676
5.3412,31733
5.3466,31665
5.3523,31507
5.3577,31591
5.3634,31969
5.3688,31689
5.3745,31988
5.3799,31653
5.3856,31637
5.391,31444
5.3967,31646
5.4021,31590
5.4078,31613
5.4134,31486
5.4188,31687
5.4245,31951
5.4299,31728
5.4356,31820
5.441,32065
5.4468,31801
5.4522,31931
5.4576,31817
5.4633,31787
5.469,31683
5.4744,31439
5.4798,31635
5.4855,31831
5.4912,31574
5.4966,31602
5.5023,31640
5.5077,31656
5.5134,31538
5.5188,31754
5.5245,31620
5.5299,31774
5.5356,31664
5.541,31742
5.5467,31323
5.5523,31355
5.5578,31425
5.5635,31414
5.5689,31442
5.5746,31412
5.5799,31619
5.5856,31767
5.5911,31520
5.5968,31471
5.6022,31444
5.6076,31714
5.6134,31745
5.6188,31443
5.6245,31164
5.6301,31372
5.6355,31498
5.6412,31460
5.6466,31805
5.6523,31584
5.6577,31541
5.6634,31710
5.6688,31506
5.6745,31550
5.6799,31860
5.6856,31824
5.691,31888
5.6967,31609
5.7021,31472
5.7077,31585
5.7132,31477
5.7189,31493
5.7245,31553
5.73,31665
5.7356,31483
5.741,31644
5.7467,31658
5.7521,31449
5.7578,31515
5.7633,31645
5.769,31652
5.7744,31667
5.7801,31390
5.7854,31690
5.7911,31432
5.7968,31448
5.8022,31545
5.8079,31393
5.8133,31520
5.8189,31559
5.8244,31592
5.8301,31295
5.8355,31472
5.8412,31591
5.8466,31621
5.8523,31642
5.8577,31176
5.8633,31400
5.8688,31276
5.8744,31447
5.8801,31392
5.8855,31798
5.8912,31672
5.8965,31676
5.9022,31803
5.9077,31742
5.9134,31695
5.9188,31695
5.9245,31866
5.9299,31619
5.9356,31476
5.9409,31676
5.9467,31300
5.9521,31475
5.9578,31413
5.9635,31656
5.9688,31569
5.9745,31329
5.9799,31746
5.9856,31910
5.9911,31742
5.9968,31468
6.0022,31799
6.0076,31232
6.0133,31591
6.0189,31387
6.0244,31721
6.0299,31323
6.0355,31734
6.0412,31527
6.0466,31901
6.0523,31627
6.0577,31561
6.0634,31747
6.0689,31804
6.0746,31590
6.08,31932
6.0854,31337
6.0911,31560
6.0967,31703
6.1022,31425
6.1079,31516
6.1132,31381
6.1189,31730
6.1246,31690
6.13,31390
6.1357,31535
6.1411,31569
6.1468,31506
6.1522,31683
6.1579,31640
6.1633,31366
6.169,31245
6.1744,31489
6.1801,31464
6.1855,31585
6.1911,31470
6.1965,31340
6.2022,31684
6.2079,31741
6.2133,31559
6.219,31477
6.2244,31636
6.2299,31567
6.2356,31647
6.241,31517
6.2467,31274
6.2523,31341
6.2578,31450
6.2632,31328
6.2688,31367
6.2743,31416
6.2799,31590
6.2856,31650
6.291,31446
6.2967,31507
6.3021,31555
6.3079,31509
6.3133,31574
6.319,31431
6.3244,31104
6.33,31405
6.3354,31596
6.3411,31757
6.3468,31455
6.3522,31516
6.3579,31644
6.3633,31410
6.369,31507
6.3745,31571
6.3799,31520
6.3856,31639
6.391,31475
6.3967,31605
6.4024,31519
6.4078,31353
6.4135,31431
6.4189,31563
6.4246,31252
6.43,31217
6.4357,31451
6.441,31642
6.4468,31496
6.4522,31391
6.4579,31616
6.4633,31289
6.469,31628
6.4744,31781
6.4801,31435
6.4855,31217
6.4912,31297
6.4966,31495
6.5023,31747
6.5077,31356
6.5134,31494
6.519,31295
6.5244,31502
6.5301,31295
6.5356,31848
6.5413,31594
6.5467,31470
6.5524,31220
6.5577,31328
6.5634,31657
6.5688,31489
6.5745,31318
6.5799,31556
6.5856,31293
6.5909,31396
6.5966,31475
6.6023,31565
6.6077,31437
6.6134,31971
6.6189,31408
6.6246,31853
6.63,31505
6.6356,31412
6.641,31097
6.6467,31321
6.6521,31415
6.6578,31549
6.6632,31566
6.6689,31482
6.6745,31515
6.6799,31624
6.6856,31696
6.6911,31421
6.6968,31564
6.7022,31595
6.7079,31386
6.7133,31339
6.7189,31274
6.7244,31176
6.7301,31168
6.7354,31626
6.7411,31393
6.7465,31547
6.7522,31495
6.7579,31431
6.7633,31405
6.7687,31425
6.7744,31453
6.7801,31662
6.7855,31509
6.7912,31068
6.7966,31073
6.8023,31322
6.8077,31241
6.8134,31387
6.8188,31314
6.8244,31403
6.8301,31165
6.8355,31468
6.8412,31542
6.8466,31415
6.8523,31693
6.8578,31734
6.8632,31631
6.8688,31107
6.8745,31373
6.8799,31520
6.8856,31182
6.8913,31589
6.8967,31578
6.9023,31531
6.9077,31427
6.9134,31384
6.9189,31428
6.9246,31323
6.93,31410
6.9357,31500
6.9411,31357
6.9468,31276
6.9521,30934
6.9578,31325
6.9632,31377
6.9689,31342
6.9743,31183
6.98,31425
6.9856,31385
6.991,31364
6.9967,31175
7.0021,31501
7.0078,31471
7.0133,31463
7.019,31330
7.0246,31147
7.03,31329
7.0357,31401
7.0411,31451
7.0467,31134
7.0522,31276
7.0578,31119
7.0632,31576
7.0689,31426
7.0744,31322
7.0801,31542
7.0855,31385
7.0912,31568
7.0966,31629
7.1022,31278
7.1079,31034
7.1134,31214
7.1188,31091
7.1244,31280
7.1299,31187
7.1355,31420
7.1412,31543
7.1466,31227
7.1523,31202
7.1577,31235
7.1634,31420
7.1688,31295
7.1745,31460
7.1799,31216
7.1855,31184
7.191,31097
7.1967,31254
7.2023,31419
7.2078,31229
7.2134,31510
7.2188,31271
7.2245,31221
7.2299,31321
7.2356,31038
7.2411,31277
7.2468,31019
7.2522,31051
7.2578,30806
7.2635,31237
7.2689,31060
7.2743,31132
7.28,30955
7.2857,31319
7.2911,31224
7.2967,31375
7.302,31152
7.3078,31343
7.3135,31264
7.3189,31547
7.3243,31566
7.3299,31113
7.3355,30978
7.3412,31043
7.3466,31102
7.3523,31236
7.3577,31167
7.3634,31182
7.3688,31313
7.3744,31102
7.3801,31249
7.3855,31457
7.3912,31477
7.3966,31367
7.4023,31477
7.4078,31244
7.4133,31007
7.419,31134
7.4244,31153
7.4301,31196
7.4355,31177
7.4411,31348
7.4468,31498
7.4522,31439
7.4579,31620
7.4633,31558
7.469,31424
7.4743,31544
7.48,31225
7.4855,31135
7.4911,31258
7.4968,31182
7.5022,31115
7.5079,31143
7.5133,30953
7.519,31184
7.5244,31389
7.53,31059
7.5355,31051
7.5412,31292
7.5466,31461
7.5523,31560
7.5577,31255
7.5634,31030
7.5688,31366
7.5744,31172
7.5799,30999
7.5856,31309
7.5912,31126
7.5967,31221
7.6023,31220
7.6077,31281
7.6134,31332
7.6189,31164
7.6246,31202
7.63,30996
7.6357,31444
7.6411,31243
7.6468,30914
7.6521,31007
7.6578,31071
7.6632,31195
7.6689,31102
7.6746,31284
7.6799,31285
7.6856,31428
7.691,31230
7.6967,31270
7.7022,31195
7.7078,31629
7.7133,31399
7.719,31077
7.7243,31094
7.73,31029
7.7354,30602
7.7411,30981
7.7468,31231
7.7522,31046
7.7578,31256
7.7635,30983
7.7689,31240
7.7746,31075
7.78,31204
7.7854,31302
7.7911,31313
7.7965,31161
7.8022,30895
7.8078,30826
7.8133,31136
7.819,31209
7.8244,30893
7.8301,31283
7.8357,31109
7.8411,30904
7.8468,31070
7.8522,31016
7.8579,31106
7.8634,31280
7.8688,31352
7.8745,31257
7.8801,30678
7.8855,31070
7.8912,31092
7.8967,31145
7.9023,31197
7.9078,30916
7.9134,31127
7.9188,31002
7.9245,31276
7.9299,31052
7.9356,31455
7.941,31348
7.9467,31172
7.9521,31109
7.9578,31249
7.9635,31024
7.9689,30971
7.9743,30891
7.98,31127
7.9857,31223
7.991,30845
7.9967,30682
8.0078,31303
8.0135,31044
8.0188,31308
8.0245,31129
8.0299,31253
8.0356,31107
8.0412,30868
8.0466,31099
8.0521,31124
8.0577,31201
8.0634,31303
8.0691,30887
8.0744,31189
8.0802,30814
8.0855,31261
8.0912,31199
8.0967,31083
8.1024,31176
8.1078,30829
8.1135,30932
8.1188,31085
8.1245,30957
8.13,31315
8.1356,31215
8.1411,31041
8.1467,31315
8.1524,30793
8.1578,31133
8.1634,31217
8.1689,31174
8.1746,31086
8.18,31453
8.1857,30897
8.1911,30996
8.1967,30883
8.2021,31068
8.2079,31196
8.2135,31334
8.2189,30993
8.2246,31104
8.2299,31211
8.2356,31228
8.241,31141
8.2467,31176
8.2521,31190
8.2578,31167
8.2632,31132
8.2689,30792
8.2745,30928
8.2799,30852
8.2856,31240
8.291,30709
8.2967,30964
8.3024,31590
8.3078,31158
8.3135,31017
8.3189,31077
8.3246,31150
8.33,30869
8.3357,31447
8.3411,31123
8.3468,30938
8.3522,30315
8.3579,30913
8.3633,30910
8.369,30979
8.3744,30965
8.38,30959
8.3855,30830
8.3912,31082
8.3968,31011
8.4022,31290
8.4079,31201
8.4134,31245
8.4188,30707
8.4245,31046
8.4301,30898
8.4355,30996
8.4413,31020
8.4466,31001
8.4523,30991
8.4577,30999
8.4634,30986
8.4688,31240
8.4745,31050
8.4802,30881
8.4856,31147
8.4913,31097
8.4967,30884
8.5024,31074
8.5077,30810
8.5134,30910
8.5189,30827
8.5245,31144
8.5299,30964
8.5356,31033
8.5413,31159
8.5467,30821
8.5523,30686
8.5578,31251
8.5635,31173
8.5689,31019
8.5746,30990
8.5799,30645
8.5856,30684
8.591,30749
8.5967,30707
8.6024,30705
8.6078,30763
8.6134,30828
8.6188,30861
8.6245,31086
8.6302,30780
8.6356,30850
8.6413,31189
8.6467,30693
8.6522,30782
8.6578,30619
8.6635,30596
8.6689,30684
8.6746,30794
8.68,30762
8.6857,30678
8.6911,30714
8.6967,30897
8.7022,30652
8.7078,30854
8.7135,30837
8.7189,30816
8.7244,30831
8.7301,30797
8.7357,30660
8.7411,30470
8.7468,30321
8.7522,30904
8.7579,30778
8.7633,30954
8.7688,30982
8.7745,30589
8.7799,30892
8.7856,30863
8.7913,30910
8.7966,31020
8.8023,31354
8.8078,30832
8.8134,30970
8.8191,30529
8.8243,30574
8.8301,30931
8.8357,30697
8.8412,30802
8.8468,30886
8.8522,31116
8.8579,30933
8.8635,30856
8.869,30729
8.8744,31054
8.88,30762
8.8857,30606
8.8911,30696
8.8967,30963
8.9021,30776
8.9078,30558
8.9135,30937
8.9189,30884
8.9245,30684
8.9302,30578
8.9356,31058
8.9413,30967
8.9467,30855
8.9524,30906
8.9578,30609
8.9634,30628
8.9688,30295
8.9745,30788
8.9802,30651
8.9856,30659
8.9912,30574
8.9966,31202
9.008,30896
9.0134,30921
9.019,30475
9.0244,30889
9.0301,30999
9.0355,30917
9.0412,30801
9.0466,30894
9.0523,30696
9.0577,30920
9.0634,30964
9.0688,30888
9.0745,30620
9.0802,30965
9.0856,30904
9.0913,30740
9.0966,30797
9.1023,30827
9.1078,30863
9.1135,31201
9.1189,30872
9.1245,30603
9.1302,30358
9.1356,30884
9.1411,30559
9.1467,30771
9.1524,30907
9.1578,30907
9.1635,30825
9.1689,30696
9.1746,30593
9.18,30939
9.1857,30899
9.1911,30920
9.1968,30939
9.2022,30191
9.2079,30602
9.2133,30789
9.219,30759
9.2244,30677
9.2301,30391
9.2357,30741
9.2411,30586
9.2468,31029
9.2522,30762
9.2579,30824
9.2633,31007
9.2691,31179
9.2745,30855
9.2801,30791
9.2855,30679
9.2912,30765
9.2967,30643
9.3023,30920
9.3077,30931
9.3134,30787
9.3191,30950
9.3245,31053
9.3301,30892
9.3356,31248
9.3412,31090
9.3467,30979
9.3523,30747
9.3577,30730
9.3634,30902
9.3691,30884
9.3745,30960
9.3802,31095
9.3856,30942
9.3913,30969
9.3966,30846
9.4023,31173
9.4077,30788
9.4134,31110
9.4189,31310
9.4246,30693
9.43,30747
9.4356,30848
9.4413,30769
9.4467,30478
9.4524,30439
9.4578,30990
9.4635,30960
9.4689,30833
9.4745,30699
9.4799,31005
9.4856,31081
9.4913,30784
9.4967,30720
9.5022,30892
9.5079,30668
9.5135,30631
9.5189,30665
9.5246,30765
9.53,30629
9.5357,30606
9.5411,30780
9.5468,30616
9.5524,30543
9.5578,30840
9.5635,30910
9.5689,31109
9.5746,30833
9.5801,30801
9.5858,30392
9.5912,30380
9.5968,30541
9.6023,30435
9.608,30804
9.6133,30459
9.619,30454
9.6244,30776
9.6301,30678
9.6355,30727
9.6412,30811
9.6468,30721
9.6523,30754
9.6577,30574
9.6634,30484
9.6691,30124
9.6744,30573
9.6802,30557
9.6856,30433
9.6913,30577
9.6967,30794
9.7023,30915
9.708,30797
9.7134,30671
9.7191,31055
9.7245,30838
9.7302,30916
9.7356,30784
9.7413,30932
9.7467,30701
9.7523,30702
9.7578,30634
9.7635,30808
9.7688,30482
9.7746,30591
9.7802,31187
9.7856,30575
9.791,30715
9.7967,30614
9.8024,30860
9.8078,30834
9.8135,30772
9.819,30582
9.8246,30461
9.83,30590
9.8357,30334
9.8411,30504
9.8468,30940
9.8522,30599
9.8578,30646
9.8635,30397
9.8689,30502
9.8746,30492
9.88,30456
9.8858,30630
9.8912,30923
9.8969,30100
9.9023,30325
9.9079,30524
9.9134,30618
9.9191,30800
9.9245,30743
9.9302,30426
9.9355,30728
9.9412,30867
9.9466,30756
9.9523,30532
9.958,30751
9.9634,30619
9.9688,30568
9.9745,30364
9.9802,30375
9.9856,30351
9.9913,30315
9.9967,30257
10.0023,30520
10.0078,30803
10.0135,30555
10.0191,30767
10.0245,30407
10.0302,30722
10.0356,30461
10.0413,30574
10.0467,30695
10.0524,30326
10.0578,30167
10.0635,30393
10.0689,30394
10.0746,30453
10.08,30789
10.0856,30518
10.0913,30364
10.0967,30667
10.1024,30911
10.1078,30828
10.1135,30880
10.1189,30899
10.1246,30817
10.13,30807
10.1357,30281
10.1411,30656
10.1468,30465
10.1522,30480
10.1579,30841
10.1633,30849
10.169,30652
10.1746,30675
10.1801,30773
10.1857,30942
10.1911,30955
10.1968,30736
10.2023,30530
10.208,30986
10.2133,30708
10.219,30325
10.2244,30707
10.2301,30694
10.2358,30431
10.2412,30824
10.2469,30896
10.2522,30894
10.2579,30760
10.2633,30768
10.269,30700
10.2744,30946
10.2802,30983
10.2856,30649
10.2912,30428
10.2966,30520
10.3023,30170
10.3078,30627
10.3134,30654
10.3188,30596
10.3245,30573
10.3301,30963
10.3356,30723
10.3412,30876
10.3466,30627
10.3523,30905
10.3578,30893
10.3635,30620
10.3691,30391
10.3744,30761
10.3801,30300
10.3856,30526
10.3912,30685
10.3966,30555
10.4022,30653
10.4079,30802
10.4133,30893
10.419,30352
10.4244,30673
10.4301,30867
10.4358,30771
10.4412,30516
10.4469,30348
10.4523,30377
10.4579,30537
10.4633,30206
10.469,30310
10.4744,30429
10.4801,30532
10.4857,30127
10.4911,30171
10.4968,30403
10.5022,30561
10.5079,30443
10.5134,30780
10.5191,30359
10.5244,30129
10.5301,30553
10.5355,30389
10.5413,30708
10.5466,30462
10.5523,30494
10.558,30448
10.5634,30707
10.5691,30622
10.5744,30680
10.5801,30702
10.5856,30790
10.5913,30695
10.5967,30467
10.6024,30346
10.608,30294
10.6135,30416
10.6189,30512
10.6245,30477
10.6302,30438
10.6356,30751
10.6413,30391
10.6467,30515
10.6524,30398
10.6578,30349
10.6635,30415
10.6689,30496
10.6746,30293
10.68,30212
10.6857,30282
10.6911,30294
10.6968,30213
10.7022,30553
10.7079,30131
10.7135,30201
10.7189,30456
10.7246,30488
10.73,30498
10.7357,30138
10.7411,30244
10.7468,30430
10.7522,30261
10.7579,30351
10.7636,30042
10.769,30453
10.7744,30159
10.7801,30456
10.7855,30131
10.7912,30699
10.7968,30473
10.8022,30487
10.8079,30555
10.8133,30803
10.819,30536
10.8244,30405
10.8301,30241
10.8358,30375
10.8412,30176
10.8469,30319
10.8523,30432
10.8579,30536
10.8634,30324
10.869,30230
10.8747,30160
10.8801,30722
10.8858,30637
10.8912,30383
10.8966,30523
10.9023,30416
10.9078,30438
10.9134,30380
10.9191,30530
10.9245,29962
10.9302,30273
10.9356,30445
10.9413,30150
10.9466,30515
10.9523,30708
10.958,30485
10.9634,30407
10.9691,30309
10.9745,30259
10.9802,30630
10.9856,30280
10.9913,30458
10.9967,29961
11.0024,30279
11.0078,30293
11.0134,30351
11.0189,30338
11.0245,30211
11.0302,30343
11.0356,30655
11.0413,30459
11.0467,30520
11.0524,30620
11.0578,30677
11.0635,30402
11.0689,30424
11.0746,30344
11.08,30093
11.0857,30501
11.0911,30456
11.0968,30645
11.1022,30199
11.1078,30407
11.1133,30511
11.1189,30604
11.1246,30412
11.1301,30633
11.1358,30410
11.1412,30418
11.1468,30407
11.1522,30118
11.1579,30347
11.1634,30347
11.169,30133
11.1744,30303
11.1801,30631
11.1858,30384
11.1912,30590
11.1969,30545
11.2023,30557
11.208,30523
11.2134,30368
11.2191,30161
11.2245,30382
11.2302,30408
11.2356,30103
11.2413,30471
11.2466,30262
11.2523,30450
11.258,30494
11.2634,30154
11.269,30154
11.2747,30316
11.2801,30223
11.2858,30498
11.2912,30362
11.2967,29917
11.3023,30146
11.308,30316
11.3134,29971
11.3191,30131
11.3245,30219
11.3302,30288
11.3356,30217
11.3412,30194
11.3466,30405
11.3523,30409
11.3577,30076
11.3634,30310
11.3689,30454
11.3746,30301
11.38,30100
11.3856,30038
11.3913,29947
11.3967,30271
11.4024,30518
11.4078,30331
11.4135,29919
11.4189,30569
11.4246,30083
11.4302,30459
11.4357,30611
11.4411,30267
11.4468,30479
11.4522,30154
11.4579,30550
11.4635,29956
11.469,30299
11.4747,30070
11.48,30069
11.4858,30194
11.4912,30236
11.4968,29899
11.5022,30455
11.5079,30403
11.5133,30426
11.519,30490
11.5244,30632
11.5301,30158
11.5358,30261
11.5412,30085
11.5469,30279
11.5523,30363
11.5579,30408
11.5634,29996
11.569,30215
11.5747,30470
11.5801,30240
11.5858,30501
11.5912,30644
11.5966,30081
11.6023,30471
11.6078,30343
11.6134,30148
11.6191,30098
11.6245,30286
11.6302,30399
11.6356,30356
11.6413,30424
11.6467,30308
11.6523,30359
11.658,30535
11.6634,30321
11.6691,30366
11.6745,30448
11.6802,30658
11.6856,30623
11.6913,30318
11.6967,30058
11.7024,30500
11.7078,30303
11.7135,30093
11.7189,29917
11.7245,30188
11.7302,30142
11.7357,30262
11.7413,30366
11.7467,30332
11.7521,30274
11.7579,30343
11.7636,30231
11.769,30054
11.7746,30168
11.78,30006
11.7856,30003
11.7912,30245
11.7966,30033
11.8023,30197
11.8079,30353
11.8134,30484
11.819,30397
11.8244,30283
11.8301,30478
11.8356,30372
11.8411,30138
11.8468,30081
11.8524,29844
11.8578,30265
11.8635,30066
11.8689,30066
11.8746,29992
11.88,30352
11.8856,30283
11.8914,30322
11.8967,30497
11.9024,30479
11.9079,30072
11.9136,30447
11.919,30031
11.9246,29910
11.9302,30270
11.9357,30296
11.9414,30169
11.9468,30183
11.9524,30131
11.9578,30106
11.9634,30177
11.9689,30212
11.9745,29786
11.9802,30127
11.9856,30152
11.9914,30372
11.9968,30146
12.0024,30340
12.0078,30179
12.0135,29873
12.019,30126
12.0247,30081
12.0301,29888
12.0357,30006
12.0411,30368
12.0468,30521
12.0525,30362
12.0579,30482
12.0633,30666
12.069,30281
12.0745,30208
12.0801,29980
12.0858,30103
12.0912,29909
12.0969,30198
12.1023,30045
12.108,30369
12.1133,30121
12.119,30061
12.1244,29995
12.1301,30214
12.1358,30139
12.1412,30015
12.1466,30372
12.1523,30144
12.158,29949
12.1634,30010
12.1691,29788
12.1745,29975
12.1802,29832
12.1856,30086
12.1912,30153
12.1969,30293
12.2023,30284
12.208,30287
12.2134,30325
12.2191,30400
12.2245,30663
12.2303,30087
12.2356,29907
12.2413,29604
12.2467,29947
12.2524,29712
12.2578,29867
12.2635,30201
12.2689,30169
12.2746,30166
12.28,30221
12.2857,30492
12.2911,30482
12.2968,30288
12.3022,30334
12.3079,30156
12.3133,29928
12.319,30100
12.3244,30049
12.3301,30014
12.3358,30173
12.3412,29942
12.3469,30197
12.3523,30059
12.3579,30263
12.3636,30290
12.369,30033
12.3747,30199
12.3802,30397
12.3856,30117
12.3912,29970
12.3969,29819
12.4023,30097
12.408,29971
12.4134,30191
12.4191,30191
12.4245,30053
12.4302,30120
12.4356,30365
12.4412,29940
12.4467,30152
12.4524,30303
12.4578,30590
12.4635,30020
12.4691,30087
12.4745,30103
12.4802,29922
12.4857,30181
12.4913,30172
12.4967,30220
12.5024,30289
12.5081,30103
12.5135,30042
12.5191,30152
12.5245,30043
12.5302,30481
12.5357,30497
12.5414,30239
12.5467,30129
12.5524,29898
12.5578,30082
12.5635,29924
12.5689,30348
12.5746,30306
12.58,30120
12.5856,30364
12.5911,30077
12.5967,30440
12.6024,30504
12.6079,30187
12.6136,30236
12.619,30207
12.6247,30362
12.6301,30473
12.6358,30090
12.6412,29841
12.6469,30354
12.6523,30278
12.658,30036
12.6633,30378
12.669,30206
12.6747,30468
12.6801,30486
12.6856,30416
12.6913,30380
12.6967,30348
12.7024,30189
12.708,30086
12.7135,29860
12.7189,30292
12.7245,30415
12.7303,30327
12.7356,30207
12.7413,30057
12.7467,30093
12.7524,30282
12.7578,30093
12.7635,30433
12.7689,30044
12.7746,30324
12.7803,30176
12.7857,30099
12.7914,29917
12.7968,30383
12.8025,30574
12.8079,30357
12.8136,30194
12.8189,30246
12.8246,30540
12.8303,30294
12.8357,30290
12.8411,30509
12.8468,30587
12.8522,30266
12.8579,30192
12.8635,29869
12.8689,30029
12.8746,30226
12.8803,30146
12.8857,30126
12.8914,30202
12.8968,30024
12.9025,30502
12.9078,30229
12.9135,30132
12.9188,30520
12.9245,30377
12.9302,30291
12.9359,30216
12.9412,29938
12.9469,30413
12.9523,30458
12.958,30048
12.9634,30250
12.9691,30373
12.9745,30473
12.9802,30171
12.9858,30182
12.9912,30200
12.9966,30400
13.0023,30175
13.0078,30269
13.0135,30166
13.0191,30381
13.0245,30029
13.0302,29835
13.0356,30303
13.0413,30119
13.047,30135
13.0523,30402
13.058,30344
13.0634,30444
13.0691,30403
13.0744,30429
13.0801,30178
13.0858,30117
13.0912,30140
13.0969,30225
13.1023,29985
13.108,30139
13.1134,30179
13.119,30218
13.1247,30000
13.13,30470
13.1357,30336
13.1411,30245
13.1468,30162
13.1522,30354
13.1579,30260
13.1636,30414
13.169,30245
13.1745,30193
13.1802,30184
13.1856,30212
13.1912,30113
13.1967,30271
13.2023,30236
13.2078,30381
13.2135,30428
13.2189,30510
13.2245,30091
13.23,30226
13.2356,30430
13.2412,30107
13.2467,30170
13.2523,30112
13.2578,30235
13.2634,30257
13.269,30343
13.2745,30171
13.2801,30241
13.2856,30356
13.2912,30202
13.2967,30304
13.3023,30326
13.3078,30473
13.3134,30345
13.319,30246
13.3246,30180
13.3301,30103
13.3357,30208
13.3412,30309
13.3468,30376
13.3523,30344
13.3579,29938
13.3634,30316
13.369,30234
13.3746,30571
13.3801,30132
13.3856,30280
13.3912,30359
13.3968,30012
13.4024,30057
13.4079,30067
13.4135,30143
13.419,30213
13.4246,30284
13.43,30227
13.4357,30456
13.4413,30172
13.4468,30514
13.4524,30367
13.4578,30462
13.4635,30599
13.4691,30590
13.4745,30160
13.4802,30310
13.4857,30114
13.4913,30265
13.4967,30410
13.5024,30287
13.508,30160
13.5134,30308
13.519,30477
13.5247,30335
13.5301,30450
13.5358,30632
13.5412,30356
13.5469,30275
13.5523,30354
13.558,30242
13.5634,30206
13.5691,30047
13.5745,30467
13.5802,30282
13.5856,30351
13.5912,30359
13.5969,30197
13.6024,30444
13.608,30247
13.6134,30517
13.6189,30604
13.6246,30356
13.6303,30346
13.6357,30112
13.6414,29958
13.6468,30178
13.6525,30404
13.6578,30300
13.6636,30405
13.669,30255
13.6746,30162
13.6803,30447
13.6857,30420
13.6914,30447
13.6968,30493
13.7025,30360
13.7079,30212
13.7136,30008
13.719,30092
13.7247,30081
13.7301,30125
13.7358,30483
13.7412,30158
13.7468,30514
13.7525,30311
13.7579,30523
13.7636,30418
13.769,30463
13.7747,30400
13.7801,30494
13.7858,30199
13.7912,30332
13.7969,30148
13.8023,30338
13.808,30281
13.8134,30339
13.8191,30020
13.8248,30294
13.8302,30375
13.8359,30489
13.8412,30355
13.847,30619
13.8524,30641
13.8581,30170
13.8635,30437
13.8691,30199
13.8745,30426
13.8802,30024
13.8856,30346
13.8913,30314
13.8967,30407
13.9024,30274
13.908,30376
13.9135,30362
13.9191,30070
13.9245,30420
13.9302,30618
13.9357,30496
13.9414,30342
13.9468,30280
13.9524,30153
13.9581,30295
13.9635,30445
13.9692,30258
13.9746,30453
13.9803,30280
13.9856,30491
13.9913,30710
13.9967,30389
14.0024,30307
14.0079,30563
14.0136,30655
14.019,30366
14.0247,30160
14.0303,30302
14.0358,30149
14.0412,30272
14.0468,30458
14.0523,30206
14.0579,30349
14.0636,30345
14.069,30352
14.0747,30368
14.0801,30354
14.0858,30353
14.0913,30566
14.097,30373
14.1023,30214
14.108,30285
14.1134,30306
14.1191,30448
14.1245,30499
14.1302,30366
14.1359,30281
14.1413,30188
14.147,30518
14.1523,30463
14.158,30474
14.1635,30406
14.1692,30472
14.1746,30212
14.1803,30545
14.1857,30358
14.1914,30257
14.1968,30197
14.2025,30466
14.2079,30356
14.2135,30354
14.2192,30422
14.2247,30117
14.2303,30322
14.2357,30414
14.2414,30710
14.2468,30326
14.2525,30383
14.2579,30189
14.2635,30561
14.269,30273
14.2747,30333
14.2803,30314
14.2857,30303
14.2914,30444
14.2968,30416
14.3025,30533
14.3079,30284
14.3136,30768
14.319,30272
14.3247,30345
14.3302,30370
14.3359,30267
14.3412,30448
14.3469,30417
14.3524,30334
14.358,30453
14.3634,30590
14.3691,30297
14.3747,30343
14.3802,30400
14.3858,30672
14.3913,30381
14.397,30517
14.4024,30956
14.4081,30493
14.4135,30511
14.4192,30464
14.4246,30346
14.4303,30504
14.4357,30358
14.4414,30325
14.4468,30566
14.4525,30491
14.4579,30885
14.4635,30654
14.469,30765
14.4747,30595
14.4801,30811
14.4858,30553
14.4912,30441
14.4969,30205
14.5023,30297
14.508,30476
14.5137,30552
14.5191,30450
14.5247,30257
14.5301,30222
14.5358,30394
14.5412,30162
14.5469,30714
14.5523,30589
14.558,30850
14.5635,30545
14.5691,30141
14.5748,30610
14.5802,30439
14.5856,30394
14.5913,30324
14.597,30553
14.6024,30294
14.608,30348
14.6135,30434
14.6191,30625
14.6245,30479
14.6302,30555
14.6357,30642
14.6414,30537
14.6468,30512
14.6524,30458
14.6581,30390
14.6635,30313
14.6692,30307
14.6746,30581
14.6803,30438
14.6857,30450
14.6914,30054
14.6968,30395
14.7025,30781
14.7079,30549
14.7136,30866
14.719,30398
14.7246,30539
14.7303,30476
14.7357,30487
14.7414,30070
14.7468,30335
14.7525,30629
14.7579,30069
14.7636,30471
14.769,30695
14.7746,30565
14.7803,30624
14.7858,30749
14.7915,30962
14.7969,30753
14.8025,30578
14.8078,30386
14.8135,30265
14.819,30563
14.8246,30507
14.8303,30465
14.8356,30664
14.8413,30389
14.847,30793
14.8524,30636
14.8581,30471
14.8635,30591
14.8692,30840
14.8746,30590
14.8803,30312
14.8856,30304
14.8913,30326
14.8968,30359
14.9024,30384
14.9078,30393
14.9134,30531
14.9191,30732
14.9248,30688
14.9302,30575
14.9359,30700
14.9413,30450
14.947,30838
14.9524,30613
14.958,30495
14.9634,30409
14.9691,30351
14.9748,30447
14.9802,30396
14.9858,30565
14.9912,30685
14.9969,30502
15.0023,30391
15.008,30662
15.0134,30687
15.0191,30597
15.0246,30407
15.0303,30349
15.0359,30307
15.0413,30079
15.047,30674
15.0524,30486
15.0581,30559
15.0635,30493
15.0692,30520
15.0746,30599
15.0803,30337
15.0857,30445
15.0914,30641
15.0968,30581
15.1025,30635
15.1079,30695
15.1136,30290
15.119,30185
15.1247,30130
15.1301,30840
15.1358,30645
15.1412,30588
15.1469,30601
15.1525,30661
15.1579,30622
15.1636,30677
15.169,30229
15.1747,30643
15.1802,30987
15.1859,30716
15.1912,30279
15.1969,30362
15.2023,30508
15.208,30628
15.2137,30182
15.2191,30375
15.2248,30847
15.2302,30650
15.2359,30914
15.2413,30594
15.2469,30726
15.2524,30806
15.2581,30639
15.2635,30427
15.2692,30674
15.2748,30371
15.2802,30456
15.2857,30596
15.2913,30561
15.2968,30486
15.3024,30655
15.3081,30568
15.3135,30648
15.3192,30627
15.3246,30788
15.3303,30637
15.3357,30350
15.3414,30700
15.3468,30451
15.3525,30506
15.3579,30646
15.3636,30504
15.3693,30582
15.3747,30530
15.3803,30656
15.3857,30674
15.3914,30669
15.3968,30492
15.4025,30772
15.4079,30438
15.4136,30672
15.419,30539
15.4247,30661
15.4303,30582
15.4358,30600
15.4412,30544
15.4469,30375
15.4526,30686
15.4579,30484
15.4636,30594
15.469,30655
15.4747,30629
15.4802,30850
15.4859,30360
15.4913,30678
15.4967,30435
15.5024,30664
15.5081,30448
15.5135,30689
15.5192,30446
15.5246,30520
15.5303,30664
15.5359,30560
15.5413,30668
15.547,30604
15.5524,30565
15.5581,30536
15.5635,30594
15.5692,30730
15.5746,30591
15.5803,30702
15.5857,30390
15.5914,30603
15.5968,30578
15.6024,30464
15.6081,30651
15.6135,30519
15.6192,30673
15.6246,30406
15.6303,30701
15.6357,30964
15.6414,30528
15.6468,30786
15.6525,30641
15.6579,30415
15.6636,30580
15.669,30455
15.6747,30562
15.6801,30556
15.6858,30664
15.6914,30835
15.6968,30502
15.7025,30535
15.7079,30751
15.7136,30748
15.719,30788
15.7247,30655
15.7301,29918
15.7358,30560
15.7414,30599
15.7469,30558
15.7526,30160
15.758,30663
15.7637,30625
15.769,30644
15.7747,30654
15.7801,30769
15.7858,30546
15.7912,30640
15.7969,31021
15.8023,30965
15.808,30567
15.8134,30534
15.8191,30577
15.8248,30513
15.8302,30670
15.8358,30802
15.8413,30628
15.8469,30720
15.8523,30503
15.858,30761
15.8637,30644
15.8691,30736
15.8746,31096
15.8803,30787
15.8857,30493
15.8913,30424
15.897,30227
15.9024,30557
15.9081,30651
15.9135,30453
15.9192,30671
15.9245,30642
15.9302,30678
15.9356,31001
15.9413,31289
15.947,30827
15.9524,30861
15.9578,30751
15.9635,30525
15.9692,30615
15.9746,30647
15.9803,30417
15.9857,30605
15.9914,30577
15.9968,30806
16.0025,30844
16.0079,31062
16.0136,30492
16.0192,31045
16.0247,30907
16.0304,30638
16.0358,30928
16.0412,30885
16.0469,30619
16.0525,30635
16.058,30549
16.0637,30668
16.069,30696
16.0748,30438
16.0801,30969
16.0858,30765
16.0912,31014
16.0969,30580
16.1023,30548
16.108,30832
16.1135,30640
16.1192,30397
16.1246,30570
16.1302,30617
16.1356,30641
16.1414,30742
16.147,30624
16.1525,30804
16.1581,30564
16.1635,30859
16.1692,30709
16.1746,30973
16.1803,30639
16.1857,30615
16.1914,30866
16.1968,30529
16.2025,30840
16.2081,30349
16.2134,30357
16.2191,30669
16.2245,30576
16.2302,30725
16.2359,30749
16.2412,30741
16.2469,30642
16.2523,30638
16.258,30641
16.2635,30793
16.2691,30821
16.2745,30668
16.2801,30530
16.2858,30577
16.2912,30533
16.2969,30291
16.3025,30792
16.3079,30593
16.3136,30577
16.3193,30954
16.3247,30808
16.3303,30453
16.3358,30923
16.3415,30674
16.3469,30927
16.3525,30701
16.3579,30579
16.3635,30468
16.3692,30626
16.3747,30802
16.3803,30685
16.3857,30833
16.3914,30900
16.3968,30979
16.4025,30698
16.4081,30719
16.4136,30342
16.4193,30652
16.4247,30781
16.4301,30778
16.4358,30593
16.4415,30394
16.4469,30724
16.4526,30570
16.458,30700
16.4634,30810
16.4691,30777
16.4747,30779
16.4802,30733
16.4858,30620
16.4912,30999
16.4969,30575
16.5023,30589
16.5081,30784
16.5137,30819
16.5191,30749
16.5248,30793
16.5302,30675
16.5359,30739
16.5413,30659
16.5469,30672
16.5525,31069
16.558,30606
16.5636,30870
16.5691,30835
16.5745,30541
16.5802,30811
16.5856,30918
16.5913,30531
16.597,30641
16.6024,30688
16.6081,30932
16.6135,30774
16.6192,30647
16.6246,30845
16.6302,30791
16.6357,31170
16.6413,30776
16.647,31060
16.6525,30582
16.6579,30964
16.6636,30623
16.6693,30737
16.6747,30813
16.6804,30557
16.6858,30630
16.6915,30841
16.6969,30704
16.7023,30990
16.708,30993
16.7137,30774
16.7191,30826
16.7248,30644
16.7301,30586
16.7358,30904
16.7412,30431
16.7469,30610
16.7526,30701
16.758,30472
16.7634,30709
16.7692,30620
16.7746,30792
16.7803,30568
16.7857,30859
16.7914,30839
16.7968,30672
16.8025,30907
16.8079,30629
16.8136,30730
16.819,30731
16.8247,30453
16.8304,30708
16.8358,30562
16.8412,30558
16.8469,30794
16.8526,30782
16.858,30947
16.8636,30646
16.8691,30531
16.8747,30740
16.8801,30880
16.8859,30782
16.8913,30622
16.897,30793
16.9024,30751
16.908,30381
16.9135,30596
16.9192,30834
16.9248,30838
16.9303,30854
16.9359,31009
16.9413,30781
16.947,30615
16.9524,30664
16.9581,30857
16.9635,31021
16.9692,30797
16.9747,30770
16.9803,30765
16.9857,30315
16.9914,30504
16.9968,30502
17.0024,30602
17.0079,30928
17.0136,30630
17.0193,30961
17.0247,30591
17.0304,30618
17.0358,30704
17.0412,31057
17.0469,30944
17.0523,30744
17.058,30754
17.0636,30440
17.0691,30887
17.0748,30819
17.0801,30609
17.0859,30692
17.0915,30975
17.0969,30849
17.1026,30658
17.108,30790
17.1137,30807
17.1191,31093
17.1248,30890
17.1303,30900
17.1359,30353
17.1413,30639
17.147,30629
17.1524,30781
17.1581,30980
17.1635,30490
17.1692,30648
17.1746,30890
17.1803,30849
17.1857,30663
17.1914,31114
17.1968,30909
17.2025,31020
17.2079,30824
17.2136,30759
17.2192,30365
17.2247,30433
17.2301,30780
17.2357,30799
17.2415,30584
17.2468,30822
17.2525,31105
17.2579,30889
17.2636,30952
17.269,30755
17.2747,31050
17.2802,30855
17.2859,30652
17.2913,30830
17.2969,30686
17.3024,30450
17.3081,30956
17.3137,31045
17.3191,30742
17.3248,30500
17.3302,30777
17.3359,30912
17.3413,31090
17.347,31065
17.3524,30681
17.3581,30897
17.3635,30790
17.3692,30893
17.3749,30816
17.3803,30664
17.3857,30772
17.3913,30911
17.3971,30721
17.4024,30541
17.4081,30964
17.4135,30780
17.4192,31060
17.4246,30944
17.4303,30884
17.4357,30954
17.4414,30683
17.4471,30507
17.4524,30870
17.4582,30840
17.4636,30866
17.4693,31022
17.4747,30594
17.4803,30801
17.4858,30808
17.4913,30942
17.497,30884
17.5024,30911
17.5081,31011
17.5135,30909
17.5192,31015
17.5246,30512
17.5302,30757
17.5359,30730
17.5414,30806
17.547,30533
17.5525,30806
17.5581,31017
17.5635,30739
17.5692,30871
17.5746,30766
17.5803,31115
17.5857,30831
17.5914,30922
17.5968,30832
17.6025,30906
17.6081,30590
17.6136,31018
17.619,30720
17.6247,30717
17.6304,31159
17.6357,30943
17.6414,30943
17.6471,30885
17.6525,30906
17.6582,30738
17.6636,31024
17.6693,31044
17.6747,30762
17.6804,30939
17.6858,30728
17.6915,30980
17.6969,30786
17.7026,30958
17.7079,30880
17.7136,30552
17.7193,30859
17.7247,30981
17.7303,30749
17.7358,30928
17.7415,30798
17.7469,30861
17.7526,30781
17.758,30824
17.7636,30882
17.7693,30944
17.7747,31023
17.7804,30773
17.7858,31269
17.7914,30819
17.7971,30897
17.8025,30970
17.8081,30954
17.8136,31077
17.8192,31063
17.8246,31108
17.8304,30959
17.8357,30743
17.8414,30803
17.8468,30794
17.8526,30721
17.8582,30681
17.8636,30787
17.8693,31128
17.8747,30909
17.8804,30741
17.8858,30934
17.8915,30922
17.8969,31138
17.9026,30980
17.908,30959
17.9137,30795
17.9191,31102
17.9248,30796
17.9301,30829
17.9358,31003
17.9415,30923
17.9469,30887
17.9525,30812
17.958,30784
17.9636,30734
17.9693,31180
17.9747,31049
17.9802,30965
17.9857,30752
17.9914,30740
17.9971,30801
18.0025,30941
18.0079,30911
18.0135,30786
18.0192,30838
18.0246,31069
18.0303,30902
18.036,31358
18.0414,30857
18.0471,30948
18.0525,30990
18.0582,30887
18.0636,30826
18.0692,30800
18.0748,30977
18.0803,30923
18.0857,30689
18.0914,30820
18.097,30595
18.1027,30950
18.108,30748
18.1137,30928
18.1191,30926
18.1248,30755
18.1302,30872
18.1359,31076
18.1413,30881
18.147,30742
18.1524,30690
18.1581,30717
18.1635,30714
18.1692,31064
18.1746,30649
18.1803,30837
18.1859,31118
18.1914,31292
18.197,31191
18.2024,31099
18.2081,30960
18.2136,31118
18.2193,31031
18.2246,30715
18.2303,30705
18.2357,30828
18.2414,30802
18.2471,30551
18.2525,30865
18.2582,31038
18.2636,30888
18.2693,30918
18.2747,31177
18.2804,30717
18.2858,30944
18.2915,30930
18.2969,30850
18.3026,30637
18.3082,30883
18.3137,30775
18.3191,30960
18.3248,30701
18.3302,30699
18.3358,30782
18.3415,30835
18.3469,31076
18.3526,30941
18.358,30805
18.3637,30929
18.3692,31129
18.3746,30744
18.3803,30675
18.3859,30937
18.3914,30829
18.3968,30803
18.4024,31073
18.4082,30832
18.4135,30829
18.4192,31032
18.4249,30939
18.4303,30996
18.436,30723
18.4414,30888
18.4471,30921
18.4525,31174
18.4582,30793
18.4636,30980
18.4693,30941
18.4747,30920
18.4804,30654
18.4858,30749
18.4914,31048
18.4971,31123
18.5025,30852
18.5082,31135
18.5136,30978
18.5191,30872
18.5248,30733
18.5302,30929
18.5359,30951
18.5415,30950
18.547,30850
18.5524,31065
18.558,31009
18.5637,31014
18.5691,30638
18.5748,31080
18.5802,31097
18.5859,31080
18.5913,31079
18.597,31285
18.6024,31039
18.6081,31098
18.6135,30663
18.6192,30689
18.6249,31242
18.6303,30856
18.636,30765
18.6414,30820
18.6471,31013
18.6524,30831
18.6581,30984
18.6635,30825
18.6692,31023
18.6746,30906
18.6803,31079
18.6858,30764
18.6914,30809
18.6971,30941
18.7025,30961
18.7082,30874
18.7136,30939
18.7193,30960
18.7247,30732
18.7303,30808
18.7358,30832
18.7414,30765
18.7471,30808
18.7525,31022
18.7582,30971
18.7636,30986
18.7693,30777
18.7747,30983
18.7804,30811
18.7858,30807
18.7915,30769
18.7969,30722
18.8026,30743
18.808,30816
18.8136,30878
18.8193,30930
18.8247,31048
18.8304,30562
18.8358,30909
18.8413,30742
18.8469,31062
18.8526,30742
18.858,30926
18.8637,30761
18.8691,30977
18.8748,30852
18.8802,31272
18.8859,31044
18.8913,31019
18.897,30941
18.9024,31166
18.9081,30789
18.9135,31052
18.9192,30837
18.9249,30972
18.9303,30860
18.936,30951
18.9414,30892
18.947,30759
18.9525,31001
18.9582,30892
18.9635,30616
18.9692,30725
18.9749,30815
18.9803,30827
18.9857,31047
18.9914,30989
18.9969,30809
19.0025,30766
19.008,30571
19.0137,31083
19.0191,30914
19.0247,30848
19.0302,30766
19.0358,31090
19.0415,31019
19.0469,31166
19.0526,30792
19.058,31152
19.0637,30929
19.0692,31193
19.0749,30971
19.0802,31068
19.0859,30494
19.0913,30863
19.097,30873
19.1027,30859
19.1081,30766
19.1138,31052
19.1192,31218
19.1249,30800
19.1303,31081
19.136,30628
19.1414,31078
19.1471,30706
19.1525,30988
19.1582,30821
19.1636,30654
19.1693,30907
19.1746,30816
19.1803,30793
19.1857,31168
19.1914,31192
19.197,30852
19.2024,30955
19.2081,30967
19.2135,31035
19.2193,30718
19.2247,30951
19.2303,30913
19.2359,31034
19.2413,30496
19.247,30703
19.2524,30974
19.2581,31193
19.2635,31032
19.2692,31107
19.2748,31117
19.2803,30823
19.2859,30789
19.2916,31028
19.297,31335
19.3025,30731
19.3082,31051
19.3135,31061
19.3192,30958
19.3249,30759
19.3303,30929
19.336,30792
19.3414,31049
19.3471,30968
19.3525,30866
19.3582,31151
19.3636,30682
19.3693,31083
19.3747,30975
19.3804,30962
19.3858,30960
19.3915,30788
19.3969,30986
19.4026,30703
19.408,31166
19.4137,30864
19.4191,31148
19.4248,30852
19.4304,30959
19.4359,31017
19.4415,31247
19.447,31332
19.4526,30739
19.4581,31055
19.4638,31003
19.4691,30704
19.4748,31000
19.4802,31078
19.4859,30862
19.4913,31152
19.497,30880
19.5027,31202
19.508,31157
19.5137,31173
19.5193,31140
19.5248,31025
19.5305,31054
19.5358,31209
19.5415,31134
19.5469,31063
19.5526,30806
19.558,31008
19.5636,30971
19.5693,31164
19.5747,31124
19.5804,30986
19.5858,31103
19.5914,30803
19.5971,30950
19.6025,30822
19.6082,31007
19.6136,31213
19.6193,31072
19.6246,30879
19.6303,31040
19.6357,30854
19.6415,31280
19.6471,31072
19.6525,31088
19.6582,30751
19.6635,31358
19.6692,31170
19.6749,31091
19.6803,31090
19.686,30937
19.6915,31024
19.6969,30986
19.7025,30686
19.7082,30867
19.7136,30773
19.7193,31006
19.7247,30880
19.7304,30948
19.7358,30885
19.7415,31100
19.7469,30796
19.7525,31245
19.758,31431
19.7637,31161
19.7691,31066
19.7748,31140
19.7802,30862
19.7859,31020
19.7916,30620
19.797,30713
19.8027,30847
19.8081,30802
19.8137,30753
19.8191,31062
19.8248,31218
19.8302,30912
19.8359,31198
19.8413,31000
19.847,31132
19.8525,31074
19.8581,31201
19.8638,31115
19.8692,30907
19.8747,30713
19.8803,31089
19.886,30976
19.8914,31145
19.8971,31165
19.9025,31167
19.9082,30851
19.9136,31318
19.9193,30989
19.9248,31151
19.9305,31059
19.9359,30756
19.9415,30789
19.947,31195
19.9527,30791
19.958,30708
19.9637,30965
19.9691,31188
19.9748,30793
19.9802,31192
19.9859,31162
19.9913,30672
19.997,31091
20.0025,30902
20.0082,30870
20.0136,30877
20.0193,31201
20.0247,30921
20.0304,30974
20.0358,30940
20.0415,30843
20.0469,31179
20.0525,31056
20.058,31033
20.0636,31324
20.0693,30953
20.0748,30773
20.0802,31300
20.0859,30753
20.0913,31048
20.097,31132
20.1024,31168
20.1081,30898
20.1138,30790
20.1192,31294
20.1249,31108
20.1302,31299
20.1359,31010
20.1416,31165
20.147,31116
20.1525,30870
20.1582,30850
20.1636,31147
20.1693,30982
20.1747,31090
20.1804,30976
20.1858,30937
20.1914,30841
20.1969,30980
20.2025,31058
20.2082,31103
20.2136,30991
20.2193,31146
20.2247,31153
20.2304,30941
20.2358,31244
20.2416,31020
20.2469,31036
20.2526,31008
20.258,30881
20.2637,31274
20.2691,31171
20.2748,31114
20.2802,31070
20.2859,30831
20.2916,31138
20.297,30777
20.3026,31223
20.3081,31112
20.3138,31052
20.3192,31076
20.3249,30925
20.3303,31319
20.336,31094
20.3414,30963
20.3471,30787
20.3525,31176
20.3581,31269
20.3635,31439
20.3692,31031
20.3749,30985
20.3803,31087
20.3858,31177
20.3915,31022
20.3969,31139
20.4026,31017
20.4082,30848
20.4137,30907
20.4191,31159
20.4248,31128
20.4305,31252
20.4358,31068
20.4415,30848
20.4469,30913
20.4526,31262
20.458,31039
20.4637,31301
20.4692,31352
20.4749,31074
20.4803,30848
20.4859,31018
20.4914,30886
20.4971,30830
20.5025,31245
20.5082,30853
20.5136,31030
20.5192,31364
20.5249,31031
20.5303,31115
20.536,31041
20.5414,30904
20.5471,31261
20.5526,30964
20.5582,31235
20.5636,30825
20.5693,31007
20.5747,30943
20.5804,31231
20.5858,31002
20.5914,31249
20.5971,31129
20.6025,30789
20.6082,31099
20.6136,31032
20.6193,31040
20.6248,31311
20.6302,31255
20.6358,31014
20.6415,31153
20.6469,30702
20.6526,30956
20.658,31132
20.6637,31069
20.6694,31055
20.6747,31186
20.6805,31229
20.6858,30798
20.6916,30742
20.6969,31202
20.7026,31318
20.708,31430
20.7137,31187
20.7194,30962
20.7247,30895
20.7302,30941
20.7359,31168
20.7416,31073
20.747,30802
20.7525,31079
20.7582,31402
20.7636,31461
20.7693,30705
20.7748,31100
20.7802,31074
20.7859,30946
20.7916,31024
20.797,31022
20.8027,31118
20.8081,31146
20.8138,31125
20.8192,31122
20.8248,31182
20.8302,31285
20.8359,31508
20.8413,31051
20.847,30977
20.8524,31086
20.8581,31171
20.8636,31233
20.8693,31156
20.8746,30953
20.8803,30976
20.8857,31225
20.8914,31099
20.8971,31141
20.9025,31356
20.9082,31161
20.9136,30967
20.9193,31420
20.9247,30779
20.9304,31144
20.9358,31023
20.9415,31371
20.9469,30744
20.9526,31190
20.958,31102
20.9637,30987
20.9691,31139
20.9748,31360
20.9805,31100
20.9859,31151
20.9916,31368
20.9969,31207
21.0026,30987
21.0081,31311
21.0136,31248
21.0193,30719
21.0247,30993
21.0304,31152
21.0358,30686
21.0415,31297
21.0471,31337
21.0526,30972
21.0582,31265
21.0636,31097
21.0693,30909
21.0749,31198
21.0804,31022
21.0858,30983
21.0915,31279
21.097,31166
21.1026,31367
21.108,30995
21.1137,31072
21.1192,31172
21.1248,30846
21.1302,31244
21.1359,30382
21.1416,31114
21.147,31056
21.1527,30943
21.1581,31163
21.1638,30992
21.1692,30861
21.1747,31325
21.1803,31179
21.186,31039
21.1914,30664
21.1971,30773
21.2025,31183
21.2082,30993
21.2136,31084
21.2193,31336
21.2247,31150
21.2304,31244
21.2358,31101
21.2415,31183
21.2469,31084
21.2527,31171
21.258,31077
21.2637,30967
21.2691,31212
21.2748,31121
21.2802,31044
21.2859,31290
21.2915,31410
21.2969,31235
21.3024,30993
21.3081,31057
21.3138,31005
21.3192,31290
21.3249,31067
21.3304,31332
21.336,31045
21.3414,31027
21.3471,31141
21.3525,31180
21.358,30593
21.3637,31169
21.3691,31202
21.3748,31066
21.3802,31081
21.3859,31389
21.3913,31105
21.397,31143
21.4024,31066
21.4082,30893
21.4135,30966
21.4192,31125
21.4249,30913
21.4303,30888
21.436,31071
21.4414,31462
21.4471,31271
21.4524,30832
21.4582,31034
21.4638,31100
21.4692,31100
21.4749,31494
21.4803,31106
21.486,31227
21.4914,31151
21.4971,30759
21.5025,30921
21.5082,31166
21.5136,30837
21.5193,31242
21.5248,31005
21.5304,31364
21.5359,31078
21.5415,31205
21.5469,30885
21.5527,31002
21.5581,31103
21.5638,30940
21.5692,31160
21.5749,31014
21.5803,31137
21.586,30720
21.5914,30907
21.5971,31163
21.6025,31310
21.6081,30931
21.6136,30991
21.6192,31291
21.6247,31103
21.6304,31081
21.6358,31176
21.6415,30806
21.6469,31157
21.6526,31135
21.658,30794
21.6637,31160
21.6694,31011
21.6748,31070
21.6805,30891
21.6859,31095
21.6916,31268
21.6969,31183
21.7026,30952
21.7081,31114
21.7135,31379
21.7192,31085
21.7249,31031
21.7303,31224
21.736,30976
21.7415,31234
21.7471,30965
21.7526,31117
21.7583,30942
21.7636,31013
21.7693,31191
21.7747,31254
21.7804,31100
21.7858,31233
21.7916,31185
21.797,31144
21.8027,30837
21.808,30848
21.8137,31187
21.8192,31188
21.8248,31210
21.8303,31118
21.8359,31187
21.8416,31140
21.847,31120
21.8527,31170
21.8581,31076
21.8638,31189
21.8692,31187
21.8747,31117
21.8803,30818
21.886,31000
21.8914,31375
21.8971,31026
21.9025,31338
21.9082,30909
21.9136,31100
21.9193,31086
21.9247,30979
21.9304,31032
21.9358,30984
21.9415,31113
21.9469,31300
21.9527,31019
21.958,31039
21.9637,30703
21.9691,31128
21.9748,31200
21.9802,30994
21.9859,31085
21.9913,31138
21.997,30865
22.0024,31435
22.0081,31203
22.0136,31227
22.0193,30972
22.0247,30959
22.0304,31112
22.0358,31169
22.0415,30955
22.0469,31268
22.0526,31021
22.058,31373
22.0637,31048
22.0691,31319
22.0748,31143
22.0802,30861
22.0859,30959
22.0916,31433
22.097,31470
22.1025,31274
22.1082,31294
22.1136,30906
22.1193,30896
22.1247,31110
22.1304,31042
22.1358,31089
22.1415,31319
22.1469,31147
22.1525,31077
22.158,30910
22.1636,31249
22.1694,31198
22.1748,31419
22.1802,30878
22.1859,31108
22.1915,31180
22.1969,31141
22.2026,31179
22.2081,31436
22.2137,31387
22.2194,31221
22.2248,31169
22.2304,30862
22.2359,31170
22.2415,31197
22.2469,31158
22.2526,31345
22.2581,30804
22.2638,31180
22.2692,30890
22.2747,30982
22.2804,31339
22.2858,31127
22.2915,30988
22.2969,31420
22.3025,31229
22.3082,31100
22.3136,31388
22.3193,30987
22.3247,31102
22.3304,31236
22.3358,31443
22.3415,31388
22.3469,30861
22.3526,31237
22.358,31243
22.3637,30991
22.3694,30979
22.3748,31015
22.3805,31209
22.3858,30910
22.3916,31254
22.3969,31044
22.4026,31058
22.4081,30996
22.4138,31462
22.4192,31132
22.4249,31478
22.4303,31234
22.436,31102
22.4414,31070
22.4471,31026
22.4525,31125
22.4582,31124
22.4638,31108
22.4693,31185
22.4749,31185
22.4804,31147
22.4858,31179
22.4915,31087
22.497,31108
22.5026,31367
22.508,31082
22.5137,31093
22.5191,31117
22.5248,31002
22.5302,31268
22.5359,31156
22.5416,31232
22.547,30875
22.5527,31223
22.5582,31188
22.5636,30851
22.5693,31062
22.5747,30932
22.5804,31129
22.5858,31075
22.5915,31144
22.5969,31096
22.6026,31132
22.608,31098
22.6136,31005
22.6193,30835
22.6247,31287
22.6304,31471
22.6358,31340
22.6415,31035
22.6469,31258
22.6527,31065
22.658,31217
22.6637,31022
22.6691,30857
22.6748,31166
22.6805,30980
22.6859,31279
22.6916,31302
22.697,31189
22.7026,31187
22.708,31243
22.7137,31188
22.7191,31065
22.7248,31214
22.7303,31043
22.7359,31000
22.7416,30975
22.747,30852
22.7524,31259
22.7581,31008
22.7638,31194
22.7692,31201
22.7748,31167
22.7803,31096
22.7859,30930
22.7916,31146
22.797,30946
22.8025,30982
22.8082,31102
22.8138,30970
22.8192,31037
22.8249,30866
22.8304,31222
22.836,31032
22.8415,31013
22.8471,31355
22.8525,31119
22.8582,31310
22.8636,31334
22.8693,31140
22.8747,31251
22.8804,31340
22.8859,31515
22.8915,30868
22.8969,31039
22.9026,31302
22.908,31150
22.9137,31243
22.9191,30965
22.9248,31092
22.9304,31026
22.9359,31238
22.9415,30956
22.9469,31437
22.9526,31196
22.9581,31155
22.9638,30959
22.9691,31215
22.9748,31120
22.9802,30839
22.9859,30861
22.9916,31427
22.997,31343
23.0027,30864
23.0081,31081
23.0138,31109
23.0192,31116
23.0249,31125
23.0303,31428
23.036,31262
23.0414,31125
23.0471,31200
23.0525,30828
23.0582,30850
23.0636,31251
23.0692,30997
23.0747,31011
23.0803,31264
23.086,31211
23.0914,31247
23.0971,30996
23.1025,31299
23.1082,31355
23.1136,31151
23.1193,31561
23.1247,31156
23.1303,30955
23.136,31150
23.1415,31204
23.1471,31247
23.1525,31221
23.1582,31230
23.1636,31004
23.1693,31429
23.1749,31203
23.1804,31335
23.1858,31399
23.1915,31010
23.1969,31232
23.2026,31056
23.2083,31097
23.2137,31092
23.2194,31325
23.2248,30984
23.2305,30773
23.2358,31257
23.2415,31086
23.2469,31053
23.2526,31275
23.2583,31280
23.2637,31248
23.2691,30887
23.2748,31090
23.2805,31010
23.2859,31066
23.2916,31342
23.297,31334
23.3027,31120
23.3081,31170
23.3138,31486
23.3192,31222
23.3249,31160
23.3305,31286
23.3359,31155
23.3414,31559
23.3471,31122
23.3525,31362
23.3582,31342
23.3636,31272
23.3693,31348
23.3747,31100
23.3804,31247
23.3861,31313
23.3914,31476
23.3971,31380
23.4025,31339
23.4082,31301
23.4136,31445
23.4193,31193
23.4247,31175
23.4304,31008
23.4358,31158
23.4415,31094
23.4469,31188
23.4526,31102
23.4583,31331
23.4637,30918
23.4694,31273
23.4747,31533
23.4804,31226
23.4858,31169
23.4915,31572
23.497,31306
23.5027,31574
23.5081,31221
23.5138,31236
23.5192,31583
23.5249,31118
23.5303,31393
23.536,31030
23.5414,31397
23.5469,31309
23.5525,31223
23.5582,31507
23.5636,31319
23.5693,31124
23.5748,31094
23.5805,31528
23.5859,31474
23.5915,31228
23.5969,31260
23.6026,31256
23.6081,31348
23.6137,31119
23.6191,31313
23.6248,31425
23.6305,31502
23.6359,31185
23.6416,31129
23.647,31342
23.6527,31447
23.658,31587
23.6637,31619
23.6691,31344
23.6748,31174
23.6805,31467
23.6858,31496
23.6915,31507
23.6969,31487
23.7026,31294
23.7083,31241
23.7136,31191
23.7193,31192
23.7247,31553
23.7304,31481
23.7359,31365
23.7415,31388
23.7471,31244
23.7525,31142
23.7582,31163
23.7636,31287
23.7693,31374
23.7747,31401
23.7803,30951
23.786,31611
23.7914,31473
23.7971,31333
23.8025,31503
23.8082,31512
23.8136,30928
23.8193,31228
23.8247,31111
23.8303,31583
23.836,31156
23.8414,31308
23.8472,31479
23.8526,30994
23.8582,31600
23.8636,31250
23.8693,31332
23.8747,31531
23.8804,31129
23.8858,31409
23.8915,31583
23.8972,31382
23.9026,31196
23.9082,31434
23.9136,31327
23.9193,31525
23.9248,31253
23.9305,31379
23.9358,31354
23.9415,30834
23.9469,31300
23.9526,31195
23.958,31077
23.9637,31277
23.9694,31205
23.9748,30903
23.9805,31102
23.9858,31377
23.9916,30993
23.997,31193
24.0027,31300
24.0081,31190
24.0138,30963
24.0192,31174
24.0249,31348
24.0303,31245
24.036,31127
24.0414,31119
24.0471,31125
24.0525,31387
24.0581,31132
24.0638,31312
24.0692,30997
24.0749,31359
24.0804,31328
24.0861,31013
24.0914,31425
24.0971,31020
24.1025,31247
24.1082,30977
24.1136,31052
24.1193,31294
24.1247,31183
24.1304,31188
24.136,31290
24.1414,31099
24.1471,30945
24.1526,31193
24.158,31254
24.1637,31413
24.1694,30991
24.1748,31063
24.1802,31419
24.1858,30873
24.1915,30875
24.1969,31010
24.2026,31637
24.2083,31273
24.2137,31325
24.2193,31267
24.2248,31141
24.2305,31225
24.2359,30877
24.2416,31053
24.247,31257
24.2526,31168
24.2581,31155
24.2637,31061
24.2692,31466
24.2749,31017
24.2802,31231
24.2859,31277
24.2916,30884
24.297,31378
24.3026,31170
24.3081,31552
24.3138,31039
24.3192,31647
24.3249,31242
24.3302,31384
24.3359,31081
24.3416,30989
24.347,31537
24.3527,30989
24.3581,31310
24.3638,31200
24.3692,31455
24.3748,31136
24.3802,31048
24.386,31037
24.3914,31280
24.3971,30776
24.4025,31123
24.4081,31151
24.4136,31394
24.4192,31452
24.4249,31149
24.4304,31570
24.436,31266
24.4414,31318
24.4471,31153
24.4525,31380
24.4582,31131
24.4636,31528
24.4693,31301
24.4747,30939
24.4804,31212
24.4861,31099
24.4915,31231
24.4971,31296
24.5026,31027
24.508,31470
24.5137,31148
24.5194,31302
24.5248,31147
24.5304,30832
24.5358,31030
24.5415,30980
24.547,31094
24.5527,31471
24.558,31229
24.5637,31322
24.5694,31149
24.5748,30863
24.5805,31355
24.5859,31068
24.5916,30999
24.597,31186
24.6027,30964
24.608,31087
24.6137,31262
24.6191,31339
24.6248,31262
24.6303,31369
24.6359,31293
24.6416,31148
24.647,31271
24.6527,30856
24.6581,31341
24.6638,31231
24.6692,31320
24.6749,31318
24.6803,31378
24.6859,31130
24.6913,31034
24.697,30933
24.7027,30982
24.7081,31284
24.7138,31241
24.7192,31325
24.7249,31431
24.7303,30963
24.736,31160
24.7416,30996
24.747,31117
24.7527,30957
24.7581,30926
24.7638,31334
24.7692,31259
24.7749,30918
24.7803,30928
24.786,30778
24.7914,30765
24.797,31288
24.8025,31045
24.8081,30988
24.8135,31144
24.8192,31375
24.8249,31185
24.8303,31102
24.8359,31179
24.8416,30986
24.847,31051
24.8525,31036
24.8582,31223
24.8636,31016
24.8693,31257
24.8749,31282
24.8804,31053
24.886,31224
24.8915,31282
24.8972,31294
24.9025,31122
24.9082,31365
24.9136,31113
24.9193,31120
24.9247,31730
24.9304,31308
24.9358,31300
24.9415,31382
24.9469,30892
24.9526,31203
24.9583,30780
24.9636,31326
24.9691,31517
24.9748,31179
24.9804,31219
24.9859,31239
24.9915,31025
24.9972,31424
25.0026,31125
25.0081,31427
25.0138,31267
25.0192,31239
25.0249,31129
25.0302,31015
25.0359,31032
25.0416,31208
25.047,31563
25.0527,31125
25.0581,31398
25.0638,31249
25.0692,31172
25.0748,31545
25.0803,31149
25.086,31380
25.0914,31322
25.0971,31333
25.1025,31646
25.1081,31035
25.1136,30743
25.1192,31345
25.1249,31276
25.1304,31179
25.136,31230
25.1414,31394
25.1471,31064
25.1525,31123
25.1582,31467
25.1636,31342
25.1693,31018
25.1747,30824
25.1802,31116
25.1859,31535
25.1913,30912
25.197,31475
25.2027,31323
25.2081,31518
25.2137,31236
25.2191,31102
25.2248,31291
25.2305,31123
25.2359,31346
25.2416,30990
25.247,31336
25.2527,31272
25.2581,31370
25.2637,31413
25.2694,31106
25.2748,31139
25.2805,31191
25.2859,31561
25.2915,31288
25.2969,30842
25.3026,30984
25.3082,31022
25.3136,31094
25.3193,31140
25.3247,31243
25.3304,31355
25.3358,31216
25.3415,31280
25.3469,30953
25.3526,31204
25.3583,31125
25.3637,31373
25.3693,30867
25.3748,31433
25.3804,31118
25.3858,31002
25.3915,31033
25.3969,31144
25.4026,31169
25.4081,30783
25.4137,30985
25.4194,31453
25.4248,31270
25.4305,31039
25.4359,31232
25.4416,31255
25.447,31226
25.4527,31082
25.458,31215
25.4637,31227
25.4694,31219
25.4748,31126
25.4805,30920
25.4859,30989
25.4916,31226
25.497,31039
25.5027,31638
25.5081,31401
25.5138,30967
25.5192,31147
25.5249,31093
25.5303,31396
25.5359,31229
25.5416,31420
25.547,31048
25.5527,31311
25.5581,31145
25.5636,31219
25.5692,31240
25.5749,31191
25.5803,31252
25.586,31290
25.5914,31355
25.5971,30991
25.6028,31332
25.6082,31534
25.6138,31418
25.6192,31322
25.6249,31302
25.6304,31264
25.6361,31004
25.6415,31266
25.6472,31356
25.6525,31124
25.6582,31461
25.6636,31241
25.6693,31494
25.6748,31524
25.6804,31439
