Experiment: Feb_19_real_eric2_expt vial 5, Fri Feb 19 13:52:14 2021
0.0021,55132
0.0078,55113
0.0132,55116
0.0188,55140
0.0242,55132
0.0298,55130
0.0355,55129
0.0408,55129
0.0465,55129
0.0521,55127
0.0575,55136
0.0632,55110
0.0688,55107
0.0742,55131
0.0798,55094
0.0855,55121
0.0909,55142
0.0965,55135
0.1022,55131
0.1075,55135
0.1132,55131
0.1188,55138
0.1242,53323
0.1298,53361
0.1355,53302
0.1409,53308
0.1465,53301
0.1522,53319
0.1575,53275
0.1632,53323
0.1688,53341
0.1742,53272
0.1799,53378
0.1855,53373
0.1909,53307
0.1965,53375
0.2022,53364
0.2076,53241
0.2132,53297
0.2189,53280
0.2242,53323
0.2299,53247
0.2355,53305
0.2409,53221
0.2466,53219
0.2519,53276
0.2576,53278
0.2632,53196
0.2689,53151
0.2743,53264
0.2799,53198
0.2856,53227
0.2909,53235
0.2966,53053
0.302,53038
0.3076,53133
0.3133,53062
0.3187,53095
0.3243,53076
0.33,53038
0.3353,52182
0.341,52976
0.3466,53078
0.352,52897
0.3577,53036
0.3633,52995
0.3687,52989
0.3743,52924
0.38,52731
0.3853,52990
0.391,52810
0.3966,52966
0.402,52872
0.4077,52923
0.4131,52855
0.4187,52896
0.4244,52819
0.4298,52788
0.4354,52776
0.4411,52783
0.4464,52717
0.4521,52341
0.4577,52723
0.4631,52711
0.4688,52078
0.4744,52632
0.4798,52562
0.4854,52513
0.4911,52636
0.4964,52424
0.5021,52424
0.5077,52513
0.5131,52537
0.5188,52378
0.5242,52191
0.5299,52399
0.5355,52443
0.5409,52368
0.5466,52270
0.552,52324
0.5577,52239
0.5631,52257
0.5688,51940
0.5744,52208
0.5798,52151
0.5854,52160
0.5911,52127
0.5964,51937
0.6021,52085
0.6076,52100
0.6132,52073
0.6189,51886
0.6242,52016
0.6299,52004
0.6354,51939
0.641,51926
0.6464,51844
0.6521,51766
0.6577,51800
0.6631,51700
0.6688,51697
0.6745,51729
0.6798,51603
0.6855,51620
0.6909,51546
0.6965,51546
0.7022,51604
0.7076,51390
0.7132,51412
0.7188,51467
0.7242,51411
0.7299,51407
0.7355,51405
0.7409,51252
0.7465,51187
0.7522,51228
0.7576,51202
0.7632,51129
0.7689,50933
0.7742,50964
0.7799,51099
0.7853,50992
0.791,51002
0.7966,50870
0.802,50823
0.8077,50877
0.8133,50868
0.8187,50662
0.8243,50561
0.83,50652
0.8354,50738
0.841,50545
0.8467,50545
0.852,50354
0.8577,50526
0.8631,50461
0.8687,50348
0.8744,50365
0.88,50314
0.8854,50187
0.8911,50370
0.8964,50177
0.9021,50110
0.9078,50107
0.9131,50037
0.9188,50181
0.9244,49772
0.9298,49840
0.9355,49821
0.9411,49894
0.9465,49897
0.9521,49622
0.9578,49486
0.9631,49478
0.9688,49609
0.9744,49345
0.9798,49468
0.9855,49313
0.9909,49326
0.9965,49386
1.0022,49224
1.0076,49240
1.0132,49041
1.0189,49132
1.0243,49055
1.0299,48965
1.0356,48700
1.0409,48740
1.0466,48686
1.052,48641
1.0576,48685
1.0633,48476
1.0686,48508
1.0743,48557
1.08,48363
1.0853,48317
1.091,48410
1.0966,48389
1.102,48075
1.1077,48009
1.1133,48032
1.1187,47971
1.1244,47928
1.1298,48054
1.1354,47753
1.1411,47868
1.1465,47872
1.1521,47660
1.1578,47515
1.1632,47637
1.1688,47447
1.1742,47534
1.1798,47327
1.1855,47473
1.1909,47129
1.1965,47014
1.2022,46901
1.2075,47041
1.2132,47170
1.2188,46762
1.2242,46920
1.2299,46900
1.2355,46640
1.2409,46920
1.2466,46762
1.2522,46405
1.2576,46364
1.2633,46545
1.2687,46259
1.2743,46222
1.2797,46268
1.2854,46173
1.291,46118
1.2964,46110
1.3021,45935
1.3077,45871
1.3131,45554
1.3188,45914
1.3244,45800
1.3298,45564
1.3354,45923
1.3411,45602
1.3465,45270
1.3521,45162
1.3578,45165
1.3631,45216
1.3688,45064
1.3744,44980
1.3798,44989
1.3855,44778
1.3908,44974
1.3965,44548
1.4021,44769
1.4078,44943
1.4132,44666
1.4188,44336
1.4245,44729
1.4298,44418
1.4355,43964
1.4409,44098
1.4465,44024
1.4522,43891
1.4578,43748
1.4632,43819
1.4688,43252
1.4742,43591
1.4799,43693
1.4855,43392
1.4909,43370
1.4965,43319
1.5021,43359
1.5078,43056
1.5132,42767
1.5188,43208
1.5242,42991
1.5299,42951
1.5355,42886
1.5409,42899
1.5465,42674
1.5522,42624
1.5578,42683
1.5632,42549
1.5688,42315
1.5742,42257
1.5799,42302
1.5855,42318
1.5909,42216
1.5966,41882
1.6022,42232
1.6076,41777
1.6133,42046
1.6187,41824
1.6243,41943
1.6299,41752
1.6354,41545
1.641,41242
1.6467,41726
1.6521,41247
1.6577,40999
1.6634,40998
1.6688,40985
1.6744,40985
1.6798,40896
1.6855,40647
1.6909,40597
1.6966,40950
1.7022,40294
1.7076,40589
1.7132,40758
1.7186,40065
1.7243,40159
1.7299,40018
1.7356,40420
1.741,39724
1.7466,40050
1.752,39501
1.7577,39585
1.7633,40045
1.7687,39443
1.7744,39645
1.7797,39876
1.7854,39748
1.7911,39745
1.7965,39255
1.8021,39352
1.8078,39193
1.8132,38991
1.8188,38936
1.8245,39105
1.8298,38935
1.8355,38771
1.8409,39292
1.8466,38803
1.852,38692
1.8577,38334
1.8631,38723
1.8687,38817
1.8744,38635
1.8798,38450
1.8854,38259
1.8911,37674
1.8964,38109
1.9022,38240
1.9076,38619
1.9132,38597
1.9187,37795
1.9243,38099
1.93,38268
1.9354,38064
1.9411,37686
1.9465,38225
1.9522,38046
1.9576,37982
1.9632,38315
1.9686,37793
1.9743,37823
1.9797,37838
1.9854,37933
1.991,37989
1.9967,38061
2.0021,37930
2.0077,37646
2.0132,38170
2.0189,37336
2.0243,38048
2.03,37622
2.0354,37643
2.0411,37678
2.0465,37753
2.0522,37645
2.0576,37750
2.0633,37681
2.0687,38001
2.0744,37808
2.0798,37758
2.0854,37351
2.0909,37226
2.0966,37621
2.102,37195
2.1077,37394
2.1131,37216
2.1188,37616
2.1242,37621
2.1299,37031
2.1356,37176
2.141,37724
2.1466,37376
2.152,36890
2.1577,37083
2.1633,37260
2.1686,37191
2.1743,37431
2.18,37122
2.1854,37481
2.1911,36836
2.1965,36768
2.2021,37156
2.2078,36988
2.2132,36994
2.2189,37093
2.2243,37110
2.23,37261
2.2354,37258
2.2411,36860
2.2465,37171
2.2522,36561
2.2576,36563
2.2633,36649
2.2688,36721
2.2745,36454
2.2798,36570
2.2855,36435
2.2909,36744
2.2966,36631
2.302,37004
2.3077,36590
2.3131,36764
2.3187,36473
2.3242,36761
2.3299,36369
2.3356,36700
2.341,36809
2.3467,36970
2.3521,36587
2.3578,36386
2.3632,36144
2.3689,36415
2.3743,36493
2.38,36288
2.3854,36410
2.3911,36259
2.3965,36690
2.4022,36254
2.4076,36324
2.4133,36427
2.4187,35978
2.4244,36143
2.4299,36239
2.4355,36457
2.4409,36288
2.4466,36297
2.4521,36482
2.4577,36328
2.4631,35840
2.4688,36651
2.4744,36300
2.4798,36254
2.4853,36379
2.491,36148
2.4967,35965
2.5021,35688
2.5078,36083
2.5132,36025
2.5189,36026
2.5243,35917
2.53,36338
2.5354,36057
2.5411,35886
2.5465,36263
2.5521,36033
2.5576,35930
2.5633,35684
2.5687,36270
2.5744,36174
2.5798,35869
2.5855,36263
2.5909,35913
2.5966,36056
2.602,36049
2.6077,36012
2.6131,36275
2.6188,36355
2.6242,35731
2.6299,35645
2.6353,35779
2.641,35845
2.6464,35909
2.6521,35607
2.6578,36076
2.6632,36045
2.6689,35750
2.6743,35873
2.68,36062
2.6854,36411
2.6911,35824
2.6965,35914
2.7022,36055
2.7078,35626
2.7132,35794
2.7187,36105
2.7243,35268
2.7298,35526
2.7355,35301
2.7409,35713
2.7466,35418
2.752,35474
2.7577,35834
2.7633,35924
2.7687,36043
2.7744,35522
2.7798,35778
2.7854,35521
2.7909,35892
2.7966,35709
2.802,35398
2.8077,35567
2.8131,35836
2.8188,35742
2.8242,35673
2.8299,35481
2.8354,35618
2.8411,35765
2.8464,35853
2.8521,35233
2.8578,35661
2.8632,35614
2.8689,35377
2.8743,35634
2.88,35365
2.8855,35272
2.8909,35350
2.8966,35526
2.902,35539
2.9076,35305
2.9133,35251
2.9187,35546
2.9244,35702
2.9298,35328
2.9355,35607
2.9409,35164
2.9466,35704
2.952,35396
2.9577,35137
2.9631,35307
2.9689,35365
2.9743,35697
2.9799,35328
2.9853,35577
2.991,35208
2.9964,35462
3.0021,35758
3.0075,35586
3.0132,35346
3.0188,35645
3.0243,35240
3.03,35395
3.0354,35063
3.0411,35132
3.0465,35179
3.052,35074
3.0576,35416
3.0633,35028
3.0687,35231
3.0744,35397
3.0798,35496
3.0855,35416
3.0909,35261
3.0966,35153
3.102,35416
3.1077,35312
3.1131,35507
3.1188,35273
3.1242,35496
3.1299,35319
3.1353,35212
3.141,35315
3.1467,35663
3.1521,35588
3.1578,35062
3.1632,35280
3.1689,35182
3.1742,35349
3.1799,35396
3.1854,35316
3.1911,35296
3.1965,35367
3.2022,35272
3.2076,35247
3.2133,35445
3.2187,35369
3.2244,35184
3.2298,35262
3.2354,35383
3.2411,35127
3.2465,35087
3.2522,35426
3.2576,35539
3.2633,35206
3.2688,35436
3.2742,35117
3.2799,35359
3.2853,35119
3.291,35220
3.2966,35308
3.3021,35455
3.3078,35114
3.3132,35408
3.3187,35116
3.3243,35371
3.33,35257
3.3354,35435
3.3409,35399
3.3465,35389
3.3522,35334
3.3576,35469
3.3633,35275
3.3687,35437
3.3743,35387
3.38,35713
3.3855,35081
3.3911,35328
3.3965,35312
3.4021,35132
3.4078,35397
3.4132,35279
3.4186,35575
3.4243,35746
3.43,35443
3.4354,35556
3.4411,35619
3.4465,35049
3.4521,35417
3.4578,35706
3.4632,35484
3.4689,35739
3.4743,35387
3.48,35528
3.4854,35387
3.4911,35662
3.4965,35774
3.5022,35359
3.5076,35097
3.5133,35099
3.5188,35477
3.5244,35378
3.5298,35330
3.5355,35563
3.5409,35334
3.5466,35228
3.5523,35004
3.5576,35214
3.5633,35319
3.5687,35256
3.5744,35464
3.5799,35398
3.5856,35638
3.591,35306
3.5964,35053
3.6021,35359
3.6077,35363
3.6132,35319
3.6189,35253
3.6243,35256
3.63,35314
3.6354,35426
3.641,35421
3.6467,35332
3.6522,35240
3.6576,35421
3.6633,35197
3.6687,35459
3.6745,35075
3.6798,35316
3.6855,35384
3.6909,35475
3.6966,35578
3.7023,35639
3.7077,35287
3.7134,35478
3.7187,35150
3.7244,35631
3.7298,35196
3.7355,35181
3.741,35454
3.7467,35525
3.7521,35454
3.7578,35234
3.7634,35201
3.7689,35431
3.7743,35589
3.78,35430
3.7854,35285
3.7911,35373
3.7967,35201
3.8021,35096
3.8076,34835
3.8133,35172
3.8187,35130
3.8244,35286
3.8298,35332
3.8355,35586
3.8412,35028
3.8466,35583
3.852,35529
3.8577,35165
3.8634,35470
3.8688,35118
3.8744,35110
3.8799,35330
3.8856,35243
3.891,35013
3.8965,35045
3.9022,35159
3.9076,35103
3.9132,35119
3.9189,35227
3.9243,35170
3.93,35119
3.9354,35244
3.9411,35199
3.9467,35102
3.9521,34888
3.9578,35103
3.9632,35128
3.9689,35053
3.9744,35134
3.9801,35167
3.9855,34971
3.9912,34700
3.9965,35472
4.0022,35472
4.0077,34798
4.0133,35280
4.0188,35143
4.0244,35214
4.0301,35473
4.0355,35160
4.0412,34932
4.0466,34950
4.0523,35188
4.0577,35194
4.0631,35147
4.0688,35038
4.0745,34903
4.0799,35392
4.0856,35096
4.091,35119
4.0967,34913
4.1023,35043
4.1077,34983
4.1131,35354
4.1188,34967
4.1245,35200
4.13,35063
4.1354,35059
4.1411,34947
4.1465,34998
4.1521,34927
4.1578,35221
4.1633,35246
4.1689,35125
4.1744,35082
4.18,35110
4.1854,35319
4.1911,35273
4.1968,35048
4.2022,34863
4.2079,34969
4.2133,35342
4.2187,34776
4.2244,35231
4.2301,35141
4.2355,34835
4.2412,35203
4.2466,35194
4.2523,34944
4.2576,34683
4.2633,35069
4.2687,35071
4.2744,35064
4.2799,35437
4.2856,35109
4.291,35373
4.2967,34776
4.3021,35334
4.3077,35138
4.3131,35230
4.3188,35190
4.3245,34727
4.3299,35140
4.3356,35174
4.341,34940
4.3467,35041
4.3521,34746
4.3578,34818
4.3633,35224
4.369,35185
4.3744,34858
4.38,34910
4.3854,35097
4.3911,34952
4.3966,35278
4.4022,35017
4.4076,35135
4.4133,34769
4.4189,34848
4.4244,35475
4.4301,34925
4.4355,35004
4.4412,35089
4.4466,34719
4.4523,35023
4.4577,35254
4.4634,34680
4.4688,35012
4.4745,34791
4.4799,34882
4.4856,35047
4.491,35042
4.4966,34967
4.502,34719
4.5078,35103
4.5132,35153
4.5189,35056
4.5243,34772
4.53,35246
4.5354,34996
4.5411,35205
4.5465,35394
4.5522,35004
4.5578,35176
4.5633,34806
4.5689,34877
4.5743,34763
4.58,35062
4.5854,35070
4.5909,35272
4.5966,35140
4.6021,34997
4.6078,34846
4.6132,35079
4.6187,34886
4.6245,34977
4.6299,34974
4.6356,35216
4.641,34708
4.6466,34889
4.6523,34870
4.6577,35229
4.6634,35149
4.6688,35349
4.6743,35328
4.68,34744
4.6857,34918
4.6911,35197
4.6967,35349
4.7022,34956
4.7079,34892
4.7132,35037
4.7189,34680
4.7243,34894
4.73,34591
4.7354,34967
4.7411,35086
4.7466,34925
4.7523,34989
4.7577,35074
4.7634,34721
4.7688,35096
4.7744,34738
4.7799,34833
4.7856,34590
4.7912,34723
4.7967,34874
4.8023,34925
4.8077,34981
4.8134,34938
4.8188,35137
4.8245,34712
4.8299,34636
4.8356,34903
4.8411,34745
4.8467,34832
4.8521,35026
4.8578,35199
4.8632,34991
4.8689,35053
4.8743,35078
4.88,34749
4.8856,35114
4.891,34829
4.8965,35118
4.9022,34715
4.9076,34709
4.9133,34968
4.919,34808
4.9244,34629
4.93,34957
4.9354,34571
4.9412,34793
4.9465,34753
4.9522,34904
4.9576,34691
4.9633,34824
4.9687,34685
4.9744,34450
4.9798,34608
4.9855,34667
4.991,34599
4.9967,34683
5.0021,34686
5.0077,34864
5.0134,35022
5.0189,34894
5.0245,34882
5.0299,34790
5.0356,34870
5.041,34928
5.0467,34289
5.0521,34467
5.0578,34524
5.0632,34510
5.0689,34760
5.0743,34953
5.08,34782
5.0856,34581
5.0911,34919
5.0968,34908
5.1022,34535
5.1079,34734
5.1133,34729
5.1189,34357
5.1244,34752
5.1301,34631
5.1355,34809
5.1412,35088
5.1467,34868
5.1524,34694
5.1577,35047
5.1634,34875
5.1688,34645
5.1745,34785
5.1799,34678
5.1856,34820
5.191,34488
5.1966,34728
5.2023,34805
5.2077,34963
5.2132,34745
5.2189,34680
5.2243,34702
5.23,34894
5.2354,34843
5.2411,34706
5.2468,34550
5.2522,34616
5.2579,34879
5.2633,34681
5.2689,34441
5.2743,34810
5.28,34687
5.2855,34816
5.2912,34571
5.2966,34686
5.3023,34973
5.3077,34454
5.3134,34825
5.3188,35088
5.3245,34773
5.3299,34668
5.3355,34556
5.3412,34815
5.3466,34549
5.3523,34734
5.3577,34553
5.3634,34590
5.3688,34956
5.3745,34601
5.3799,34744
5.3856,34786
5.391,34935
5.3967,34763
5.4021,34683
5.4078,34744
5.4134,34656
5.4188,34505
5.4245,34826
5.4299,34749
5.4356,34586
5.441,34625
5.4468,34939
5.4522,34930
5.4576,34867
5.4633,35235
5.469,34806
5.4744,34778
5.4798,35097
5.4855,34853
5.4912,34910
5.4966,34401
5.5023,34655
5.5077,34925
5.5134,34516
5.5188,34604
5.5245,34528
5.5299,35058
5.5356,34901
5.541,34846
5.5467,34898
5.5523,34446
5.5578,34514
5.5635,34465
5.5689,34691
5.5746,34557
5.5799,34647
5.5856,34633
5.5911,34640
5.5968,35059
5.6022,34834
5.6076,34897
5.6134,34942
5.6188,34692
5.6245,34525
5.6301,34804
5.6355,34777
5.6412,34632
5.6466,34598
5.6523,34860
5.6577,34543
5.6634,35118
5.6688,34648
5.6745,34811
5.6799,34313
5.6856,34493
5.691,34490
5.6967,34528
5.7021,34858
5.7077,34532
5.7132,34712
5.7189,34565
5.7245,34356
5.73,34271
5.7356,34671
5.741,34507
5.7467,34533
5.7521,34699
5.7578,34720
5.7633,34713
5.769,34466
5.7744,34558
5.7801,34714
5.7854,34543
5.7911,34864
5.7968,34224
5.8022,34513
5.8079,34643
5.8133,34893
5.8189,34764
5.8244,34524
5.8301,34423
5.8355,34402
5.8412,34471
5.8466,34629
5.8523,34491
5.8577,34826
5.8633,34482
5.8688,34791
5.8744,34807
5.8801,34510
5.8855,34489
5.8912,34492
5.8965,34284
5.9022,34792
5.9077,34462
5.9134,34401
5.9188,34432
5.9245,34428
5.9299,34831
5.9356,34803
5.9409,34389
5.9467,34706
5.9521,34609
5.9578,34571
5.9635,34217
5.9688,34554
5.9745,34532
5.9799,34483
5.9856,34420
5.9911,34482
5.9968,34641
6.0022,34220
6.0076,34545
6.0133,34541
6.0189,34541
6.0244,34426
6.0299,34474
6.0355,34541
6.0412,34731
6.0466,34419
6.0523,34850
6.0577,34713
6.0634,34715
6.0689,34429
6.0746,34439
6.08,34670
6.0854,34833
6.0911,34960
6.0967,34881
6.1022,34543
6.1079,34534
6.1132,34697
6.1189,34607
6.1246,34637
6.13,34620
6.1357,34501
6.1411,34351
6.1468,34805
6.1522,34590
6.1579,34158
6.1633,34878
6.169,34575
6.1744,34581
6.1801,34723
6.1855,34663
6.1911,34440
6.1965,34642
6.2022,34538
6.2079,34851
6.2133,34331
6.219,34416
6.2244,34493
6.2299,34509
6.2356,34334
6.241,34688
6.2467,34848
6.2523,34789
6.2578,34716
6.2632,34707
6.2688,34692
6.2743,34786
6.2799,34126
6.2856,34668
6.291,34366
6.2967,34253
6.3021,34672
6.3079,34853
6.3133,34515
6.319,34642
6.3244,34345
6.33,34427
6.3354,34704
6.3411,34494
6.3468,34410
6.3522,34884
6.3579,34611
6.3633,34218
6.369,34888
6.3745,34372
6.3799,34570
6.3856,34178
6.391,34595
6.3967,34393
6.4024,34753
6.4078,34493
6.4135,34562
6.4189,34559
6.4246,34644
6.43,34534
6.4357,34948
6.441,34728
6.4468,34649
6.4522,34259
6.4579,34104
6.4633,34708
6.469,34537
6.4744,34398
6.4801,34104
6.4855,34601
6.4912,34386
6.4966,34675
6.5023,34410
6.5077,34594
6.5134,34632
6.519,34557
6.5244,34802
6.5301,34581
6.5356,34550
6.5413,34393
6.5467,34484
6.5524,34526
6.5577,34440
6.5634,34961
6.5688,34605
6.5745,34152
6.5799,34696
6.5856,34129
6.5909,34607
6.5966,34263
6.6023,34660
6.6077,34021
6.6134,34332
6.6189,34501
6.6246,34501
6.63,34472
6.6356,34468
6.641,34483
6.6467,34205
6.6521,34530
6.6578,34513
6.6632,34293
6.6689,34694
6.6745,34791
6.6799,34782
6.6856,34347
6.6911,34611
6.6968,34326
6.7022,34428
6.7079,34321
6.7133,34393
6.7189,34247
6.7244,34287
6.7301,34527
6.7354,34324
6.7411,34269
6.7465,34145
6.7522,34635
6.7579,34031
6.7633,34038
6.7687,34593
6.7744,34246
6.7801,34821
6.7855,34570
6.7912,34439
6.7966,34467
6.8023,34527
6.8077,34527
6.8134,34133
6.8188,34485
6.8244,34263
6.8301,34339
6.8355,34188
6.8412,34289
6.8466,34387
6.8523,34484
6.8578,34365
6.8632,34381
6.8688,34484
6.8745,34441
6.8799,34646
6.8856,34603
6.8913,34147
6.8967,34071
6.9023,34424
6.9077,34307
6.9134,34625
6.9189,34633
6.9246,34269
6.93,34594
6.9357,34188
6.9411,34435
6.9468,34187
6.9521,34171
6.9578,34537
6.9632,34163
6.9689,34528
6.9743,34117
6.98,34616
6.9856,34363
6.991,34293
6.9967,34365
7.0021,34399
7.0078,34426
7.0133,34478
7.019,34389
7.0246,34141
7.03,34444
7.0357,34281
7.0411,34462
7.0467,34170
7.0522,34110
7.0578,34117
7.0632,34309
7.0689,34350
7.0744,34532
7.0801,34344
7.0855,34340
7.0912,34678
7.0966,34580
7.1022,34154
7.1079,34558
7.1134,33947
7.1188,34125
7.1244,34595
7.1299,34650
7.1355,34381
7.1412,34040
7.1466,34267
7.1523,34502
7.1577,34415
7.1634,34250
7.1688,34412
7.1745,34600
7.1799,34404
7.1855,34558
7.191,34061
7.1967,34264
7.2023,33966
7.2078,34521
7.2134,34397
7.2188,34288
7.2245,34305
7.2299,34372
7.2356,34401
7.2411,34311
7.2468,34090
7.2522,34161
7.2578,34629
7.2635,34217
7.2689,34009
7.2743,34282
7.28,34226
7.2857,33848
7.2911,34109
7.2967,34422
7.302,34412
7.3078,34309
7.3135,34229
7.3189,34394
7.3243,34418
7.3299,34003
7.3355,33947
7.3412,34400
7.3466,34022
7.3523,33948
7.3577,34086
7.3634,34058
7.3688,34194
7.3744,34069
7.3801,34257
7.3855,34169
7.3912,34280
7.3966,34529
7.4023,34175
7.4078,34364
7.4133,34016
7.419,34255
7.4244,34059
7.4301,34489
7.4355,33942
7.4411,34365
7.4468,34176
7.4522,34185
7.4579,34090
7.4633,34046
7.469,34163
7.4743,34049
7.48,34017
7.4855,34300
7.4911,34223
7.4968,34379
7.5022,34094
7.5079,34636
7.5133,34246
7.519,34335
7.5244,34238
7.53,34312
7.5355,34083
7.5412,34040
7.5466,33948
7.5523,34203
7.5577,33953
7.5634,34410
7.5688,33911
7.5744,34149
7.5799,34242
7.5856,33828
7.5912,34166
7.5967,34250
7.6023,34207
7.6077,33907
7.6134,34313
7.6189,34223
7.6246,34652
7.63,34308
7.6357,33800
7.6411,34022
7.6468,34342
7.6521,34193
7.6578,33848
7.6632,34321
7.6689,34366
7.6746,33976
7.6799,34042
7.6856,34168
7.691,33851
7.6967,34089
7.7022,33988
7.7078,34175
7.7133,34108
7.719,33828
7.7243,34103
7.73,34127
7.7354,34111
7.7411,34232
7.7468,34089
7.7522,34238
7.7578,34001
7.7635,33911
7.7689,34114
7.7746,34017
7.78,34213
7.7854,33995
7.7911,34230
7.7965,34095
7.8022,34048
7.8078,34143
7.8133,34131
7.819,34410
7.8244,34127
7.8301,34215
7.8357,34114
7.8411,34118
7.8468,33647
7.8522,34146
7.8579,34180
7.8634,34351
7.8688,33639
7.8745,33737
7.8801,34303
7.8855,34308
7.8912,34012
7.8967,34069
7.9023,34222
7.9078,34060
7.9134,33944
7.9188,34310
7.9245,34224
7.9299,34102
7.9356,34514
7.941,34294
7.9467,34351
7.9521,34142
7.9578,33963
7.9635,33704
7.9689,34104
7.9743,33790
7.98,34187
7.9857,33982
7.991,34283
7.9967,34405
8.0078,34295
8.0135,34073
8.0188,33796
8.0245,34249
8.0299,34416
8.0356,34083
8.0412,34027
8.0466,34214
8.0521,33849
8.0577,34338
8.0634,34500
8.0691,34176
8.0744,34076
8.0802,33984
8.0855,33897
8.0912,34090
8.0967,34113
8.1024,34330
8.1078,34032
8.1135,34211
8.1188,34116
8.1245,34529
8.13,33989
8.1356,33785
8.1411,33654
8.1467,33784
8.1524,33857
8.1578,34242
8.1634,34042
8.1689,34053
8.1746,33929
8.18,34390
8.1857,34009
8.1911,34332
8.1967,34575
8.2021,34265
8.2079,34143
8.2135,34324
8.2189,34226
8.2246,33878
8.2299,34264
8.2356,34251
8.241,33739
8.2467,34396
8.2521,33992
8.2578,34240
8.2632,33962
8.2689,34172
8.2745,34238
8.2799,34446
8.2856,33981
8.291,33868
8.2967,33974
8.3024,33948
8.3078,33820
8.3135,34140
8.3189,34229
8.3246,33990
8.33,34104
8.3357,34324
8.3411,34097
8.3468,33827
8.3522,34010
8.3579,34032
8.3633,34014
8.369,33943
8.3744,33871
8.38,33881
8.3855,33552
8.3912,33894
8.3968,34164
8.4022,33968
8.4079,33897
8.4134,34182
8.4188,33613
8.4245,34009
8.4301,33768
8.4355,33903
8.4413,34185
8.4466,33724
8.4523,33985
8.4577,34203
8.4634,34403
8.4688,34134
8.4745,34169
8.4802,34043
8.4856,33748
8.4913,34312
8.4967,33927
8.5024,33785
8.5077,34139
8.5134,33994
8.5189,33864
8.5245,33644
8.5299,33799
8.5356,34050
8.5413,33823
8.5467,33887
8.5523,33898
8.5578,33994
8.5635,34179
8.5689,33894
8.5746,33972
8.5799,34070
8.5856,34144
8.591,34238
8.5967,33854
8.6024,34030
8.6078,34022
8.6134,34017
8.6188,33836
8.6245,33944
8.6302,33892
8.6356,33896
8.6413,33907
8.6467,34116
8.6522,33955
8.6578,34103
8.6635,34298
8.6689,34210
8.6746,33764
8.68,34224
8.6857,33829
8.6911,33988
8.6967,33641
8.7022,34157
8.7078,33765
8.7135,34223
8.7189,33732
8.7244,33753
8.7301,33889
8.7357,34005
8.7411,33957
8.7468,33750
8.7522,33844
8.7579,34003
8.7633,33878
8.7688,33663
8.7745,33809
8.7799,33990
8.7856,33855
8.7913,33704
8.7966,34197
8.8023,33654
8.8078,33703
8.8134,34016
8.8191,34059
8.8243,34150
8.8301,33837
8.8357,33847
8.8412,34082
8.8468,33690
8.8522,33545
8.8579,34124
8.8635,33740
8.869,33957
8.8744,33795
8.88,34342
8.8857,34087
8.8911,34449
8.8967,33820
8.9021,33762
8.9078,33443
8.9135,33815
8.9189,34270
8.9245,33611
8.9302,33706
8.9356,33798
8.9413,33790
8.9467,34050
8.9524,34165
8.9578,34176
8.9634,34360
8.9688,34132
8.9745,34234
8.9802,33997
8.9856,33909
8.9912,34096
8.9966,33894
9.008,34111
9.0134,33317
9.019,33930
9.0244,33938
9.0301,33766
9.0355,33871
9.0412,33718
9.0466,34116
9.0523,34298
9.0577,33891
9.0634,33479
9.0688,33988
9.0745,33755
9.0802,33841
9.0856,34064
9.0913,33967
9.0966,34018
9.1023,33830
9.1078,34071
9.1135,33871
9.1189,34231
9.1245,34240
9.1302,33443
9.1356,33796
9.1411,34021
9.1467,33831
9.1524,33755
9.1578,33603
9.1635,34114
9.1689,33723
9.1746,33525
9.18,34229
9.1857,33743
9.1911,33434
9.1968,33810
9.2022,33619
9.2079,33941
9.2133,33663
9.219,33689
9.2244,33404
9.2301,33556
9.2357,33759
9.2411,34046
9.2468,33996
9.2522,33540
9.2579,33551
9.2633,33558
9.2691,33861
9.2745,34129
9.2801,33930
9.2855,33786
9.2912,33985
9.2967,34227
9.3023,33659
9.3077,33772
9.3134,33788
9.3191,33213
9.3245,33644
9.3301,33958
9.3356,33986
9.3412,33888
9.3467,34135
9.3523,34082
9.3577,33931
9.3634,34217
9.3691,33481
9.3745,34234
9.3802,34032
9.3856,33942
9.3913,33837
9.3966,33971
9.4023,33804
9.4077,34039
9.4134,34030
9.4189,33925
9.4246,33908
9.43,33816
9.4356,33910
9.4413,34015
9.4467,33549
9.4524,34194
9.4578,33354
9.4635,33698
9.4689,33669
9.4745,33836
9.4799,34080
9.4856,33488
9.4913,34049
9.4967,33449
9.5022,33621
9.5079,33852
9.5135,34152
9.5189,33624
9.5246,33847
9.53,33578
9.5357,33579
9.5411,34046
9.5468,34120
9.5524,34168
9.5578,34024
9.5635,33814
9.5689,33468
9.5746,33860
9.5801,34184
9.5858,33933
9.5912,34162
9.5968,33904
9.6023,33636
9.608,33685
9.6133,33821
9.619,33949
9.6244,34026
9.6301,33518
9.6355,33384
9.6412,34075
9.6468,33317
9.6523,33440
9.6577,34236
9.6634,33665
9.6691,33937
9.6744,33916
9.6802,34003
9.6856,33890
9.6913,33962
9.6967,34032
9.7023,33751
9.708,33528
9.7134,33764
9.7191,33777
9.7245,33928
9.7302,33593
9.7356,34035
9.7413,33575
9.7467,34101
9.7523,33773
9.7578,33891
9.7635,33769
9.7688,34081
9.7746,33700
9.7802,33767
9.7856,33571
9.791,33934
9.7967,34167
9.8024,33602
9.8078,33748
9.8135,33864
9.819,33627
9.8246,33713
9.83,33598
9.8357,33794
9.8411,33748
9.8468,33776
9.8522,33155
9.8578,33362
9.8635,33373
9.8689,33855
9.8746,33489
9.88,34050
9.8858,34244
9.8912,33998
9.8969,34011
9.9023,33853
9.9079,34057
9.9134,33977
9.9191,33143
9.9245,34029
9.9302,33796
9.9355,33734
9.9412,34114
9.9466,33863
9.9523,33568
9.958,33893
9.9634,33680
9.9688,33638
9.9745,33806
9.9802,33961
9.9856,33898
9.9913,33948
9.9967,33409
10.0023,33417
10.0078,33966
10.0135,33810
10.0191,33682
10.0245,33944
10.0302,33759
10.0356,34049
10.0413,33852
10.0467,34023
10.0524,33761
10.0578,33659
10.0635,33671
10.0689,33795
10.0746,33632
10.08,34039
10.0856,33594
10.0913,33393
10.0967,33579
10.1024,33656
10.1078,33963
10.1135,34184
10.1189,33818
10.1246,33502
10.13,33558
10.1357,34110
10.1411,33676
10.1468,34004
10.1522,33722
10.1579,33575
10.1633,33798
10.169,33328
10.1746,33832
10.1801,33588
10.1857,33658
10.1911,33708
10.1968,33474
10.2023,33889
10.208,33360
10.2133,33351
10.219,33723
10.2244,33591
10.2301,33963
10.2358,33695
10.2412,33536
10.2469,33654
10.2522,33601
10.2579,33646
10.2633,33614
10.269,33647
10.2744,33648
10.2802,33654
10.2856,33879
10.2912,33638
10.2966,33987
10.3023,33835
10.3078,33412
10.3134,34166
10.3188,33798
10.3245,33447
10.3301,33732
10.3356,33623
10.3412,33720
10.3466,33655
10.3523,33588
10.3578,33949
10.3635,34008
10.3691,33787
10.3744,33700
10.3801,34043
10.3856,33872
10.3912,33566
10.3966,33772
10.4022,33953
10.4079,33915
10.4133,33606
10.419,33831
10.4244,33977
10.4301,33994
10.4358,33969
10.4412,33935
10.4469,33780
10.4523,33986
10.4579,33530
10.4633,33562
10.469,33933
10.4744,33763
10.4801,33475
10.4857,33461
10.4911,33884
10.4968,34077
10.5022,33770
10.5079,33557
10.5134,33586
10.5191,33666
10.5244,33501
10.5301,33651
10.5355,33497
10.5413,33383
10.5466,33255
10.5523,33752
10.558,33903
10.5634,33494
10.5691,33278
10.5744,33627
10.5801,33880
10.5856,33520
10.5913,33830
10.5967,33710
10.6024,33733
10.608,33668
10.6135,33747
10.6189,33234
10.6245,33846
10.6302,33373
10.6356,33380
10.6413,33488
10.6467,33553
10.6524,33595
10.6578,33761
10.6635,33854
10.6689,33345
10.6746,33707
10.68,33299
10.6857,33641
10.6911,33620
10.6968,33249
10.7022,33118
10.7079,33661
10.7135,33443
10.7189,33331
10.7246,33531
10.73,33901
10.7357,33521
10.7411,33617
10.7468,33866
10.7522,33455
10.7579,33581
10.7636,33820
10.769,33502
10.7744,33464
10.7801,33649
10.7855,33190
10.7912,34079
10.7968,33918
10.8022,33489
10.8079,33575
10.8133,33639
10.819,33301
10.8244,33686
10.8301,33556
10.8358,33769
10.8412,33488
10.8469,33647
10.8523,33228
10.8579,33467
10.8634,33431
10.869,33482
10.8747,33713
10.8801,33841
10.8858,33541
10.8912,33677
10.8966,33807
10.9023,33612
10.9078,33546
10.9134,33532
10.9191,33600
10.9245,33245
10.9302,33749
10.9356,33346
10.9413,33684
10.9466,33413
10.9523,33513
10.958,33722
10.9634,33142
10.9691,33574
10.9745,33212
10.9802,33715
10.9856,33569
10.9913,33850
10.9967,33856
11.0024,33376
11.0078,33241
11.0134,33321
11.0189,34096
11.0245,33682
11.0302,33991
11.0356,33505
11.0413,33778
11.0467,33650
11.0524,33711
11.0578,33914
11.0635,33988
11.0689,33887
11.0746,34001
11.08,33723
11.0857,33461
11.0911,34018
11.0968,33633
11.1022,33575
11.1078,33828
11.1133,33591
11.1189,33404
11.1246,33666
11.1301,33715
11.1358,33529
11.1412,33290
11.1468,33425
11.1522,33881
11.1579,33545
11.1634,33525
11.169,33232
11.1744,33436
11.1801,33548
11.1858,33571
11.1912,33323
11.1969,33314
11.2023,33777
11.208,33763
11.2134,33882
11.2191,33829
11.2245,33520
11.2302,33735
11.2356,33118
11.2413,33490
11.2466,33185
11.2523,33591
11.258,33138
11.2634,33705
11.269,33829
11.2747,33672
11.2801,33765
11.2858,33843
11.2912,33659
11.2967,33813
11.3023,33662
11.308,33439
11.3134,33762
11.3191,33828
11.3245,33507
11.3302,33605
11.3356,33578
11.3412,33622
11.3466,33731
11.3523,33747
11.3577,33800
11.3634,33613
11.3689,33498
11.3746,33477
11.38,33272
11.3856,34293
11.3913,33553
11.3967,33163
11.4024,33617
11.4078,33232
11.4135,33246
11.4189,33683
11.4246,33469
11.4302,33456
11.4357,33551
11.4411,33807
11.4468,33213
11.4522,33941
11.4579,33664
11.4635,33241
11.469,33471
11.4747,33648
11.48,33175
11.4858,33295
11.4912,33356
11.4968,33818
11.5022,33015
11.5079,33496
11.5133,33891
11.519,33544
11.5244,33493
11.5301,33500
11.5358,33403
11.5412,33323
11.5469,33695
11.5523,33296
11.5579,33185
11.5634,33301
11.569,33596
11.5747,33203
11.5801,33541
11.5858,33228
11.5912,33743
11.5966,33576
11.6023,33122
11.6078,33544
11.6134,33296
11.6191,33043
11.6245,33321
11.6302,33603
11.6356,33314
11.6413,33495
11.6467,33769
11.6523,33441
11.658,33150
11.6634,33751
11.6691,33374
11.6745,33560
11.6802,33840
11.6856,33334
11.6913,33485
11.6967,33670
11.7024,33452
11.7078,33443
11.7135,33557
11.7189,33426
11.7245,33290
11.7302,33471
11.7357,33145
11.7413,33281
11.7467,33694
11.7521,33692
11.7579,33568
11.7636,33778
11.769,33567
11.7746,33518
11.78,33481
11.7856,33422
11.7912,33273
11.7966,33784
11.8023,33426
11.8079,33664
11.8134,33393
11.819,33632
11.8244,33980
11.8301,33672
11.8356,33981
11.8411,33590
11.8468,33630
11.8524,33543
11.8578,33997
11.8635,33536
11.8689,33496
11.8746,33583
11.88,33186
11.8856,33291
11.8914,33638
11.8967,33641
11.9024,33247
11.9079,33872
11.9136,33464
11.919,33633
11.9246,33108
11.9302,33336
11.9357,33238
11.9414,33569
11.9468,33418
11.9524,33699
11.9578,32936
11.9634,33642
11.9689,33649
11.9745,33260
11.9802,33337
11.9856,32850
11.9914,33678
11.9968,33716
12.0024,33388
12.0078,33739
12.0135,33079
12.019,33171
12.0247,33398
12.0301,33266
12.0357,33456
12.0411,33595
12.0468,33369
12.0525,33480
12.0579,33649
12.0633,33948
12.069,33539
12.0745,33371
12.0801,33518
12.0858,33391
12.0912,33504
12.0969,33191
12.1023,33275
12.108,33284
12.1133,33405
12.119,33304
12.1244,33544
12.1301,33650
12.1358,33280
12.1412,33728
12.1466,33357
12.1523,33382
12.158,33674
12.1634,33376
12.1691,33422
12.1745,33581
12.1802,33419
12.1856,33313
12.1912,33290
12.1969,33153
12.2023,33110
12.208,33252
12.2134,33088
12.2191,33477
12.2245,33375
12.2303,33340
12.2356,33254
12.2413,33120
12.2467,33019
12.2524,33704
12.2578,33264
12.2635,33151
12.2689,33379
12.2746,33274
12.28,33612
12.2857,33377
12.2911,33340
12.2968,33526
12.3022,33189
12.3079,33360
12.3133,33276
12.319,33266
12.3244,33140
12.3301,33692
12.3358,33025
12.3412,33274
12.3469,33367
12.3523,32999
12.3579,33478
12.3636,33310
12.369,33394
12.3747,33227
12.3802,33317
12.3856,33471
12.3912,33655
12.3969,33284
12.4023,33317
12.408,33244
12.4134,33642
12.4191,33501
12.4245,32870
12.4302,33090
12.4356,33563
12.4412,33271
12.4467,33370
12.4524,33365
12.4578,33567
12.4635,32960
12.4691,33444
12.4745,33737
12.4802,33004
12.4857,33077
12.4913,33413
12.4967,33070
12.5024,33368
12.5081,33267
12.5135,33739
12.5191,33255
12.5245,33221
12.5302,33530
12.5357,33271
12.5414,33239
12.5467,33256
12.5524,33646
12.5578,33478
12.5635,33118
12.5689,33127
12.5746,32897
12.58,33248
12.5856,33546
12.5911,33564
12.5967,33374
12.6024,33526
12.6079,33331
12.6136,33162
12.619,33155
12.6247,33363
12.6301,33459
12.6358,33392
12.6412,33248
12.6469,32882
12.6523,33175
12.658,33232
12.6633,33069
12.669,33364
12.6747,33217
12.6801,33376
12.6856,33189
12.6913,33193
12.6967,33319
12.7024,33114
12.708,33832
12.7135,33202
12.7189,33459
12.7245,33383
12.7303,33277
12.7356,33258
12.7413,33158
12.7467,33537
12.7524,33367
12.7578,33462
12.7635,33404
12.7689,33205
12.7746,33370
12.7803,33454
12.7857,33224
12.7914,33074
12.7968,33396
12.8025,33398
12.8079,33722
12.8136,33593
12.8189,33289
12.8246,33444
12.8303,33435
12.8357,33033
12.8411,33537
12.8468,33480
12.8522,33484
12.8579,33528
12.8635,33153
12.8689,33472
12.8746,33426
12.8803,33185
12.8857,33182
12.8914,33219
12.8968,33744
12.9025,33680
12.9078,32953
12.9135,33645
12.9188,33034
12.9245,33192
12.9302,33286
12.9359,33776
12.9412,33010
12.9469,33531
12.9523,33232
12.958,33434
12.9634,33460
12.9691,33557
12.9745,33217
12.9802,33333
12.9858,32952
12.9912,32937
12.9966,33418
13.0023,33330
13.0078,33420
13.0135,33400
13.0191,33442
13.0245,33043
13.0302,33337
13.0356,33462
13.0413,33378
13.047,33369
13.0523,33167
13.058,33203
13.0634,33049
13.0691,33460
13.0744,33299
13.0801,33147
13.0858,33358
13.0912,33826
13.0969,33396
13.1023,33121
13.108,33350
13.1134,32865
13.119,33102
13.1247,33176
13.13,33749
13.1357,33625
13.1411,33456
13.1468,33276
13.1522,33456
13.1579,33187
13.1636,32901
13.169,33527
13.1745,33477
13.1802,33255
13.1856,33273
13.1912,32980
13.1967,33563
13.2023,33727
13.2078,33199
13.2135,33352
13.2189,33719
13.2245,33623
13.23,33184
13.2356,33753
13.2412,33260
13.2467,33281
13.2523,33530
13.2578,33273
13.2634,33557
13.269,33419
13.2745,33404
13.2801,33116
13.2856,33348
13.2912,33209
13.2967,33143
13.3023,33303
13.3078,33149
13.3134,33422
13.319,33193
13.3246,33285
13.3301,33591
13.3357,33098
13.3412,33579
13.3468,33116
13.3523,33115
13.3579,33353
13.3634,33358
13.369,33153
13.3746,33469
13.3801,33445
13.3856,33015
13.3912,33559
13.3968,33523
13.4024,33742
13.4079,33400
13.4135,33140
13.419,32925
13.4246,33332
13.43,33551
13.4357,33231
13.4413,33073
13.4468,33419
13.4524,33707
13.4578,32913
13.4635,33426
13.4691,33752
13.4745,33215
13.4802,33813
13.4857,33403
13.4913,33491
13.4967,33371
13.5024,33181
13.508,33367
13.5134,33502
13.519,33339
13.5247,33294
13.5301,33272
13.5358,33008
13.5412,33350
13.5469,33384
13.5523,33284
13.558,33265
13.5634,33443
13.5691,33324
13.5745,33570
13.5802,33624
13.5856,32931
13.5912,33642
13.5969,33212
13.6024,33417
13.608,33780
13.6134,33324
13.6189,33745
13.6246,33037
13.6303,33313
13.6357,33216
13.6414,33224
13.6468,33390
13.6525,33547
13.6578,33502
13.6636,33408
13.669,33508
13.6746,33417
13.6803,33426
13.6857,33582
13.6914,32955
13.6968,33645
13.7025,33547
13.7079,33733
13.7136,33188
13.719,33453
13.7247,33133
13.7301,33300
13.7358,33753
13.7412,33155
13.7468,33086
13.7525,33528
13.7579,33195
13.7636,32944
13.769,33381
13.7747,33305
13.7801,33523
13.7858,33071
13.7912,33569
13.7969,33580
13.8023,33254
13.808,33186
13.8134,33609
13.8191,33339
13.8248,33443
13.8302,33170
13.8359,33642
13.8412,33128
13.847,33480
13.8524,32804
13.8581,33237
13.8635,33355
13.8691,33721
13.8745,33362
13.8802,33178
13.8856,33317
13.8913,33189
13.8967,33152
13.9024,33685
13.908,33325
13.9135,33490
13.9191,33434
13.9245,33521
13.9302,33387
13.9357,33165
13.9414,33328
13.9468,33816
13.9524,33177
13.9581,33251
13.9635,33128
13.9692,32994
13.9746,33426
13.9803,33022
13.9856,33646
13.9913,32785
13.9967,33622
14.0024,33342
14.0079,33219
14.0136,33746
14.019,33331
14.0247,33803
14.0303,33345
14.0358,33436
14.0412,33089
14.0468,33341
14.0523,33282
14.0579,33184
14.0636,33309
14.069,33383
14.0747,32986
14.0801,33653
14.0858,33121
14.0913,33046
14.097,33661
14.1023,33026
14.108,33242
14.1134,33659
14.1191,32833
14.1245,32987
14.1302,33167
14.1359,33428
14.1413,33697
14.147,33296
14.1523,33639
14.158,33397
14.1635,33455
14.1692,33299
14.1746,33278
14.1803,33477
14.1857,33158
14.1914,33371
14.1968,33142
14.2025,33052
14.2079,33404
14.2135,33358
14.2192,33164
14.2247,33023
14.2303,33468
14.2357,32954
14.2414,33459
14.2468,33369
14.2525,33471
14.2579,33579
14.2635,33172
14.269,33137
14.2747,33355
14.2803,33391
14.2857,33317
14.2914,33676
14.2968,33707
14.3025,33397
14.3079,33423
14.3136,33277
14.319,32943
14.3247,33090
14.3302,33296
14.3359,33628
14.3412,33526
14.3469,33194
14.3524,33320
14.358,33833
14.3634,32698
14.3691,33609
14.3747,33451
14.3802,33323
14.3858,33180
14.3913,33411
14.397,33451
14.4024,33602
14.4081,33394
14.4135,33322
14.4192,33096
14.4246,33334
14.4303,33411
14.4357,33153
14.4414,33441
14.4468,33172
14.4525,33342
14.4579,33225
14.4635,33664
14.469,33354
14.4747,33590
14.4801,33533
14.4858,33930
14.4912,33499
14.4969,33319
14.5023,33517
14.508,33249
14.5137,33472
14.5191,33341
14.5247,33175
14.5301,33361
14.5358,32946
14.5412,33369
14.5469,33690
14.5523,33359
14.558,33657
14.5635,33205
14.5691,32862
14.5748,33332
14.5802,33455
14.5856,33223
14.5913,33306
14.597,33044
14.6024,33159
14.608,33428
14.6135,32917
14.6191,33407
14.6245,33269
14.6302,32966
14.6357,33469
14.6414,32999
14.6468,33723
14.6524,33722
14.6581,33139
14.6635,33048
14.6692,33151
14.6746,33211
14.6803,33166
14.6857,33550
14.6914,33487
14.6968,33405
14.7025,33340
14.7079,33747
14.7136,33150
14.719,33502
14.7246,33438
14.7303,33879
14.7357,33615
14.7414,33103
14.7468,33367
14.7525,33354
14.7579,33413
14.7636,33513
14.769,33474
14.7746,33129
14.7803,33241
14.7858,33737
14.7915,33379
14.7969,33391
14.8025,33154
14.8078,33316
14.8135,33090
14.819,33643
14.8246,33465
14.8303,33361
14.8356,33569
14.8413,33139
14.847,33319
14.8524,33356
14.8581,33511
14.8635,33382
14.8692,33140
14.8746,33713
14.8803,33485
14.8856,33237
14.8913,33216
14.8968,33234
14.9024,33166
14.9078,33352
14.9134,33255
14.9191,33375
14.9248,33216
14.9302,33191
14.9359,33525
14.9413,33530
14.947,33336
14.9524,33751
14.958,33081
14.9634,33307
14.9691,33112
14.9748,33250
14.9802,33761
14.9858,32985
14.9912,33287
14.9969,32837
15.0023,32915
15.008,33671
15.0134,32929
15.0191,33517
15.0246,33547
15.0303,33560
15.0359,33597
15.0413,33560
15.047,33367
15.0524,33656
15.0581,33383
15.0635,33394
15.0692,33358
15.0746,33308
15.0803,33555
15.0857,33600
15.0914,33206
15.0968,33050
15.1025,33332
15.1079,33275
15.1136,33518
15.119,33472
15.1247,33507
15.1301,33425
15.1358,33262
15.1412,33249
15.1469,33543
15.1525,33315
15.1579,33777
15.1636,33414
15.169,33374
15.1747,33414
15.1802,33431
15.1859,33210
15.1912,33492
15.1969,33128
15.2023,33063
15.208,32915
15.2137,33273
15.2191,33324
15.2248,33697
15.2302,33562
15.2359,33466
15.2413,33104
15.2469,33400
15.2524,33429
15.2581,33134
15.2635,33196
15.2692,33670
15.2748,33622
15.2802,33441
15.2857,33178
15.2913,33217
15.2968,33558
15.3024,33143
15.3081,33444
15.3135,33394
15.3192,33035
15.3246,33372
15.3303,33297
15.3357,33504
15.3414,33733
15.3468,33304
15.3525,33479
15.3579,33394
15.3636,33673
15.3693,33553
15.3747,33221
15.3803,33551
15.3857,33092
15.3914,33379
15.3968,32989
15.4025,33120
15.4079,33185
15.4136,33499
15.419,33607
15.4247,33582
15.4303,33570
15.4358,33189
15.4412,33351
15.4469,33495
15.4526,32794
15.4579,33541
15.4636,33515
15.469,33688
15.4747,33585
15.4802,33636
15.4859,33265
15.4913,33000
15.4967,33105
15.5024,33657
15.5081,33869
15.5135,33460
15.5192,33322
15.5246,32771
15.5303,33533
15.5359,33090
15.5413,33200
15.547,33208
15.5524,33301
15.5581,33614
15.5635,33242
15.5692,33080
15.5746,33547
15.5803,33529
15.5857,33246
15.5914,33446
15.5968,33659
15.6024,33157
15.6081,33443
15.6135,33434
15.6192,33097
15.6246,33147
15.6303,33487
15.6357,33614
15.6414,33540
15.6468,33072
15.6525,33559
15.6579,33562
15.6636,33514
15.669,33409
15.6747,33508
15.6801,33282
15.6858,33397
15.6914,33205
15.6968,33242
15.7025,33209
15.7079,33446
15.7136,33522
15.719,33381
15.7247,33234
15.7301,33324
15.7358,33859
15.7414,33309
15.7469,33058
15.7526,33355
15.758,33050
15.7637,33657
15.769,33358
15.7747,33335
15.7801,33423
15.7858,33299
15.7912,33141
15.7969,33285
15.8023,33748
15.808,33719
15.8134,33496
15.8191,33337
15.8248,33235
15.8302,33172
15.8358,33456
15.8413,33511
15.8469,33387
15.8523,33439
15.858,33479
15.8637,33946
15.8691,33698
15.8746,33442
15.8803,33298
15.8857,33567
15.8913,33199
15.897,33349
15.9024,33084
15.9081,33023
15.9135,33059
15.9192,33064
15.9245,33171
15.9302,33519
15.9356,33421
15.9413,33199
15.947,33341
15.9524,33317
15.9578,33491
15.9635,33746
15.9692,33300
15.9746,33440
15.9803,33158
15.9857,33262
15.9914,33870
15.9968,33508
16.0025,33001
16.0079,33218
16.0136,33604
16.0192,33090
16.0247,33445
16.0304,33312
16.0358,33276
16.0412,33156
16.0469,33306
16.0525,33180
16.058,33438
16.0637,32959
16.069,33288
16.0748,33071
16.0801,33487
16.0858,33545
16.0912,33266
16.0969,33361
16.1023,33044
16.108,33250
16.1135,33137
16.1192,33273
16.1246,33185
16.1302,33341
16.1356,33368
16.1414,33062
16.147,33298
16.1525,33084
16.1581,33385
16.1635,33206
16.1692,33490
16.1746,33708
16.1803,33144
16.1857,33588
16.1914,33705
16.1968,33181
16.2025,33295
16.2081,33432
16.2134,33185
16.2191,33240
16.2245,33384
16.2302,33598
16.2359,33432
16.2412,33391
16.2469,33678
16.2523,33161
16.258,33043
16.2635,33301
16.2691,33371
16.2745,33330
16.2801,33698
16.2858,33916
16.2912,33085
16.2969,32987
16.3025,33326
16.3079,33096
16.3136,33256
16.3193,33397
16.3247,33293
16.3303,33169
16.3358,33436
16.3415,33464
16.3469,33614
16.3525,33182
16.3579,33358
16.3635,33282
16.3692,32839
16.3747,33504
16.3803,33272
16.3857,33497
16.3914,33518
16.3968,33505
16.4025,33134
16.4081,33297
16.4136,33337
16.4193,33400
16.4247,33192
16.4301,33283
16.4358,33523
16.4415,33650
16.4469,33214
16.4526,33123
16.458,33590
16.4634,33388
16.4691,33379
16.4747,33666
16.4802,33546
16.4858,33548
16.4912,33372
16.4969,33486
16.5023,33326
16.5081,33440
16.5137,33578
16.5191,33436
16.5248,33623
16.5302,33168
16.5359,33638
16.5413,33451
16.5469,33418
16.5525,33536
16.558,33436
16.5636,33488
16.5691,33612
16.5745,33142
16.5802,33323
16.5856,33563
16.5913,33574
16.597,33177
16.6024,33621
16.6081,33116
16.6135,33405
16.6192,33327
16.6246,33093
16.6302,33066
16.6357,33111
16.6413,33253
16.647,33196
16.6525,33171
16.6579,33427
16.6636,32829
16.6693,33519
16.6747,33784
16.6804,33495
16.6858,33205
16.6915,33383
16.6969,33156
16.7023,33275
16.708,33548
16.7137,33603
16.7191,33206
16.7248,33856
16.7301,33423
16.7358,33463
16.7412,33513
16.7469,33478
16.7526,33665
16.758,33495
16.7634,33326
16.7692,33470
16.7746,33854
16.7803,33036
16.7857,33477
16.7914,33229
16.7968,33796
16.8025,33543
16.8079,33248
16.8136,33752
16.819,33026
16.8247,33557
16.8304,33383
16.8358,33730
16.8412,33062
16.8469,33267
16.8526,33373
16.858,33588
16.8636,33361
16.8691,33624
16.8747,32868
16.8801,33359
16.8859,33123
16.8913,33126
16.897,33575
16.9024,33587
16.908,33397
16.9135,33007
16.9192,33110
16.9248,33231
16.9303,33826
16.9359,33543
16.9413,33503
16.947,33402
16.9524,33274
16.9581,33347
16.9635,33428
16.9692,33234
16.9747,33801
16.9803,33347
16.9857,33552
16.9914,33581
16.9968,33596
17.0024,33703
17.0079,33488
17.0136,33555
17.0193,33213
17.0247,33224
17.0304,33833
17.0358,33482
17.0412,33818
17.0469,33346
17.0523,33222
17.058,33059
17.0636,33064
17.0691,33753
17.0748,33438
17.0801,32882
17.0859,33185
17.0915,33285
17.0969,33661
17.1026,33590
17.108,33400
17.1137,33241
17.1191,33574
17.1248,33519
17.1303,33328
17.1359,33577
17.1413,33247
17.147,33589
17.1524,33081
17.1581,33321
17.1635,32866
17.1692,33021
17.1746,33029
17.1803,32962
17.1857,33500
17.1914,33543
17.1968,33445
17.2025,33486
17.2079,33116
17.2136,33473
17.2192,33209
17.2247,33289
17.2301,33601
17.2357,33440
17.2415,33271
17.2468,33144
17.2525,33553
17.2579,33309
17.2636,33187
17.269,33654
17.2747,33672
17.2802,32918
17.2859,33236
17.2913,33727
17.2969,32983
17.3024,33385
17.3081,33300
17.3137,33578
17.3191,33468
17.3248,33690
17.3302,33130
17.3359,33475
17.3413,33325
17.347,33349
17.3524,33299
17.3581,33319
17.3635,33478
17.3692,33619
17.3749,32899
17.3803,33766
17.3857,32920
17.3913,32982
17.3971,33185
17.4024,33157
17.4081,33425
17.4135,33734
17.4192,32995
17.4246,33393
17.4303,33632
17.4357,33356
17.4414,33308
17.4471,33340
17.4524,33696
17.4582,33644
17.4636,33649
17.4693,33400
17.4747,33516
17.4803,33375
17.4858,33741
17.4913,33630
17.497,33403
17.5024,33559
17.5081,33533
17.5135,33522
17.5192,33264
17.5246,33739
17.5302,33551
17.5359,33342
17.5414,33165
17.547,33453
17.5525,33545
17.5581,33129
17.5635,33387
17.5692,33692
17.5746,33255
17.5803,33616
17.5857,33606
17.5914,33552
17.5968,33842
17.6025,33636
17.6081,33434
17.6136,33522
17.619,33096
17.6247,33306
17.6304,33426
17.6357,33349
17.6414,33249
17.6471,33584
17.6525,33223
17.6582,33530
17.6636,33416
17.6693,33385
17.6747,33468
17.6804,33096
17.6858,33836
17.6915,33592
17.6969,33192
17.7026,33023
17.7079,33415
17.7136,33215
17.7193,33748
17.7247,33187
17.7303,33713
17.7358,33487
17.7415,33117
17.7469,33656
17.7526,33643
17.758,34047
17.7636,33303
17.7693,33224
17.7747,33417
17.7804,33324
17.7858,33230
17.7914,33359
17.7971,33958
17.8025,33457
17.8081,33300
17.8136,33701
17.8192,33602
17.8246,33765
17.8304,33506
17.8357,33276
17.8414,33547
17.8468,33600
17.8526,33334
17.8582,33154
17.8636,33283
17.8693,33487
17.8747,33186
17.8804,33301
17.8858,33468
17.8915,33229
17.8969,33467
17.9026,33812
17.908,33353
17.9137,33399
17.9191,33346
17.9248,33219
17.9301,33389
17.9358,33374
17.9415,33227
17.9469,33367
17.9525,33530
17.958,33418
17.9636,33242
17.9693,33607
17.9747,33607
17.9802,33096
17.9857,33672
17.9914,33214
17.9971,33637
18.0025,33515
18.0079,33342
18.0135,33547
18.0192,33571
18.0246,33484
18.0303,33495
18.036,33791
18.0414,33524
18.0471,33410
18.0525,33363
18.0582,33481
18.0636,33440
18.0692,33305
18.0748,33696
18.0803,33740
18.0857,33260
18.0914,33169
18.097,33404
18.1027,33560
18.108,33689
18.1137,33777
18.1191,33293
18.1248,33781
18.1302,33250
18.1359,33436
18.1413,33345
18.147,33377
18.1524,33906
18.1581,33457
18.1635,33573
18.1692,33646
18.1746,33908
18.1803,33171
18.1859,33386
18.1914,33708
18.197,33847
18.2024,33532
18.2081,33536
18.2136,33578
18.2193,33622
18.2246,33908
18.2303,33507
18.2357,33640
18.2414,33552
18.2471,33683
18.2525,33124
18.2582,33127
18.2636,33453
18.2693,33729
18.2747,33560
18.2804,33803
18.2858,33255
18.2915,33250
18.2969,33867
18.3026,33575
18.3082,33770
18.3137,33450
18.3191,33375
18.3248,33112
18.3302,33530
18.3358,33060
18.3415,33232
18.3469,33669
18.3526,33791
18.358,33674
18.3637,33268
18.3692,33348
18.3746,33711
18.3803,33716
18.3859,33452
18.3914,33778
18.3968,33778
18.4024,33519
18.4082,33319
18.4135,33642
18.4192,33411
18.4249,33560
18.4303,33665
18.436,33376
18.4414,33560
18.4471,33628
18.4525,33350
18.4582,33542
18.4636,33815
18.4693,33778
18.4747,33268
18.4804,33480
18.4858,33587
18.4914,33263
18.4971,33174
18.5025,33522
18.5082,33517
18.5136,33899
18.5191,33512
18.5248,33579
18.5302,33815
18.5359,33588
18.5415,33688
18.547,33685
18.5524,33569
18.558,33659
18.5637,33485
18.5691,33511
18.5748,33563
18.5802,33739
18.5859,33367
18.5913,33393
18.597,33619
18.6024,33701
18.6081,33516
18.6135,33578
18.6192,33721
18.6249,33581
18.6303,33667
18.636,33995
18.6414,33531
18.6471,33598
18.6524,33509
18.6581,33979
18.6635,33188
18.6692,33789
18.6746,33611
18.6803,33596
18.6858,33413
18.6914,33804
18.6971,33886
18.7025,33628
18.7082,33277
18.7136,33855
18.7193,33570
18.7247,33586
18.7303,33776
18.7358,33608
18.7414,33426
18.7471,33698
18.7525,33706
18.7582,33600
18.7636,33283
18.7693,33762
18.7747,33577
18.7804,33576
18.7858,33054
18.7915,33475
18.7969,33145
18.8026,33466
18.808,33499
18.8136,33438
18.8193,33924
18.8247,33311
18.8304,33358
18.8358,34030
18.8413,33245
18.8469,33546
18.8526,33629
18.858,33541
18.8637,33235
18.8691,33608
18.8748,33706
18.8802,33586
18.8859,33504
18.8913,33182
18.897,33411
18.9024,33773
18.9081,33431
18.9135,33747
18.9192,33618
18.9249,33611
18.9303,33321
18.936,33280
18.9414,33350
18.947,33638
18.9525,33379
18.9582,33468
18.9635,33539
18.9692,33550
18.9749,33372
18.9803,33423
18.9857,33280
18.9914,33488
18.9969,33754
19.0025,33446
19.008,33474
19.0137,33723
19.0191,33713
19.0247,33040
19.0302,33566
19.0358,33795
19.0415,33617
19.0469,33339
19.0526,33625
19.058,33823
19.0637,33591
19.0692,34007
19.0749,33518
19.0802,33593
19.0859,33639
19.0913,33483
19.097,32831
19.1027,33317
19.1081,33989
19.1138,33222
19.1192,33864
19.1249,33552
19.1303,33054
19.136,33585
19.1414,33368
19.1471,33340
19.1525,33775
19.1582,33472
19.1636,33708
19.1693,33287
19.1746,33327
19.1803,33672
19.1857,33608
19.1914,33379
19.197,33820
19.2024,33385
19.2081,33771
19.2135,33685
19.2193,33309
19.2247,33307
19.2303,34022
19.2359,33704
19.2413,33762
19.247,33608
19.2524,33151
19.2581,33547
19.2635,33716
19.2692,33537
19.2748,33397
19.2803,33757
19.2859,33500
19.2916,33584
19.297,33454
19.3025,33728
19.3082,33703
19.3135,33835
19.3192,34099
19.3249,33620
19.3303,33657
19.336,33936
19.3414,33645
19.3471,33181
19.3525,33355
19.3582,33760
19.3636,33492
19.3693,33655
19.3747,33238
19.3804,33886
19.3858,33272
19.3915,33796
19.3969,33722
19.4026,33783
19.408,33858
19.4137,33512
19.4191,33307
19.4248,33787
19.4304,33601
19.4359,33705
19.4415,33329
19.447,33740
19.4526,33871
19.4581,33641
19.4638,33373
19.4691,33589
19.4748,33510
19.4802,33293
19.4859,33856
19.4913,33566
19.497,33896
19.5027,33621
19.508,33503
19.5137,33550
19.5193,34011
19.5248,33735
19.5305,33991
19.5358,33567
19.5415,33940
19.5469,33436
19.5526,34067
19.558,33625
19.5636,33578
19.5693,33797
19.5747,33781
19.5804,33227
19.5858,33285
19.5914,33722
19.5971,33797
19.6025,33428
19.6082,33312
19.6136,33711
19.6193,33475
19.6246,33620
19.6303,33803
19.6357,33692
19.6415,33487
19.6471,33771
19.6525,33649
19.6582,33467
19.6635,33463
19.6692,34125
19.6749,33246
19.6803,33828
19.686,33251
19.6915,33893
19.6969,33983
19.7025,33802
19.7082,33170
19.7136,33776
19.7193,33351
19.7247,33646
19.7304,33600
19.7358,33587
19.7415,33652
19.7469,33410
19.7525,33405
19.758,33491
19.7637,33905
19.7691,33382
19.7748,33621
19.7802,33281
19.7859,33337
19.7916,33278
19.797,33642
19.8027,33690
19.8081,33827
19.8137,33770
19.8191,33855
19.8248,33610
19.8302,33615
19.8359,33678
19.8413,33996
19.847,33794
19.8525,34001
19.8581,33656
19.8638,33403
19.8692,33552
19.8747,33708
19.8803,33486
19.886,33294
19.8914,33922
19.8971,33679
19.9025,33551
19.9082,33655
19.9136,33732
19.9193,33683
19.9248,33637
19.9305,33214
19.9359,33290
19.9415,33377
19.947,33604
19.9527,33730
19.958,33752
19.9637,33377
19.9691,33504
19.9748,33129
19.9802,33232
19.9859,33844
19.9913,33717
19.997,34121
20.0025,33636
20.0082,33501
20.0136,33789
20.0193,33819
20.0247,33688
20.0304,33639
20.0358,33523
20.0415,33599
20.0469,33625
20.0525,33494
20.058,33791
20.0636,33605
20.0693,33742
20.0748,33944
20.0802,33861
20.0859,34067
20.0913,33643
20.097,34011
20.1024,33955
20.1081,33395
20.1138,33436
20.1192,33727
20.1249,33533
20.1302,33692
20.1359,33599
20.1416,33912
20.147,34012
20.1525,33334
20.1582,33755
20.1636,33276
20.1693,33534
20.1747,33771
20.1804,33751
20.1858,33775
20.1914,33721
20.1969,33694
20.2025,33648
20.2082,33484
20.2136,33851
20.2193,33283
20.2247,33514
20.2304,33871
20.2358,33854
20.2416,33624
20.2469,33710
20.2526,33479
20.258,33498
20.2637,33860
20.2691,33717
20.2748,33602
20.2802,33936
20.2859,33657
20.2916,33923
20.297,33574
20.3026,33606
20.3081,33840
20.3138,33701
20.3192,33636
20.3249,33731
20.3303,34066
20.336,33734
20.3414,33520
20.3471,33349
20.3525,34124
20.3581,33576
20.3635,33926
20.3692,33232
20.3749,33392
20.3803,33513
20.3858,33593
20.3915,33492
20.3969,33992
20.4026,33964
20.4082,33834
20.4137,33397
20.4191,33757
20.4248,33414
20.4305,33827
20.4358,33562
20.4415,33670
20.4469,33262
20.4526,33995
20.458,34166
20.4637,33989
20.4692,33424
20.4749,33876
20.4803,33381
20.4859,33619
20.4914,33600
20.4971,33250
20.5025,33153
20.5082,33588
20.5136,33324
20.5192,33799
20.5249,33581
20.5303,33712
20.536,33426
20.5414,33705
20.5471,33616
20.5526,33510
20.5582,33590
20.5636,33826
20.5693,33821
20.5747,33313
20.5804,33617
20.5858,33681
20.5914,33834
20.5971,33827
20.6025,33910
20.6082,33431
20.6136,33744
20.6193,33669
20.6248,33965
20.6302,34178
20.6358,33692
20.6415,33722
20.6469,33422
20.6526,33691
20.658,33587
20.6637,33764
20.6694,33452
20.6747,33052
20.6805,33519
20.6858,33230
20.6916,33681
20.6969,33895
20.7026,33775
20.708,33872
20.7137,33753
20.7194,33503
20.7247,33343
20.7302,33590
20.7359,33755
20.7416,33781
20.747,33900
20.7525,33900
20.7582,33888
20.7636,33565
20.7693,33727
20.7748,33885
20.7802,33713
20.7859,33627
20.7916,33705
20.797,33531
20.8027,33290
20.8081,33452
20.8138,33850
20.8192,33837
20.8248,33676
20.8302,33616
20.8359,33799
20.8413,33630
20.847,33369
20.8524,33645
20.8581,34020
20.8636,33584
20.8693,33850
20.8746,33743
20.8803,33722
20.8857,33467
20.8914,33740
20.8971,33826
20.9025,33291
20.9082,33618
20.9136,33327
20.9193,33533
20.9247,33493
20.9304,33932
20.9358,33532
20.9415,33671
20.9469,33595
20.9526,33812
20.958,33820
20.9637,33636
20.9691,33664
20.9748,33229
20.9805,33938
20.9859,33433
20.9916,33732
20.9969,33752
21.0026,33883
21.0081,33776
21.0136,33669
21.0193,33688
21.0247,33741
21.0304,33780
21.0358,33921
21.0415,33581
21.0471,33474
21.0526,33564
21.0582,33399
21.0636,33415
21.0693,33692
21.0749,33805
21.0804,34052
21.0858,33833
21.0915,34005
21.097,33352
21.1026,33384
21.108,34020
21.1137,33609
21.1192,33962
21.1248,33714
21.1302,33906
21.1359,33411
21.1416,33806
21.147,34042
21.1527,33832
21.1581,33748
21.1638,33457
21.1692,33865
21.1747,33592
21.1803,33770
21.186,33363
21.1914,33546
21.1971,33533
21.2025,33987
21.2082,34082
21.2136,33759
21.2193,33542
21.2247,33489
21.2304,33681
21.2358,33807
21.2415,33699
21.2469,33696
21.2527,33412
21.258,33724
21.2637,33908
21.2691,33448
21.2748,33828
21.2802,33752
21.2859,33716
21.2915,33387
21.2969,33739
21.3024,33321
21.3081,33779
21.3138,33640
21.3192,33651
21.3249,33778
21.3304,33773
21.336,33508
21.3414,33617
21.3471,33508
21.3525,33479
21.358,33363
21.3637,33529
21.3691,33726
21.3748,33584
21.3802,33616
21.3859,33980
21.3913,33419
21.397,33803
21.4024,33877
21.4082,33787
21.4135,33682
21.4192,33644
21.4249,33704
21.4303,33528
21.436,33839
21.4414,33786
21.4471,33921
21.4524,33874
21.4582,33935
21.4638,34235
21.4692,33709
21.4749,33320
21.4803,34051
21.486,33970
21.4914,33907
21.4971,33748
21.5025,33576
21.5082,33843
21.5136,33593
21.5193,33826
21.5248,33874
21.5304,34017
21.5359,33833
21.5415,33750
21.5469,33730
21.5527,33831
21.5581,33639
21.5638,33457
21.5692,33836
21.5749,34056
21.5803,33723
21.586,33677
21.5914,33424
21.5971,33890
21.6025,33692
21.6081,33603
21.6136,34053
21.6192,33329
21.6247,33322
21.6304,33908
21.6358,33855
21.6415,34041
21.6469,33672
21.6526,33571
21.658,33648
21.6637,33704
21.6694,33776
21.6748,33838
21.6805,33956
21.6859,33564
21.6916,33733
21.6969,33773
21.7026,33482
21.7081,33154
21.7135,33714
21.7192,33743
21.7249,33640
21.7303,33489
21.736,33406
21.7415,33603
21.7471,33775
21.7526,33597
21.7583,33805
21.7636,33207
21.7693,33793
21.7747,33767
21.7804,33700
21.7858,34116
21.7916,33521
21.797,33640
21.8027,33771
21.808,33747
21.8137,33838
21.8192,33600
21.8248,33440
21.8303,34181
21.8359,33657
21.8416,33600
21.847,33365
21.8527,33419
21.8581,33868
21.8638,33683
21.8692,34200
21.8747,33630
21.8803,34057
21.886,33591
21.8914,33570
21.8971,33813
21.9025,33603
21.9082,33982
21.9136,33327
21.9193,33492
21.9247,33817
21.9304,33670
21.9358,33673
21.9415,33422
21.9469,33710
21.9527,33426
21.958,33833
21.9637,33742
21.9691,33499
21.9748,33884
21.9802,33267
21.9859,33852
21.9913,33784
21.997,33679
22.0024,33760
22.0081,33937
22.0136,34011
22.0193,33846
22.0247,34067
22.0304,33576
22.0358,33780
22.0415,33497
22.0469,33676
22.0526,33576
22.058,33706
22.0637,33975
22.0691,33480
22.0748,34024
22.0802,33769
22.0859,33679
22.0916,33864
22.097,33961
22.1025,34051
22.1082,33755
22.1136,33887
22.1193,33977
22.1247,33674
22.1304,33586
22.1358,33767
22.1415,33774
22.1469,33500
22.1525,33810
22.158,33834
22.1636,33546
22.1694,33857
22.1748,33639
22.1802,33670
22.1859,34297
22.1915,33807
22.1969,33679
22.2026,33506
22.2081,34024
22.2137,33961
22.2194,33293
22.2248,33524
22.2304,33540
22.2359,33904
22.2415,33473
22.2469,33432
22.2526,34085
22.2581,33904
22.2638,34173
22.2692,33857
22.2747,33730
22.2804,33421
22.2858,33306
22.2915,33623
22.2969,33828
22.3025,33690
22.3082,33745
22.3136,33971
22.3193,33604
22.3247,33949
22.3304,34029
22.3358,33932
22.3415,33677
22.3469,33855
22.3526,33809
22.358,33658
22.3637,33517
22.3694,33377
22.3748,33502
22.3805,33814
22.3858,33351
22.3916,33919
22.3969,33736
22.4026,33452
22.4081,33845
22.4138,33464
22.4192,33651
22.4249,34254
22.4303,34153
22.436,33546
22.4414,33740
22.4471,34006
22.4525,33801
22.4582,33458
22.4638,33721
22.4693,34151
22.4749,33372
22.4804,33688
22.4858,33654
22.4915,33755
22.497,33515
22.5026,33965
22.508,34121
22.5137,33759
22.5191,33644
22.5248,33666
22.5302,33674
22.5359,33574
22.5416,33933
22.547,33947
22.5527,33891
22.5582,34023
22.5636,33776
22.5693,33545
22.5747,33405
22.5804,33501
22.5858,34053
22.5915,33841
22.5969,33591
22.6026,33840
22.608,33290
22.6136,33668
22.6193,33759
22.6247,33933
22.6304,33615
22.6358,33676
22.6415,33546
22.6469,33887
22.6527,33754
22.658,33860
22.6637,33814
22.6691,33833
22.6748,33570
22.6805,33616
22.6859,33949
22.6916,33233
22.697,33670
22.7026,33764
22.708,33334
22.7137,33901
22.7191,33825
22.7248,34227
22.7303,33730
22.7359,33495
22.7416,33997
22.747,33674
22.7524,33427
22.7581,33586
22.7638,33142
22.7692,33686
22.7748,33490
22.7803,33203
22.7859,33483
22.7916,33932
22.797,33771
22.8025,33952
22.8082,33663
22.8138,33740
22.8192,33732
22.8249,33709
22.8304,33801
22.836,33482
22.8415,33573
22.8471,33939
22.8525,33731
22.8582,33763
22.8636,33570
22.8693,33991
22.8747,33658
22.8804,33830
22.8859,34101
22.8915,33680
22.8969,34050
22.9026,33973
22.908,33564
22.9137,33873
22.9191,33784
22.9248,33729
22.9304,33803
22.9359,33539
22.9415,34068
22.9469,33722
22.9526,33734
22.9581,34009
22.9638,33631
22.9691,33982
22.9748,34129
22.9802,33874
22.9859,33788
22.9916,34077
22.997,33647
23.0027,33465
23.0081,33814
23.0138,33712
23.0192,33522
23.0249,33573
23.0303,33638
23.036,34229
23.0414,33663
23.0471,33463
23.0525,33774
23.0582,33728
23.0636,33551
23.0692,33655
23.0747,33796
23.0803,33294
23.086,33803
23.0914,34212
23.0971,33614
23.1025,33755
23.1082,34021
23.1136,33341
23.1193,34116
23.1247,33892
23.1303,33695
23.136,33606
23.1415,33603
23.1471,33639
23.1525,33582
23.1582,33445
23.1636,33565
23.1693,33747
23.1749,33823
23.1804,33604
23.1858,33907
23.1915,33829
23.1969,33689
23.2026,34105
23.2083,33769
23.2137,33851
23.2194,33357
23.2248,33995
23.2305,33585
23.2358,33776
23.2415,33725
23.2469,33568
23.2526,33459
23.2583,33400
23.2637,33477
23.2691,33612
23.2748,33984
23.2805,33877
23.2859,33915
23.2916,33775
23.297,33699
23.3027,33507
23.3081,33741
23.3138,33909
23.3192,33940
23.3249,33412
23.3305,33674
23.3359,33568
23.3414,33564
23.3471,34099
23.3525,34032
23.3582,33786
23.3636,33851
23.3693,33981
23.3747,33854
23.3804,34108
23.3861,33685
23.3914,33633
23.3971,33680
23.4025,33291
23.4082,33922
23.4136,33503
23.4193,33760
23.4247,34121
23.4304,33549
23.4358,33955
23.4415,33586
23.4469,33376
23.4526,33708
23.4583,33534
23.4637,33905
23.4694,33674
23.4747,33908
23.4804,33927
23.4858,33895
23.4915,34218
23.497,34008
23.5027,33671
23.5081,34127
23.5138,33950
23.5192,34063
23.5249,33357
23.5303,33696
23.536,34174
23.5414,33447
23.5469,33758
23.5525,33855
23.5582,33706
23.5636,33975
23.5693,34100
23.5748,33926
23.5805,33965
23.5859,33793
23.5915,34171
23.5969,33727
23.6026,34231
23.6081,33879
23.6137,33637
23.6191,33718
23.6248,33590
23.6305,33863
23.6359,33952
23.6416,33654
23.647,33767
23.6527,34114
23.658,34222
23.6637,33716
23.6691,33743
23.6748,34089
23.6805,33949
23.6858,33998
23.6915,33822
23.6969,33600
23.7026,33628
23.7083,33983
23.7136,33862
23.7193,33795
23.7247,33996
23.7304,33771
23.7359,34005
23.7415,33718
23.7471,33663
23.7525,34066
23.7582,33638
23.7636,33718
23.7693,33996
23.7747,33898
23.7803,33707
23.786,33738
23.7914,34000
23.7971,34312
23.8025,33907
23.8082,33923
23.8136,33834
23.8193,33986
23.8247,33919
23.8303,33843
23.836,33829
23.8414,34042
23.8472,34120
23.8526,33738
23.8582,34053
23.8636,33582
23.8693,33889
23.8747,34032
23.8804,34036
23.8858,34075
23.8915,34190
23.8972,33794
23.9026,33906
23.9082,33762
23.9136,33988
23.9193,33517
23.9248,34005
23.9305,34198
23.9358,33826
23.9415,33985
23.9469,33884
23.9526,33748
23.958,33832
23.9637,33666
23.9694,33984
23.9748,33865
23.9805,34140
23.9858,34289
23.9916,33889
23.997,33997
24.0027,33710
24.0081,33714
24.0138,33842
24.0192,34064
24.0249,33940
24.0303,34026
24.036,33758
24.0414,33755
24.0471,34055
24.0525,33622
24.0581,34097
24.0638,33842
24.0692,34402
24.0749,34063
24.0804,33668
24.0861,33871
24.0914,33866
24.0971,33730
24.1025,33580
24.1082,33717
24.1136,34342
24.1193,34154
24.1247,33872
24.1304,34050
24.136,34151
24.1414,33942
24.1471,33802
24.1526,33665
24.158,34118
24.1637,33798
24.1694,33831
24.1748,34259
24.1802,33992
24.1858,33944
24.1915,33575
24.1969,34248
24.2026,34064
24.2083,33916
24.2137,33954
24.2193,33935
24.2248,34053
24.2305,34135
24.2359,33870
24.2416,34049
24.247,34174
24.2526,33949
24.2581,33775
24.2637,34197
24.2692,34057
24.2749,34407
24.2802,33737
24.2859,33849
24.2916,34320
24.297,34257
24.3026,34249
24.3081,33726
24.3138,33638
24.3192,33627
24.3249,33650
24.3302,33755
24.3359,33687
24.3416,33913
24.347,34064
24.3527,34287
24.3581,34098
24.3638,33963
24.3692,34073
24.3748,33806
24.3802,34024
24.386,33858
24.3914,33790
24.3971,33813
24.4025,34166
24.4081,34124
24.4136,34011
24.4192,33467
24.4249,33774
24.4304,33848
24.436,34061
24.4414,33775
24.4471,34244
24.4525,33960
24.4582,33890
24.4636,33751
24.4693,34199
24.4747,33925
24.4804,33999
24.4861,34165
24.4915,34391
24.4971,33648
24.5026,34105
24.508,34095
24.5137,33898
24.5194,34123
24.5248,33909
24.5304,34034
24.5358,33758
24.5415,33638
24.547,33735
24.5527,33823
24.558,34072
24.5637,33560
24.5694,33870
24.5748,34174
24.5805,34175
24.5859,33858
24.5916,34280
24.597,34191
24.6027,34185
24.608,33784
24.6137,34016
24.6191,33778
24.6248,33795
24.6303,34089
24.6359,33824
24.6416,34004
24.647,33737
24.6527,33967
24.6581,33628
24.6638,34152
24.6692,34000
24.6749,34065
24.6803,34058
24.6859,33846
24.6913,34017
24.697,33819
24.7027,34051
24.7081,33633
24.7138,34459
24.7192,33917
24.7249,34016
24.7303,34089
24.736,34374
24.7416,33837
24.747,33902
24.7527,33653
24.7581,33623
24.7638,34294
24.7692,34101
24.7749,34243
24.7803,33818
24.786,34048
24.7914,33609
24.797,33875
24.8025,34076
24.8081,33980
24.8135,33907
24.8192,33894
24.8249,33813
24.8303,34060
24.8359,33811
24.8416,33950
24.847,33928
24.8525,33736
24.8582,33917
24.8636,33966
24.8693,33915
24.8749,33744
24.8804,33798
24.886,34054
24.8915,33940
24.8972,34319
24.9025,34117
24.9082,34293
24.9136,34082
24.9193,34004
24.9247,34032
24.9304,33722
24.9358,34154
24.9415,33686
24.9469,33733
24.9526,33974
24.9583,33898
24.9636,34149
24.9691,33889
24.9748,33788
24.9804,34365
24.9859,33912
24.9915,33619
24.9972,34113
25.0026,34059
25.0081,33908
25.0138,33835
25.0192,33595
25.0249,33868
25.0302,34252
25.0359,34107
25.0416,33795
25.047,33973
25.0527,34457
25.0581,34175
25.0638,33991
25.0692,33499
25.0748,34082
25.0803,34083
25.086,33821
25.0914,33827
25.0971,33733
25.1025,34367
25.1081,34215
25.1136,33877
25.1192,33781
25.1249,33796
25.1304,33905
25.136,34319
25.1414,34058
25.1471,33629
25.1525,34162
25.1582,33830
25.1636,33809
25.1693,33899
25.1747,33989
25.1802,34028
25.1859,33538
25.1913,34030
25.197,33812
25.2027,33818
25.2081,34066
25.2137,33905
25.2191,33528
25.2248,33985
25.2305,33978
25.2359,34080
25.2416,33981
25.247,33992
25.2527,34052
25.2581,33929
25.2637,33951
25.2694,33917
25.2748,34170
25.2805,33801
25.2859,34491
25.2915,34043
25.2969,33651
25.3026,34522
25.3082,34048
25.3136,34089
25.3193,33953
25.3247,33728
25.3304,34088
25.3358,34285
25.3415,33844
25.3469,33955
25.3526,34288
25.3583,34021
25.3637,34162
25.3693,33815
25.3748,34272
25.3804,33748
25.3858,34006
25.3915,34242
25.3969,33932
25.4026,33951
25.4081,34349
25.4137,33735
25.4194,34008
25.4248,33973
25.4305,33947
25.4359,34354
25.4416,34200
25.447,33869
25.4527,33962
25.458,34392
25.4637,33965
25.4694,33932
25.4748,33586
25.4805,34161
25.4859,33768
25.4916,34036
25.497,33636
25.5027,34175
25.5081,34405
25.5138,33880
25.5192,33677
25.5249,33959
25.5303,33611
25.5359,34065
25.5416,34289
25.547,33933
25.5527,33654
25.5581,33702
25.5636,33848
25.5692,34011
25.5749,33801
25.5803,33859
25.586,34167
25.5914,33702
25.5971,34174
25.6028,33904
25.6082,33576
25.6138,34057
25.6192,33540
25.6249,33874
25.6304,33454
25.6361,34026
25.6415,33916
25.6472,33999
25.6525,33942
25.6582,33627
25.6636,33987
25.6693,34085
25.6748,33856
25.6804,33901
