Experiment: Feb_19_real_eric2_expt vial 10, Fri Feb 19 13:52:14 2021
0.0021,56634
0.0078,56628
0.0132,56635
0.0188,56630
0.0242,56585
0.0298,56670
0.0355,56655
0.0408,56656
0.0465,56568
0.0521,56526
0.0575,56678
0.0632,56570
0.0688,56672
0.0742,56595
0.0798,56648
0.0855,56671
0.0909,56656
0.0965,56540
0.1022,56655
0.1075,56629
0.1132,56593
0.1188,56666
0.1242,56578
0.1298,56660
0.1355,56646
0.1409,56608
0.1465,56645
0.1522,54003
0.1575,54474
0.1632,54519
0.1688,54480
0.1742,54497
0.1799,54473
0.1855,54516
0.1909,54523
0.1965,54528
0.2022,54529
0.2076,54503
0.2132,54522
0.2189,54536
0.2242,54565
0.2299,54503
0.2355,54512
0.2409,54527
0.2466,54527
0.2519,54508
0.2576,54529
0.2632,54450
0.2689,54476
0.2743,54456
0.2799,54466
0.2856,54446
0.2909,54423
0.2966,54433
0.302,54406
0.3076,54404
0.3133,54291
0.3187,54379
0.3243,54296
0.33,54359
0.3353,54285
0.341,54298
0.3466,54296
0.352,54259
0.3577,54215
0.3633,54195
0.3687,54233
0.3743,54202
0.38,54122
0.3853,54109
0.391,54167
0.3966,54126
0.402,54133
0.4077,54112
0.4131,54042
0.4187,54075
0.4244,54021
0.4298,53980
0.4354,53982
0.4411,53969
0.4464,53991
0.4521,53949
0.4577,53887
0.4631,53885
0.4688,53864
0.4744,53847
0.4798,53861
0.4854,53826
0.4911,53810
0.4964,53737
0.5021,53766
0.5077,53751
0.5131,53722
0.5188,53708
0.5242,53655
0.5299,53603
0.5355,53563
0.5409,53567
0.5466,53529
0.552,53484
0.5577,53529
0.5631,53405
0.5688,53481
0.5744,53403
0.5798,53340
0.5854,53324
0.5911,53315
0.5964,53276
0.6021,53262
0.6076,53191
0.6132,53112
0.6189,53172
0.6242,53131
0.6299,53052
0.6354,53072
0.641,53010
0.6464,52956
0.6521,52881
0.6577,52929
0.6631,52870
0.6688,52816
0.6745,52792
0.6798,52767
0.6855,52682
0.6909,52706
0.6965,52630
0.7022,52626
0.7076,52615
0.7132,52470
0.7188,52528
0.7242,52432
0.7299,52390
0.7355,52360
0.7409,52320
0.7465,52289
0.7522,52241
0.7576,52159
0.7632,52170
0.7689,52125
0.7742,52026
0.7799,52087
0.7853,51909
0.791,52017
0.7966,51879
0.802,51885
0.8077,51822
0.8133,51816
0.8187,51754
0.8243,51694
0.83,51635
0.8354,51653
0.841,51535
0.8467,51484
0.852,51528
0.8577,51401
0.8631,51343
0.8687,51321
0.8744,51320
0.88,51208
0.8854,51145
0.8911,51127
0.8964,51070
0.9021,51026
0.9078,50919
0.9131,50991
0.9188,50925
0.9244,50808
0.9298,50746
0.9355,50762
0.9411,50711
0.9465,50604
0.9521,50598
0.9578,50438
0.9631,50437
0.9688,50320
0.9744,50385
0.9798,50178
0.9855,50187
0.9909,50175
0.9965,49943
1.0022,50066
1.0076,49922
1.0132,49781
1.0189,49839
1.0243,49752
1.0299,49801
1.0356,49669
1.0409,49505
1.0466,49441
1.052,49401
1.0576,49298
1.0633,49368
1.0686,49273
1.0743,49224
1.08,49118
1.0853,49102
1.091,49004
1.0966,48912
1.102,48885
1.1077,48767
1.1133,48761
1.1187,48565
1.1244,48598
1.1298,48522
1.1354,48249
1.1411,48349
1.1465,48292
1.1521,48278
1.1578,48094
1.1632,48006
1.1688,48173
1.1742,47806
1.1798,47848
1.1855,47714
1.1909,47732
1.1965,47765
1.2022,47697
1.2075,47520
1.2132,47504
1.2188,47247
1.2242,47263
1.2299,47116
1.2355,47067
1.2409,46937
1.2466,46960
1.2522,46722
1.2576,46798
1.2633,46583
1.2687,46637
1.2743,46656
1.2797,46402
1.2854,46550
1.291,46323
1.2964,46304
1.3021,46140
1.3077,46045
1.3131,46064
1.3188,46142
1.3244,45845
1.3298,45657
1.3354,45626
1.3411,45630
1.3465,45614
1.3521,45370
1.3578,45209
1.3631,45282
1.3688,45207
1.3744,45010
1.3798,44964
1.3855,44990
1.3908,44935
1.3965,44662
1.4021,44747
1.4078,44659
1.4132,44352
1.4188,44502
1.4245,44295
1.4298,44378
1.4355,44076
1.4409,43942
1.4465,43979
1.4522,43867
1.4578,43576
1.4632,43752
1.4688,43418
1.4742,43435
1.4799,43387
1.4855,43302
1.4909,43377
1.4965,43165
1.5021,42932
1.5078,43027
1.5132,42595
1.5188,42684
1.5242,42500
1.5299,42599
1.5355,42397
1.5409,42201
1.5465,42176
1.5522,41984
1.5578,42109
1.5632,41860
1.5688,42019
1.5742,41876
1.5799,41731
1.5855,41286
1.5909,41434
1.5966,41141
1.6022,41330
1.6076,41106
1.6133,41048
1.6187,40760
1.6243,40858
1.6299,40963
1.6354,40922
1.641,40838
1.6467,40512
1.6521,40606
1.6577,40343
1.6634,40450
1.6688,40125
1.6744,40261
1.6798,40122
1.6855,40202
1.6909,39981
1.6966,39504
1.7022,39704
1.7076,39534
1.7132,39456
1.7186,39552
1.7243,39392
1.7299,39066
1.7356,39149
1.741,39321
1.7466,39054
1.752,38978
1.7577,38800
1.7633,39011
1.7687,38740
1.7744,38688
1.7797,38947
1.7854,38571
1.7911,38304
1.7965,38590
1.8021,38508
1.8078,38158
1.8132,38382
1.8188,38402
1.8245,38161
1.8298,38074
1.8355,37879
1.8409,38168
1.8466,37673
1.852,38025
1.8577,37916
1.8631,37597
1.8687,37494
1.8744,37518
1.8798,37599
1.8854,37293
1.8911,37051
1.8964,37017
1.9022,36874
1.9076,36838
1.9132,36845
1.9187,36681
1.9243,36722
1.93,36455
1.9354,36694
1.9411,36426
1.9465,36678
1.9522,36367
1.9576,36377
1.9632,36374
1.9686,36363
1.9743,35997
1.9797,36496
1.9854,36623
1.991,36369
1.9967,36622
2.0021,36340
2.0077,36014
2.0132,36408
2.0189,36384
2.0243,36189
2.03,36119
2.0354,36013
2.0411,36095
2.0465,36089
2.0522,36046
2.0576,36373
2.0633,36189
2.0687,36124
2.0744,36083
2.0798,36183
2.0854,35910
2.0909,35802
2.0966,35809
2.102,35767
2.1077,35985
2.1131,35794
2.1188,35797
2.1242,35584
2.1299,35568
2.1356,35697
2.141,35824
2.1466,36002
2.152,35517
2.1577,35708
2.1633,35708
2.1686,35496
2.1743,35321
2.18,35387
2.1854,35096
2.1911,35220
2.1965,35160
2.2021,35083
2.2078,35247
2.2132,35445
2.2189,35348
2.2243,35318
2.23,35038
2.2354,35116
2.2411,34999
2.2465,34969
2.2522,35046
2.2576,35073
2.2633,35173
2.2688,34946
2.2745,34977
2.2798,34719
2.2855,34831
2.2909,34932
2.2966,34955
2.302,35122
2.3077,34772
2.3131,34880
2.3187,34805
2.3242,34822
2.3299,34913
2.3356,34558
2.341,34409
2.3467,34437
2.3521,34672
2.3578,34453
2.3632,34726
2.3689,34670
2.3743,34717
2.38,34631
2.3854,34514
2.3911,34622
2.3965,34470
2.4022,34404
2.4076,34667
2.4133,34537
2.4187,34491
2.4244,34409
2.4299,34565
2.4355,34415
2.4409,34352
2.4466,34440
2.4521,34591
2.4577,34449
2.4631,34301
2.4688,34556
2.4744,34376
2.4798,34421
2.4853,34314
2.491,34271
2.4967,34100
2.5021,34201
2.5078,34152
2.5132,34236
2.5189,34183
2.5243,34245
2.53,34441
2.5354,34298
2.5411,34202
2.5465,34115
2.5521,34141
2.5576,34426
2.5633,34113
2.5687,34210
2.5744,34177
2.5798,34006
2.5855,33976
2.5909,34045
2.5966,33940
2.602,34114
2.6077,34077
2.6131,34203
2.6188,34234
2.6242,33992
2.6299,34182
2.6353,34263
2.641,34332
2.6464,34153
2.6521,33986
2.6578,33976
2.6632,33919
2.6689,34097
2.6743,33939
2.68,33914
2.6854,34016
2.6911,33790
2.6965,33728
2.7022,33745
2.7078,33997
2.7132,33935
2.7187,34026
2.7243,33702
2.7298,33738
2.7355,33986
2.7409,33816
2.7466,33734
2.752,33996
2.7577,33910
2.7633,33812
2.7687,33861
2.7744,33870
2.7798,33748
2.7854,33661
2.7909,33928
2.7966,33844
2.802,33746
2.8077,33695
2.8131,33711
2.8188,33597
2.8242,33670
2.8299,33774
2.8354,33896
2.8411,33606
2.8464,33743
2.8521,33852
2.8578,33741
2.8632,33880
2.8689,33830
2.8743,33777
2.88,33629
2.8855,33802
2.8909,33651
2.8966,33831
2.902,33750
2.9076,33517
2.9133,33905
2.9187,33758
2.9244,33658
2.9298,33772
2.9355,33451
2.9409,33730
2.9466,33690
2.952,33658
2.9577,33558
2.9631,33757
2.9689,33697
2.9743,33607
2.9799,34002
2.9853,33507
2.991,33694
2.9964,33675
3.0021,33498
3.0075,33634
3.0132,33603
3.0188,33744
3.0243,33650
3.03,33426
3.0354,33706
3.0411,33678
3.0465,33591
3.052,33771
3.0576,33715
3.0633,33671
3.0687,33367
3.0744,33827
3.0798,33729
3.0855,33937
3.0909,33670
3.0966,33751
3.102,33840
3.1077,33429
3.1131,33576
3.1188,33605
3.1242,33591
3.1299,33774
3.1353,33640
3.141,33612
3.1467,33704
3.1521,33528
3.1578,33712
3.1632,33511
3.1689,33532
3.1742,33594
3.1799,33793
3.1854,33876
3.1911,33682
3.1965,33693
3.2022,33635
3.2076,33752
3.2133,33737
3.2187,33690
3.2244,33894
3.2298,33760
3.2354,33793
3.2411,33642
3.2465,33595
3.2522,33481
3.2576,33593
3.2633,33539
3.2688,33674
3.2742,33623
3.2799,33575
3.2853,33756
3.291,33511
3.2966,33566
3.3021,33663
3.3078,33695
3.3132,33624
3.3187,33728
3.3243,33632
3.33,33722
3.3354,33471
3.3409,33608
3.3465,33743
3.3522,33538
3.3576,33625
3.3633,33524
3.3687,33698
3.3743,33678
3.38,33549
3.3855,33632
3.3911,33539
3.3965,33564
3.4021,33547
3.4078,33350
3.4132,33528
3.4186,33404
3.4243,33635
3.43,33623
3.4354,33543
3.4411,33517
3.4465,33710
3.4521,33661
3.4578,33766
3.4632,33475
3.4689,33421
3.4743,33556
3.48,33450
3.4854,33438
3.4911,33670
3.4965,33551
3.5022,33354
3.5076,33444
3.5133,33485
3.5188,33553
3.5244,33485
3.5298,33363
3.5355,33283
3.5409,33541
3.5466,33434
3.5523,33563
3.5576,33446
3.5633,33464
3.5687,33358
3.5744,33480
3.5799,33365
3.5856,33438
3.591,33347
3.5964,33199
3.6021,33487
3.6077,33449
3.6132,33281
3.6189,33457
3.6243,33593
3.63,33519
3.6354,33399
3.641,33406
3.6467,33551
3.6522,33437
3.6576,33381
3.6633,33457
3.6687,33557
3.6745,33598
3.6798,33318
3.6855,33499
3.6909,33307
3.6966,33426
3.7023,33202
3.7077,33372
3.7134,33255
3.7187,33503
3.7244,33343
3.7298,33463
3.7355,33383
3.741,33386
3.7467,33412
3.7521,33276
3.7578,33321
3.7634,33589
3.7689,33500
3.7743,33164
3.78,33221
3.7854,33211
3.7911,33494
3.7967,33366
3.8021,33338
3.8076,33198
3.8133,33461
3.8187,33343
3.8244,33346
3.8298,33645
3.8355,33096
3.8412,33452
3.8466,33185
3.852,33501
3.8577,33300
3.8634,33415
3.8688,33298
3.8744,33125
3.8799,33276
3.8856,33340
3.891,33240
3.8965,33216
3.9022,33248
3.9076,33523
3.9132,33210
3.9189,33448
3.9243,33638
3.93,33346
3.9354,33334
3.9411,33348
3.9467,33312
3.9521,33230
3.9578,33386
3.9632,33362
3.9689,33242
3.9744,33272
3.9801,33398
3.9855,33318
3.9912,33272
3.9965,33172
4.0022,33341
4.0077,33163
4.0133,33231
4.0188,33239
4.0244,33186
4.0301,33414
4.0355,33301
4.0412,33160
4.0466,33516
4.0523,33257
4.0577,33219
4.0631,33206
4.0688,33152
4.0745,33106
4.0799,33147
4.0856,33058
4.091,32988
4.0967,33221
4.1023,33179
4.1077,33142
4.1131,33228
4.1188,33147
4.1245,33350
4.13,33167
4.1354,33151
4.1411,33130
4.1465,33312
4.1521,33160
4.1578,33216
4.1633,33056
4.1689,33023
4.1744,33189
4.18,33245
4.1854,33017
4.1911,33314
4.1968,33263
4.2022,33264
4.2079,33187
4.2133,33171
4.2187,33124
4.2244,33172
4.2301,33336
4.2355,33269
4.2412,33033
4.2466,33351
4.2523,33172
4.2576,33034
4.2633,33387
4.2687,33086
4.2744,33304
4.2799,33191
4.2856,33268
4.291,33166
4.2967,33217
4.3021,33079
4.3077,33058
4.3131,33358
4.3188,33332
4.3245,33194
4.3299,33245
4.3356,33158
4.341,33132
4.3467,33076
4.3521,33138
4.3578,33169
4.3633,33294
4.369,33363
4.3744,33180
4.38,33228
4.3854,33018
4.3911,33069
4.3966,33272
4.4022,33204
4.4076,33066
4.4133,33294
4.4189,33148
4.4244,33051
4.4301,32980
4.4355,33314
4.4412,33302
4.4466,33263
4.4523,33136
4.4577,33349
4.4634,33254
4.4688,33369
4.4745,33230
4.4799,33140
4.4856,33206
4.491,33206
4.4966,33117
4.502,33215
4.5078,33267
4.5132,33334
4.5189,33283
4.5243,33173
4.53,33121
4.5354,33206
4.5411,33013
4.5465,32943
4.5522,32964
4.5578,33118
4.5633,33059
4.5689,33031
4.5743,33214
4.58,33392
4.5854,33207
4.5909,32997
4.5966,33049
4.6021,33253
4.6078,33364
4.6132,33067
4.6187,33122
4.6245,33111
4.6299,33067
4.6356,33158
4.641,33088
4.6466,33134
4.6523,33135
4.6577,33200
4.6634,33152
4.6688,33207
4.6743,33074
4.68,33138
4.6857,33124
4.6911,33042
4.6967,33246
4.7022,32938
4.7079,33139
4.7132,33172
4.7189,33062
4.7243,33008
4.73,32999
4.7354,33188
4.7411,33332
4.7466,33191
4.7523,32982
4.7577,33097
4.7634,32968
4.7688,33300
4.7744,33073
4.7799,33019
4.7856,33048
4.7912,33093
4.7967,33082
4.8023,33070
4.8077,33336
4.8134,33068
4.8188,33138
4.8245,33010
4.8299,33135
4.8356,33160
4.8411,33153
4.8467,33048
4.8521,32947
4.8578,32929
4.8632,33125
4.8689,33107
4.8743,33172
4.88,33054
4.8856,32874
4.891,33247
4.8965,33096
4.9022,32982
4.9076,33005
4.9133,33156
4.919,33195
4.9244,33190
4.93,33090
4.9354,32837
4.9412,33041
4.9465,32938
4.9522,33080
4.9576,32932
4.9633,33203
4.9687,33035
4.9744,33140
4.9798,33241
4.9855,33144
4.991,32955
4.9967,33226
5.0021,33122
5.0077,33114
5.0134,32921
5.0189,32842
5.0245,33201
5.0299,32840
5.0356,33394
5.041,33034
5.0467,33174
5.0521,33175
5.0578,32991
5.0632,33246
5.0689,33240
5.0743,33326
5.08,33181
5.0856,33111
5.0911,33107
5.0968,32878
5.1022,33046
5.1079,33002
5.1133,32928
5.1189,33077
5.1244,33146
5.1301,32926
5.1355,33293
5.1412,32896
5.1467,33211
5.1524,33341
5.1577,33182
5.1634,33229
5.1688,32995
5.1745,32780
5.1799,33038
5.1856,32991
5.191,33042
5.1966,32941
5.2023,32996
5.2077,32958
5.2132,33323
5.2189,33190
5.2243,33101
5.23,32971
5.2354,33043
5.2411,33109
5.2468,32885
5.2522,33106
5.2579,32954
5.2633,33088
5.2689,32968
5.2743,33103
5.28,33091
5.2855,33038
5.2912,33096
5.2966,32992
5.3023,32995
5.3077,33174
5.3134,33132
5.3188,33011
5.3245,32856
5.3299,32849
5.3355,32861
5.3412,33174
5.3466,33205
5.3523,33228
5.3577,32897
5.3634,33160
5.3688,33086
5.3745,33139
5.3799,33015
5.3856,33174
5.391,33029
5.3967,33256
5.4021,33178
5.4078,33091
5.4134,33025
5.4188,33200
5.4245,33018
5.4299,33188
5.4356,32981
5.441,33303
5.4468,33091
5.4522,33377
5.4576,33195
5.4633,33261
5.469,33179
5.4744,33244
5.4798,33115
5.4855,32873
5.4912,33010
5.4966,33022
5.5023,33046
5.5077,33046
5.5134,33034
5.5188,33177
5.5245,33099
5.5299,33281
5.5356,32961
5.541,33158
5.5467,33101
5.5523,32987
5.5578,33095
5.5635,32885
5.5689,32890
5.5746,33283
5.5799,32949
5.5856,33204
5.5911,33088
5.5968,33223
5.6022,33004
5.6076,33233
5.6134,33210
5.6188,32809
5.6245,32863
5.6301,33064
5.6355,33139
5.6412,32808
5.6466,33113
5.6523,33263
5.6577,33207
5.6634,33073
5.6688,33108
5.6745,32976
5.6799,33127
5.6856,32976
5.691,32976
5.6967,33182
5.7021,33074
5.7077,33107
5.7132,32948
5.7189,32871
5.7245,32742
5.73,33147
5.7356,33029
5.741,33179
5.7467,33140
5.7521,33323
5.7578,33134
5.7633,33036
5.769,32925
5.7744,32918
5.7801,33137
5.7854,32828
5.7911,32841
5.7968,32862
5.8022,32928
5.8079,33016
5.8133,32839
5.8189,32889
5.8244,32895
5.8301,33106
5.8355,32872
5.8412,33203
5.8466,33020
5.8523,32999
5.8577,33028
5.8633,33088
5.8688,33036
5.8744,32889
5.8801,33137
5.8855,32780
5.8912,32897
5.8965,33020
5.9022,33080
5.9077,32664
5.9134,32997
5.9188,33129
5.9245,32997
5.9299,32808
5.9356,33057
5.9409,33181
5.9467,32717
5.9521,32860
5.9578,32952
5.9635,32869
5.9688,32944
5.9745,32963
5.9799,32932
5.9856,33177
5.9911,33076
5.9968,33015
6.0022,33197
6.0076,33067
6.0133,33082
6.0189,33085
6.0244,32768
6.0299,32906
6.0355,33164
6.0412,32897
6.0466,33091
6.0523,32828
6.0577,33061
6.0634,32977
6.0689,32816
6.0746,32971
6.08,33031
6.0854,32998
6.0911,32980
6.0967,32981
6.1022,32570
6.1079,33074
6.1132,33007
6.1189,32799
6.1246,32941
6.13,32817
6.1357,32966
6.1411,32941
6.1468,32766
6.1522,32841
6.1579,33005
6.1633,32999
6.169,32716
6.1744,32885
6.1801,33155
6.1855,32769
6.1911,32827
6.1965,32785
6.2022,32859
6.2079,33076
6.2133,32775
6.219,32862
6.2244,32915
6.2299,33129
6.2356,32809
6.241,33202
6.2467,32801
6.2523,32890
6.2578,32852
6.2632,33103
6.2688,32765
6.2743,32446
6.2799,32582
6.2856,32848
6.291,33014
6.2967,33114
6.3021,32904
6.3079,32789
6.3133,33185
6.319,32826
6.3244,33095
6.33,33027
6.3354,32891
6.3411,33030
6.3468,32889
6.3522,32670
6.3579,33024
6.3633,32694
6.369,32901
6.3745,32703
6.3799,33071
6.3856,32744
6.391,32958
6.3967,33250
6.4024,32796
6.4078,32913
6.4135,32843
6.4189,32645
6.4246,32717
6.43,32598
6.4357,32843
6.441,32880
6.4468,32846
6.4522,32821
6.4579,33005
6.4633,32965
6.469,33204
6.4744,32903
6.4801,32951
6.4855,32829
6.4912,33052
6.4966,32816
6.5023,32713
6.5077,32654
6.5134,32577
6.519,32729
6.5244,32884
6.5301,32989
6.5356,32862
6.5413,32884
6.5467,32742
6.5524,32953
6.5577,32890
6.5634,32792
6.5688,32872
6.5745,32959
6.5799,32645
6.5856,32695
6.5909,32640
6.5966,32887
6.6023,33018
6.6077,32666
6.6134,32978
6.6189,32952
6.6246,32723
6.63,32919
6.6356,33087
6.641,32874
6.6467,32831
6.6521,32859
6.6578,32748
6.6632,32505
6.6689,32857
6.6745,33034
6.6799,32615
6.6856,32844
6.6911,32714
6.6968,32802
6.7022,32722
6.7079,32783
6.7133,32861
6.7189,32686
6.7244,32491
6.7301,32584
6.7354,32912
6.7411,32648
6.7465,32756
6.7522,32460
6.7579,32865
6.7633,32895
6.7687,32966
6.7744,32726
6.7801,32816
6.7855,32659
6.7912,32714
6.7966,32771
6.8023,32738
6.8077,32943
6.8134,32674
6.8188,32638
6.8244,32719
6.8301,32725
6.8355,32589
6.8412,32840
6.8466,32896
6.8523,32829
6.8578,33051
6.8632,32919
6.8688,32923
6.8745,32848
6.8799,32753
6.8856,32507
6.8913,32492
6.8967,32754
6.9023,32716
6.9077,32487
6.9134,32759
6.9189,32570
6.9246,32680
6.93,32775
6.9357,33009
6.9411,32931
6.9468,32692
6.9521,32733
6.9578,32922
6.9632,32818
6.9689,32462
6.9743,33007
6.98,32740
6.9856,32642
6.991,32714
6.9967,32670
7.0021,32576
7.0078,32809
7.0133,32523
7.019,32481
7.0246,32696
7.03,32869
7.0357,32702
7.0411,32601
7.0467,32486
7.0522,32417
7.0578,32595
7.0632,32517
7.0689,32698
7.0744,32594
7.0801,32641
7.0855,32518
7.0912,32500
7.0966,32533
7.1022,32785
7.1079,32903
7.1134,32832
7.1188,32802
7.1244,32638
7.1299,32426
7.1355,32543
7.1412,32688
7.1466,32751
7.1523,32827
7.1577,32766
7.1634,32870
7.1688,32573
7.1745,32729
7.1799,32807
7.1855,32687
7.191,32567
7.1967,32426
7.2023,32652
7.2078,32583
7.2134,32531
7.2188,32326
7.2245,32329
7.2299,32672
7.2356,32984
7.2411,32647
7.2468,32826
7.2522,32608
7.2578,32766
7.2635,32659
7.2689,32740
7.2743,32769
7.28,32353
7.2857,32438
7.2911,32886
7.2967,32805
7.302,32468
7.3078,32450
7.3135,32541
7.3189,32680
7.3243,32736
7.3299,32707
7.3355,32832
7.3412,32544
7.3466,32718
7.3523,32502
7.3577,32684
7.3634,32655
7.3688,32472
7.3744,32572
7.3801,32708
7.3855,32645
7.3912,32840
7.3966,32741
7.4023,32682
7.4078,32565
7.4133,32892
7.419,32474
7.4244,32686
7.4301,32804
7.4355,32575
7.4411,32762
7.4468,32456
7.4522,32537
7.4579,32500
7.4633,32429
7.469,32815
7.4743,32719
7.48,32547
7.4855,32370
7.4911,32744
7.4968,32693
7.5022,32554
7.5079,32418
7.5133,32686
7.519,32597
7.5244,32388
7.53,32607
7.5355,32425
7.5412,32373
7.5466,32568
7.5523,32677
7.5577,32633
7.5634,32675
7.5688,32469
7.5744,32693
7.5799,32608
7.5856,32502
7.5912,32377
7.5967,32526
7.6023,32527
7.6077,32301
7.6134,32521
7.6189,32540
7.6246,32438
7.63,32625
7.6357,32604
7.6411,32310
7.6468,32485
7.6521,32591
7.6578,32496
7.6632,32269
7.6689,32428
7.6746,32756
7.6799,32260
7.6856,32335
7.691,32596
7.6967,32565
7.7022,32551
7.7078,32294
7.7133,32423
7.719,32375
7.7243,32398
7.73,32591
7.7354,32294
7.7411,32497
7.7468,32048
7.7522,32260
7.7578,32569
7.7635,32601
7.7689,32645
7.7746,32453
7.78,32692
7.7854,32469
7.7911,32651
7.7965,32555
7.8022,32551
7.8078,32344
7.8133,32282
7.819,32508
7.8244,32175
7.8301,32427
7.8357,32480
7.8411,32253
7.8468,32110
7.8522,32427
7.8579,32571
7.8634,32343
7.8688,32467
7.8745,32365
7.8801,32361
7.8855,32385
7.8912,32374
7.8967,32510
7.9023,32270
7.9078,32333
7.9134,32210
7.9188,32394
7.9245,32296
7.9299,32662
7.9356,32373
7.941,32406
7.9467,32520
7.9521,32495
7.9578,32464
7.9635,32654
7.9689,32364
7.9743,32453
7.98,32587
7.9857,32277
7.991,32547
7.9967,32392
8.0078,32443
8.0135,32711
8.0188,32460
8.0245,32581
8.0299,32574
8.0356,32593
8.0412,32486
8.0466,32354
8.0521,32260
8.0577,32269
8.0634,32313
8.0691,32275
8.0744,32295
8.0802,32481
8.0855,32446
8.0912,32396
8.0967,32406
8.1024,32636
8.1078,32441
8.1135,32493
8.1188,32458
8.1245,32463
8.13,32442
8.1356,32528
8.1411,32491
8.1467,32515
8.1524,32361
8.1578,32448
8.1634,32367
8.1689,32195
8.1746,32325
8.18,32432
8.1857,32559
8.1911,32624
8.1967,32583
8.2021,32280
8.2079,32145
8.2135,32645
8.2189,32333
8.2246,32505
8.2299,32179
8.2356,32491
8.241,32373
8.2467,32629
8.2521,32355
8.2578,32303
8.2632,32328
8.2689,32468
8.2745,32705
8.2799,32486
8.2856,32328
8.291,32549
8.2967,32666
8.3024,32277
8.3078,32292
8.3135,32520
8.3189,32515
8.3246,32472
8.33,32448
8.3357,32323
8.3411,32437
8.3468,32507
8.3522,32585
8.3579,32415
8.3633,32057
8.369,32305
8.3744,32495
8.38,32241
8.3855,32116
8.3912,32321
8.3968,32158
8.4022,32353
8.4079,32397
8.4134,32447
8.4188,32112
8.4245,32373
8.4301,32299
8.4355,32366
8.4413,32377
8.4466,32244
8.4523,32165
8.4577,32110
8.4634,32484
8.4688,32215
8.4745,32255
8.4802,32001
8.4856,32442
8.4913,32369
8.4967,32343
8.5024,32423
8.5077,32371
8.5134,32087
8.5189,32117
8.5245,32219
8.5299,32125
8.5356,32294
8.5413,32269
8.5467,32534
8.5523,32371
8.5578,32458
8.5635,32420
8.5689,32175
8.5746,32413
8.5799,32409
8.5856,32524
8.591,32560
8.5967,32265
8.6024,32323
8.6078,32718
8.6134,32521
8.6188,32303
8.6245,32432
8.6302,32591
8.6356,32488
8.6413,32527
8.6467,32571
8.6522,32602
8.6578,32281
8.6635,32602
8.6689,32523
8.6746,32469
8.68,32162
8.6857,32327
8.6911,32452
8.6967,32635
8.7022,32321
8.7078,32304
8.7135,32453
8.7189,32521
8.7244,32610
8.7301,32563
8.7357,32616
8.7411,32712
8.7468,32517
8.7522,32541
8.7579,32287
8.7633,32491
8.7688,32393
8.7745,32555
8.7799,32475
8.7856,32116
8.7913,32364
8.7966,32273
8.8023,32315
8.8078,32357
8.8134,32658
8.8191,32214
8.8243,32217
8.8301,32295
8.8357,32087
8.8412,32325
8.8468,32435
8.8522,32159
8.8579,32196
8.8635,32267
8.869,32143
8.8744,32017
8.88,31985
8.8857,32358
8.8911,32197
8.8967,32244
8.9021,32203
8.9078,32068
8.9135,32334
8.9189,32189
8.9245,32244
8.9302,32187
8.9356,32193
8.9413,32162
8.9467,32292
8.9524,32182
8.9578,32169
8.9634,32277
8.9688,32410
8.9745,32619
8.9802,32397
8.9856,32147
8.9912,32031
8.9966,32300
9.008,32276
9.0134,32010
9.019,32383
9.0244,32506
9.0301,32239
9.0355,32520
9.0412,32200
9.0466,32482
9.0523,32153
9.0577,32029
9.0634,32224
9.0688,32214
9.0745,32024
9.0802,32114
9.0856,32217
9.0913,32155
9.0966,32308
9.1023,31977
9.1078,32175
9.1135,32339
9.1189,32299
9.1245,32282
9.1302,32374
9.1356,32212
9.1411,32171
9.1467,32143
9.1524,32213
9.1578,32336
9.1635,32109
9.1689,32218
9.1746,32349
9.18,32168
9.1857,32003
9.1911,32130
9.1968,32489
9.2022,32051
9.2079,31990
9.2133,32202
9.219,32274
9.2244,31989
9.2301,32199
9.2357,32213
9.2411,32221
9.2468,32262
9.2522,32420
9.2579,31932
9.2633,32178
9.2691,31947
9.2745,32365
9.2801,32382
9.2855,32057
9.2912,32134
9.2967,32301
9.3023,32162
9.3077,32124
9.3134,31865
9.3191,31972
9.3245,32214
9.3301,32016
9.3356,32324
9.3412,32364
9.3467,32140
9.3523,32250
9.3577,32184
9.3634,32140
9.3691,32213
9.3745,32019
9.3802,31777
9.3856,32054
9.3913,32120
9.3966,32059
9.4023,32010
9.4077,32297
9.4134,32385
9.4189,32253
9.4246,32158
9.43,32203
9.4356,31907
9.4413,32208
9.4467,32247
9.4524,31927
9.4578,32042
9.4635,32039
9.4689,32079
9.4745,31928
9.4799,32015
9.4856,32187
9.4913,32020
9.4967,31994
9.5022,32108
9.5079,32226
9.5135,32161
9.5189,32235
9.5246,31872
9.53,32144
9.5357,31824
9.5411,31917
9.5468,32133
9.5524,31951
9.5578,31751
9.5635,31919
9.5689,32119
9.5746,32223
9.5801,32055
9.5858,32065
9.5912,31961
9.5968,32237
9.6023,32007
9.608,32065
9.6133,32046
9.619,32214
9.6244,32079
9.6301,31838
9.6355,31855
9.6412,32091
9.6468,32060
9.6523,32007
9.6577,32056
9.6634,32134
9.6691,32003
9.6744,32006
9.6802,32203
9.6856,32166
9.6913,31853
9.6967,31976
9.7023,31886
9.708,31865
9.7134,32291
9.7191,32038
9.7245,32052
9.7302,31988
9.7356,32049
9.7413,32010
9.7467,32182
9.7523,31910
9.7578,31888
9.7635,32136
9.7688,31910
9.7746,31696
9.7802,31898
9.7856,31716
9.791,31992
9.7967,31864
9.8024,31997
9.8078,31841
9.8135,31691
9.819,32015
9.8246,31931
9.83,32186
9.8357,31791
9.8411,31785
9.8468,31853
9.8522,31954
9.8578,32009
9.8635,32123
9.8689,31934
9.8746,31792
9.88,31608
9.8858,32233
9.8912,32025
9.8969,32325
9.9023,32026
9.9079,32070
9.9134,31582
9.9191,31827
9.9245,31750
9.9302,31953
9.9355,32000
9.9412,31740
9.9466,32068
9.9523,31902
9.958,32184
9.9634,31619
9.9688,32084
9.9745,31871
9.9802,31766
9.9856,31959
9.9913,31943
9.9967,31672
10.0023,31736
10.0078,31620
10.0135,31943
10.0191,31901
10.0245,32150
10.0302,31754
10.0356,31977
10.0413,32277
10.0467,31981
10.0524,31932
10.0578,32258
10.0635,32185
10.0689,31833
10.0746,31757
10.08,31914
10.0856,31952
10.0913,31820
10.0967,31904
10.1024,31787
10.1078,32029
10.1135,31661
10.1189,32276
10.1246,31793
10.13,32089
10.1357,31868
10.1411,32153
10.1468,31814
10.1522,32038
10.1579,31885
10.1633,31840
10.169,31907
10.1746,31900
10.1801,31751
10.1857,31785
10.1911,31809
10.1968,31957
10.2023,31735
10.208,32003
10.2133,31644
10.219,31807
10.2244,31639
10.2301,31939
10.2358,32075
10.2412,31502
10.2469,31740
10.2522,31873
10.2579,31911
10.2633,31799
10.269,31746
10.2744,32101
10.2802,31805
10.2856,31705
10.2912,31804
10.2966,31918
10.3023,31827
10.3078,31882
10.3134,31673
10.3188,31901
10.3245,31922
10.3301,31655
10.3356,31577
10.3412,31823
10.3466,31995
10.3523,31914
10.3578,31726
10.3635,32015
10.3691,32010
10.3744,32091
10.3801,31701
10.3856,31711
10.3912,31725
10.3966,31657
10.4022,31811
10.4079,31844
10.4133,31781
10.419,31856
10.4244,32094
10.4301,31502
10.4358,31918
10.4412,31826
10.4469,31983
10.4523,31944
10.4579,31596
10.4633,31791
10.469,31727
10.4744,31749
10.4801,31627
10.4857,31742
10.4911,31669
10.4968,31643
10.5022,31906
10.5079,32050
10.5134,31913
10.5191,31674
10.5244,31868
10.5301,31821
10.5355,31471
10.5413,31546
10.5466,31552
10.5523,31471
10.558,31812
10.5634,31541
10.5691,31943
10.5744,31693
10.5801,31820
10.5856,31673
10.5913,31744
10.5967,31573
10.6024,31687
10.608,31814
10.6135,31764
10.6189,31607
10.6245,31572
10.6302,31503
10.6356,31693
10.6413,31478
10.6467,31559
10.6524,31459
10.6578,31537
10.6635,31664
10.6689,31645
10.6746,31739
10.68,31716
10.6857,31446
10.6911,31651
10.6968,31326
10.7022,31741
10.7079,31762
10.7135,31544
10.7189,31520
10.7246,31868
10.73,31499
10.7357,31557
10.7411,31633
10.7468,31762
10.7522,31429
10.7579,31554
10.7636,31647
10.769,31656
10.7744,31617
10.7801,31715
10.7855,31789
10.7912,31551
10.7968,31247
10.8022,31380
10.8079,31958
10.8133,31698
10.819,31896
10.8244,31793
10.8301,31578
10.8358,31846
10.8412,31854
10.8469,31674
10.8523,31684
10.8579,31587
10.8634,31623
10.869,31659
10.8747,31450
10.8801,31946
10.8858,31598
10.8912,31631
10.8966,31695
10.9023,31563
10.9078,31585
10.9134,31659
10.9191,31655
10.9245,31381
10.9302,31381
10.9356,31410
10.9413,31513
10.9466,31422
10.9523,31448
10.958,31627
10.9634,31921
10.9691,31523
10.9745,31656
10.9802,31473
10.9856,31751
10.9913,31666
10.9967,31944
11.0024,31662
11.0078,31698
11.0134,31574
11.0189,31663
11.0245,31242
11.0302,31549
11.0356,31393
11.0413,31817
11.0467,31523
11.0524,31547
11.0578,31534
11.0635,31397
11.0689,31584
11.0746,31691
11.08,31642
11.0857,31450
11.0911,31730
11.0968,31674
11.1022,31589
11.1078,31641
11.1133,31515
11.1189,31606
11.1246,31515
11.1301,31472
11.1358,31695
11.1412,31812
11.1468,31479
11.1522,31471
11.1579,31828
11.1634,31733
11.169,31599
11.1744,31485
11.1801,31522
11.1858,31691
11.1912,32062
11.1969,31529
11.2023,31638
11.208,31309
11.2134,31628
11.2191,31441
11.2245,31750
11.2302,31597
11.2356,31400
11.2413,31624
11.2466,31426
11.2523,31429
11.258,31934
11.2634,31365
11.269,31447
11.2747,31407
11.2801,31642
11.2858,31556
11.2912,31635
11.2967,31873
11.3023,31696
11.308,31494
11.3134,31286
11.3191,31257
11.3245,31774
11.3302,31512
11.3356,31432
11.3412,31617
11.3466,31623
11.3523,31762
11.3577,31646
11.3634,31674
11.3689,31356
11.3746,31558
11.38,31908
11.3856,31350
11.3913,31533
11.3967,31487
11.4024,31687
11.4078,31428
11.4135,31637
11.4189,31334
11.4246,31304
11.4302,31338
11.4357,31357
11.4411,31461
11.4468,31486
11.4522,31656
11.4579,31605
11.4635,31580
11.469,31512
11.4747,31407
11.48,31510
11.4858,31470
11.4912,31178
11.4968,31429
11.5022,31630
11.5079,31574
11.5133,31383
11.519,31535
11.5244,31458
11.5301,31540
11.5358,31513
11.5412,31588
11.5469,31428
11.5523,31214
11.5579,31376
11.5634,31608
11.569,31313
11.5747,31296
11.5801,31618
11.5858,31456
11.5912,31304
11.5966,31631
11.6023,31298
11.6078,31341
11.6134,31549
11.6191,31776
11.6245,31606
11.6302,31291
11.6356,31579
11.6413,31244
11.6467,31298
11.6523,31275
11.658,31335
11.6634,31493
11.6691,31415
11.6745,31551
11.6802,31586
11.6856,31482
11.6913,31364
11.6967,31646
11.7024,31408
11.7078,31464
11.7135,31357
11.7189,31407
11.7245,31168
11.7302,31650
11.7357,31562
11.7413,31315
11.7467,31431
11.7521,31250
11.7579,31432
11.7636,31413
11.769,31477
11.7746,31661
11.78,31592
11.7856,31737
11.7912,31447
11.7966,31537
11.8023,31344
11.8079,31513
11.8134,31478
11.819,31620
11.8244,31623
11.8301,31684
11.8356,31795
11.8411,31842
11.8468,31821
11.8524,31750
11.8578,31772
11.8635,31715
11.8689,31771
11.8746,31702
11.88,31692
11.8856,31744
11.8914,31704
11.8967,31668
11.9024,31536
11.9079,31856
11.9136,31963
11.919,31995
11.9246,31648
11.9302,31447
11.9357,31729
11.9414,31811
11.9468,31616
11.9524,31584
11.9578,31749
11.9634,31437
11.9689,31647
11.9745,31628
11.9802,31676
11.9856,31543
11.9914,32180
11.9968,31799
12.0024,31680
12.0078,31733
12.0135,31536
12.019,31376
12.0247,31566
12.0301,31546
12.0357,31856
12.0411,31848
12.0468,31772
12.0525,31784
12.0579,31812
12.0633,31683
12.069,31785
12.0745,31702
12.0801,31821
12.0858,31868
12.0912,31825
12.0969,31716
12.1023,31380
12.108,31815
12.1133,31791
12.119,31780
12.1244,31835
12.1301,31699
12.1358,31881
12.1412,31794
12.1466,31657
12.1523,31818
12.158,31552
12.1634,31791
12.1691,31723
12.1745,31728
12.1802,32060
12.1856,31593
12.1912,31615
12.1969,31688
12.2023,31629
12.208,31967
12.2134,31647
12.2191,31838
12.2245,31937
12.2303,31798
12.2356,31878
12.2413,31715
12.2467,31611
12.2524,31897
12.2578,31808
12.2635,31602
12.2689,31776
12.2746,31852
12.28,31680
12.2857,31523
12.2911,31663
12.2968,31879
12.3022,31821
12.3079,31874
12.3133,31641
12.319,31703
12.3244,31744
12.3301,32055
12.3358,31631
12.3412,31702
12.3469,31722
12.3523,31648
12.3579,31469
12.3636,31793
12.369,31614
12.3747,32084
12.3802,31492
12.3856,31814
12.3912,31703
12.3969,32022
12.4023,31549
12.408,31541
12.4134,31559
12.4191,31567
12.4245,31619
12.4302,31556
12.4356,31681
12.4412,31913
12.4467,31705
12.4524,31916
12.4578,31688
12.4635,31854
12.4691,31797
12.4745,31738
12.4802,31895
12.4857,31500
12.4913,31435
12.4967,31537
12.5024,31596
12.5081,31774
12.5135,31759
12.5191,31888
12.5245,31471
12.5302,31411
12.5357,31944
12.5414,31422
12.5467,31619
12.5524,31888
12.5578,31684
12.5635,31764
12.5689,31755
12.5746,31569
12.58,31563
12.5856,31316
12.5911,31697
12.5967,31662
12.6024,31671
12.6079,31925
12.6136,31800
12.619,31756
12.6247,31599
12.6301,31493
12.6358,31872
12.6412,31678
12.6469,31423
12.6523,31545
12.658,31686
12.6633,31425
12.669,31784
12.6747,31611
12.6801,31600
12.6856,31481
12.6913,31714
12.6967,31512
12.7024,31646
12.708,31696
12.7135,31711
12.7189,31545
12.7245,31379
12.7303,31615
12.7356,31580
12.7413,31720
12.7467,31469
12.7524,31798
12.7578,31790
12.7635,31793
12.7689,31798
12.7746,31829
12.7803,31684
12.7857,32046
12.7914,31472
12.7968,31525
12.8025,31672
12.8079,31545
12.8136,31841
12.8189,31702
12.8246,31718
12.8303,31472
12.8357,31534
12.8411,31662
12.8468,31794
12.8522,31848
12.8579,31691
12.8635,31626
12.8689,31387
12.8746,31570
12.8803,31553
12.8857,31511
12.8914,31634
12.8968,31316
12.9025,31624
12.9078,31405
12.9135,31303
12.9188,31556
12.9245,31586
12.9302,31617
12.9359,31829
12.9412,31751
12.9469,31635
12.9523,31417
12.958,31624
12.9634,31533
12.9691,31704
12.9745,31691
12.9802,31392
12.9858,31439
12.9912,31687
12.9966,31626
13.0023,31445
13.0078,31597
13.0135,31895
13.0191,31732
13.0245,31687
13.0302,31613
13.0356,31775
13.0413,31485
13.047,31635
13.0523,31555
13.058,31798
13.0634,31562
13.0691,31798
13.0744,31632
13.0801,31733
13.0858,31618
13.0912,31543
13.0969,31473
13.1023,31973
13.108,31665
13.1134,31578
13.119,31554
13.1247,31762
13.13,31643
13.1357,31745
13.1411,31559
13.1468,31520
13.1522,31867
13.1579,31511
13.1636,31628
13.169,31497
13.1745,31785
13.1802,31624
13.1856,31523
13.1912,31560
13.1967,31510
13.2023,31636
13.2078,31402
13.2135,31608
13.2189,31629
13.2245,31469
13.23,31534
13.2356,31627
13.2412,31706
13.2467,31714
13.2523,31693
13.2578,31574
13.2634,31574
13.269,31599
13.2745,31619
13.2801,31631
13.2856,31727
13.2912,31516
13.2967,32019
13.3023,31708
13.3078,31755
13.3134,31716
13.319,31932
13.3246,31670
13.3301,31688
13.3357,31254
13.3412,31651
13.3468,31602
13.3523,31502
13.3579,31405
13.3634,31832
13.369,31570
13.3746,31572
13.3801,31935
13.3856,31695
13.3912,31576
13.3968,31686
13.4024,31510
13.4079,32027
13.4135,31611
13.419,31676
13.4246,31407
13.43,31755
13.4357,31356
13.4413,31771
13.4468,31680
13.4524,31613
13.4578,31569
13.4635,31844
13.4691,31567
13.4745,31664
13.4802,31715
13.4857,31662
13.4913,31657
13.4967,31524
13.5024,31614
13.508,31655
13.5134,31559
13.519,31516
13.5247,31447
13.5301,31522
13.5358,31347
13.5412,31361
13.5469,31621
13.5523,31862
13.558,31487
13.5634,31819
13.5691,31617
13.5745,31570
13.5802,31489
13.5856,31804
13.5912,31554
13.5969,31644
13.6024,31546
13.608,31498
13.6134,31720
13.6189,31462
13.6246,31625
13.6303,31616
13.6357,31625
13.6414,31623
13.6468,31645
13.6525,31896
13.6578,31541
13.6636,31628
13.669,31537
13.6746,31420
13.6803,31583
13.6857,31792
13.6914,31532
13.6968,31609
13.7025,31522
13.7079,31705
13.7136,31861
13.719,31684
13.7247,31572
13.7301,31443
13.7358,31498
13.7412,31572
13.7468,31408
13.7525,31459
13.7579,31566
13.7636,31572
13.769,31566
13.7747,31741
13.7801,31739
13.7858,31515
13.7912,31625
13.7969,31771
13.8023,31397
13.808,31858
13.8134,31445
13.8191,31396
13.8248,31548
13.8302,31566
13.8359,31508
13.8412,31724
13.847,31590
13.8524,31744
13.8581,31795
13.8635,31670
13.8691,31624
13.8745,31698
13.8802,31720
13.8856,31626
13.8913,31818
13.8967,31536
13.9024,31695
13.908,31641
13.9135,31646
13.9191,31438
13.9245,31664
13.9302,31560
13.9357,31745
13.9414,31897
13.9468,31547
13.9524,31760
13.9581,31515
13.9635,31675
13.9692,31436
13.9746,31528
13.9803,31640
13.9856,31744
13.9913,31423
13.9967,31572
14.0024,31460
14.0079,31665
14.0136,31832
14.019,31486
14.0247,31791
14.0303,31780
14.0358,31941
14.0412,31866
14.0468,31814
14.0523,31689
14.0579,31423
14.0636,31371
14.069,31582
14.0747,31602
14.0801,31715
14.0858,31446
14.0913,31771
14.097,31354
14.1023,31642
14.108,31596
14.1134,31817
14.1191,31363
14.1245,31848
14.1302,31690
14.1359,31657
14.1413,31604
14.147,31483
14.1523,31773
14.158,31625
14.1635,31538
14.1692,31520
14.1746,31817
14.1803,31714
14.1857,31626
14.1914,31988
14.1968,31795
14.2025,31520
14.2079,31529
14.2135,31603
14.2192,31307
14.2247,31245
14.2303,31452
14.2357,31808
14.2414,31605
14.2468,31726
14.2525,31609
14.2579,31759
14.2635,31613
14.269,31712
14.2747,31518
14.2803,31561
14.2857,31639
14.2914,31340
14.2968,31472
14.3025,31600
14.3079,31334
14.3136,31586
14.319,31763
14.3247,31386
14.3302,31690
14.3359,31548
14.3412,31506
14.3469,31435
14.3524,31241
14.358,31597
14.3634,31311
14.3691,31548
14.3747,31283
14.3802,31338
14.3858,31615
14.3913,31605
14.397,31543
14.4024,31506
14.4081,31504
14.4135,31691
14.4192,31535
14.4246,31758
14.4303,31581
14.4357,31412
14.4414,31724
14.4468,31524
14.4525,31368
14.4579,31239
14.4635,31453
14.469,31463
14.4747,31411
14.4801,31709
14.4858,31557
14.4912,31650
14.4969,31688
14.5023,31408
14.508,31508
14.5137,31371
14.5191,31757
14.5247,31552
14.5301,31600
14.5358,31691
14.5412,31790
14.5469,31661
14.5523,31541
14.558,31592
14.5635,31398
14.5691,31596
14.5748,31531
14.5802,31556
14.5856,31483
14.5913,31535
14.597,31503
14.6024,31546
14.608,31529
14.6135,31774
14.6191,31612
14.6245,31625
14.6302,31428
14.6357,31716
14.6414,31711
14.6468,31540
14.6524,31529
14.6581,31858
14.6635,31219
14.6692,31556
14.6746,31758
14.6803,31465
14.6857,31685
14.6914,31711
14.6968,31689
14.7025,31630
14.7079,31738
14.7136,31702
14.719,31537
14.7246,32019
14.7303,31743
14.7357,31669
14.7414,31500
14.7468,31523
14.7525,31710
14.7579,31850
14.7636,31677
14.769,31617
14.7746,31988
14.7803,31585
14.7858,31430
14.7915,31596
14.7969,31535
14.8025,31334
14.8078,31682
14.8135,31341
14.819,31506
14.8246,31858
14.8303,31586
14.8356,31480
14.8413,31693
14.847,31688
14.8524,31502
14.8581,31368
14.8635,31606
14.8692,31683
14.8746,31435
14.8803,31588
14.8856,31390
14.8913,31703
14.8968,31347
14.9024,31816
14.9078,31744
14.9134,31607
14.9191,31451
14.9248,31295
14.9302,31656
14.9359,31513
14.9413,31720
14.947,31717
14.9524,31891
14.958,31555
14.9634,31752
14.9691,31510
14.9748,31781
14.9802,31771
14.9858,31711
14.9912,31557
14.9969,31699
15.0023,31653
15.008,31726
15.0134,31568
15.0191,31458
15.0246,31622
15.0303,31794
15.0359,31705
15.0413,31486
15.047,31430
15.0524,31592
15.0581,31521
15.0635,31788
15.0692,31466
15.0746,31822
15.0803,31673
15.0857,31415
15.0914,31469
15.0968,31698
15.1025,31451
15.1079,31431
15.1136,31578
15.119,31555
15.1247,32003
15.1301,31492
15.1358,31520
15.1412,31747
15.1469,31149
15.1525,31480
15.1579,31821
15.1636,31567
15.169,31622
15.1747,31620
15.1802,31738
15.1859,31526
15.1912,31671
15.1969,31509
15.2023,31567
15.208,31452
15.2137,31575
15.2191,31566
15.2248,31403
15.2302,31450
15.2359,31188
15.2413,31052
15.2469,31292
15.2524,31556
15.2581,31748
15.2635,31841
15.2692,31480
15.2748,31597
15.2802,31395
15.2857,31805
15.2913,31543
15.2968,31581
15.3024,31356
15.3081,31462
15.3135,31762
15.3192,31458
15.3246,31544
15.3303,31511
15.3357,31732
15.3414,31554
15.3468,31478
15.3525,31426
15.3579,31699
15.3636,31306
15.3693,31393
15.3747,31737
15.3803,31451
15.3857,31486
15.3914,31552
15.3968,31456
15.4025,31509
15.4079,31604
15.4136,31622
15.419,31652
15.4247,31558
15.4303,31835
15.4358,31609
15.4412,31569
15.4469,31537
15.4526,31630
15.4579,31723
15.4636,31349
15.469,31234
15.4747,31265
15.4802,31736
15.4859,31674
15.4913,31637
15.4967,31616
15.5024,31562
15.5081,31504
15.5135,31541
15.5192,31593
15.5246,31576
15.5303,31456
15.5359,31351
15.5413,31382
15.547,31623
15.5524,31236
15.5581,31604
15.5635,31670
15.5692,31532
15.5746,31539
15.5803,31553
15.5857,31576
15.5914,31714
15.5968,31619
15.6024,31297
15.6081,31255
15.6135,31602
15.6192,31734
15.6246,31435
15.6303,31622
15.6357,31424
15.6414,31895
15.6468,31411
15.6525,31646
15.6579,31699
15.6636,31682
15.669,31721
15.6747,31448
15.6801,31464
15.6858,31327
15.6914,31511
15.6968,31401
15.7025,31491
15.7079,31700
15.7136,31362
15.719,31659
15.7247,31731
15.7301,31631
15.7358,31671
15.7414,31625
15.7469,31721
15.7526,31583
15.758,31580
15.7637,31625
15.769,31608
15.7747,31866
15.7801,31590
15.7858,31571
15.7912,31344
15.7969,31898
15.8023,31571
15.808,31649
15.8134,31425
15.8191,31869
15.8248,31387
15.8302,31416
15.8358,31385
15.8413,31758
15.8469,31537
15.8523,31430
15.858,31527
15.8637,31562
15.8691,31471
15.8746,31487
15.8803,31771
15.8857,31504
15.8913,31410
15.897,31524
15.9024,31626
15.9081,31377
15.9135,31486
15.9192,31351
15.9245,31542
15.9302,31499
15.9356,31281
15.9413,31367
15.947,31590
15.9524,31504
15.9578,31393
15.9635,31384
15.9692,31647
15.9746,31432
15.9803,31384
15.9857,31460
15.9914,31446
15.9968,31428
16.0025,31590
16.0079,31335
16.0136,31144
16.0192,31273
16.0247,31501
16.0304,31810
16.0358,31663
16.0412,31776
16.0469,31788
16.0525,31610
16.058,31176
16.0637,31478
16.069,31528
16.0748,31455
16.0801,31350
16.0858,31315
16.0912,31460
16.0969,31513
16.1023,31600
16.108,31371
16.1135,31443
16.1192,31553
16.1246,31484
16.1302,31297
16.1356,31351
16.1414,31415
16.147,31488
16.1525,31138
16.1581,31331
16.1635,31652
16.1692,31369
16.1746,31416
16.1803,31394
16.1857,31341
16.1914,31346
16.1968,31393
16.2025,31628
16.2081,31482
16.2134,31495
16.2191,31456
16.2245,31636
16.2302,31535
16.2359,31513
16.2412,31295
16.2469,31496
16.2523,31432
16.258,31295
16.2635,31430
16.2691,31485
16.2745,31343
16.2801,31697
16.2858,31251
16.2912,31198
16.2969,31358
16.3025,31303
16.3079,31340
16.3136,31210
16.3193,31304
16.3247,31756
16.3303,31533
16.3358,31428
16.3415,31509
16.3469,31515
16.3525,31595
16.3579,31758
16.3635,31529
16.3692,31577
16.3747,31475
16.3803,31214
16.3857,31450
16.3914,31537
16.3968,31773
16.4025,31524
16.4081,31612
16.4136,31718
16.4193,31325
16.4247,31348
16.4301,31633
16.4358,31443
16.4415,31896
16.4469,31657
16.4526,31530
16.458,31457
16.4634,31236
16.4691,31446
16.4747,31621
16.4802,31623
16.4858,31516
16.4912,31518
16.4969,31412
16.5023,31601
16.5081,31496
16.5137,31495
16.5191,31723
16.5248,31415
16.5302,31843
16.5359,31720
16.5413,31158
16.5469,31542
16.5525,31406
16.558,31714
16.5636,31347
16.5691,31521
16.5745,31588
16.5802,31879
16.5856,31453
16.5913,31678
16.597,31635
16.6024,31486
16.6081,31485
16.6135,31382
16.6192,31459
16.6246,31608
16.6302,31424
16.6357,31330
16.6413,31579
16.647,31419
16.6525,31462
16.6579,31234
16.6636,31634
16.6693,31324
16.6747,31723
16.6804,31574
16.6858,31477
16.6915,31455
16.6969,31453
16.7023,31605
16.708,31432
16.7137,31578
16.7191,31559
16.7248,31374
16.7301,31586
16.7358,31667
16.7412,31687
16.7469,31620
16.7526,31340
16.758,31504
16.7634,31389
16.7692,31276
16.7746,31481
16.7803,31465
16.7857,31403
16.7914,31613
16.7968,31396
16.8025,31436
16.8079,31519
16.8136,31659
16.819,31478
16.8247,31274
16.8304,31578
16.8358,31434
16.8412,31433
16.8469,31445
16.8526,31483
16.858,31339
16.8636,31629
16.8691,31588
16.8747,31367
16.8801,31614
16.8859,31704
16.8913,31605
16.897,31423
16.9024,31566
16.908,31402
16.9135,31557
16.9192,31239
16.9248,31479
16.9303,31500
16.9359,31184
16.9413,31299
16.947,31475
16.9524,31409
16.9581,31525
16.9635,31610
16.9692,31340
16.9747,31494
16.9803,31307
16.9857,31726
16.9914,31136
16.9968,31619
17.0024,31345
17.0079,31469
17.0136,31434
17.0193,31526
17.0247,31421
17.0304,31331
17.0358,31599
17.0412,31245
17.0469,31355
17.0523,31348
17.058,31651
17.0636,31470
17.0691,31721
17.0748,31275
17.0801,31635
17.0859,31300
17.0915,31658
17.0969,31445
17.1026,31644
17.108,31346
17.1137,31499
17.1191,31787
17.1248,31335
17.1303,31914
17.1359,31505
17.1413,31545
17.147,31587
17.1524,31554
17.1581,31522
17.1635,31407
17.1692,31458
17.1746,31543
17.1803,31362
17.1857,31481
17.1914,31669
17.1968,31493
17.2025,31581
17.2079,31677
17.2136,31508
17.2192,31488
17.2247,31422
17.2301,31497
17.2357,31369
17.2415,31335
17.2468,31566
17.2525,31334
17.2579,31653
17.2636,31617
17.269,31415
17.2747,31421
17.2802,31622
17.2859,31493
17.2913,31704
17.2969,31439
17.3024,31356
17.3081,31497
17.3137,31243
17.3191,31349
17.3248,31463
17.3302,31274
17.3359,31663
17.3413,31293
17.347,31448
17.3524,31512
17.3581,31685
17.3635,31448
17.3692,31664
17.3749,31669
17.3803,31812
17.3857,31722
17.3913,31154
17.3971,31800
17.4024,31461
17.4081,31796
17.4135,31625
17.4192,31566
17.4246,31532
17.4303,31339
17.4357,31204
17.4414,31409
17.4471,31675
17.4524,31756
17.4582,31448
17.4636,31545
17.4693,31433
17.4747,31811
17.4803,31608
17.4858,31600
17.4913,31541
17.497,31462
17.5024,31506
17.5081,31532
17.5135,31602
17.5192,31627
17.5246,31732
17.5302,31567
17.5359,31494
17.5414,31727
17.547,31724
17.5525,31609
17.5581,31594
17.5635,31621
17.5692,31488
17.5746,31618
17.5803,31858
17.5857,31582
17.5914,31442
17.5968,31775
17.6025,31846
17.6081,31668
17.6136,31581
17.619,31499
17.6247,31464
17.6304,31615
17.6357,31583
17.6414,31546
17.6471,31249
17.6525,31478
17.6582,31663
17.6636,31321
17.6693,31579
17.6747,31454
17.6804,31853
17.6858,31632
17.6915,31159
17.6969,31550
17.7026,31332
17.7079,31475
17.7136,31601
17.7193,31418
17.7247,31589
17.7303,31599
17.7358,31683
17.7415,31767
17.7469,31507
17.7526,31183
17.758,31680
17.7636,31610
17.7693,31585
17.7747,31577
17.7804,31497
17.7858,31328
17.7914,31725
17.7971,31662
17.8025,31672
17.8081,31841
17.8136,31587
17.8192,31483
17.8246,31598
17.8304,31632
17.8357,31868
17.8414,31532
17.8468,31770
17.8526,31765
17.8582,31628
17.8636,31467
17.8693,31541
17.8747,31506
17.8804,31522
17.8858,31492
17.8915,31542
17.8969,31759
17.9026,31849
17.908,31634
17.9137,31876
17.9191,31656
17.9248,31268
17.9301,31348
17.9358,31438
17.9415,31778
17.9469,31995
17.9525,31435
17.958,31488
17.9636,31486
17.9693,31802
17.9747,31683
17.9802,31443
17.9857,31425
17.9914,31733
17.9971,31690
18.0025,31648
18.0079,31448
18.0135,31451
18.0192,31946
18.0246,31778
18.0303,31554
18.036,31524
18.0414,31568
18.0471,31890
18.0525,31537
18.0582,31814
18.0636,31696
18.0692,31587
18.0748,31744
18.0803,31724
18.0857,31983
18.0914,31730
18.097,31513
18.1027,31623
18.108,31735
18.1137,31878
18.1191,31595
18.1248,31788
18.1302,31739
18.1359,31895
18.1413,31567
18.147,31590
18.1524,31495
18.1581,31659
18.1635,31387
18.1692,31465
18.1746,31482
18.1803,31488
18.1859,31459
18.1914,31509
18.197,31619
18.2024,31429
18.2081,31576
18.2136,31858
18.2193,31877
18.2246,31733
18.2303,31590
18.2357,31693
18.2414,31635
18.2471,31800
18.2525,31950
18.2582,31690
18.2636,31718
18.2693,31727
18.2747,31430
18.2804,31672
18.2858,31774
18.2915,31627
18.2969,31602
18.3026,31743
18.3082,31613
18.3137,31691
18.3191,31305
18.3248,31397
18.3302,31759
18.3358,31570
18.3415,31546
18.3469,31420
18.3526,31704
18.358,31788
18.3637,31729
18.3692,31783
18.3746,31854
18.3803,31492
18.3859,31834
18.3914,31741
18.3968,31834
18.4024,31665
18.4082,31657
18.4135,31674
18.4192,31556
18.4249,31668
18.4303,31609
18.436,31798
18.4414,31540
18.4471,31721
18.4525,31637
18.4582,31691
18.4636,31823
18.4693,31895
18.4747,31665
18.4804,31723
18.4858,31593
18.4914,31479
18.4971,31749
18.5025,31658
18.5082,31423
18.5136,31629
18.5191,31814
18.5248,31477
18.5302,31882
18.5359,31718
18.5415,31636
18.547,31533
18.5524,31729
18.558,31649
18.5637,31561
18.5691,31573
18.5748,31874
18.5802,31615
18.5859,31735
18.5913,31636
18.597,31549
18.6024,31723
18.6081,31657
18.6135,31783
18.6192,31628
18.6249,31760
18.6303,31717
18.636,31847
18.6414,31350
18.6471,31758
18.6524,31589
18.6581,31626
18.6635,31761
18.6692,31684
18.6746,31548
18.6803,31819
18.6858,31783
18.6914,31553
18.6971,32098
18.7025,31573
18.7082,31670
18.7136,31548
18.7193,31609
18.7247,31698
18.7303,31883
18.7358,31820
18.7414,31687
18.7471,31598
18.7525,31748
18.7582,31905
18.7636,31512
18.7693,31853
18.7747,31857
18.7804,31771
18.7858,31472
18.7915,31824
18.7969,31672
18.8026,31727
18.808,31755
18.8136,31734
18.8193,31740
18.8247,32074
18.8304,31868
18.8358,31802
18.8413,31841
18.8469,31773
18.8526,31776
18.858,31622
18.8637,31566
18.8691,31386
18.8748,31725
18.8802,31715
18.8859,31856
18.8913,31715
18.897,31447
18.9024,31845
18.9081,31407
18.9135,31691
18.9192,31739
18.9249,31497
18.9303,31610
18.936,31629
18.9414,31802
18.947,31713
18.9525,31596
18.9582,31934
18.9635,31786
18.9692,31611
18.9749,31478
18.9803,31775
18.9857,31858
18.9914,31816
18.9969,31766
19.0025,31611
19.008,31830
19.0137,31728
19.0191,31710
19.0247,31667
19.0302,31675
19.0358,31473
19.0415,31653
19.0469,31732
19.0526,31913
19.058,31680
19.0637,31777
19.0692,31692
19.0749,31731
19.0802,32072
19.0859,31791
19.0913,31728
19.097,31828
19.1027,31685
19.1081,31764
19.1138,31826
19.1192,31715
19.1249,31703
19.1303,31483
19.136,31431
19.1414,31827
19.1471,31886
19.1525,31611
19.1582,31749
19.1636,31661
19.1693,31792
19.1746,31776
19.1803,31770
19.1857,31702
19.1914,31946
19.197,31562
19.2024,31540
19.2081,31653
19.2135,31741
19.2193,31589
19.2247,31758
19.2303,31838
19.2359,31626
19.2413,31822
19.247,31604
19.2524,31574
19.2581,31573
19.2635,31749
19.2692,31713
19.2748,31425
19.2803,31575
19.2859,31449
19.2916,31833
19.297,31618
19.3025,31801
19.3082,31711
19.3135,32049
19.3192,31958
19.3249,31755
19.3303,31446
19.336,31898
19.3414,31749
19.3471,31540
19.3525,31750
19.3582,31655
19.3636,31655
19.3693,31751
19.3747,31807
19.3804,31600
19.3858,31714
19.3915,31642
19.3969,31768
19.4026,31704
19.408,31696
19.4137,31343
19.4191,31664
19.4248,31711
19.4304,31750
19.4359,31798
19.4415,31675
19.447,31838
19.4526,31872
19.4581,31662
19.4638,31756
19.4691,31869
19.4748,31712
19.4802,31559
19.4859,31817
19.4913,31544
19.497,31850
19.5027,31557
19.508,31782
19.5137,31621
19.5193,31576
19.5248,31836
19.5305,31694
19.5358,31664
19.5415,31885
19.5469,31762
19.5526,31983
19.558,31711
19.5636,31820
19.5693,31929
19.5747,31664
19.5804,31861
19.5858,31647
19.5914,31710
19.5971,31797
19.6025,31720
19.6082,31872
19.6136,31811
19.6193,31812
19.6246,31809
19.6303,31786
19.6357,31670
19.6415,31359
19.6471,31696
19.6525,31729
19.6582,31366
19.6635,31801
19.6692,31765
19.6749,31870
19.6803,31597
19.686,31606
19.6915,31900
19.6969,31996
19.7025,31771
19.7082,31784
19.7136,31588
19.7193,31545
19.7247,31550
19.7304,31618
19.7358,31622
19.7415,31732
19.7469,31367
19.7525,31648
19.758,31778
19.7637,31731
19.7691,31830
19.7748,31840
19.7802,31855
19.7859,31861
19.7916,31699
19.797,31453
19.8027,31613
19.8081,31854
19.8137,31588
19.8191,31798
19.8248,31484
19.8302,31635
19.8359,31638
19.8413,31691
19.847,31639
19.8525,31600
19.8581,32025
19.8638,31670
19.8692,31711
19.8747,31559
19.8803,31664
19.886,32061
19.8914,31753
19.8971,31794
19.9025,31842
19.9082,31893
19.9136,32038
19.9193,31814
19.9248,31677
19.9305,31991
19.9359,31770
19.9415,32004
19.947,31686
19.9527,31860
19.958,31652
19.9637,31504
19.9691,31784
19.9748,31887
19.9802,31767
19.9859,31839
19.9913,31770
19.997,31867
20.0025,32060
20.0082,31711
20.0136,31807
20.0193,31967
20.0247,32001
20.0304,31845
20.0358,31697
20.0415,31615
20.0469,31501
20.0525,31850
20.058,32028
20.0636,31808
20.0693,31717
20.0748,31875
20.0802,31677
20.0859,32051
20.0913,31924
20.097,31740
20.1024,31822
20.1081,31823
20.1138,31875
20.1192,31622
20.1249,31843
20.1302,31596
20.1359,31634
20.1416,31864
20.147,31721
20.1525,31805
20.1582,31694
20.1636,31965
20.1693,31798
20.1747,32033
20.1804,31691
20.1858,31843
20.1914,31507
20.1969,31644
20.2025,31726
20.2082,31713
20.2136,31619
20.2193,31829
20.2247,31904
20.2304,32006
20.2358,31775
20.2416,31879
20.2469,31933
20.2526,31551
20.258,31726
20.2637,31942
20.2691,31616
20.2748,31745
20.2802,31562
20.2859,31765
20.2916,31777
20.297,31768
20.3026,31654
20.3081,31822
20.3138,31859
20.3192,31580
20.3249,31896
20.3303,31654
20.336,31596
20.3414,31428
20.3471,31712
20.3525,31570
20.3581,32005
20.3635,31777
20.3692,31742
20.3749,31729
20.3803,31756
20.3858,31779
20.3915,31929
20.3969,31696
20.4026,31969
20.4082,31748
20.4137,31704
20.4191,31569
20.4248,31592
20.4305,31547
20.4358,31583
20.4415,31704
20.4469,31851
20.4526,31714
20.458,31850
20.4637,31872
20.4692,31801
20.4749,31778
20.4803,32020
20.4859,32024
20.4914,31710
20.4971,31583
20.5025,31613
20.5082,31643
20.5136,31631
20.5192,31590
20.5249,31610
20.5303,31698
20.536,31994
20.5414,31646
20.5471,31737
20.5526,31891
20.5582,31929
20.5636,31729
20.5693,31646
20.5747,31786
20.5804,31715
20.5858,31841
20.5914,31709
20.5971,31526
20.6025,31791
20.6082,31887
20.6136,31701
20.6193,31848
20.6248,31833
20.6302,31732
20.6358,31989
20.6415,31813
20.6469,31807
20.6526,31699
20.658,31899
20.6637,31740
20.6694,31828
20.6747,31848
20.6805,31498
20.6858,31618
20.6916,31898
20.6969,31970
20.7026,31665
20.708,32003
20.7137,31756
20.7194,31663
20.7247,31781
20.7302,31738
20.7359,31574
20.7416,31488
20.747,31473
20.7525,31713
20.7582,31683
20.7636,31910
20.7693,31841
20.7748,31869
20.7802,31792
20.7859,31776
20.7916,31911
20.797,31809
20.8027,32038
20.8081,31631
20.8138,31653
20.8192,31508
20.8248,31518
20.8302,31532
20.8359,31701
20.8413,31612
20.847,31908
20.8524,31490
20.8581,31693
20.8636,31755
20.8693,31953
20.8746,31699
20.8803,31782
20.8857,31743
20.8914,31652
20.8971,31452
20.9025,31688
20.9082,31454
20.9136,31647
20.9193,31562
20.9247,31596
20.9304,31656
20.9358,31921
20.9415,31735
20.9469,31683
20.9526,31846
20.958,31703
20.9637,31643
20.9691,31789
20.9748,31593
20.9805,31722
20.9859,31544
20.9916,31738
20.9969,31814
21.0026,31721
21.0081,31987
21.0136,32005
21.0193,31824
21.0247,31967
21.0304,31962
21.0358,31445
21.0415,31553
21.0471,31745
21.0526,31620
21.0582,31830
21.0636,31454
21.0693,31648
21.0749,31760
21.0804,31857
21.0858,31791
21.0915,31748
21.097,31579
21.1026,31993
21.108,31577
21.1137,31740
21.1192,31653
21.1248,32065
21.1302,31901
21.1359,31764
21.1416,31591
21.147,31694
21.1527,31838
21.1581,31687
21.1638,31730
21.1692,31768
21.1747,31682
21.1803,31752
21.186,31487
21.1914,31697
21.1971,31616
21.2025,31629
21.2082,31740
21.2136,31450
21.2193,31784
21.2247,31763
21.2304,31726
21.2358,31960
21.2415,31694
21.2469,31852
21.2527,31765
21.258,31739
21.2637,31827
21.2691,31663
21.2748,31597
21.2802,31624
21.2859,31605
21.2915,31527
21.2969,31837
21.3024,31722
21.3081,31582
21.3138,31801
21.3192,31966
21.3249,31651
21.3304,31505
21.336,31822
21.3414,31648
21.3471,31449
21.3525,31669
21.358,31817
21.3637,31784
21.3691,31598
21.3748,32002
21.3802,31991
21.3859,31668
21.3913,31573
21.397,31806
21.4024,31868
21.4082,31633
21.4135,31908
21.4192,31773
21.4249,31700
21.4303,31843
21.436,31670
21.4414,31463
21.4471,31502
21.4524,32098
21.4582,31643
21.4638,31658
21.4692,31836
21.4749,31730
21.4803,31827
21.486,31831
21.4914,31900
21.4971,31616
21.5025,31732
21.5082,31778
21.5136,31830
21.5193,31767
21.5248,31797
21.5304,31594
21.5359,31729
21.5415,31717
21.5469,31756
21.5527,31840
21.5581,31868
21.5638,31679
21.5692,31777
21.5749,31920
21.5803,32010
21.586,32030
21.5914,31737
21.5971,31989
21.6025,31963
21.6081,31492
21.6136,31718
21.6192,32001
21.6247,31531
21.6304,31697
21.6358,31926
21.6415,32098
21.6469,31896
21.6526,31796
21.658,31678
21.6637,31917
21.6694,31803
21.6748,32074
21.6805,31764
21.6859,31920
21.6916,31766
21.6969,31790
21.7026,31754
21.7081,31764
21.7135,31921
21.7192,31746
21.7249,32017
21.7303,31886
21.736,31793
21.7415,31664
21.7471,31729
21.7526,31803
21.7583,31711
21.7636,31979
21.7693,31623
21.7747,31973
21.7804,31983
21.7858,31859
21.7916,31814
21.797,31884
21.8027,31906
21.808,31809
21.8137,31906
21.8192,31873
21.8248,31767
21.8303,31643
21.8359,31710
21.8416,31712
21.847,31546
21.8527,31764
21.8581,31904
21.8638,31711
21.8692,31886
21.8747,31987
21.8803,31870
21.886,31790
21.8914,31542
21.8971,31605
21.9025,31997
21.9082,31720
21.9136,31811
21.9193,31874
21.9247,31801
21.9304,31975
21.9358,32027
21.9415,31899
21.9469,31912
21.9527,31703
21.958,31865
21.9637,32049
21.9691,31848
21.9748,31953
21.9802,31815
21.9859,31904
21.9913,31776
21.997,31796
22.0024,31754
22.0081,31789
22.0136,31616
22.0193,31701
22.0247,31852
22.0304,32041
22.0358,31920
22.0415,31998
22.0469,31978
22.0526,31629
22.058,31888
22.0637,31737
22.0691,31745
22.0748,31673
22.0802,31856
22.0859,31602
22.0916,32161
22.097,31658
22.1025,31813
22.1082,31983
22.1136,31955
22.1193,31911
22.1247,31804
22.1304,32031
22.1358,31574
22.1415,31958
22.1469,31922
22.1525,31822
22.158,31708
22.1636,31869
22.1694,32018
22.1748,31782
22.1802,32019
22.1859,31848
22.1915,31894
22.1969,31770
22.2026,31756
22.2081,31720
22.2137,31703
22.2194,31716
22.2248,31790
22.2304,31738
22.2359,31852
22.2415,31914
22.2469,31920
22.2526,31874
22.2581,31790
22.2638,32050
22.2692,31936
22.2747,31832
22.2804,31755
22.2858,31860
22.2915,31736
22.2969,31611
22.3025,31923
22.3082,31737
22.3136,32020
22.3193,31866
22.3247,32065
22.3304,31882
22.3358,31874
22.3415,31859
22.3469,31944
22.3526,31882
22.358,31787
22.3637,31849
22.3694,31830
22.3748,31914
22.3805,31809
22.3858,31829
22.3916,31752
22.3969,31850
22.4026,31716
22.4081,31781
22.4138,31981
22.4192,31743
22.4249,31836
22.4303,31835
22.436,32061
22.4414,31855
22.4471,31852
22.4525,31851
22.4582,31706
22.4638,31688
22.4693,31963
22.4749,31855
22.4804,31808
22.4858,31613
22.4915,31812
22.497,31968
22.5026,31751
22.508,31966
22.5137,31932
22.5191,31930
22.5248,31907
22.5302,31914
22.5359,31777
22.5416,31668
22.547,32117
22.5527,31874
22.5582,32046
22.5636,32067
22.5693,31711
22.5747,32184
22.5804,31990
22.5858,31926
22.5915,31731
22.5969,31676
22.6026,31578
22.608,31974
22.6136,31532
22.6193,31619
22.6247,32069
22.6304,31932
22.6358,32056
22.6415,31711
22.6469,31854
22.6527,32227
22.658,31788
22.6637,31956
22.6691,31910
22.6748,31835
22.6805,31877
22.6859,31640
22.6916,31882
22.697,31645
22.7026,31709
22.708,31838
22.7137,31909
22.7191,31750
22.7248,31932
22.7303,32123
22.7359,31925
22.7416,31833
22.747,31855
22.7524,31655
22.7581,31912
22.7638,31813
22.7692,31868
22.7748,31925
22.7803,31907
22.7859,31921
22.7916,31687
22.797,31821
22.8025,31864
22.8082,31870
22.8138,31882
22.8192,31807
22.8249,32069
22.8304,31580
22.836,32032
22.8415,31880
22.8471,31821
22.8525,31649
22.8582,31932
22.8636,31957
22.8693,31875
22.8747,31711
22.8804,31842
22.8859,32010
22.8915,32094
22.8969,31852
22.9026,32027
22.908,31784
22.9137,31649
22.9191,31948
22.9248,31626
22.9304,31778
22.9359,31844
22.9415,31961
22.9469,31842
22.9526,32087
22.9581,31932
22.9638,32168
22.9691,31860
22.9748,32007
22.9802,31909
22.9859,31671
22.9916,31802
22.997,31780
23.0027,31722
23.0081,31822
23.0138,31889
23.0192,31706
23.0249,31628
23.0303,32033
23.036,31854
23.0414,31854
23.0471,31796
23.0525,31954
23.0582,31634
23.0636,31733
23.0692,31505
23.0747,31879
23.0803,31711
23.086,31730
23.0914,31627
23.0971,31803
23.1025,31862
23.1082,31839
23.1136,31817
23.1193,32005
23.1247,31829
23.1303,32084
23.136,31842
23.1415,31797
23.1471,32018
23.1525,31580
23.1582,31710
23.1636,31941
23.1693,31774
23.1749,31860
23.1804,32003
23.1858,31789
23.1915,31733
23.1969,31956
23.2026,31891
23.2083,32046
23.2137,31981
23.2194,31851
23.2248,31873
23.2305,31805
23.2358,31934
23.2415,31885
23.2469,31922
23.2526,31787
23.2583,31761
23.2637,31954
23.2691,31958
23.2748,31826
23.2805,32037
23.2859,32089
23.2916,31974
23.297,31818
23.3027,31998
23.3081,31827
23.3138,31742
23.3192,31765
23.3249,31911
23.3305,31930
23.3359,31896
23.3414,32121
23.3471,31830
23.3525,31774
23.3582,32140
23.3636,31915
23.3693,31935
23.3747,31595
23.3804,31571
23.3861,31677
23.3914,31830
23.3971,31881
23.4025,31500
23.4082,31661
23.4136,31798
23.4193,32066
23.4247,31975
23.4304,31702
23.4358,31837
23.4415,31853
23.4469,31796
23.4526,31580
23.4583,31694
23.4637,31479
23.4694,31868
23.4747,31710
23.4804,31897
23.4858,31897
23.4915,31810
23.497,31667
23.5027,31758
23.5081,31972
23.5138,31921
23.5192,31959
23.5249,31910
23.5303,31832
23.536,31660
23.5414,31670
23.5469,31574
23.5525,31849
23.5582,31643
23.5636,32079
23.5693,31858
23.5748,31913
23.5805,31827
23.5859,31818
23.5915,31758
23.5969,31827
23.6026,31806
23.6081,31823
23.6137,31851
23.6191,31889
23.6248,31823
23.6305,31878
23.6359,31546
23.6416,32191
23.647,31905
23.6527,31847
23.658,31885
23.6637,31757
23.6691,31957
23.6748,32202
23.6805,32108
23.6858,32205
23.6915,31971
23.6969,32010
23.7026,31979
23.7083,31884
23.7136,31979
23.7193,31790
23.7247,31873
23.7304,31839
23.7359,32124
23.7415,31993
23.7471,31941
23.7525,32053
23.7582,31969
23.7636,31745
23.7693,31714
23.7747,31898
23.7803,32048
23.786,31909
23.7914,31854
23.7971,31815
23.8025,31872
23.8082,32011
23.8136,31933
23.8193,32016
23.8247,31912
23.8303,32181
23.836,31985
23.8414,31891
23.8472,31985
23.8526,31975
23.8582,31686
23.8636,31861
23.8693,32080
23.8747,31482
23.8804,31833
23.8858,31964
23.8915,31781
23.8972,32050
23.9026,32080
23.9082,32050
23.9136,31605
23.9193,31962
23.9248,31693
23.9305,31888
23.9358,31601
23.9415,31863
23.9469,31811
23.9526,31787
23.958,31908
23.9637,32045
23.9694,31950
23.9748,32055
23.9805,32239
23.9858,31894
23.9916,31749
23.997,31974
24.0027,31692
24.0081,31731
24.0138,31887
24.0192,31748
24.0249,31572
24.0303,31864
24.036,31650
24.0414,31899
24.0471,31603
24.0525,31730
24.0581,31571
24.0638,31875
24.0692,31763
24.0749,31700
24.0804,31536
24.0861,31797
24.0914,31666
24.0971,31851
24.1025,31672
24.1082,31932
24.1136,32033
24.1193,31979
24.1247,31764
24.1304,31853
24.136,31802
24.1414,31844
24.1471,31794
24.1526,31776
24.158,31841
24.1637,31871
24.1694,32112
24.1748,31839
24.1802,31756
24.1858,31747
24.1915,31870
24.1969,32109
24.2026,31923
24.2083,32074
24.2137,31915
24.2193,32010
24.2248,31853
24.2305,31588
24.2359,31776
24.2416,31781
24.247,31892
24.2526,32097
24.2581,31663
24.2637,31849
24.2692,31741
24.2749,31819
24.2802,31934
24.2859,32029
24.2916,31655
24.297,31880
24.3026,31743
24.3081,31831
24.3138,31774
24.3192,31874
24.3249,31786
24.3302,31745
24.3359,31694
24.3416,31705
24.347,31743
24.3527,31920
24.3581,32025
24.3638,31931
24.3692,31843
24.3748,31872
24.3802,31657
24.386,31895
24.3914,31702
24.3971,32013
24.4025,31810
24.4081,31649
24.4136,32079
24.4192,31913
24.4249,31757
24.4304,32071
24.436,31727
24.4414,31848
24.4471,31594
24.4525,31857
24.4582,31528
24.4636,31771
24.4693,31836
24.4747,31647
24.4804,31766
24.4861,31952
24.4915,31931
24.4971,31732
24.5026,32063
24.508,32050
24.5137,31841
24.5194,31881
24.5248,31763
24.5304,32066
24.5358,31750
24.5415,31762
24.547,31787
24.5527,31765
24.558,31966
24.5637,31853
24.5694,32076
24.5748,31780
24.5805,31966
24.5859,31806
24.5916,31947
24.597,31978
24.6027,31885
24.608,32021
24.6137,31966
24.6191,31772
24.6248,31732
24.6303,32013
24.6359,31807
24.6416,31937
24.647,31802
24.6527,32106
24.6581,31842
24.6638,31926
24.6692,31987
24.6749,31837
24.6803,31924
24.6859,32078
24.6913,31843
24.697,31854
24.7027,31690
24.7081,31845
24.7138,31798
24.7192,32003
24.7249,31915
24.7303,31810
24.736,31832
24.7416,31913
24.747,31977
24.7527,32358
24.7581,31922
24.7638,32084
24.7692,32015
24.7749,31803
24.7803,31813
24.786,31963
24.7914,32081
24.797,31961
24.8025,31957
24.8081,31945
24.8135,32112
24.8192,31908
24.8249,32043
24.8303,31952
24.8359,31866
24.8416,31909
24.847,31774
24.8525,31661
24.8582,31716
24.8636,31634
24.8693,31763
24.8749,31847
24.8804,31416
24.886,31626
24.8915,32011
24.8972,31917
24.9025,32058
24.9082,31788
24.9136,32148
24.9193,32045
24.9247,31692
24.9304,31822
24.9358,31813
24.9415,31793
24.9469,31964
24.9526,31924
24.9583,31909
24.9636,31946
24.9691,31967
24.9748,31888
24.9804,31777
24.9859,31916
24.9915,31742
24.9972,31735
25.0026,31826
25.0081,32065
25.0138,31898
25.0192,31936
25.0249,31724
25.0302,31664
25.0359,31763
25.0416,31883
25.047,31782
25.0527,31798
25.0581,32053
25.0638,31839
25.0692,31879
25.0748,31864
25.0803,31936
25.086,31698
25.0914,32011
25.0971,32002
25.1025,31994
25.1081,31942
25.1136,31561
25.1192,31724
25.1249,32130
25.1304,32001
25.136,31879
25.1414,31789
25.1471,32082
25.1525,32064
25.1582,31848
25.1636,31807
25.1693,31992
25.1747,31827
25.1802,31991
25.1859,31961
25.1913,31991
25.197,31901
25.2027,31795
25.2081,31946
25.2137,31836
25.2191,32224
25.2248,32073
25.2305,32091
25.2359,31878
25.2416,31670
25.247,31880
25.2527,31998
25.2581,31962
25.2637,31887
25.2694,31933
25.2748,31618
25.2805,31954
25.2859,31772
25.2915,32039
25.2969,31834
25.3026,32139
25.3082,31975
25.3136,31760
25.3193,31714
25.3247,31625
25.3304,31626
25.3358,31691
25.3415,31615
25.3469,31928
25.3526,32049
25.3583,32065
25.3637,31574
25.3693,32029
25.3748,31868
25.3804,31707
25.3858,31736
25.3915,31766
25.3969,31724
25.4026,31808
25.4081,31727
25.4137,32013
25.4194,31882
25.4248,31818
25.4305,31959
25.4359,31860
25.4416,31680
25.447,32011
25.4527,31938
25.458,31889
25.4637,31917
25.4694,32043
25.4748,32033
25.4805,31769
25.4859,32109
25.4916,31610
25.497,31778
25.5027,31878
25.5081,32056
25.5138,31954
25.5192,31836
25.5249,31893
25.5303,31967
25.5359,31963
25.5416,31987
25.547,31948
25.5527,31731
25.5581,31783
25.5636,31887
25.5692,31618
25.5749,31922
25.5803,31720
25.586,31816
25.5914,31927
25.5971,31845
25.6028,31843
25.6082,31770
25.6138,31699
25.6192,31862
25.6249,31355
25.6304,31951
25.6361,31561
25.6415,31634
25.6472,31668
25.6525,31916
25.6582,31733
25.6636,31841
25.6693,31858
25.6748,31753
25.6804,31752
