Experiment: Feb_19_real_eric2_expt vial 11, Fri Feb 19 13:52:14 2021
0.0021,56172
0.0078,56153
0.0132,56165
0.0188,56165
0.0242,56166
0.0298,56157
0.0355,56159
0.0408,56160
0.0465,56145
0.0521,56174
0.0575,56173
0.0632,56178
0.0688,56173
0.0742,56162
0.0798,56158
0.0855,56176
0.0909,56172
0.0965,56170
0.1022,56177
0.1075,56150
0.1132,56167
0.1188,56185
0.1242,56144
0.1298,56179
0.1355,56155
0.1409,56165
0.1465,56164
0.1522,56176
0.1575,56145
0.1632,54324
0.1688,54239
0.1742,54318
0.1799,54334
0.1855,54323
0.1909,54314
0.1965,54346
0.2022,54328
0.2076,54340
0.2132,54364
0.2189,54353
0.2242,54335
0.2299,54300
0.2355,54352
0.2409,54347
0.2466,54322
0.2519,54310
0.2576,54289
0.2632,54318
0.2689,54304
0.2743,54236
0.2799,54325
0.2856,54287
0.2909,54262
0.2966,54268
0.302,54255
0.3076,54269
0.3133,54229
0.3187,54228
0.3243,54190
0.33,54227
0.3353,54193
0.341,54161
0.3466,54173
0.352,54153
0.3577,54129
0.3633,54146
0.3687,54142
0.3743,54073
0.38,54057
0.3853,54049
0.391,54071
0.3966,54059
0.402,54047
0.4077,54047
0.4131,53985
0.4187,54019
0.4244,54014
0.4298,53958
0.4354,53982
0.4411,53949
0.4464,53910
0.4521,53914
0.4577,53888
0.4631,53866
0.4688,53847
0.4744,53796
0.4798,53813
0.4854,53790
0.4911,53768
0.4964,53766
0.5021,53691
0.5077,53755
0.5131,53722
0.5188,53689
0.5242,53669
0.5299,53659
0.5355,53695
0.5409,53656
0.5466,53600
0.552,53605
0.5577,53505
0.5631,53559
0.5688,53533
0.5744,53492
0.5798,53502
0.5854,53481
0.5911,53428
0.5964,53394
0.6021,53354
0.6076,53356
0.6132,53343
0.6189,53255
0.6242,53302
0.6299,53259
0.6354,53255
0.641,53257
0.6464,53224
0.6521,53161
0.6577,53127
0.6631,53059
0.6688,53062
0.6745,52998
0.6798,53004
0.6855,52953
0.6909,52977
0.6965,52888
0.7022,52870
0.7076,52877
0.7132,52794
0.7188,52788
0.7242,52756
0.7299,52711
0.7355,52664
0.7409,52702
0.7465,52633
0.7522,52617
0.7576,52529
0.7632,52586
0.7689,52535
0.7742,52529
0.7799,52485
0.7853,52459
0.791,52369
0.7966,52382
0.802,52283
0.8077,52359
0.8133,52264
0.8187,52251
0.8243,52226
0.83,52136
0.8354,52103
0.841,52097
0.8467,52026
0.852,52068
0.8577,51967
0.8631,51894
0.8687,51922
0.8744,51829
0.88,51751
0.8854,51759
0.8911,51756
0.8964,51727
0.9021,51572
0.9078,51582
0.9131,51539
0.9188,51606
0.9244,51483
0.9298,51447
0.9355,51415
0.9411,51316
0.9465,51371
0.9521,51243
0.9578,51166
0.9631,51139
0.9688,51154
0.9744,51036
0.9798,51035
0.9855,51009
0.9909,51003
0.9965,50954
1.0022,50860
1.0076,50820
1.0132,50828
1.0189,50799
1.0243,50781
1.0299,50654
1.0356,50627
1.0409,50516
1.0466,50447
1.052,50516
1.0576,50368
1.0633,50355
1.0686,50331
1.0743,50134
1.08,50158
1.0853,50168
1.091,50053
1.0966,50080
1.102,49966
1.1077,49963
1.1133,49927
1.1187,49936
1.1244,49809
1.1298,49730
1.1354,49727
1.1411,49547
1.1465,49646
1.1521,49470
1.1578,49456
1.1632,49259
1.1688,49306
1.1742,49261
1.1798,49311
1.1855,49216
1.1909,49042
1.1965,49142
1.2022,48980
1.2075,48963
1.2132,48888
1.2188,48895
1.2242,48852
1.2299,48720
1.2355,48744
1.2409,48623
1.2466,48610
1.2522,48544
1.2576,48560
1.2633,48460
1.2687,48304
1.2743,48230
1.2797,48216
1.2854,48162
1.291,48185
1.2964,47968
1.3021,48202
1.3077,48080
1.3131,48046
1.3188,47865
1.3244,47941
1.3298,47790
1.3354,47620
1.3411,47462
1.3465,47620
1.3521,47611
1.3578,47434
1.3631,47446
1.3688,47300
1.3744,47159
1.3798,47154
1.3855,47190
1.3908,47106
1.3965,47016
1.4021,46861
1.4078,46779
1.4132,46684
1.4188,46856
1.4245,46692
1.4298,46689
1.4355,46617
1.4409,46464
1.4465,46328
1.4522,46344
1.4578,46171
1.4632,46275
1.4688,46094
1.4742,45940
1.4799,45861
1.4855,46031
1.4909,45806
1.4965,45769
1.5021,45656
1.5078,45725
1.5132,45563
1.5188,45520
1.5242,45494
1.5299,45352
1.5355,45238
1.5409,45301
1.5465,45133
1.5522,45288
1.5578,45052
1.5632,44984
1.5688,44895
1.5742,44742
1.5799,44603
1.5855,44725
1.5909,44725
1.5966,44720
1.6022,44603
1.6076,44513
1.6133,44456
1.6187,44605
1.6243,44204
1.6299,44308
1.6354,44180
1.641,44099
1.6467,44183
1.6521,44116
1.6577,43857
1.6634,43753
1.6688,43761
1.6744,43639
1.6798,43608
1.6855,43486
1.6909,43460
1.6966,43442
1.7022,43481
1.7076,43268
1.7132,43062
1.7186,42990
1.7243,42866
1.7299,43112
1.7356,42830
1.741,42827
1.7466,42695
1.752,42702
1.7577,42435
1.7633,42454
1.7687,42494
1.7744,42648
1.7797,42485
1.7854,42287
1.7911,42264
1.7965,42138
1.8021,42267
1.8078,42099
1.8132,42043
1.8188,41977
1.8245,41896
1.8298,41818
1.8355,41729
1.8409,41536
1.8466,41510
1.852,41396
1.8577,41508
1.8631,41374
1.8687,41379
1.8744,41286
1.8798,41328
1.8854,41231
1.8911,40989
1.8964,41191
1.9022,40854
1.9076,40967
1.9132,40866
1.9187,40665
1.9243,40665
1.93,40576
1.9354,40803
1.9411,40885
1.9465,40874
1.9522,40829
1.9576,40823
1.9632,40937
1.9686,40776
1.9743,40641
1.9797,40611
1.9854,40555
1.991,40411
1.9967,40310
2.0021,40500
2.0077,40376
2.0132,40446
2.0189,40606
2.0243,40590
2.03,40627
2.0354,40401
2.0411,40243
2.0465,40328
2.0522,40147
2.0576,40302
2.0633,40292
2.0687,40107
2.0744,40102
2.0798,40128
2.0854,40097
2.0909,40228
2.0966,40318
2.102,40162
2.1077,40281
2.1131,40406
2.1188,40053
2.1242,40077
2.1299,39976
2.1356,39972
2.141,39915
2.1466,39963
2.152,39993
2.1577,40002
2.1633,39760
2.1686,39929
2.1743,40122
2.18,39972
2.1854,39881
2.1911,39960
2.1965,39785
2.2021,39785
2.2078,39639
2.2132,39648
2.2189,39707
2.2243,39637
2.23,39699
2.2354,39425
2.2411,39588
2.2465,39731
2.2522,39704
2.2576,39590
2.2633,39556
2.2688,39728
2.2745,39621
2.2798,39539
2.2855,39377
2.2909,39470
2.2966,39479
2.302,39404
2.3077,39410
2.3131,39216
2.3187,39351
2.3242,39494
2.3299,39735
2.3356,39681
2.341,39433
2.3467,39551
2.3521,39257
2.3578,39263
2.3632,39331
2.3689,39401
2.3743,39291
2.38,39545
2.3854,39389
2.3911,39159
2.3965,39166
2.4022,39408
2.4076,39408
2.4133,39575
2.4187,39306
2.4244,39350
2.4299,39306
2.4355,39233
2.4409,39081
2.4466,39121
2.4521,38960
2.4577,39053
2.4631,39221
2.4688,39185
2.4744,39151
2.4798,39425
2.4853,39314
2.491,39398
2.4967,39428
2.5021,39300
2.5078,39310
2.5132,39260
2.5189,38992
2.5243,39085
2.53,39093
2.5354,39082
2.5411,38964
2.5465,39057
2.5521,38865
2.5576,39150
2.5633,39092
2.5687,39230
2.5744,39034
2.5798,38852
2.5855,38912
2.5909,39079
2.5966,38909
2.602,38969
2.6077,38917
2.6131,39013
2.6188,38804
2.6242,39047
2.6299,38642
2.6353,39099
2.641,39091
2.6464,38906
2.6521,38872
2.6578,39136
2.6632,39055
2.6689,38971
2.6743,39054
2.68,38820
2.6854,38885
2.6911,38661
2.6965,38562
2.7022,38732
2.7078,38784
2.7132,38742
2.7187,38673
2.7243,38755
2.7298,38823
2.7355,38746
2.7409,38675
2.7466,38618
2.752,38784
2.7577,38528
2.7633,38508
2.7687,38444
2.7744,38317
2.7798,38508
2.7854,38397
2.7909,38539
2.7966,38728
2.802,38506
2.8077,38579
2.8131,38735
2.8188,38511
2.8242,38324
2.8299,38441
2.8354,38239
2.8411,38340
2.8464,38426
2.8521,38432
2.8578,38588
2.8632,38380
2.8689,38344
2.8743,38321
2.88,38467
2.8855,38391
2.8909,38446
2.8966,38431
2.902,38456
2.9076,38331
2.9133,38447
2.9187,38384
2.9244,38440
2.9298,38496
2.9355,38183
2.9409,38318
2.9466,38227
2.952,38340
2.9577,38363
2.9631,38345
2.9689,38394
2.9743,38303
2.9799,38106
2.9853,38208
2.991,38128
2.9964,38400
3.0021,38204
3.0075,38055
3.0132,38167
3.0188,38174
3.0243,38206
3.03,38350
3.0354,38319
3.0411,38260
3.0465,38152
3.052,38143
3.0576,38162
3.0633,38306
3.0687,38284
3.0744,38080
3.0798,38287
3.0855,38255
3.0909,38254
3.0966,38207
3.102,38243
3.1077,38057
3.1131,38229
3.1188,38238
3.1242,38118
3.1299,38378
3.1353,38306
3.141,38046
3.1467,38213
3.1521,38029
3.1578,38118
3.1632,38036
3.1689,38138
3.1742,38149
3.1799,38196
3.1854,37970
3.1911,38249
3.1965,38125
3.2022,38098
3.2076,38273
3.2133,38244
3.2187,38036
3.2244,38322
3.2298,37918
3.2354,38245
3.2411,38162
3.2465,38069
3.2522,38296
3.2576,38088
3.2633,38231
3.2688,38194
3.2742,38385
3.2799,38211
3.2853,38307
3.291,38195
3.2966,38111
3.3021,37982
3.3078,38238
3.3132,38156
3.3187,38103
3.3243,38164
3.33,38096
3.3354,38207
3.3409,38185
3.3465,38247
3.3522,38115
3.3576,38079
3.3633,38158
3.3687,38063
3.3743,38170
3.38,38129
3.3855,38027
3.3911,38047
3.3965,38193
3.4021,38153
3.4078,38008
3.4132,38105
3.4186,38302
3.4243,38212
3.43,38054
3.4354,38071
3.4411,38260
3.4465,38202
3.4521,38123
3.4578,38021
3.4632,38068
3.4689,38111
3.4743,38185
3.48,37954
3.4854,38103
3.4911,38218
3.4965,38197
3.5022,38140
3.5076,38255
3.5133,38113
3.5188,38101
3.5244,38103
3.5298,37908
3.5355,38200
3.5409,38032
3.5466,38001
3.5523,38113
3.5576,38061
3.5633,37909
3.5687,38189
3.5744,38101
3.5799,38129
3.5856,38146
3.591,37929
3.5964,38181
3.6021,38062
3.6077,38053
3.6132,37966
3.6189,38021
3.6243,38085
3.63,38151
3.6354,38103
3.641,37904
3.6467,38109
3.6522,37858
3.6576,38253
3.6633,37824
3.6687,38022
3.6745,37888
3.6798,38014
3.6855,38031
3.6909,37980
3.6966,37834
3.7023,38035
3.7077,37942
3.7134,37822
3.7187,38180
3.7244,38032
3.7298,38034
3.7355,38013
3.741,37864
3.7467,38020
3.7521,37944
3.7578,37798
3.7634,37834
3.7689,37983
3.7743,37787
3.78,37981
3.7854,37823
3.7911,38094
3.7967,37916
3.8021,37825
3.8076,37849
3.8133,37845
3.8187,38022
3.8244,38043
3.8298,37934
3.8355,38031
3.8412,37649
3.8466,37862
3.852,37814
3.8577,37738
3.8634,37776
3.8688,37793
3.8744,37934
3.8799,37911
3.8856,37808
3.891,37879
3.8965,37945
3.9022,37957
3.9076,37744
3.9132,37918
3.9189,37845
3.9243,37822
3.93,37791
3.9354,37931
3.9411,37897
3.9467,37865
3.9521,37634
3.9578,37685
3.9632,37823
3.9689,37679
3.9744,37835
3.9801,37732
3.9855,37554
3.9912,37810
3.9965,37832
4.0022,37633
4.0077,37661
4.0133,37748
4.0188,37832
4.0244,37693
4.0301,37762
4.0355,37888
4.0412,37728
4.0466,37866
4.0523,37695
4.0577,37778
4.0631,37810
4.0688,37717
4.0745,37761
4.0799,37733
4.0856,37680
4.091,37741
4.0967,37738
4.1023,37866
4.1077,37554
4.1131,37835
4.1188,37575
4.1245,37716
4.13,37633
4.1354,37661
4.1411,37517
4.1465,37840
4.1521,37686
4.1578,37627
4.1633,37570
4.1689,37643
4.1744,37623
4.18,37666
4.1854,37801
4.1911,37845
4.1968,37768
4.2022,37800
4.2079,37755
4.2133,37928
4.2187,37736
4.2244,37856
4.2301,37882
4.2355,37900
4.2412,37795
4.2466,37892
4.2523,37851
4.2576,37779
4.2633,37725
4.2687,37951
4.2744,37822
4.2799,37872
4.2856,37732
4.291,37783
4.2967,37593
4.3021,37935
4.3077,37777
4.3131,37813
4.3188,37725
4.3245,37750
4.3299,37896
4.3356,37827
4.341,37811
4.3467,37721
4.3521,37861
4.3578,37735
4.3633,37724
4.369,37695
4.3744,37634
4.38,37724
4.3854,37700
4.3911,37749
4.3966,37754
4.4022,37682
4.4076,37571
4.4133,37696
4.4189,37774
4.4244,37761
4.4301,37737
4.4355,37825
4.4412,37660
4.4466,37773
4.4523,37643
4.4577,37617
4.4634,37797
4.4688,37672
4.4745,37606
4.4799,37801
4.4856,37644
4.491,37517
4.4966,37793
4.502,37691
4.5078,37813
4.5132,37516
4.5189,37665
4.5243,37643
4.53,37709
4.5354,37635
4.5411,37499
4.5465,37620
4.5522,37640
4.5578,37441
4.5633,37757
4.5689,37641
4.5743,37757
4.58,37654
4.5854,37666
4.5909,37664
4.5966,37737
4.6021,37606
4.6078,37535
4.6132,37736
4.6187,37710
4.6245,37666
4.6299,37438
4.6356,37684
4.641,37617
4.6466,37514
4.6523,37681
4.6577,37562
4.6634,37529
4.6688,37725
4.6743,37573
4.68,37568
4.6857,37548
4.6911,37676
4.6967,37715
4.7022,37538
4.7079,37632
4.7132,37571
4.7189,37724
4.7243,37510
4.73,37673
4.7354,37529
4.7411,37598
4.7466,37719
4.7523,37682
4.7577,37670
4.7634,37588
4.7688,37640
4.7744,37490
4.7799,37808
4.7856,37586
4.7912,37282
4.7967,37374
4.8023,37641
4.8077,37820
4.8134,37578
4.8188,37622
4.8245,37483
4.8299,37570
4.8356,37550
4.8411,37460
4.8467,37426
4.8521,37463
4.8578,37477
4.8632,37480
4.8689,37567
4.8743,37509
4.88,37361
4.8856,37636
4.891,37397
4.8965,37453
4.9022,37535
4.9076,37476
4.9133,37545
4.919,37539
4.9244,37531
4.93,37304
4.9354,37548
4.9412,37742
4.9465,37648
4.9522,37637
4.9576,37671
4.9633,37414
4.9687,37322
4.9744,37652
4.9798,37568
4.9855,37618
4.991,37499
4.9967,37531
5.0021,37310
5.0077,37569
5.0134,37676
5.0189,37345
5.0245,37575
5.0299,37680
5.0356,37499
5.041,37499
5.0467,37663
5.0521,37534
5.0578,37498
5.0632,37597
5.0689,37538
5.0743,37379
5.08,37341
5.0856,37349
5.0911,37261
5.0968,37399
5.1022,37339
5.1079,37602
5.1133,37419
5.1189,37496
5.1244,37576
5.1301,37477
5.1355,37456
5.1412,37344
5.1467,37438
5.1524,37439
5.1577,37420
5.1634,37590
5.1688,37412
5.1745,37610
5.1799,37404
5.1856,37559
5.191,37407
5.1966,37571
5.2023,37364
5.2077,37409
5.2132,37554
5.2189,37550
5.2243,37544
5.23,37503
5.2354,37351
5.2411,37409
5.2468,37328
5.2522,37500
5.2579,37578
5.2633,37373
5.2689,37544
5.2743,37537
5.28,37501
5.2855,37325
5.2912,37530
5.2966,37571
5.3023,37572
5.3077,37406
5.3134,37378
5.3188,37535
5.3245,37417
5.3299,37529
5.3355,37427
5.3412,37348
5.3466,37383
5.3523,37459
5.3577,37488
5.3634,37261
5.3688,37374
5.3745,37394
5.3799,37287
5.3856,37351
5.391,37431
5.3967,37465
5.4021,37426
5.4078,37522
5.4134,37311
5.4188,37275
5.4245,37524
5.4299,37380
5.4356,37470
5.441,37400
5.4468,37427
5.4522,37548
5.4576,37316
5.4633,37519
5.469,37336
5.4744,37691
5.4798,37385
5.4855,37507
5.4912,37495
5.4966,37394
5.5023,37325
5.5077,37325
5.5134,37421
5.5188,37460
5.5245,37322
5.5299,37483
5.5356,37443
5.541,37406
5.5467,37491
5.5523,37525
5.5578,37385
5.5635,37548
5.5689,37279
5.5746,37365
5.5799,37369
5.5856,37526
5.5911,37312
5.5968,37449
5.6022,37397
5.6076,37252
5.6134,37141
5.6188,37253
5.6245,37410
5.6301,37497
5.6355,37548
5.6412,37175
5.6466,37306
5.6523,37435
5.6577,37472
5.6634,37418
5.6688,37387
5.6745,37480
5.6799,37466
5.6856,37277
5.691,37522
5.6967,37380
5.7021,37314
5.7077,37342
5.7132,37355
5.7189,37557
5.7245,37287
5.73,37386
5.7356,37558
5.741,37340
5.7467,37448
5.7521,37485
5.7578,37270
5.7633,37638
5.769,37472
5.7744,37375
5.7801,37433
5.7854,37241
5.7911,37306
5.7968,37343
5.8022,37375
5.8079,37183
5.8133,37252
5.8189,37427
5.8244,37314
5.8301,37267
5.8355,37409
5.8412,37219
5.8466,37369
5.8523,37445
5.8577,37330
5.8633,37639
5.8688,37181
5.8744,37343
5.8801,37522
5.8855,37433
5.8912,37508
5.8965,37465
5.9022,37358
5.9077,37251
5.9134,37140
5.9188,37357
5.9245,37258
5.9299,37370
5.9356,37445
5.9409,37389
5.9467,37386
5.9521,37392
5.9578,37308
5.9635,37412
5.9688,37407
5.9745,37209
5.9799,37417
5.9856,37331
5.9911,37178
5.9968,37383
6.0022,37327
6.0076,37454
6.0133,37352
6.0189,37304
6.0244,37321
6.0299,37149
6.0355,37299
6.0412,37363
6.0466,37167
6.0523,37355
6.0577,37308
6.0634,37462
6.0689,37511
6.0746,37407
6.08,37255
6.0854,37052
6.0911,37226
6.0967,37391
6.1022,37171
6.1079,37379
6.1132,37201
6.1189,37148
6.1246,37440
6.13,37344
6.1357,37256
6.1411,37343
6.1468,37309
6.1522,37281
6.1579,37391
6.1633,37253
6.169,37272
6.1744,37120
6.1801,37089
6.1855,37459
6.1911,37340
6.1965,37366
6.2022,37361
6.2079,36997
6.2133,37097
6.219,37151
6.2244,37250
6.2299,37158
6.2356,37165
6.241,37211
6.2467,37219
6.2523,37269
6.2578,37329
6.2632,37180
6.2688,37275
6.2743,37194
6.2799,37376
6.2856,37258
6.291,37382
6.2967,37299
6.3021,37317
6.3079,37154
6.3133,37232
6.319,37151
6.3244,37362
6.33,37293
6.3354,37373
6.3411,37267
6.3468,37131
6.3522,37258
6.3579,37202
6.3633,37157
6.369,37212
6.3745,37320
6.3799,37236
6.3856,36981
6.391,37004
6.3967,37284
6.4024,37056
6.4078,37167
6.4135,37062
6.4189,37275
6.4246,37009
6.43,37321
6.4357,37175
6.441,37139
6.4468,37103
6.4522,37193
6.4579,37157
6.4633,37221
6.469,37080
6.4744,37133
6.4801,37219
6.4855,37269
6.4912,37164
6.4966,37345
6.5023,37178
6.5077,37331
6.5134,37086
6.519,37263
6.5244,36942
6.5301,37010
6.5356,37031
6.5413,36978
6.5467,37110
6.5524,37109
6.5577,37217
6.5634,37043
6.5688,37151
6.5745,37204
6.5799,37073
6.5856,37169
6.5909,37216
6.5966,37146
6.6023,36832
6.6077,37046
6.6134,37154
6.6189,37241
6.6246,37329
6.63,37177
6.6356,37138
6.641,37199
6.6467,37019
6.6521,37170
6.6578,37344
6.6632,37170
6.6689,37238
6.6745,37167
6.6799,37294
6.6856,37336
6.6911,37212
6.6968,37048
6.7022,36980
6.7079,37229
6.7133,37240
6.7189,37127
6.7244,37176
6.7301,37354
6.7354,37212
6.7411,36965
6.7465,37174
6.7522,37352
6.7579,37144
6.7633,37228
6.7687,37174
6.7744,37212
6.7801,37288
6.7855,37071
6.7912,37131
6.7966,37139
6.8023,37056
6.8077,37289
6.8134,37310
6.8188,37287
6.8244,37329
6.8301,37028
6.8355,37140
6.8412,37162
6.8466,36979
6.8523,37043
6.8578,36904
6.8632,37178
6.8688,37164
6.8745,37090
6.8799,37304
6.8856,37168
6.8913,37106
6.8967,37266
6.9023,37242
6.9077,37137
6.9134,37170
6.9189,37017
6.9246,37188
6.93,36957
6.9357,37148
6.9411,37202
6.9468,37187
6.9521,37026
6.9578,37263
6.9632,37248
6.9689,37221
6.9743,37036
6.98,37169
6.9856,37247
6.991,37022
6.9967,37101
7.0021,37008
7.0078,37052
7.0133,37190
7.019,37091
7.0246,36902
7.03,37301
7.0357,37133
7.0411,37200
7.0467,37089
7.0522,36957
7.0578,37134
7.0632,37079
7.0689,37201
7.0744,36883
7.0801,37175
7.0855,37084
7.0912,36997
7.0966,36907
7.1022,37035
7.1079,37065
7.1134,37068
7.1188,37015
7.1244,37039
7.1299,37206
7.1355,37016
7.1412,37071
7.1466,37103
7.1523,37151
7.1577,37093
7.1634,37075
7.1688,37034
7.1745,37051
7.1799,37022
7.1855,37099
7.191,37127
7.1967,36932
7.2023,37002
7.2078,37114
7.2134,37088
7.2188,37114
7.2245,36862
7.2299,36997
7.2356,37136
7.2411,36898
7.2468,37095
7.2522,36839
7.2578,37038
7.2635,36965
7.2689,37197
7.2743,36953
7.28,37241
7.2857,37038
7.2911,37097
7.2967,37194
7.302,37340
7.3078,37133
7.3135,37050
7.3189,37216
7.3243,37282
7.3299,37236
7.3355,36972
7.3412,37001
7.3466,37166
7.3523,37227
7.3577,37056
7.3634,37105
7.3688,37202
7.3744,37051
7.3801,37108
7.3855,37294
7.3912,37089
7.3966,37193
7.4023,36976
7.4078,37056
7.4133,37148
7.419,37088
7.4244,37333
7.4301,37205
7.4355,37182
7.4411,36844
7.4468,37090
7.4522,37141
7.4579,37166
7.4633,36910
7.469,36852
7.4743,37018
7.48,36919
7.4855,36955
7.4911,36894
7.4968,36912
7.5022,36906
7.5079,36907
7.5133,37044
7.519,36956
7.5244,37227
7.53,37103
7.5355,37077
7.5412,37044
7.5466,36951
7.5523,36741
7.5577,36981
7.5634,36939
7.5688,36744
7.5744,37152
7.5799,37156
7.5856,36889
7.5912,37325
7.5967,37015
7.6023,37044
7.6077,36931
7.6134,36871
7.6189,36827
7.6246,36924
7.63,37144
7.6357,37206
7.6411,37103
7.6468,36812
7.6521,36927
7.6578,37030
7.6632,36908
7.6689,36833
7.6746,37038
7.6799,36720
7.6856,36932
7.691,37356
7.6967,36914
7.7022,36928
7.7078,36853
7.7133,36973
7.719,36718
7.7243,36937
7.73,36879
7.7354,36936
7.7411,36934
7.7468,36798
7.7522,37001
7.7578,37155
7.7635,36967
7.7689,36980
7.7746,37068
7.78,36883
7.7854,36883
7.7911,36693
7.7965,36974
7.8022,37038
7.8078,36953
7.8133,36978
7.819,36823
7.8244,36927
7.8301,36848
7.8357,36944
7.8411,37009
7.8468,36893
7.8522,37051
7.8579,36929
7.8634,36875
7.8688,36959
7.8745,36744
7.8801,36982
7.8855,36920
7.8912,36843
7.8967,36963
7.9023,37035
7.9078,37073
7.9134,37013
7.9188,37015
7.9245,36773
7.9299,36749
7.9356,36773
7.941,36758
7.9467,36823
7.9521,36767
7.9578,37053
7.9635,36947
7.9689,36742
7.9743,36814
7.98,37053
7.9857,36845
7.991,37020
7.9967,36795
8.0078,36865
8.0135,36992
8.0188,36960
8.0245,36850
8.0299,37077
8.0356,37130
8.0412,36778
8.0466,36682
8.0521,36990
8.0577,37006
8.0634,36848
8.0691,36885
8.0744,37205
8.0802,36891
8.0855,36743
8.0912,36878
8.0967,36839
8.1024,36856
8.1078,36781
8.1135,36991
8.1188,36709
8.1245,36584
8.13,36858
8.1356,36864
8.1411,36717
8.1467,36657
8.1524,36918
8.1578,36876
8.1634,36868
8.1689,36858
8.1746,36799
8.18,36889
8.1857,36595
8.1911,36804
8.1967,36728
8.2021,36749
8.2079,36887
8.2135,36829
8.2189,36920
8.2246,37077
8.2299,36832
8.2356,36906
8.241,36931
8.2467,36750
8.2521,36948
8.2578,36919
8.2632,36710
8.2689,36642
8.2745,36916
8.2799,37001
8.2856,36862
8.291,37091
8.2967,36736
8.3024,36971
8.3078,37009
8.3135,36898
8.3189,36910
8.3246,36844
8.33,37006
8.3357,36737
8.3411,36961
8.3468,36871
8.3522,36724
8.3579,36702
8.3633,36890
8.369,36664
8.3744,36996
8.38,37017
8.3855,36918
8.3912,36811
8.3968,36764
8.4022,36875
8.4079,36773
8.4134,36706
8.4188,36914
8.4245,36998
8.4301,36824
8.4355,37051
8.4413,36710
8.4466,36708
8.4523,37003
8.4577,37056
8.4634,36883
8.4688,36865
8.4745,36699
8.4802,36763
8.4856,36719
8.4913,36717
8.4967,37027
8.5024,36876
8.5077,36791
8.5134,37033
8.5189,36928
8.5245,36850
8.5299,36972
8.5356,36835
8.5413,36815
8.5467,36784
8.5523,36762
8.5578,36898
8.5635,36867
8.5689,36908
8.5746,36993
8.5799,36843
8.5856,36905
8.591,36853
8.5967,37271
8.6024,37132
8.6078,36920
8.6134,36982
8.6188,36826
8.6245,37034
8.6302,36900
8.6356,36820
8.6413,36907
8.6467,37186
8.6522,36858
8.6578,36880
8.6635,36972
8.6689,37160
8.6746,37020
8.68,37077
8.6857,37053
8.6911,36979
8.6967,36963
8.7022,37019
8.7078,36901
8.7135,37053
8.7189,37074
8.7244,36813
8.7301,36953
8.7357,37079
8.7411,37193
8.7468,36935
8.7522,36977
8.7579,36957
8.7633,37045
8.7688,36985
8.7745,36999
8.7799,36808
8.7856,36849
8.7913,36866
8.7966,36965
8.8023,36989
8.8078,36829
8.8134,36975
8.8191,36894
8.8243,36875
8.8301,36894
8.8357,36716
8.8412,36950
8.8468,36713
8.8522,36940
8.8579,37182
8.8635,36851
8.869,36763
8.8744,36691
8.88,36886
8.8857,36796
8.8911,36744
8.8967,36679
8.9021,36871
8.9078,36761
8.9135,37044
8.9189,36737
8.9245,37016
8.9302,36750
8.9356,37165
8.9413,36699
8.9467,36708
8.9524,36664
8.9578,36693
8.9634,36749
8.9688,36951
8.9745,36630
8.9802,36731
8.9856,36901
8.9912,36901
8.9966,36748
9.008,36662
9.0134,37060
9.019,36800
9.0244,36707
9.0301,36619
9.0355,36700
9.0412,36809
9.0466,36898
9.0523,36772
9.0577,36709
9.0634,36842
9.0688,36653
9.0745,36892
9.0802,36642
9.0856,36829
9.0913,36746
9.0966,36738
9.1023,36660
9.1078,36866
9.1135,36810
9.1189,36666
9.1245,36929
9.1302,36818
9.1356,36684
9.1411,36845
9.1467,36814
9.1524,36742
9.1578,36748
9.1635,36811
9.1689,36810
9.1746,36707
9.18,36813
9.1857,36705
9.1911,36730
9.1968,36580
9.2022,36687
9.2079,36751
9.2133,36662
9.219,36894
9.2244,36847
9.2301,36883
9.2357,36730
9.2411,36539
9.2468,36861
9.2522,36535
9.2579,36623
9.2633,36539
9.2691,36805
9.2745,36570
9.2801,36565
9.2855,36982
9.2912,36542
9.2967,36737
9.3023,36809
9.3077,36880
9.3134,36723
9.3191,36723
9.3245,36649
9.3301,36610
9.3356,36664
9.3412,36770
9.3467,36597
9.3523,36611
9.3577,36730
9.3634,36771
9.3691,36839
9.3745,36681
9.3802,36830
9.3856,36531
9.3913,36677
9.3966,36840
9.4023,36588
9.4077,36698
9.4134,36405
9.4189,36535
9.4246,36679
9.43,36756
9.4356,36698
9.4413,36565
9.4467,36646
9.4524,36610
9.4578,36776
9.4635,36662
9.4689,36766
9.4745,36643
9.4799,36549
9.4856,36514
9.4913,36657
9.4967,36461
9.5022,36506
9.5079,36847
9.5135,36461
9.5189,36723
9.5246,36700
9.53,36779
9.5357,36646
9.5411,36611
9.5468,36558
9.5524,36557
9.5578,36681
9.5635,36434
9.5689,36489
9.5746,36506
9.5801,36692
9.5858,36561
9.5912,36394
9.5968,36412
9.6023,36611
9.608,36602
9.6133,36414
9.619,36644
9.6244,36577
9.6301,36661
9.6355,36776
9.6412,36607
9.6468,36434
9.6523,36928
9.6577,36613
9.6634,36518
9.6691,36609
9.6744,36816
9.6802,36613
9.6856,36585
9.6913,36551
9.6967,36676
9.7023,36506
9.708,36837
9.7134,36756
9.7191,36594
9.7245,36695
9.7302,36680
9.7356,36753
9.7413,36770
9.7467,36646
9.7523,36657
9.7578,36585
9.7635,36822
9.7688,36669
9.7746,36671
9.7802,36669
9.7856,36735
9.791,36639
9.7967,36636
9.8024,36674
9.8078,36586
9.8135,36522
9.819,36509
9.8246,36431
9.83,36483
9.8357,36734
9.8411,36748
9.8468,36491
9.8522,36439
9.8578,36503
9.8635,36510
9.8689,36737
9.8746,36425
9.88,36498
9.8858,36687
9.8912,36586
9.8969,36558
9.9023,36667
9.9079,36621
9.9134,36583
9.9191,36796
9.9245,36657
9.9302,36774
9.9355,36544
9.9412,36436
9.9466,36718
9.9523,36485
9.958,36583
9.9634,36770
9.9688,36579
9.9745,36410
9.9802,36399
9.9856,36744
9.9913,36792
9.9967,36639
10.0023,36560
10.0078,36484
10.0135,36662
10.0191,36874
10.0245,36416
10.0302,36573
10.0356,36459
10.0413,36289
10.0467,36475
10.0524,36484
10.0578,36592
10.0635,36622
10.0689,36603
10.0746,36551
10.08,36824
10.0856,36629
10.0913,36279
10.0967,36434
10.1024,36621
10.1078,36564
10.1135,36482
10.1189,36679
10.1246,36610
10.13,36520
10.1357,36424
10.1411,36633
10.1468,36600
10.1522,36663
10.1579,36424
10.1633,36645
10.169,36627
10.1746,36629
10.1801,36696
10.1857,36407
10.1911,36602
10.1968,36639
10.2023,36522
10.208,36744
10.2133,36558
10.219,36508
10.2244,36448
10.2301,36722
10.2358,36623
10.2412,36858
10.2469,36710
10.2522,36590
10.2579,36646
10.2633,36572
10.269,36369
10.2744,36532
10.2802,36479
10.2856,36649
10.2912,36494
10.2966,36421
10.3023,36624
10.3078,36662
10.3134,36432
10.3188,36621
10.3245,36477
10.3301,36591
10.3356,36517
10.3412,36568
10.3466,36497
10.3523,36609
10.3578,36854
10.3635,36501
10.3691,36171
10.3744,36652
10.3801,36485
10.3856,36473
10.3912,36719
10.3966,36604
10.4022,36538
10.4079,36282
10.4133,36446
10.419,36573
10.4244,36172
10.4301,36562
10.4358,36525
10.4412,36530
10.4469,36402
10.4523,36493
10.4579,36587
10.4633,36500
10.469,36237
10.4744,36791
10.4801,36538
10.4857,36570
10.4911,36533
10.4968,36520
10.5022,36497
10.5079,36489
10.5134,36310
10.5191,36542
10.5244,36559
10.5301,36463
10.5355,36380
10.5413,36314
10.5466,36210
10.5523,36308
10.558,36330
10.5634,36309
10.5691,36406
10.5744,36748
10.5801,36316
10.5856,36572
10.5913,36508
10.5967,36606
10.6024,36521
10.608,36698
10.6135,36361
10.6189,36391
10.6245,36580
10.6302,36415
10.6356,36475
10.6413,36481
10.6467,36318
10.6524,36413
10.6578,36396
10.6635,36505
10.6689,36322
10.6746,36359
10.68,36416
10.6857,36440
10.6911,36579
10.6968,36447
10.7022,36509
10.7079,36469
10.7135,36675
10.7189,36440
10.7246,36450
10.73,36453
10.7357,36312
10.7411,36588
10.7468,36490
10.7522,36306
10.7579,36370
10.7636,36498
10.769,36185
10.7744,36392
10.7801,36631
10.7855,36575
10.7912,36401
10.7968,36476
10.8022,36180
10.8079,36691
10.8133,36405
10.819,36569
10.8244,36283
10.8301,36477
10.8358,36520
10.8412,36197
10.8469,36761
10.8523,36446
10.8579,36352
10.8634,36680
10.869,36365
10.8747,36522
10.8801,36496
10.8858,36458
10.8912,36103
10.8966,36486
10.9023,36342
10.9078,36454
10.9134,36329
10.9191,36458
10.9245,36252
10.9302,36297
10.9356,36277
10.9413,36378
10.9466,36454
10.9523,36329
10.958,36566
10.9634,36583
10.9691,36428
10.9745,36346
10.9802,36643
10.9856,36585
10.9913,36481
10.9967,36452
11.0024,36449
11.0078,36474
11.0134,36699
11.0189,36356
11.0245,36353
11.0302,36573
11.0356,36215
11.0413,36296
11.0467,36648
11.0524,36435
11.0578,36454
11.0635,36426
11.0689,36450
11.0746,36451
11.08,36517
11.0857,36616
11.0911,36328
11.0968,36329
11.1022,36493
11.1078,36513
11.1133,36588
11.1189,36460
11.1246,36373
11.1301,36513
11.1358,36569
11.1412,36272
11.1468,36762
11.1522,36520
11.1579,36610
11.1634,36708
11.169,36403
11.1744,36545
11.1801,36388
11.1858,36609
11.1912,36623
11.1969,36502
11.2023,36605
11.208,36562
11.2134,36621
11.2191,36431
11.2245,36646
11.2302,36440
11.2356,36520
11.2413,36598
11.2466,36605
11.2523,36510
11.258,36560
11.2634,36464
11.269,36190
11.2747,36394
11.2801,36419
11.2858,36590
11.2912,36226
11.2967,36436
11.3023,36476
11.308,36514
11.3134,36555
11.3191,36517
11.3245,36343
11.3302,36354
11.3356,36523
11.3412,36211
11.3466,36272
11.3523,36458
11.3577,36631
11.3634,36448
11.3689,36157
11.3746,36507
11.38,36469
11.3856,36629
11.3913,36422
11.3967,36470
11.4024,36480
11.4078,36375
11.4135,36367
11.4189,36348
11.4246,36432
11.4302,36394
11.4357,36418
11.4411,36398
11.4468,36341
11.4522,36194
11.4579,36337
11.4635,36351
11.469,36512
11.4747,36570
11.48,36489
11.4858,36526
11.4912,36510
11.4968,36139
11.5022,36482
11.5079,36351
11.5133,36390
11.519,36375
11.5244,36633
11.5301,36442
11.5358,36547
11.5412,36380
11.5469,36345
11.5523,36333
11.5579,36257
11.5634,36492
11.569,36639
11.5747,36334
11.5801,36687
11.5858,36216
11.5912,36517
11.5966,36100
11.6023,36528
11.6078,36378
11.6134,36428
11.6191,36538
11.6245,36557
11.6302,36390
11.6356,36739
11.6413,36537
11.6467,36353
11.6523,36552
11.658,36734
11.6634,36400
11.6691,36363
11.6745,36398
11.6802,36336
11.6856,36480
11.6913,36428
11.6967,36654
11.7024,36469
11.7078,36555
11.7135,36236
11.7189,36473
11.7245,36516
11.7302,36507
11.7357,36640
11.7413,36535
11.7467,36542
11.7521,36324
11.7579,36509
11.7636,36182
11.769,36375
11.7746,36373
11.78,36419
11.7856,36424
11.7912,36448
11.7966,36248
11.8023,36262
11.8079,36406
11.8134,36613
11.819,36726
11.8244,36693
11.8301,36599
11.8356,36538
11.8411,36456
11.8468,36525
11.8524,36490
11.8578,36649
11.8635,36477
11.8689,36389
11.8746,36591
11.88,36637
11.8856,36729
11.8914,36497
11.8967,36685
11.9024,36703
11.9079,36702
11.9136,36604
11.919,36734
11.9246,36577
11.9302,36501
11.9357,36530
11.9414,36625
11.9468,36844
11.9524,36787
11.9578,36758
11.9634,36694
11.9689,36450
11.9745,36531
11.9802,36462
11.9856,36539
11.9914,36354
11.9968,36427
12.0024,36754
12.0078,36568
12.0135,36626
12.019,36839
12.0247,36616
12.0301,36619
12.0357,36645
12.0411,36257
12.0468,36740
12.0525,36462
12.0579,36485
12.0633,36561
12.069,36589
12.0745,36614
12.0801,36730
12.0858,36740
12.0912,36458
12.0969,36578
12.1023,36577
12.108,36560
12.1133,36724
12.119,36853
12.1244,36901
12.1301,36848
12.1358,36809
12.1412,36753
12.1466,36800
12.1523,36800
12.158,36562
12.1634,36403
12.1691,36449
12.1745,36602
12.1802,36682
12.1856,36542
12.1912,36468
12.1969,36516
12.2023,36732
12.208,36526
12.2134,36522
12.2191,36844
12.2245,36591
12.2303,36658
12.2356,36737
12.2413,36313
12.2467,36536
12.2524,36516
12.2578,36559
12.2635,36923
12.2689,36652
12.2746,36490
12.28,36768
12.2857,36758
12.2911,36547
12.2968,36530
12.3022,36439
12.3079,36611
12.3133,36636
12.319,36356
12.3244,36595
12.3301,36458
12.3358,36654
12.3412,36648
12.3469,36690
12.3523,36849
12.3579,36643
12.3636,36638
12.369,36570
12.3747,36590
12.3802,36636
12.3856,36637
12.3912,36528
12.3969,36634
12.4023,36624
12.408,36434
12.4134,36796
12.4191,36672
12.4245,36490
12.4302,36504
12.4356,36596
12.4412,36640
12.4467,36743
12.4524,36494
12.4578,36424
12.4635,36712
12.4691,36784
12.4745,36592
12.4802,36553
12.4857,36528
12.4913,36511
12.4967,36639
12.5024,36718
12.5081,36553
12.5135,36763
12.5191,36583
12.5245,36678
12.5302,36796
12.5357,36649
12.5414,36763
12.5467,36793
12.5524,36625
12.5578,36593
12.5635,36646
12.5689,36640
12.5746,36860
12.58,36946
12.5856,36599
12.5911,36481
12.5967,36647
12.6024,36552
12.6079,36477
12.6136,36485
12.619,36732
12.6247,36796
12.6301,36840
12.6358,36527
12.6412,36906
12.6469,36787
12.6523,36466
12.658,36583
12.6633,36551
12.669,36608
12.6747,36518
12.6801,36544
12.6856,36577
12.6913,36644
12.6967,36577
12.7024,36525
12.708,36780
12.7135,36802
12.7189,36673
12.7245,36693
12.7303,36416
12.7356,36373
12.7413,36559
12.7467,36655
12.7524,36490
12.7578,36780
12.7635,36655
12.7689,36765
12.7746,36874
12.7803,36416
12.7857,36656
12.7914,36535
12.7968,36891
12.8025,36809
12.8079,36638
12.8136,36693
12.8189,36473
12.8246,36546
12.8303,36614
12.8357,36716
12.8411,36625
12.8468,36755
12.8522,36609
12.8579,36633
12.8635,36593
12.8689,36831
12.8746,36612
12.8803,36401
12.8857,36470
12.8914,36553
12.8968,36675
12.9025,36843
12.9078,36573
12.9135,36710
12.9188,36574
12.9245,36618
12.9302,36609
12.9359,36422
12.9412,36850
12.9469,36630
12.9523,36634
12.958,36583
12.9634,36894
12.9691,36621
12.9745,36564
12.9802,36517
12.9858,36536
12.9912,36630
12.9966,36694
13.0023,36859
13.0078,36418
13.0135,36908
13.0191,36792
13.0245,36572
13.0302,36818
13.0356,36739
13.0413,36568
13.047,36640
13.0523,36543
13.058,36630
13.0634,36726
13.0691,36596
13.0744,36275
13.0801,36623
13.0858,36459
13.0912,36449
13.0969,36756
13.1023,36477
13.108,36679
13.1134,36442
13.119,36742
13.1247,36533
13.13,36654
13.1357,36467
13.1411,36561
13.1468,36705
13.1522,36951
13.1579,36873
13.1636,36617
13.169,36524
13.1745,36654
13.1802,36502
13.1856,36507
13.1912,36587
13.1967,36561
13.2023,36563
13.2078,36598
13.2135,36487
13.2189,36496
13.2245,36456
13.23,36587
13.2356,36535
13.2412,36557
13.2467,36486
13.2523,36769
13.2578,36621
13.2634,36461
13.269,36560
13.2745,36735
13.2801,36531
13.2856,36441
13.2912,36429
13.2967,36562
13.3023,36385
13.3078,36514
13.3134,36486
13.319,36439
13.3246,36184
13.3301,36465
13.3357,36625
13.3412,36717
13.3468,36618
13.3523,36855
13.3579,36571
13.3634,36683
13.369,36690
13.3746,36747
13.3801,36706
13.3856,36534
13.3912,36543
13.3968,36586
13.4024,36539
13.4079,36250
13.4135,36676
13.419,36413
13.4246,36631
13.43,36615
13.4357,36413
13.4413,36713
13.4468,36527
13.4524,36546
13.4578,36530
13.4635,36511
13.4691,36244
13.4745,36567
13.4802,36513
13.4857,36679
13.4913,36753
13.4967,36552
13.5024,36548
13.508,36806
13.5134,36686
13.519,36434
13.5247,36752
13.5301,36566
13.5358,36480
13.5412,36562
13.5469,36657
13.5523,36518
13.558,36628
13.5634,36472
13.5691,36453
13.5745,36646
13.5802,36757
13.5856,36302
13.5912,36736
13.5969,36497
13.6024,36751
13.608,36755
13.6134,36614
13.6189,36695
13.6246,36500
13.6303,36423
13.6357,36371
13.6414,36655
13.6468,36492
13.6525,36374
13.6578,36701
13.6636,36576
13.669,36562
13.6746,36668
13.6803,36771
13.6857,36727
13.6914,36491
13.6968,36436
13.7025,36608
13.7079,36841
13.7136,36573
13.719,36569
13.7247,36530
13.7301,36615
13.7358,36511
13.7412,36667
13.7468,36469
13.7525,36716
13.7579,36707
13.7636,36785
13.769,36410
13.7747,36707
13.7801,36744
13.7858,36434
13.7912,36579
13.7969,36542
13.8023,36654
13.808,36701
13.8134,36712
13.8191,36732
13.8248,36840
13.8302,36677
13.8359,36519
13.8412,36569
13.847,36440
13.8524,36544
13.8581,36368
13.8635,36807
13.8691,36707
13.8745,36624
13.8802,36490
13.8856,36456
13.8913,36712
13.8967,36612
13.9024,36671
13.908,36392
13.9135,36552
13.9191,36558
13.9245,36557
13.9302,36512
13.9357,36588
13.9414,36434
13.9468,36742
13.9524,36374
13.9581,36438
13.9635,36570
13.9692,36700
13.9746,36609
13.9803,36536
13.9856,36445
13.9913,36442
13.9967,36446
14.0024,36587
14.0079,36570
14.0136,36565
14.019,36455
14.0247,36307
14.0303,36732
14.0358,36424
14.0412,36704
14.0468,36648
14.0523,36752
14.0579,36625
14.0636,36759
14.069,36567
14.0747,36726
14.0801,36572
14.0858,36752
14.0913,36453
14.097,36394
14.1023,36632
14.108,36548
14.1134,36694
14.1191,36722
14.1245,36699
14.1302,36466
14.1359,36633
14.1413,36520
14.147,36560
14.1523,36484
14.158,36509
14.1635,36657
14.1692,36493
14.1746,36701
14.1803,36525
14.1857,36696
14.1914,36554
14.1968,36397
14.2025,36588
14.2079,36634
14.2135,36573
14.2192,36768
14.2247,36641
14.2303,36705
14.2357,36625
14.2414,36581
14.2468,36471
14.2525,36454
14.2579,36726
14.2635,36537
14.269,36854
14.2747,36501
14.2803,36708
14.2857,36539
14.2914,36672
14.2968,36547
14.3025,36512
14.3079,36625
14.3136,36555
14.319,36389
14.3247,36344
14.3302,36638
14.3359,36580
14.3412,36464
14.3469,36506
14.3524,36461
14.358,36580
14.3634,36801
14.3691,36598
14.3747,36410
14.3802,36499
14.3858,36337
14.3913,36489
14.397,36578
14.4024,36727
14.4081,36638
14.4135,36533
14.4192,36564
14.4246,36655
14.4303,36615
14.4357,36439
14.4414,36510
14.4468,36551
14.4525,36620
14.4579,36574
14.4635,36275
14.469,36557
14.4747,36607
14.4801,36359
14.4858,36723
14.4912,36754
14.4969,36854
14.5023,36486
14.508,36639
14.5137,36614
14.5191,36473
14.5247,36728
14.5301,36567
14.5358,36545
14.5412,36601
14.5469,36583
14.5523,36660
14.558,36413
14.5635,36280
14.5691,36420
14.5748,36802
14.5802,36493
14.5856,36679
14.5913,36548
14.597,36534
14.6024,36743
14.608,36650
14.6135,36543
14.6191,36541
14.6245,36511
14.6302,36468
14.6357,36556
14.6414,36447
14.6468,36587
14.6524,36719
14.6581,36553
14.6635,36773
14.6692,36824
14.6746,36815
14.6803,36545
14.6857,36605
14.6914,36773
14.6968,36546
14.7025,36504
14.7079,36561
14.7136,36573
14.719,36554
14.7246,36421
14.7303,36525
14.7357,36588
14.7414,36585
14.7468,36708
14.7525,36498
14.7579,36460
14.7636,36518
14.769,36536
14.7746,36479
14.7803,36633
14.7858,36889
14.7915,36480
14.7969,36531
14.8025,36747
14.8078,36387
14.8135,36492
14.819,36802
14.8246,36425
14.8303,36850
14.8356,36649
14.8413,36668
14.847,36610
14.8524,36499
14.8581,36620
14.8635,36407
14.8692,36488
14.8746,36859
14.8803,36395
14.8856,36523
14.8913,36240
14.8968,36380
14.9024,36592
14.9078,36519
14.9134,36618
14.9191,36700
14.9248,36720
14.9302,36661
14.9359,36489
14.9413,36416
14.947,36546
14.9524,36636
14.958,36512
14.9634,36593
14.9691,36508
14.9748,36707
14.9802,36599
14.9858,36748
14.9912,36476
14.9969,36640
15.0023,36688
15.008,36248
15.0134,36428
15.0191,36511
15.0246,36629
15.0303,36789
15.0359,36429
15.0413,36634
15.047,36471
15.0524,36698
15.0581,36699
15.0635,36532
15.0692,36504
15.0746,36766
15.0803,36325
15.0857,36581
15.0914,36591
15.0968,36535
15.1025,36437
15.1079,36472
15.1136,36383
15.119,36396
15.1247,36426
15.1301,36687
15.1358,36531
15.1412,36475
15.1469,36665
15.1525,36565
15.1579,36548
15.1636,36517
15.169,36681
15.1747,36632
15.1802,36193
15.1859,36456
15.1912,36390
15.1969,36400
15.2023,36673
15.208,36580
15.2137,36750
15.2191,36529
15.2248,36605
15.2302,36298
15.2359,36490
15.2413,36497
15.2469,36676
15.2524,36397
15.2581,36585
15.2635,36475
15.2692,36587
15.2748,36614
15.2802,36792
15.2857,36540
15.2913,36754
15.2968,36821
15.3024,36622
15.3081,36623
15.3135,36611
15.3192,36704
15.3246,36474
15.3303,36401
15.3357,36575
15.3414,36594
15.3468,36463
15.3525,36472
15.3579,36506
15.3636,36498
15.3693,36748
15.3747,36378
15.3803,36506
15.3857,36514
15.3914,36405
15.3968,36509
15.4025,36522
15.4079,36770
15.4136,36609
15.419,36495
15.4247,36710
15.4303,36495
15.4358,36640
15.4412,36594
15.4469,36524
15.4526,36450
15.4579,36558
15.4636,36644
15.469,36673
15.4747,36606
15.4802,36416
15.4859,36628
15.4913,36447
15.4967,36543
15.5024,36494
15.5081,36599
15.5135,36646
15.5192,36708
15.5246,36410
15.5303,36637
15.5359,36503
15.5413,36649
15.547,36560
15.5524,36582
15.5581,36661
15.5635,36516
15.5692,36753
15.5746,36490
15.5803,36624
15.5857,36686
15.5914,36628
15.5968,36597
15.6024,36481
15.6081,36704
15.6135,36543
15.6192,36727
15.6246,36806
15.6303,36560
15.6357,36701
15.6414,36359
15.6468,36501
15.6525,36548
15.6579,36541
15.6636,36597
15.669,36405
15.6747,36476
15.6801,36618
15.6858,36749
15.6914,36509
15.6968,36542
15.7025,36418
15.7079,36516
15.7136,36414
15.719,36564
15.7247,36567
15.7301,36430
15.7358,36661
15.7414,36457
15.7469,36538
15.7526,36622
15.758,36556
15.7637,36564
15.769,36462
15.7747,36653
15.7801,36639
15.7858,36323
15.7912,36484
15.7969,36596
15.8023,36424
15.808,36469
15.8134,36698
15.8191,36500
15.8248,36514
15.8302,36496
15.8358,36698
15.8413,36656
15.8469,36480
15.8523,36689
15.858,36580
15.8637,36614
15.8691,36638
15.8746,36578
15.8803,36436
15.8857,36601
15.8913,36443
15.897,36536
15.9024,36299
15.9081,36452
15.9135,36661
15.9192,36532
15.9245,36434
15.9302,36512
15.9356,36657
15.9413,36469
15.947,36696
15.9524,36574
15.9578,36405
15.9635,36588
15.9692,36342
15.9746,36624
15.9803,36400
15.9857,36520
15.9914,36460
15.9968,36564
16.0025,36574
16.0079,36458
16.0136,36539
16.0192,36388
16.0247,36657
16.0304,36451
16.0358,36444
16.0412,36853
16.0469,36509
16.0525,36576
16.058,36547
16.0637,36499
16.069,36503
16.0748,36421
16.0801,36444
16.0858,36529
16.0912,36677
16.0969,36592
16.1023,36698
16.108,36387
16.1135,36546
16.1192,36532
16.1246,36537
16.1302,36464
16.1356,36607
16.1414,36584
16.147,36550
16.1525,36452
16.1581,36476
16.1635,36582
16.1692,36694
16.1746,36519
16.1803,36506
16.1857,36435
16.1914,36695
16.1968,36429
16.2025,36652
16.2081,36590
16.2134,36446
16.2191,36523
16.2245,36694
16.2302,36581
16.2359,36559
16.2412,36572
16.2469,36683
16.2523,36364
16.258,36626
16.2635,36578
16.2691,36627
16.2745,36554
16.2801,36687
16.2858,36739
16.2912,36779
16.2969,36686
16.3025,36617
16.3079,36538
16.3136,36559
16.3193,36677
16.3247,36663
16.3303,36427
16.3358,36550
16.3415,36219
16.3469,36432
16.3525,36497
16.3579,36606
16.3635,36570
16.3692,36762
16.3747,36586
16.3803,36462
16.3857,36585
16.3914,36813
16.3968,36573
16.4025,36427
16.4081,36851
16.4136,36597
16.4193,36620
16.4247,36353
16.4301,36603
16.4358,36700
16.4415,36422
16.4469,36581
16.4526,36545
16.458,36588
16.4634,36234
16.4691,36609
16.4747,36749
16.4802,36764
16.4858,36584
16.4912,36595
16.4969,36529
16.5023,36629
16.5081,36575
16.5137,36411
16.5191,36639
16.5248,36568
16.5302,36585
16.5359,36552
16.5413,36473
16.5469,36732
16.5525,36346
16.558,36591
16.5636,36589
16.5691,36367
16.5745,36414
16.5802,36460
16.5856,36570
16.5913,36587
16.597,36628
16.6024,36627
16.6081,36431
16.6135,36796
16.6192,36521
16.6246,36804
16.6302,36638
16.6357,36600
16.6413,36778
16.647,36405
16.6525,36438
16.6579,36326
16.6636,36480
16.6693,36532
16.6747,36653
16.6804,36807
16.6858,36437
16.6915,36533
16.6969,36592
16.7023,36741
16.708,36816
16.7137,36948
16.7191,36727
16.7248,36506
16.7301,36629
16.7358,36558
16.7412,36660
16.7469,36494
16.7526,36557
16.758,36524
16.7634,36527
16.7692,36735
16.7746,36552
16.7803,36644
16.7857,36703
16.7914,36620
16.7968,36578
16.8025,36616
16.8079,36448
16.8136,36593
16.819,36602
16.8247,36609
16.8304,36569
16.8358,36637
16.8412,36496
16.8469,36728
16.8526,36670
16.858,36710
16.8636,36450
16.8691,36453
16.8747,36547
16.8801,36589
16.8859,36579
16.8913,36538
16.897,36530
16.9024,36500
16.908,36444
16.9135,36612
16.9192,36693
16.9248,36407
16.9303,36802
16.9359,36655
16.9413,36606
16.947,36488
16.9524,36315
16.9581,36522
16.9635,36310
16.9692,36556
16.9747,36362
16.9803,36446
16.9857,36659
16.9914,36457
16.9968,36681
17.0024,36539
17.0079,36530
17.0136,36417
17.0193,36666
17.0247,36573
17.0304,36533
17.0358,36487
17.0412,36591
17.0469,36722
17.0523,36795
17.058,36572
17.0636,36785
17.0691,36777
17.0748,36825
17.0801,36425
17.0859,36552
17.0915,36527
17.0969,36662
17.1026,36539
17.108,36621
17.1137,36548
17.1191,36451
17.1248,36535
17.1303,36705
17.1359,36697
17.1413,36512
17.147,36802
17.1524,36575
17.1581,36660
17.1635,36709
17.1692,36546
17.1746,36763
17.1803,36575
17.1857,36596
17.1914,36554
17.1968,36529
17.2025,36532
17.2079,36591
17.2136,36715
17.2192,36490
17.2247,36516
17.2301,36592
17.2357,36482
17.2415,36516
17.2468,36557
17.2525,36582
17.2579,36657
17.2636,36600
17.269,36499
17.2747,36684
17.2802,36500
17.2859,36504
17.2913,36332
17.2969,36442
17.3024,36638
17.3081,36615
17.3137,36579
17.3191,36557
17.3248,36620
17.3302,36410
17.3359,36631
17.3413,36766
17.347,36689
17.3524,36398
17.3581,36507
17.3635,36525
17.3692,36763
17.3749,36568
17.3803,36580
17.3857,36516
17.3913,36655
17.3971,36605
17.4024,36680
17.4081,36570
17.4135,36628
17.4192,36713
17.4246,36805
17.4303,36466
17.4357,36607
17.4414,36698
17.4471,36468
17.4524,36718
17.4582,36493
17.4636,36621
17.4693,36925
17.4747,36607
17.4803,36574
17.4858,36636
17.4913,36551
17.497,36525
17.5024,36749
17.5081,36713
17.5135,36662
17.5192,36545
17.5246,36493
17.5302,36677
17.5359,36527
17.5414,36619
17.547,36517
17.5525,36656
17.5581,36811
17.5635,36485
17.5692,36734
17.5746,36334
17.5803,36666
17.5857,36640
17.5914,36525
17.5968,36557
17.6025,36699
17.6081,36318
17.6136,36586
17.619,36416
17.6247,36598
17.6304,36707
17.6357,36581
17.6414,36837
17.6471,36280
17.6525,36610
17.6582,36513
17.6636,36571
17.6693,36664
17.6747,36324
17.6804,36579
17.6858,36646
17.6915,36672
17.6969,36805
17.7026,36515
17.7079,36571
17.7136,36660
17.7193,36561
17.7247,36643
17.7303,36441
17.7358,36465
17.7415,36581
17.7469,36684
17.7526,36564
17.758,36705
17.7636,36579
17.7693,36289
17.7747,36659
17.7804,36537
17.7858,36728
17.7914,36683
17.7971,36733
17.8025,36388
17.8081,36711
17.8136,36432
17.8192,36598
17.8246,36631
17.8304,36606
17.8357,36672
17.8414,36571
17.8468,36486
17.8526,36684
17.8582,36497
17.8636,36413
17.8693,36588
17.8747,36486
17.8804,36800
17.8858,36546
17.8915,36473
17.8969,36626
17.9026,36623
17.908,36543
17.9137,36732
17.9191,36753
17.9248,36454
17.9301,36821
17.9358,36794
17.9415,36556
17.9469,36587
17.9525,36789
17.958,36833
17.9636,36665
17.9693,36618
17.9747,36633
17.9802,36648
17.9857,36490
17.9914,36455
17.9971,36647
18.0025,36613
18.0079,36541
18.0135,36738
18.0192,36587
18.0246,36666
18.0303,36793
18.036,36708
18.0414,36456
18.0471,36666
18.0525,36571
18.0582,36687
18.0636,36719
18.0692,36394
18.0748,36920
18.0803,36734
18.0857,36727
18.0914,36458
18.097,36705
18.1027,36677
18.108,36826
18.1137,36689
18.1191,36583
18.1248,36616
18.1302,36356
18.1359,36796
18.1413,36749
18.147,36463
18.1524,36478
18.1581,36698
18.1635,36720
18.1692,36720
18.1746,36905
18.1803,36701
18.1859,36448
18.1914,36535
18.197,36591
18.2024,36720
18.2081,36757
18.2136,36780
18.2193,36337
18.2246,36573
18.2303,36516
18.2357,36538
18.2414,36886
18.2471,36847
18.2525,36576
18.2582,36746
18.2636,36721
18.2693,36470
18.2747,36523
18.2804,36755
18.2858,36630
18.2915,36492
18.2969,36527
18.3026,36727
18.3082,36748
18.3137,36644
18.3191,36550
18.3248,36699
18.3302,36547
18.3358,36535
18.3415,36580
18.3469,36833
18.3526,36523
18.358,36646
18.3637,36693
18.3692,36731
18.3746,36729
18.3803,36645
18.3859,36734
18.3914,36493
18.3968,36588
18.4024,36572
18.4082,36445
18.4135,36649
18.4192,36811
18.4249,36587
18.4303,36701
18.436,36742
18.4414,36645
18.4471,36690
18.4525,36636
18.4582,36614
18.4636,36631
18.4693,36618
18.4747,36501
18.4804,36667
18.4858,36679
18.4914,36771
18.4971,36567
18.5025,36448
18.5082,36650
18.5136,36499
18.5191,36609
18.5248,36625
18.5302,36537
18.5359,36451
18.5415,36634
18.547,36691
18.5524,36746
18.558,36519
18.5637,36706
18.5691,36608
18.5748,36532
18.5802,36614
18.5859,36585
18.5913,36650
18.597,36463
18.6024,36642
18.6081,36814
18.6135,36760
18.6192,36551
18.6249,36555
18.6303,36640
18.636,36760
18.6414,36629
18.6471,36814
18.6524,36746
18.6581,36778
18.6635,36597
18.6692,36706
18.6746,36547
18.6803,36714
18.6858,36770
18.6914,36557
18.6971,36641
18.7025,36523
18.7082,36825
18.7136,36539
18.7193,36764
18.7247,36611
18.7303,36753
18.7358,36573
18.7414,36609
18.7471,36556
18.7525,36793
18.7582,36857
18.7636,36662
18.7693,36558
18.7747,36895
18.7804,36460
18.7858,36766
18.7915,36858
18.7969,36660
18.8026,36983
18.808,36486
18.8136,36668
18.8193,36672
18.8247,36485
18.8304,36496
18.8358,36542
18.8413,36350
18.8469,36592
18.8526,36717
18.858,36541
18.8637,36614
18.8691,36693
18.8748,36529
18.8802,36644
18.8859,36649
18.8913,36812
18.897,36601
18.9024,36821
18.9081,36662
18.9135,36694
18.9192,36663
18.9249,36622
18.9303,36658
18.936,36769
18.9414,36466
18.947,36930
18.9525,36685
18.9582,36661
18.9635,36823
18.9692,36737
18.9749,36788
18.9803,36582
18.9857,36663
18.9914,36556
18.9969,36701
19.0025,36639
19.008,36824
19.0137,36814
19.0191,36858
19.0247,36722
19.0302,36748
19.0358,36708
19.0415,36714
19.0469,36566
19.0526,36806
19.058,36594
19.0637,36567
19.0692,36678
19.0749,36540
19.0802,36597
19.0859,36784
19.0913,36788
19.097,36711
19.1027,36776
19.1081,36845
19.1138,36657
19.1192,37007
19.1249,36771
19.1303,36684
19.136,36488
19.1414,36740
19.1471,36492
19.1525,36483
19.1582,36759
19.1636,36664
19.1693,36830
19.1746,36827
19.1803,36718
19.1857,36812
19.1914,36797
19.197,36686
19.2024,36790
19.2081,36573
19.2135,36639
19.2193,36673
19.2247,36704
19.2303,36647
19.2359,36630
19.2413,36554
19.247,36782
19.2524,36515
19.2581,36879
19.2635,36932
19.2692,36606
19.2748,36540
19.2803,36654
19.2859,36637
19.2916,36687
19.297,36796
19.3025,36680
19.3082,36664
19.3135,36726
19.3192,36747
19.3249,36727
19.3303,36717
19.336,36705
19.3414,36856
19.3471,36767
19.3525,36776
19.3582,36628
19.3636,36675
19.3693,36401
19.3747,36618
19.3804,36734
19.3858,36766
19.3915,36730
19.3969,36551
19.4026,36526
19.408,36440
19.4137,36739
19.4191,36716
19.4248,36468
19.4304,36707
19.4359,36653
19.4415,36583
19.447,36642
19.4526,36819
19.4581,36604
19.4638,36551
19.4691,36689
19.4748,36795
19.4802,36832
19.4859,36590
19.4913,36601
19.497,36744
19.5027,36700
19.508,36639
19.5137,36573
19.5193,36458
19.5248,36746
19.5305,36489
19.5358,36683
19.5415,36526
19.5469,36665
19.5526,36606
19.558,36597
19.5636,36605
19.5693,36513
19.5747,36669
19.5804,36630
19.5858,36658
19.5914,36492
19.5971,36505
19.6025,36516
19.6082,36468
19.6136,36570
19.6193,36916
19.6246,36538
19.6303,36674
19.6357,36742
19.6415,36849
19.6471,36654
19.6525,36694
19.6582,36671
19.6635,36476
19.6692,36723
19.6749,36580
19.6803,36607
19.686,36596
19.6915,36817
19.6969,36674
19.7025,36573
19.7082,36709
19.7136,36565
19.7193,36513
19.7247,36490
19.7304,36849
19.7358,36701
19.7415,36884
19.7469,36700
19.7525,36528
19.758,36549
19.7637,36473
19.7691,36555
19.7748,36563
19.7802,36775
19.7859,36867
19.7916,36440
19.797,36548
19.8027,36664
19.8081,36661
19.8137,36595
19.8191,36479
19.8248,36620
19.8302,36648
19.8359,36624
19.8413,36677
19.847,36565
19.8525,36532
19.8581,36786
19.8638,36515
19.8692,36634
19.8747,36705
19.8803,36658
19.886,36726
19.8914,36551
19.8971,36674
19.9025,36661
19.9082,36575
19.9136,36401
19.9193,36629
19.9248,36914
19.9305,36724
19.9359,36502
19.9415,36824
19.947,36700
19.9527,36690
19.958,36662
19.9637,36657
19.9691,36896
19.9748,36917
19.9802,36486
19.9859,36746
19.9913,36686
19.997,36630
20.0025,36693
20.0082,36734
20.0136,36520
20.0193,36789
20.0247,36827
20.0304,36629
20.0358,36888
20.0415,36776
20.0469,36779
20.0525,36590
20.058,36821
20.0636,36749
20.0693,36586
20.0748,36879
20.0802,36704
20.0859,36677
20.0913,36900
20.097,36822
20.1024,36707
20.1081,36565
20.1138,36768
20.1192,36739
20.1249,36917
20.1302,36560
20.1359,36661
20.1416,36697
20.147,36710
20.1525,36501
20.1582,36794
20.1636,36820
20.1693,36947
20.1747,36552
20.1804,36776
20.1858,36468
20.1914,36754
20.1969,36690
20.2025,36678
20.2082,36734
20.2136,36705
20.2193,36800
20.2247,36586
20.2304,36659
20.2358,36804
20.2416,36860
20.2469,36730
20.2526,36767
20.258,36548
20.2637,36802
20.2691,36649
20.2748,36869
20.2802,36816
20.2859,36577
20.2916,36705
20.297,36472
20.3026,36707
20.3081,36456
20.3138,36592
20.3192,36744
20.3249,36715
20.3303,36614
20.336,36753
20.3414,36635
20.3471,36865
20.3525,36492
20.3581,36899
20.3635,36562
20.3692,36575
20.3749,36674
20.3803,36760
20.3858,36614
20.3915,36518
20.3969,36533
20.4026,36644
20.4082,36530
20.4137,36446
20.4191,36548
20.4248,36688
20.4305,36804
20.4358,36720
20.4415,36605
20.4469,36684
20.4526,36875
20.458,36587
20.4637,36578
20.4692,36639
20.4749,36646
20.4803,36743
20.4859,36567
20.4914,36658
20.4971,36708
20.5025,36519
20.5082,36764
20.5136,36802
20.5192,36708
20.5249,36471
20.5303,36547
20.536,36577
20.5414,36808
20.5471,36579
20.5526,36996
20.5582,36662
20.5636,36835
20.5693,36649
20.5747,36601
20.5804,36859
20.5858,36667
20.5914,36762
20.5971,36798
20.6025,36672
20.6082,36768
20.6136,36644
20.6193,36571
20.6248,36839
20.6302,36663
20.6358,36736
20.6415,36640
20.6469,36663
20.6526,36691
20.658,36644
20.6637,36752
20.6694,36942
20.6747,36732
20.6805,36784
20.6858,36650
20.6916,36558
20.6969,36616
20.7026,36806
20.708,36631
20.7137,36486
20.7194,36613
20.7247,36602
20.7302,36805
20.7359,36671
20.7416,36878
20.747,36659
20.7525,36829
20.7582,36593
20.7636,36492
20.7693,36498
20.7748,36711
20.7802,36725
20.7859,36691
20.7916,36878
20.797,36906
20.8027,36766
20.8081,36818
20.8138,36676
20.8192,36573
20.8248,36853
20.8302,36783
20.8359,36707
20.8413,36700
20.847,36530
20.8524,36574
20.8581,36805
20.8636,36735
20.8693,36551
20.8746,36822
20.8803,36743
20.8857,36648
20.8914,36910
20.8971,36633
20.9025,36766
20.9082,36619
20.9136,36615
20.9193,36683
20.9247,36685
20.9304,36841
20.9358,36765
20.9415,36701
20.9469,36463
20.9526,36636
20.958,36826
20.9637,36683
20.9691,36648
20.9748,36513
20.9805,36609
20.9859,36812
20.9916,36549
20.9969,36592
21.0026,36715
21.0081,36404
21.0136,36771
21.0193,36749
21.0247,36859
21.0304,36757
21.0358,36843
21.0415,36738
21.0471,36608
21.0526,36746
21.0582,36689
21.0636,36694
21.0693,36703
21.0749,36451
21.0804,36562
21.0858,36602
21.0915,36636
21.097,36616
21.1026,36657
21.108,36706
21.1137,36609
21.1192,36747
21.1248,36741
21.1302,36679
21.1359,36480
21.1416,36972
21.147,36480
21.1527,36665
21.1581,36538
21.1638,36666
21.1692,36911
21.1747,36530
21.1803,36628
21.186,36653
21.1914,36531
21.1971,36602
21.2025,36670
21.2082,36683
21.2136,36648
21.2193,37020
21.2247,36934
21.2304,36821
21.2358,36560
21.2415,36372
21.2469,36597
21.2527,36692
21.258,36677
21.2637,36599
21.2691,36367
21.2748,36670
21.2802,36592
21.2859,36704
21.2915,36942
21.2969,36635
21.3024,36736
21.3081,36574
21.3138,36788
21.3192,36838
21.3249,36529
21.3304,36749
21.336,36596
21.3414,36579
21.3471,36623
21.3525,36646
21.358,36577
21.3637,36584
21.3691,36613
21.3748,36623
21.3802,36639
21.3859,36769
21.3913,36479
21.397,36580
21.4024,36699
21.4082,36514
21.4135,36834
21.4192,36733
21.4249,36899
21.4303,36742
21.436,36901
21.4414,36785
21.4471,36724
21.4524,36622
21.4582,36749
21.4638,36958
21.4692,36751
21.4749,36598
21.4803,36522
21.486,36852
21.4914,36584
21.4971,36515
21.5025,36670
21.5082,36901
21.5136,36568
21.5193,36685
21.5248,36671
21.5304,36666
21.5359,36896
21.5415,36661
21.5469,36575
21.5527,36728
21.5581,36689
21.5638,36656
21.5692,36816
21.5749,36707
21.5803,36760
21.586,36873
21.5914,36659
21.5971,36822
21.6025,36783
21.6081,36606
21.6136,36938
21.6192,36785
21.6247,36748
21.6304,36704
21.6358,36650
21.6415,36664
21.6469,36780
21.6526,36660
21.658,36843
21.6637,36695
21.6694,36717
21.6748,36702
21.6805,36696
21.6859,36815
21.6916,36854
21.6969,36696
21.7026,36690
21.7081,36820
21.7135,36956
21.7192,36651
21.7249,36864
21.7303,36938
21.736,36852
21.7415,36875
21.7471,36489
21.7526,36630
21.7583,36855
21.7636,36875
21.7693,36644
21.7747,36623
21.7804,36827
21.7858,36726
21.7916,36759
21.797,36999
21.8027,36810
21.808,36697
21.8137,36887
21.8192,36819
21.8248,36941
21.8303,36919
21.8359,36883
21.8416,36855
21.847,36767
21.8527,36776
21.8581,36813
21.8638,36467
21.8692,36747
21.8747,36865
21.8803,36911
21.886,36716
21.8914,36674
21.8971,36848
21.9025,36853
21.9082,36700
21.9136,36848
21.9193,36826
21.9247,36826
21.9304,36695
21.9358,36678
21.9415,36623
21.9469,36650
21.9527,36785
21.958,36869
21.9637,36688
21.9691,36761
21.9748,36935
21.9802,36899
21.9859,36927
21.9913,36693
21.997,36798
22.0024,36829
22.0081,36838
22.0136,36781
22.0193,36924
22.0247,36749
22.0304,36515
22.0358,36956
22.0415,36939
22.0469,36687
22.0526,36841
22.058,36634
22.0637,36715
22.0691,36766
22.0748,36952
22.0802,36821
22.0859,36505
22.0916,36668
22.097,36872
22.1025,36854
22.1082,36725
22.1136,36749
22.1193,36729
22.1247,36650
22.1304,36748
22.1358,36843
22.1415,36721
22.1469,36800
22.1525,36804
22.158,36682
22.1636,36737
22.1694,36837
22.1748,36670
22.1802,36741
22.1859,36663
22.1915,36578
22.1969,36628
22.2026,36875
22.2081,36661
22.2137,36662
22.2194,36683
22.2248,36751
22.2304,36961
22.2359,36831
22.2415,36910
22.2469,36661
22.2526,36601
22.2581,36996
22.2638,36798
22.2692,36847
22.2747,36649
22.2804,36702
22.2858,36559
22.2915,36870
22.2969,36521
22.3025,36676
22.3082,37134
22.3136,36788
22.3193,36852
22.3247,36885
22.3304,36559
22.3358,36691
22.3415,36877
22.3469,36738
22.3526,36919
22.358,37028
22.3637,36740
22.3694,36898
22.3748,36687
22.3805,36784
22.3858,36829
22.3916,36821
22.3969,36762
22.4026,36633
22.4081,36791
22.4138,36674
22.4192,36499
22.4249,36791
22.4303,36805
22.436,36722
22.4414,36837
22.4471,36745
22.4525,36778
22.4582,36615
22.4638,36618
22.4693,36475
22.4749,36730
22.4804,36657
22.4858,36686
22.4915,36757
22.497,36838
22.5026,36753
22.508,36841
22.5137,36803
22.5191,36671
22.5248,36711
22.5302,36908
22.5359,36901
22.5416,36816
22.547,36624
22.5527,36723
22.5582,36893
22.5636,36862
22.5693,36628
22.5747,36834
22.5804,36856
22.5858,36649
22.5915,36752
22.5969,36774
22.6026,36943
22.608,36676
22.6136,36827
22.6193,36855
22.6247,37029
22.6304,36854
22.6358,36775
22.6415,36768
22.6469,36708
22.6527,36956
22.658,36809
22.6637,36659
22.6691,36643
22.6748,36716
22.6805,36824
22.6859,36757
22.6916,36641
22.697,36765
22.7026,36775
22.708,36454
22.7137,36815
22.7191,36855
22.7248,36482
22.7303,36823
22.7359,36526
22.7416,36594
22.747,36787
22.7524,36885
22.7581,36630
22.7638,36505
22.7692,36619
22.7748,36729
22.7803,36511
22.7859,36735
22.7916,36485
22.797,36592
22.8025,36724
22.8082,36569
22.8138,36976
22.8192,36879
22.8249,36631
22.8304,36601
22.836,36564
22.8415,36479
22.8471,36628
22.8525,36668
22.8582,36362
22.8636,36884
22.8693,36543
22.8747,36764
22.8804,36695
22.8859,36566
22.8915,36553
22.8969,36536
22.9026,36676
22.908,36616
22.9137,36583
22.9191,36771
22.9248,36433
22.9304,36658
22.9359,36562
22.9415,36661
22.9469,36750
22.9526,36742
22.9581,36761
22.9638,36398
22.9691,36674
22.9748,36720
22.9802,36709
22.9859,36637
22.9916,36707
22.997,36614
23.0027,36721
23.0081,36620
23.0138,36477
23.0192,36728
23.0249,36653
23.0303,36761
23.036,36544
23.0414,36662
23.0471,36574
23.0525,36584
23.0582,36574
23.0636,36692
23.0692,36594
23.0747,36721
23.0803,36810
23.086,36478
23.0914,36450
23.0971,36479
23.1025,36502
23.1082,36516
23.1136,36547
23.1193,36548
23.1247,36595
23.1303,36722
23.136,36623
23.1415,36696
23.1471,36565
23.1525,36366
23.1582,36585
23.1636,36784
23.1693,36545
23.1749,36480
23.1804,36618
23.1858,36457
23.1915,36309
23.1969,36577
23.2026,36490
23.2083,36598
23.2137,36656
23.2194,36576
23.2248,36768
23.2305,36654
23.2358,36384
23.2415,36682
23.2469,36588
23.2526,36556
23.2583,36412
23.2637,36592
23.2691,36651
23.2748,36740
23.2805,36762
23.2859,36496
23.2916,36908
23.297,36532
23.3027,36447
23.3081,36569
23.3138,36651
23.3192,36693
23.3249,36667
23.3305,36529
23.3359,36391
23.3414,36743
23.3471,36527
23.3525,36609
23.3582,36355
23.3636,36756
23.3693,36711
23.3747,36508
23.3804,36593
23.3861,36437
23.3914,36654
23.3971,36773
23.4025,36373
23.4082,36684
23.4136,36486
23.4193,36258
23.4247,36652
23.4304,36445
23.4358,36726
23.4415,36564
23.4469,36420
23.4526,36876
23.4583,36627
23.4637,36556
23.4694,36568
23.4747,36672
23.4804,36630
23.4858,36605
23.4915,36472
23.497,36417
23.5027,36762
23.5081,36659
23.5138,36456
23.5192,36534
23.5249,36413
23.5303,36570
23.536,36356
23.5414,36568
23.5469,36660
23.5525,36435
23.5582,36664
23.5636,36628
23.5693,36338
23.5748,36554
23.5805,36525
23.5859,36871
23.5915,36496
23.5969,36402
23.6026,36443
23.6081,36451
23.6137,36399
23.6191,36583
23.6248,36798
23.6305,36718
23.6359,36605
23.6416,36582
23.647,36435
23.6527,36714
23.658,36384
23.6637,36543
23.6691,36571
23.6748,36495
23.6805,36547
23.6858,36848
23.6915,36749
23.6969,36654
23.7026,36494
23.7083,36521
23.7136,36663
23.7193,36573
23.7247,36669
23.7304,36534
23.7359,36671
23.7415,36388
23.7471,36535
23.7525,36692
23.7582,36400
23.7636,36734
23.7693,36599
23.7747,36444
23.7803,36659
23.786,36874
23.7914,36444
23.7971,36682
23.8025,36726
23.8082,36374
23.8136,36348
23.8193,36398
23.8247,36464
23.8303,36549
23.836,36481
23.8414,36605
23.8472,36289
23.8526,36471
23.8582,36634
23.8636,36553
23.8693,36547
23.8747,36476
23.8804,36631
23.8858,36539
23.8915,36604
23.8972,36723
23.9026,36815
23.9082,36639
23.9136,36658
23.9193,36505
23.9248,36491
23.9305,36520
23.9358,36562
23.9415,36509
23.9469,36656
23.9526,36575
23.958,36495
23.9637,36815
23.9694,36672
23.9748,36797
23.9805,36706
23.9858,36590
23.9916,36671
23.997,36679
24.0027,36559
24.0081,36824
24.0138,36563
24.0192,36655
24.0249,36543
24.0303,36420
24.036,36681
24.0414,36573
24.0471,36525
24.0525,36466
24.0581,36605
24.0638,36549
24.0692,36725
24.0749,36621
24.0804,36557
24.0861,36512
24.0914,36704
24.0971,36425
24.1025,36641
24.1082,36643
24.1136,36227
24.1193,36557
24.1247,36829
24.1304,36543
24.136,36820
24.1414,36683
24.1471,36687
24.1526,36708
24.158,36293
24.1637,36489
24.1694,36501
24.1748,36781
24.1802,36687
24.1858,36629
24.1915,36826
24.1969,36631
24.2026,36775
24.2083,36461
24.2137,36354
24.2193,36616
24.2248,36523
24.2305,36520
24.2359,36310
24.2416,36649
24.247,36768
24.2526,36482
24.2581,36649
24.2637,36636
24.2692,36557
24.2749,36559
24.2802,36614
24.2859,36431
24.2916,36451
24.297,36535
24.3026,36623
24.3081,36724
24.3138,36696
24.3192,36655
24.3249,36705
24.3302,36496
24.3359,36462
24.3416,36702
24.347,36650
24.3527,36389
24.3581,36534
24.3638,36516
24.3692,36493
24.3748,36557
24.3802,36772
24.386,36479
24.3914,36702
24.3971,36624
24.4025,36517
24.4081,36549
24.4136,36586
24.4192,36700
24.4249,36791
24.4304,36494
24.436,36558
24.4414,36752
24.4471,36662
24.4525,36623
24.4582,36350
24.4636,36423
24.4693,36588
24.4747,36739
24.4804,36463
24.4861,36620
24.4915,36637
24.4971,36504
24.5026,36670
24.508,36685
24.5137,36618
24.5194,36468
24.5248,36555
24.5304,36673
24.5358,36740
24.5415,36782
24.547,36592
24.5527,36676
24.558,36725
24.5637,36760
24.5694,36685
24.5748,36756
24.5805,36395
24.5859,36554
24.5916,36673
24.597,36479
24.6027,36649
24.608,36697
24.6137,36425
24.6191,36577
24.6248,36632
24.6303,36485
24.6359,36645
24.6416,36647
24.647,36592
24.6527,36475
24.6581,36624
24.6638,36782
24.6692,36564
24.6749,36537
24.6803,36792
24.6859,36758
24.6913,36841
24.697,36653
24.7027,36608
24.7081,36609
24.7138,36399
24.7192,36463
24.7249,36659
24.7303,36496
24.736,36613
24.7416,36592
24.747,36726
24.7527,36606
24.7581,36654
24.7638,36706
24.7692,36613
24.7749,36747
24.7803,36647
24.786,36819
24.7914,36812
24.797,36299
24.8025,36761
24.8081,36617
24.8135,36737
24.8192,36689
24.8249,36738
24.8303,36748
24.8359,36691
24.8416,36844
24.847,36550
24.8525,36518
24.8582,36365
24.8636,36595
24.8693,36372
24.8749,36672
24.8804,36927
24.886,36617
24.8915,36771
24.8972,36552
24.9025,36874
24.9082,36824
24.9136,36719
24.9193,36513
24.9247,36932
24.9304,36673
24.9358,36753
24.9415,36513
24.9469,36532
24.9526,36768
24.9583,36627
24.9636,36666
24.9691,36620
24.9748,36504
24.9804,36472
24.9859,36683
24.9915,36673
24.9972,36763
25.0026,36529
25.0081,36663
25.0138,36704
25.0192,36622
25.0249,36725
25.0302,36797
25.0359,36468
25.0416,36727
25.047,36630
25.0527,36786
25.0581,36923
25.0638,36389
25.0692,36532
25.0748,36726
25.0803,36737
25.086,36404
25.0914,36528
25.0971,36429
25.1025,36669
25.1081,36691
25.1136,36520
25.1192,36454
25.1249,36555
25.1304,36628
25.136,36780
25.1414,36756
25.1471,36569
25.1525,36813
25.1582,36662
25.1636,36919
25.1693,36726
25.1747,36397
25.1802,36639
25.1859,36442
25.1913,36839
25.197,36574
25.2027,36410
25.2081,36653
25.2137,36608
25.2191,36453
25.2248,36667
25.2305,36851
25.2359,36831
25.2416,36498
25.247,36605
25.2527,36383
25.2581,36585
25.2637,36624
25.2694,36750
25.2748,36731
25.2805,36676
25.2859,36577
25.2915,36705
25.2969,36284
25.3026,36514
25.3082,36105
25.3136,36409
25.3193,36710
25.3247,36671
25.3304,36948
25.3358,36523
25.3415,36451
25.3469,36452
25.3526,36582
25.3583,36783
25.3637,36456
25.3693,36678
25.3748,36523
25.3804,36571
25.3858,36627
25.3915,36455
25.3969,36785
25.4026,36544
25.4081,36653
25.4137,36627
25.4194,36731
25.4248,36744
25.4305,36578
25.4359,36389
25.4416,36501
25.447,36491
25.4527,36475
25.458,36578
25.4637,36570
25.4694,36649
25.4748,36478
25.4805,36566
25.4859,36437
25.4916,36766
25.497,36609
25.5027,36631
25.5081,36506
25.5138,36593
25.5192,36726
25.5249,36717
25.5303,36465
25.5359,36459
25.5416,36648
25.547,36714
25.5527,36817
25.5581,36690
25.5636,36615
25.5692,36421
25.5749,36453
25.5803,36712
25.586,36730
25.5914,36558
25.5971,36764
25.6028,36630
25.6082,36409
25.6138,36648
25.6192,36716
25.6249,36592
25.6304,36535
25.6361,36803
25.6415,36450
25.6472,36348
25.6525,36484
25.6582,36539
25.6636,36520
25.6693,36420
25.6748,36616
25.6804,36488
