Experiment: Feb_19_real_eric2_expt vial 12, Fri Feb 19 13:52:14 2021
0.0021,56810
0.0078,56781
0.0132,56820
0.0188,56797
0.0242,56783
0.0298,56761
0.0355,56807
0.0408,56793
0.0465,56816
0.0521,56802
0.0575,56795
0.0632,56794
0.0688,56793
0.0742,56795
0.0798,56797
0.0855,56783
0.0909,56750
0.0965,56802
0.1022,56788
0.1075,56786
0.1132,56810
0.1188,56812
0.1242,56789
0.1298,56782
0.1355,56814
0.1409,56820
0.1465,56792
0.1522,56805
0.1575,56811
0.1632,56808
0.1688,56714
0.1742,56763
0.1799,56805
0.1855,56751
0.1909,56782
0.1965,56742
0.2022,56792
0.2076,56797
0.2132,56787
0.2189,56779
0.2242,56765
0.2299,56789
0.2355,56766
0.2409,56791
0.2466,56805
0.2519,56800
0.2576,56793
0.2632,56808
0.2689,56743
0.2743,56776
0.2799,56800
0.2856,56804
0.2909,56774
0.2966,56797
0.302,56796
0.3076,56782
0.3133,56810
0.3187,56784
0.3243,56793
0.33,56780
0.3353,56790
0.341,56793
0.3466,56780
0.352,56794
0.3577,56796
0.3633,56769
0.3687,56805
0.3743,56750
0.38,56755
0.3853,56764
0.391,56808
0.3966,56781
0.402,56820
0.4077,56823
0.4131,56793
0.4187,56804
0.4244,56816
0.4298,56800
0.4354,56806
0.4411,56782
0.4464,56809
0.4521,56809
0.4577,56768
0.4631,56809
0.4688,56810
0.4744,56803
0.4798,56811
0.4854,56771
0.4911,56833
0.4964,56824
0.5021,56811
0.5077,56803
0.5131,56800
0.5188,56798
0.5242,56810
0.5299,56816
0.5355,56786
0.5409,56785
0.5466,56823
0.552,56771
0.5577,56814
0.5631,56806
0.5688,56825
0.5744,56799
0.5798,56818
0.5854,56789
0.5911,56813
0.5964,56806
0.6021,56750
0.6076,56815
0.6132,56783
0.6189,56787
0.6242,56819
0.6299,56797
0.6354,56799
0.641,56793
0.6464,56797
0.6521,56795
0.6577,56806
0.6631,56800
0.6688,56819
0.6745,56823
0.6798,56817
0.6855,56802
0.6909,56798
0.6965,56808
0.7022,56810
0.7076,56790
0.7132,56820
0.7188,56795
0.7242,56800
0.7299,56816
0.7355,56806
0.7409,56785
0.7465,56803
0.7522,56799
0.7576,56787
0.7632,56725
0.7689,56763
0.7742,56756
0.7799,56800
0.7853,56790
0.791,56811
0.7966,56807
0.802,56815
0.8077,56806
0.8133,56818
0.8187,56769
0.8243,56736
0.83,56798
0.8354,56772
0.841,56799
0.8467,56809
0.852,56804
0.8577,56772
0.8631,56812
0.8687,56790
0.8744,56805
0.88,56818
0.8854,56769
0.8911,56802
0.8964,56779
0.9021,56803
0.9078,56798
0.9131,56812
0.9188,56810
0.9244,56811
0.9298,56801
0.9355,56776
0.9411,56771
0.9465,56788
0.9521,56819
0.9578,56806
0.9631,56799
0.9688,56826
0.9744,56781
0.9798,56810
0.9855,56812
0.9909,56792
0.9965,56813
1.0022,56796
1.0076,56808
1.0132,56789
1.0189,56814
1.0243,56787
1.0299,56798
1.0356,56806
1.0409,56801
1.0466,56783
1.052,56821
1.0576,56811
1.0633,56787
1.0686,56814
1.0743,56776
1.08,56806
1.0853,56802
1.091,56785
1.0966,56798
1.102,56815
1.1077,56805
1.1133,56795
1.1187,56828
1.1244,56823
1.1298,56792
1.1354,56815
1.1411,56820
1.1465,56797
1.1521,56786
1.1578,56793
1.1632,56832
1.1688,56817
1.1742,56827
1.1798,56795
1.1855,56808
1.1909,56836
1.1965,56820
1.2022,56808
1.2075,56796
1.2132,56784
1.2188,56795
1.2242,56800
1.2299,56765
1.2355,56805
1.2409,56816
1.2466,56820
1.2522,56768
1.2576,56806
1.2633,56815
1.2687,56829
1.2743,56791
1.2797,56817
1.2854,56789
1.291,56812
1.2964,56805
1.3021,56782
1.3077,56780
1.3131,56807
1.3188,56807
1.3244,56783
1.3298,56791
1.3354,56804
1.3411,56795
1.3465,56764
1.3521,56811
1.3578,56774
1.3631,56811
1.3688,56804
1.3744,56777
1.3798,56792
1.3855,56778
1.3908,56799
1.3965,56795
1.4021,56801
1.4078,56805
1.4132,56814
1.4188,56820
1.4245,56810
1.4298,56800
1.4355,56793
1.4409,56752
1.4465,56800
1.4522,56784
1.4578,56766
1.4632,56801
1.4688,56788
1.4742,56798
1.4799,56737
1.4855,56791
1.4909,56823
1.4965,56813
1.5021,56785
1.5078,56799
1.5132,56772
1.5188,56773
1.5242,56800
1.5299,56774
1.5355,56818
1.5409,56824
1.5465,56796
1.5522,56781
1.5578,56798
1.5632,56815
1.5688,56790
1.5742,56823
1.5799,56818
1.5855,56828
1.5909,56813
1.5966,56795
1.6022,56821
1.6076,56819
1.6133,56819
1.6187,56822
1.6243,56834
1.6299,56807
1.6354,56816
1.641,56822
1.6467,56789
1.6521,56782
1.6577,56800
1.6634,56804
1.6688,56809
1.6744,56802
1.6798,56792
1.6855,56789
1.6909,56820
1.6966,56792
1.7022,56760
1.7076,56801
1.7132,56801
1.7186,56792
1.7243,56774
1.7299,56786
1.7356,56789
1.741,56800
1.7466,56806
1.752,56767
1.7577,56785
1.7633,56824
1.7687,56717
1.7744,56794
1.7797,56810
1.7854,56778
1.7911,56793
1.7965,56819
1.8021,56803
1.8078,56812
1.8132,56790
1.8188,56807
1.8245,56783
1.8298,56822
1.8355,56790
1.8409,56803
1.8466,56829
1.852,56805
1.8577,56811
1.8631,56701
1.8687,56821
1.8744,56788
1.8798,56749
1.8854,56791
1.8911,56773
1.8964,56818
1.9022,56828
1.9076,56795
1.9132,56786
1.9187,56795
1.9243,56825
1.93,56754
1.9354,56817
1.9411,56813
1.9465,56793
1.9522,56804
1.9576,56802
1.9632,56791
1.9686,56803
1.9743,56786
1.9797,56822
1.9854,56809
1.991,56831
1.9967,56772
2.0021,56799
2.0077,56816
2.0132,56796
2.0189,56814
2.0243,56795
2.03,56797
2.0354,56785
2.0411,56839
2.0465,56820
2.0522,56816
2.0576,56815
2.0633,56827
2.0687,56813
2.0744,56821
2.0798,56808
2.0854,56821
2.0909,56822
2.0966,56820
2.102,56818
2.1077,56799
2.1131,56817
2.1188,56812
2.1242,56826
2.1299,56806
2.1356,56831
2.141,56830
2.1466,56816
2.152,56827
2.1577,56812
2.1633,56814
2.1686,56824
2.1743,56805
2.18,56811
2.1854,56810
2.1911,56810
2.1965,56805
2.2021,56814
2.2078,56804
2.2132,56800
2.2189,56814
2.2243,56797
2.23,56807
2.2354,56792
2.2411,56816
2.2465,56820
2.2522,56818
2.2576,56810
2.2633,56813
2.2688,56808
2.2745,56815
2.2798,56816
2.2855,56809
2.2909,56814
2.2966,56810
2.302,56814
2.3077,56814
2.3131,56813
2.3187,56801
2.3242,56807
2.3299,56796
2.3356,56808
2.341,56810
2.3467,56810
2.3521,56806
2.3578,56800
2.3632,56810
2.3689,56812
2.3743,56815
2.38,56804
2.3854,56815
2.3911,56817
2.3965,56815
2.4022,56810
2.4076,56812
2.4133,56811
2.4187,56811
2.4244,56811
2.4299,56816
2.4355,56822
2.4409,56818
2.4466,56808
2.4521,56815
2.4577,56807
2.4631,56815
2.4688,56818
2.4744,56813
2.4798,56810
2.4853,56811
2.491,56812
2.4967,56809
2.5021,56815
2.5078,56816
2.5132,56815
2.5189,56805
2.5243,56814
2.53,56819
2.5354,56809
2.5411,56804
2.5465,56801
2.5521,56811
2.5576,56814
2.5633,56800
2.5687,56806
2.5744,56807
2.5798,56803
2.5855,56813
2.5909,56817
2.5966,56806
2.602,56806
2.6077,56810
2.6131,56811
2.6188,56818
2.6242,56810
2.6299,56816
2.6353,56807
2.641,56812
2.6464,56813
2.6521,56826
2.6578,56818
2.6632,56816
2.6689,56819
2.6743,56819
2.68,56822
2.6854,56817
2.6911,56824
2.6965,56821
2.7022,56821
2.7078,56818
2.7132,56823
2.7187,56828
2.7243,56820
2.7298,56824
2.7355,56824
2.7409,56828
2.7466,56828
2.752,56823
2.7577,56826
2.7633,56829
2.7687,56832
2.7744,56829
2.7798,56835
2.7854,56826
2.7909,56826
2.7966,56832
2.802,56825
2.8077,56829
2.8131,56830
2.8188,56830
2.8242,56829
2.8299,56831
2.8354,56828
2.8411,56826
2.8464,56828
2.8521,56819
2.8578,56824
2.8632,56824
2.8689,56820
2.8743,56828
2.88,56836
2.8855,56831
2.8909,56826
2.8966,56825
2.902,56828
2.9076,56825
2.9133,56821
2.9187,56827
2.9244,56823
2.9298,56820
2.9355,56827
2.9409,56827
2.9466,56830
2.952,56829
2.9577,56823
2.9631,56822
2.9689,56830
2.9743,56829
2.9799,56831
2.9853,56830
2.991,56825
2.9964,56834
3.0021,56835
3.0075,56837
3.0132,56843
3.0188,56836
3.0243,56834
3.03,56838
3.0354,56832
3.0411,56839
3.0465,56838
3.052,56834
3.0576,56839
3.0633,56838
3.0687,56840
3.0744,56828
3.0798,56841
3.0855,56842
3.0909,56839
3.0966,56840
3.102,56833
3.1077,56840
3.1131,56835
3.1188,56833
3.1242,56824
3.1299,56827
3.1353,56828
3.141,56828
3.1467,56835
3.1521,56842
3.1578,56842
3.1632,56835
3.1689,56828
3.1742,56835
3.1799,56830
3.1854,56822
3.1911,56822
3.1965,56829
3.2022,56827
3.2076,56822
3.2133,56820
3.2187,56823
3.2244,56828
3.2298,56827
3.2354,56829
3.2411,56830
3.2465,56833
3.2522,56827
3.2576,56825
3.2633,56827
3.2688,56832
3.2742,56825
3.2799,56827
3.2853,56828
3.291,56831
3.2966,56833
3.3021,56835
3.3078,56833
3.3132,56832
3.3187,56831
3.3243,56834
3.33,56834
3.3354,56834
3.3409,56831
3.3465,56832
3.3522,56836
3.3576,56831
3.3633,56828
3.3687,56838
3.3743,56834
3.38,56825
3.3855,56835
3.3911,56828
3.3965,56835
3.4021,56843
3.4078,56834
3.4132,56835
3.4186,56803
3.4243,56834
3.43,56839
3.4354,56841
3.4411,56839
3.4465,56843
3.4521,56846
3.4578,56839
3.4632,56844
3.4689,56832
3.4743,56815
3.48,56840
3.4854,56840
3.4911,56839
3.4965,56839
3.5022,56839
3.5076,56839
3.5133,56846
3.5188,56839
3.5244,56836
3.5298,56837
3.5355,56841
3.5409,56841
3.5466,56834
3.5523,56781
3.5576,56812
3.5633,56836
3.5687,56824
3.5744,56840
3.5799,56843
3.5856,56829
3.591,56845
3.5964,56841
3.6021,56853
3.6077,56841
3.6132,56846
3.6189,56852
3.6243,56852
3.63,56852
3.6354,56842
3.641,56849
3.6467,56848
3.6522,56847
3.6576,56846
3.6633,56844
3.6687,56847
3.6745,56850
3.6798,56837
3.6855,56844
3.6909,56846
3.6966,56846
3.7023,56845
3.7077,56844
3.7134,56845
3.7187,56846
3.7244,56841
3.7298,56844
3.7355,56845
3.741,56839
3.7467,56838
3.7521,56838
3.7578,56761
3.7634,56839
3.7689,56843
3.7743,56839
3.78,56845
3.7854,56844
3.7911,56847
3.7967,56844
3.8021,56847
3.8076,56850
3.8133,56847
3.8187,56850
3.8244,56855
3.8298,56848
3.8355,56851
3.8412,56849
3.8466,56852
3.852,56853
3.8577,56848
3.8634,56851
3.8688,56854
3.8744,56848
3.8799,56852
3.8856,56851
3.891,56845
3.8965,56841
3.9022,56849
3.9076,56842
3.9132,56848
3.9189,56840
3.9243,56832
3.93,56839
3.9354,56839
3.9411,56839
3.9467,56841
3.9521,56846
3.9578,56846
3.9632,56844
3.9689,56839
3.9744,56814
3.9801,56844
3.9855,56845
3.9912,56845
3.9965,56847
4.0022,56847
4.0077,56841
4.0133,56843
4.0188,56845
4.0244,56832
4.0301,56837
4.0355,56840
4.0412,56840
4.0466,56835
4.0523,56838
4.0577,56841
4.0631,56841
4.0688,56846
4.0745,56834
4.0799,56838
4.0856,56838
4.091,56843
4.0967,56842
4.1023,56838
4.1077,56839
4.1131,56846
4.1188,56841
4.1245,56841
4.13,56844
4.1354,56843
4.1411,56840
4.1465,56842
4.1521,56842
4.1578,56830
4.1633,56839
4.1689,56845
4.1744,56845
4.18,56844
4.1854,56850
4.1911,56851
4.1968,56842
4.2022,56842
4.2079,56845
4.2133,56841
4.2187,56837
4.2244,56843
4.2301,56843
4.2355,56840
4.2412,56840
4.2466,56846
4.2523,56846
4.2576,56841
4.2633,56815
4.2687,56793
4.2744,56846
4.2799,56842
4.2856,56837
4.291,56833
4.2967,56830
4.3021,56829
4.3077,56835
4.3131,56831
4.3188,56833
4.3245,56834
4.3299,56833
4.3356,56831
4.341,56836
4.3467,56836
4.3521,56833
4.3578,56841
4.3633,56837
4.369,56835
4.3744,56827
4.38,56840
4.3854,56832
4.3911,56828
4.3966,56796
4.4022,56826
4.4076,56834
4.4133,56833
4.4189,56841
4.4244,56838
4.4301,56832
4.4355,56824
4.4412,56837
4.4466,56845
4.4523,56845
4.4577,56834
4.4634,56842
4.4688,56844
4.4745,56841
4.4799,56842
4.4856,56845
4.491,56834
4.4966,56838
4.502,56846
4.5078,56842
4.5132,56840
4.5189,56844
4.5243,56840
4.53,56790
4.5354,56848
4.5411,56841
4.5465,56799
4.5522,56836
4.5578,56839
4.5633,56836
4.5689,56840
4.5743,56840
4.58,56841
4.5854,56837
4.5909,56836
4.5966,56817
4.6021,56838
4.6078,56843
4.6132,56826
4.6187,56828
4.6245,56836
4.6299,56839
4.6356,56835
4.641,56838
4.6466,56835
4.6523,56798
4.6577,56839
4.6634,56832
4.6688,56834
4.6743,56840
4.68,56833
4.6857,56822
4.6911,56837
4.6967,56825
4.7022,56829
4.7079,56833
4.7132,56833
4.7189,56835
4.7243,56784
4.73,56827
4.7354,56832
4.7411,56836
4.7466,56837
4.7523,56794
4.7577,56846
4.7634,56845
4.7688,56841
4.7744,56812
4.7799,56844
4.7856,56831
4.7912,56833
4.7967,56836
4.8023,56840
4.8077,56840
4.8134,56839
4.8188,56835
4.8245,56838
4.8299,56844
4.8356,56824
4.8411,56836
4.8467,56838
4.8521,56821
4.8578,56831
4.8632,56825
4.8689,56824
4.8743,56835
4.88,56830
4.8856,56821
4.891,56830
4.8965,56835
4.9022,56833
4.9076,56830
4.9133,56825
4.919,56826
4.9244,56822
4.93,56826
4.9354,56827
4.9412,56828
4.9465,56829
4.9522,56831
4.9576,56822
4.9633,56820
4.9687,56771
4.9744,56825
4.9798,56823
4.9855,56817
4.991,56822
4.9967,56828
5.0021,56825
5.0077,56820
5.0134,56824
5.0189,56822
5.0245,56815
5.0299,56830
5.0356,56818
5.041,56823
5.0467,56818
5.0521,56830
5.0578,56830
5.0632,56827
5.0689,56829
5.0743,56834
5.08,56832
5.0856,56836
5.0911,56833
5.0968,56828
5.1022,56825
5.1079,56833
5.1133,56828
5.1189,56797
5.1244,56829
5.1301,56834
5.1355,56831
5.1412,56827
5.1467,56827
5.1524,56824
5.1577,56824
5.1634,56833
5.1688,56832
5.1745,56833
5.1799,56840
5.1856,56833
5.191,56835
5.1966,56831
5.2023,56833
5.2077,56841
5.2132,56844
5.2189,56835
5.2243,56840
5.23,56837
5.2354,56834
5.2411,56838
5.2468,56836
5.2522,56826
5.2579,56835
5.2633,56834
5.2689,56828
5.2743,56838
5.28,56838
5.2855,56827
5.2912,56828
5.2966,56824
5.3023,56835
5.3077,56826
5.3134,56831
5.3188,56835
5.3245,56835
5.3299,56840
5.3355,56838
5.3412,56842
5.3466,56846
5.3523,56842
5.3577,56840
5.3634,56841
5.3688,56844
5.3745,56842
5.3799,56847
5.3856,56838
5.391,56843
5.3967,56834
5.4021,56832
5.4078,56839
5.4134,56833
5.4188,56835
5.4245,56846
5.4299,56843
5.4356,56848
5.441,56834
5.4468,56840
5.4522,56838
5.4576,56840
5.4633,56840
5.469,56843
5.4744,56843
5.4798,56837
5.4855,56832
5.4912,56838
5.4966,56842
5.5023,56838
5.5077,56835
5.5134,56828
5.5188,56834
5.5245,56841
5.5299,56841
5.5356,56839
5.541,56835
5.5467,56837
5.5523,56841
5.5578,56836
5.5635,56837
5.5689,56844
5.5746,56847
5.5799,56839
5.5856,56848
5.5911,56841
5.5968,56845
5.6022,56849
5.6076,56848
5.6134,56848
5.6188,56836
5.6245,56839
5.6301,56830
5.6355,56829
5.6412,56838
5.6466,56829
5.6523,56819
5.6577,56829
5.6634,56833
5.6688,56834
5.6745,56838
5.6799,56830
5.6856,56830
5.691,56825
5.6967,56823
5.7021,56836
5.7077,56830
5.7132,56832
5.7189,56844
5.7245,56834
5.73,56835
5.7356,56837
5.741,56834
5.7467,56835
5.7521,56839
5.7578,56832
5.7633,56836
5.769,56825
5.7744,56823
5.7801,56821
5.7854,56823
5.7911,56823
5.7968,56825
5.8022,56828
5.8079,56819
5.8133,56820
5.8189,56825
5.8244,56827
5.8301,56829
5.8355,56824
5.8412,56829
5.8466,56826
5.8523,56832
5.8577,56826
5.8633,56825
5.8688,56820
5.8744,56830
5.8801,56830
5.8855,56835
5.8912,56838
5.8965,56828
5.9022,56828
5.9077,56835
5.9134,56828
5.9188,56833
5.9245,56828
5.9299,56828
5.9356,56823
5.9409,56824
5.9467,56826
5.9521,56819
5.9578,56821
5.9635,56828
5.9688,56821
5.9745,56828
5.9799,56828
5.9856,56834
5.9911,56822
5.9968,56823
6.0022,56825
6.0076,56832
6.0133,56836
6.0189,56837
6.0244,56828
6.0299,56824
6.0355,56821
6.0412,56821
6.0466,56820
6.0523,56814
6.0577,56819
6.0634,56820
6.0689,56818
6.0746,56821
6.08,56826
6.0854,56820
6.0911,56818
6.0967,56830
6.1022,56826
6.1079,56830
6.1132,56823
6.1189,56832
6.1246,56827
6.13,56828
6.1357,56833
6.1411,56818
6.1468,56820
6.1522,56828
6.1579,56829
6.1633,56829
6.169,56834
6.1744,56835
6.1801,56837
6.1855,56836
6.1911,56837
6.1965,56838
6.2022,56839
6.2079,56845
6.2133,56844
6.219,56841
6.2244,56838
6.2299,56836
6.2356,56831
6.241,56835
6.2467,56839
6.2523,56842
6.2578,56827
6.2632,56835
6.2688,56836
6.2743,56832
6.2799,56834
6.2856,56833
6.291,56830
6.2967,56833
6.3021,56843
6.3079,56840
6.3133,56840
6.319,56839
6.3244,56845
6.33,56838
6.3354,56843
6.3411,56840
6.3468,56841
6.3522,56836
6.3579,56840
6.3633,56837
6.369,56834
6.3745,56835
6.3799,56840
6.3856,56841
6.391,56831
6.3967,56837
6.4024,56839
6.4078,56845
6.4135,56844
6.4189,56842
6.4246,56844
6.43,56843
6.4357,56845
6.441,56845
6.4468,56834
6.4522,56840
6.4579,56840
6.4633,56847
6.469,56840
6.4744,56844
6.4801,56844
6.4855,56830
6.4912,56839
6.4966,56841
6.5023,56850
6.5077,56843
6.5134,56843
6.519,56845
6.5244,56849
6.5301,56845
6.5356,56845
6.5413,56850
6.5467,56849
6.5524,56847
6.5577,56848
6.5634,56838
6.5688,56833
6.5745,56841
6.5799,56827
6.5856,56821
6.5909,56829
6.5966,56820
6.6023,56811
6.6077,56811
6.6134,56813
6.6189,56812
6.6246,56813
6.63,56807
6.6356,56808
6.641,56809
6.6467,56802
6.6521,56805
6.6578,56805
6.6632,56806
6.6689,56806
6.6745,56807
6.6799,56811
6.6856,56810
6.6911,56811
6.6968,56813
6.7022,56808
6.7079,56807
6.7133,56812
6.7189,56806
6.7244,56805
6.7301,56815
6.7354,56813
6.7411,56811
6.7465,56815
6.7522,56813
6.7579,56814
6.7633,56816
6.7687,56814
6.7744,56815
6.7801,56814
6.7855,56818
6.7912,56818
6.7966,56818
6.8023,56813
6.8077,56814
6.8134,56822
6.8188,56818
6.8244,56821
6.8301,56826
6.8355,56821
6.8412,56822
6.8466,56821
6.8523,56816
6.8578,56817
6.8632,56820
6.8688,56817
6.8745,56814
6.8799,56811
6.8856,56821
6.8913,56824
6.8967,56821
6.9023,56827
6.9077,56819
6.9134,56824
6.9189,56825
6.9246,56827
6.93,56830
6.9357,56821
6.9411,56826
6.9468,56831
6.9521,56828
6.9578,56829
6.9632,56832
6.9689,56830
6.9743,56824
6.98,56832
6.9856,56826
6.991,56830
6.9967,56822
7.0021,56828
7.0078,56826
7.0133,56819
7.019,56827
7.0246,56828
7.03,56827
7.0357,56826
7.0411,56828
7.0467,56825
7.0522,56822
7.0578,56827
7.0632,56827
7.0689,56820
7.0744,56826
7.0801,56819
7.0855,56831
7.0912,56828
7.0966,56833
7.1022,56830
7.1079,56835
7.1134,56824
7.1188,56828
7.1244,56822
7.1299,56823
7.1355,56826
7.1412,56828
7.1466,56832
7.1523,56826
7.1577,56824
7.1634,56827
7.1688,56820
7.1745,56824
7.1799,56821
7.1855,56823
7.191,56822
7.1967,56821
7.2023,56824
7.2078,56824
7.2134,56830
7.2188,56816
7.2245,56825
7.2299,56821
7.2356,56829
7.2411,56818
7.2468,56819
7.2522,56813
7.2578,56821
7.2635,56815
7.2689,56820
7.2743,56821
7.28,56820
7.2857,56816
7.2911,56814
7.2967,56810
7.302,56816
7.3078,56814
7.3135,56807
7.3189,56816
7.3243,56814
7.3299,56816
7.3355,56815
7.3412,56816
7.3466,56817
7.3523,56819
7.3577,56811
7.3634,56817
7.3688,56819
7.3744,56813
7.3801,56815
7.3855,56818
7.3912,56816
7.3966,56810
7.4023,56822
7.4078,56824
7.4133,56811
7.419,56819
7.4244,56817
7.4301,56806
7.4355,56816
7.4411,56807
7.4468,56809
7.4522,56808
7.4579,56805
7.4633,56813
7.469,56810
7.4743,56813
7.48,56812
7.4855,56819
7.4911,56817
7.4968,56815
7.5022,56827
7.5079,56817
7.5133,56821
7.519,56825
7.5244,56825
7.53,56821
7.5355,56820
7.5412,56828
7.5466,56830
7.5523,56826
7.5577,56824
7.5634,56825
7.5688,56835
7.5744,56834
7.5799,56839
7.5856,56836
7.5912,56836
7.5967,56836
7.6023,56835
7.6077,56834
7.6134,56832
7.6189,56837
7.6246,56834
7.63,56828
7.6357,56837
7.6411,56829
7.6468,56823
7.6521,56821
7.6578,56812
7.6632,56822
7.6689,56818
7.6746,56818
7.6799,56816
7.6856,56819
7.691,56825
7.6967,56822
7.7022,56816
7.7078,56819
7.7133,56825
7.719,56820
7.7243,56812
7.73,56824
7.7354,56827
7.7411,56826
7.7468,56816
7.7522,56824
7.7578,56831
7.7635,56827
7.7689,56833
7.7746,56833
7.78,56830
7.7854,56836
7.7911,56826
7.7965,56818
7.8022,56822
7.8078,56826
7.8133,56815
7.819,56815
7.8244,56813
7.8301,56816
7.8357,56822
7.8411,56817
7.8468,56824
7.8522,56823
7.8579,56814
7.8634,56815
7.8688,56812
7.8745,56816
7.8801,56813
7.8855,56814
7.8912,56817
7.8967,56805
7.9023,56808
7.9078,56809
7.9134,56819
7.9188,56813
7.9245,56818
7.9299,56829
7.9356,56834
7.941,56826
7.9467,56816
7.9521,56825
7.9578,56829
7.9635,56825
7.9689,56823
7.9743,56827
7.98,56832
7.9857,56837
7.991,56835
7.9967,56836
8.0078,56837
8.0135,56841
8.0188,56838
8.0245,56838
8.0299,56840
8.0356,56841
8.0412,56845
8.0466,56830
8.0521,56832
8.0577,56837
8.0634,56837
8.0691,56832
8.0744,56826
8.0802,56831
8.0855,56834
8.0912,56829
8.0967,56835
8.1024,56830
8.1078,56828
8.1135,56830
8.1188,56817
8.1245,56815
8.13,56822
8.1356,56826
8.1411,56816
8.1467,56816
8.1524,56817
8.1578,56814
8.1634,56816
8.1689,56817
8.1746,56819
8.18,56825
8.1857,56828
8.1911,56829
8.1967,56821
8.2021,56832
8.2079,56838
8.2135,56828
8.2189,56831
8.2246,56832
8.2299,56833
8.2356,56837
8.241,56840
8.2467,56832
8.2521,56839
8.2578,56828
8.2632,56833
8.2689,56832
8.2745,56831
8.2799,56826
8.2856,56830
8.291,56829
8.2967,56823
8.3024,56822
8.3078,56817
8.3135,56825
8.3189,56826
8.3246,56829
8.33,56829
8.3357,56826
8.3411,56832
8.3468,56821
8.3522,56821
8.3579,56824
8.3633,56825
8.369,56821
8.3744,56827
8.38,56826
8.3855,56823
8.3912,56815
8.3968,56825
8.4022,56824
8.4079,56830
8.4134,56815
8.4188,56818
8.4245,56824
8.4301,56813
8.4355,56815
8.4413,56814
8.4466,56804
8.4523,56814
8.4577,56810
8.4634,56817
8.4688,56820
8.4745,56815
8.4802,56820
8.4856,56824
8.4913,56825
8.4967,56814
8.5024,56821
8.5077,56824
8.5134,56827
8.5189,56825
8.5245,56821
8.5299,56823
8.5356,56822
8.5413,56816
8.5467,56813
8.5523,56803
8.5578,56805
8.5635,56806
8.5689,56814
8.5746,56814
8.5799,56811
8.5856,56822
8.591,56817
8.5967,56819
8.6024,56821
8.6078,56823
8.6134,56829
8.6188,56823
8.6245,56823
8.6302,56827
8.6356,56831
8.6413,56834
8.6467,56826
8.6522,56830
8.6578,56826
8.6635,56828
8.6689,56827
8.6746,56825
8.68,56831
8.6857,56828
8.6911,56829
8.6967,56827
8.7022,56826
8.7078,56827
8.7135,56827
8.7189,56824
8.7244,56827
8.7301,56829
8.7357,56834
8.7411,56837
8.7468,56833
8.7522,56827
8.7579,56820
8.7633,56818
8.7688,56822
8.7745,56820
8.7799,56818
8.7856,56819
8.7913,56814
8.7966,56821
8.8023,56816
8.8078,56814
8.8134,56812
8.8191,56802
8.8243,56814
8.8301,56813
8.8357,56812
8.8412,56814
8.8468,56814
8.8522,56808
8.8579,56814
8.8635,56822
8.869,56820
8.8744,56824
8.88,56830
8.8857,56822
8.8911,56825
8.8967,56828
8.9021,56819
8.9078,56820
8.9135,56818
8.9189,56829
8.9245,56827
8.9302,56816
8.9356,56827
8.9413,56826
8.9467,56824
8.9524,56826
8.9578,56827
8.9634,56824
8.9688,56825
8.9745,56824
8.9802,56828
8.9856,56834
8.9912,56826
8.9966,56833
9.008,56834
9.0134,56835
9.019,56829
9.0244,56839
9.0301,56839
9.0355,56838
9.0412,56835
9.0466,56838
9.0523,56839
9.0577,56846
9.0634,56842
9.0688,56842
9.0745,56845
9.0802,56838
9.0856,56840
9.0913,56841
9.0966,56842
9.1023,56844
9.1078,56839
9.1135,56837
9.1189,56843
9.1245,56844
9.1302,56845
9.1356,56840
9.1411,56838
9.1467,56841
9.1524,56843
9.1578,56841
9.1635,56839
9.1689,56843
9.1746,56841
9.18,56837
9.1857,56841
9.1911,56831
9.1968,56841
9.2022,56833
9.2079,56837
9.2133,56846
9.219,56839
9.2244,56840
9.2301,56843
9.2357,56842
9.2411,56841
9.2468,56841
9.2522,56844
9.2579,56842
9.2633,56847
9.2691,56841
9.2745,56846
9.2801,56845
9.2855,56844
9.2912,56847
9.2967,56851
9.3023,56848
9.3077,56847
9.3134,56840
9.3191,56849
9.3245,56847
9.3301,56848
9.3356,56848
9.3412,56849
9.3467,56849
9.3523,56849
9.3577,56850
9.3634,56850
9.3691,56852
9.3745,56853
9.3802,56851
9.3856,56855
9.3913,56851
9.3966,56857
9.4023,56845
9.4077,56847
9.4134,56850
9.4189,56854
9.4246,56851
9.43,56851
9.4356,56853
9.4413,56852
9.4467,56850
9.4524,56853
9.4578,56851
9.4635,56851
9.4689,56850
9.4745,56856
9.4799,56852
9.4856,56851
9.4913,56852
9.4967,56850
9.5022,56847
9.5079,56852
9.5135,56849
9.5189,56850
9.5246,56847
9.53,56849
9.5357,56848
9.5411,56851
9.5468,56855
9.5524,56847
9.5578,56853
9.5635,56845
9.5689,56849
9.5746,56851
9.5801,56851
9.5858,56849
9.5912,56851
9.5968,56853
9.6023,56848
9.608,56847
9.6133,56855
9.619,56850
9.6244,56848
9.6301,56846
9.6355,56849
9.6412,56853
9.6468,56851
9.6523,56853
9.6577,56849
9.6634,56848
9.6691,56852
9.6744,56854
9.6802,56858
9.6856,56851
9.6913,56850
9.6967,56846
9.7023,56843
9.708,56841
9.7134,56848
9.7191,56848
9.7245,56841
9.7302,56849
9.7356,56848
9.7413,56841
9.7467,56844
9.7523,56847
9.7578,56843
9.7635,56848
9.7688,56849
9.7746,56843
9.7802,56842
9.7856,56845
9.791,56842
9.7967,56842
9.8024,56841
9.8078,56836
9.8135,56840
9.819,56838
9.8246,56837
9.83,56834
9.8357,56832
9.8411,56834
9.8468,56837
9.8522,56839
9.8578,56837
9.8635,56837
9.8689,56837
9.8746,56837
9.88,56832
9.8858,56834
9.8912,56840
9.8969,56833
9.9023,56841
9.9079,56839
9.9134,56833
9.9191,56832
9.9245,56833
9.9302,56835
9.9355,56835
9.9412,56834
9.9466,56828
9.9523,56838
9.958,56832
9.9634,56833
9.9688,56838
9.9745,56830
9.9802,56838
9.9856,56838
9.9913,56834
9.9967,56840
10.0023,56834
10.0078,56834
10.0135,56833
10.0191,56830
10.0245,56831
10.0302,56827
10.0356,56827
10.0413,56827
10.0467,56825
10.0524,56829
10.0578,56821
10.0635,56831
10.0689,56828
10.0746,56830
10.08,56833
10.0856,56833
10.0913,56827
10.0967,56829
10.1024,56834
10.1078,56835
10.1135,56838
10.1189,56829
10.1246,56831
10.13,56829
10.1357,56833
10.1411,56836
10.1468,56838
10.1522,56839
10.1579,56838
10.1633,56837
10.169,56837
10.1746,56839
10.1801,56836
10.1857,56840
10.1911,56842
10.1968,56834
10.2023,56836
10.208,56838
10.2133,56839
10.219,56840
10.2244,56839
10.2301,56843
10.2358,56848
10.2412,56845
10.2469,56848
10.2522,56846
10.2579,56841
10.2633,56844
10.269,56845
10.2744,56842
10.2802,56845
10.2856,56846
10.2912,56844
10.2966,56850
10.3023,56846
10.3078,56843
10.3134,56844
10.3188,56844
10.3245,56846
10.3301,56842
10.3356,56852
10.3412,56840
10.3466,56842
10.3523,56842
10.3578,56839
10.3635,56842
10.3691,56844
10.3744,56837
10.3801,56836
10.3856,56845
10.3912,56844
10.3966,56844
10.4022,56843
10.4079,56846
10.4133,56847
10.419,56843
10.4244,56847
10.4301,56845
10.4358,56846
10.4412,56839
10.4469,56843
10.4523,56844
10.4579,56841
10.4633,56847
10.469,56845
10.4744,56846
10.4801,56838
10.4857,56844
10.4911,56844
10.4968,56846
10.5022,56842
10.5079,56843
10.5134,56851
10.5191,56847
10.5244,56847
10.5301,56849
10.5355,56844
10.5413,56842
10.5466,56846
10.5523,56835
10.558,56839
10.5634,56845
10.5691,56837
10.5744,56841
10.5801,56840
10.5856,56839
10.5913,56825
10.5967,56822
10.6024,56826
10.608,56826
10.6135,56821
10.6189,56817
10.6245,56822
10.6302,56830
10.6356,56816
10.6413,56830
10.6467,56822
10.6524,56829
10.6578,56825
10.6635,56826
10.6689,56815
10.6746,56811
10.68,56810
10.6857,56817
10.6911,56813
10.6968,56820
10.7022,56819
10.7079,56816
10.7135,56819
10.7189,56816
10.7246,56816
10.73,56813
10.7357,56812
10.7411,56819
10.7468,56822
10.7522,56814
10.7579,56819
10.7636,56816
10.769,56827
10.7744,56826
10.7801,56810
10.7855,56827
10.7912,56824
10.7968,56832
10.8022,56829
10.8079,56836
10.8133,56830
10.819,56831
10.8244,56839
10.8301,56833
10.8358,56842
10.8412,56837
10.8469,56835
10.8523,56839
10.8579,56833
10.8634,56827
10.869,56832
10.8747,56834
10.8801,56836
10.8858,56837
10.8912,56831
10.8966,56840
10.9023,56827
10.9078,56830
10.9134,56826
10.9191,56825
10.9245,56826
10.9302,56820
10.9356,56824
10.9413,56824
10.9466,56816
10.9523,56822
10.958,56827
10.9634,56831
10.9691,56830
10.9745,56825
10.9802,56828
10.9856,56826
10.9913,56833
10.9967,56835
11.0024,56837
11.0078,56838
11.0134,56838
11.0189,56833
11.0245,56832
11.0302,56838
11.0356,56839
11.0413,56840
11.0467,56840
11.0524,56845
11.0578,56836
11.0635,56843
11.0689,56839
11.0746,56842
11.08,56842
11.0857,56841
11.0911,56841
11.0968,56844
11.1022,56843
11.1078,56839
11.1133,56832
11.1189,56827
11.1246,56827
11.1301,56838
11.1358,56827
11.1412,56826
11.1468,56824
11.1522,56829
11.1579,56826
11.1634,56820
11.169,56817
11.1744,56818
11.1801,56820
11.1858,56807
11.1912,56809
11.1969,56815
11.2023,56809
11.208,56815
11.2134,56815
11.2191,56819
11.2245,56819
11.2302,56816
11.2356,56821
11.2413,56822
11.2466,56823
11.2523,56821
11.258,56820
11.2634,56818
11.269,56822
11.2747,56826
11.2801,56825
11.2858,56827
11.2912,56831
11.2967,56830
11.3023,56830
11.308,56831
11.3134,56833
11.3191,56839
11.3245,56831
11.3302,56821
11.3356,56823
11.3412,56827
11.3466,56834
11.3523,56828
11.3577,56826
11.3634,56825
11.3689,56829
11.3746,56827
11.38,56834
11.3856,56832
11.3913,56830
11.3967,56828
11.4024,56821
11.4078,56824
11.4135,56823
11.4189,56817
11.4246,56818
11.4302,56821
11.4357,56819
11.4411,56814
11.4468,56813
11.4522,56820
11.4579,56817
11.4635,56817
11.469,56814
11.4747,56824
11.48,56812
11.4858,56813
11.4912,56824
11.4968,56813
11.5022,56816
11.5079,56818
11.5133,56813
11.519,56815
11.5244,56809
11.5301,56809
11.5358,56812
11.5412,56815
11.5469,56823
11.5523,56818
11.5579,56810
11.5634,56816
11.569,56810
11.5747,56805
11.5801,56808
11.5858,56800
11.5912,56805
11.5966,56814
11.6023,56814
11.6078,56810
11.6134,56815
11.6191,56811
11.6245,56817
11.6302,56811
11.6356,56818
11.6413,56813
11.6467,56808
11.6523,56808
11.658,56816
11.6634,56809
11.6691,56804
11.6745,56808
11.6802,56810
11.6856,56806
11.6913,56811
11.6967,56807
11.7024,56815
11.7078,56814
11.7135,56813
11.7189,56810
11.7245,56807
11.7302,56810
11.7357,56807
11.7413,56812
11.7467,56806
11.7521,56810
11.7579,56813
11.7636,56816
11.769,56824
11.7746,56820
11.78,56826
11.7856,56826
11.7912,56829
11.7966,56823
11.8023,56827
11.8079,56816
11.8134,56828
11.819,56828
11.8244,56828
11.8301,56829
11.8356,56831
11.8411,56832
11.8468,56830
11.8524,56833
11.8578,56832
11.8635,56828
11.8689,56827
11.8746,56822
11.88,56826
11.8856,56818
11.8914,56814
11.8967,56815
11.9024,56825
11.9079,56826
11.9136,56815
11.919,56813
11.9246,56818
11.9302,56819
11.9357,56813
11.9414,56810
11.9468,56808
11.9524,56808
11.9578,56813
11.9634,56817
11.9689,56820
11.9745,56819
11.9802,56820
11.9856,56816
11.9914,56819
11.9968,56815
12.0024,56820
12.0078,56821
12.0135,56821
12.019,56823
12.0247,56814
12.0301,56818
12.0357,56813
12.0411,56811
12.0468,56810
12.0525,56808
12.0579,56814
12.0633,56821
12.069,56817
12.0745,56825
12.0801,56823
12.0858,56819
12.0912,56824
12.0969,56823
12.1023,56823
12.108,56822
12.1133,56817
12.119,56826
12.1244,56823
12.1301,56823
12.1358,56819
12.1412,56824
12.1466,56818
12.1523,56820
12.158,56831
12.1634,56823
12.1691,56829
12.1745,56830
12.1802,56830
12.1856,56829
12.1912,56827
12.1969,56826
12.2023,56826
12.208,56826
12.2134,56826
12.2191,56830
12.2245,56831
12.2303,56831
12.2356,56829
12.2413,56834
12.2467,56833
12.2524,56835
12.2578,56833
12.2635,56832
12.2689,56828
12.2746,56829
12.28,56827
12.2857,56834
12.2911,56831
12.2968,56830
12.3022,56825
12.3079,56827
12.3133,56832
12.319,56827
12.3244,56824
12.3301,56826
12.3358,56825
12.3412,56830
12.3469,56830
12.3523,56828
12.3579,56830
12.3636,56830
12.369,56830
12.3747,56830
12.3802,56822
12.3856,56824
12.3912,56826
12.3969,56823
12.4023,56824
12.408,56827
12.4134,56819
12.4191,56831
12.4245,56827
12.4302,56824
12.4356,56828
12.4412,56831
12.4467,56827
12.4524,56831
12.4578,56831
12.4635,56831
12.4691,56826
12.4745,56829
12.4802,56829
12.4857,56828
12.4913,56827
12.4967,56829
12.5024,56827
12.5081,56823
12.5135,56827
12.5191,56826
12.5245,56827
12.5302,56831
12.5357,56827
12.5414,56826
12.5467,56826
12.5524,56822
12.5578,56821
12.5635,56825
12.5689,56822
12.5746,56827
12.58,56835
12.5856,56823
12.5911,56829
12.5967,56828
12.6024,56827
12.6079,56826
12.6136,56827
12.619,56832
12.6247,56826
12.6301,56822
12.6358,56822
12.6412,56821
12.6469,56826
12.6523,56825
12.658,56834
12.6633,56830
12.669,56830
12.6747,56828
12.6801,56828
12.6856,56830
12.6913,56827
12.6967,56828
12.7024,56832
12.708,56829
12.7135,56829
12.7189,56828
12.7245,56830
12.7303,56827
12.7356,56827
12.7413,56826
12.7467,56829
12.7524,56829
12.7578,56826
12.7635,56819
12.7689,56832
12.7746,56834
12.7803,56830
12.7857,56827
12.7914,56825
12.7968,56832
12.8025,56832
12.8079,56828
12.8136,56837
12.8189,56831
12.8246,56834
12.8303,56828
12.8357,56827
12.8411,56831
12.8468,56829
12.8522,56822
12.8579,56831
12.8635,56829
12.8689,56827
12.8746,56828
12.8803,56831
12.8857,56831
12.8914,56832
12.8968,56829
12.9025,56828
12.9078,56827
12.9135,56824
12.9188,56827
12.9245,56829
12.9302,56830
12.9359,56830
12.9412,56829
12.9469,56829
12.9523,56833
12.958,56835
12.9634,56834
12.9691,56825
12.9745,56832
12.9802,56828
12.9858,56828
12.9912,56829
12.9966,56833
13.0023,56831
13.0078,56835
13.0135,56828
13.0191,56833
13.0245,56830
13.0302,56834
13.0356,56824
13.0413,56834
13.047,56828
13.0523,56827
13.058,56830
13.0634,56828
13.0691,56830
13.0744,56829
13.0801,56827
13.0858,56834
13.0912,56831
13.0969,56822
13.1023,56838
13.108,56831
13.1134,56828
13.119,56835
13.1247,56832
13.13,56827
13.1357,56827
13.1411,56828
13.1468,56827
13.1522,56832
13.1579,56835
13.1636,56827
13.169,56833
13.1745,56830
13.1802,56824
13.1856,56825
13.1912,56828
13.1967,56825
13.2023,56826
13.2078,56827
13.2135,56832
13.2189,56827
13.2245,56820
13.23,56829
13.2356,56826
13.2412,56829
13.2467,56827
13.2523,56824
13.2578,56826
13.2634,56826
13.269,56826
13.2745,56831
13.2801,56826
13.2856,56827
13.2912,56826
13.2967,56834
13.3023,56827
13.3078,56829
13.3134,56829
13.319,56828
13.3246,56829
13.3301,56828
13.3357,56834
13.3412,56828
13.3468,56828
13.3523,56829
13.3579,56831
13.3634,56825
13.369,56828
13.3746,56831
13.3801,56828
13.3856,56829
13.3912,56832
13.3968,56828
13.4024,56823
13.4079,56825
13.4135,56828
13.419,56829
13.4246,56833
13.43,56829
13.4357,56830
13.4413,56829
13.4468,56827
13.4524,56825
13.4578,56824
13.4635,56832
13.4691,56828
13.4745,56832
13.4802,56829
13.4857,56834
13.4913,56830
13.4967,56833
13.5024,56829
13.508,56836
13.5134,56831
13.519,56829
13.5247,56835
13.5301,56802
13.5358,56830
13.5412,56833
13.5469,56830
13.5523,56833
13.558,56834
13.5634,56833
13.5691,56836
13.5745,56835
13.5802,56832
13.5856,56829
13.5912,56823
13.5969,56831
13.6024,56829
13.608,56830
13.6134,56827
13.6189,56832
13.6246,56830
13.6303,56824
13.6357,56833
13.6414,56828
13.6468,56824
13.6525,56822
13.6578,56834
13.6636,56829
13.669,56829
13.6746,56826
13.6803,56827
13.6857,56830
13.6914,56832
13.6968,56829
13.7025,56830
13.7079,56822
13.7136,56821
13.719,56822
13.7247,56828
13.7301,56830
13.7358,56828
13.7412,56823
13.7468,56821
13.7525,56824
13.7579,56827
13.7636,56828
13.769,56827
13.7747,56818
13.7801,56829
13.7858,56826
13.7912,56823
13.7969,56825
13.8023,56823
13.808,56819
13.8134,56820
13.8191,56823
13.8248,56823
13.8302,56822
13.8359,56825
13.8412,56821
13.847,56822
13.8524,56828
13.8581,56823
13.8635,56817
13.8691,56829
13.8745,56829
13.8802,56829
13.8856,56828
13.8913,56830
13.8967,56836
13.9024,56821
13.908,56822
13.9135,56827
13.9191,56824
13.9245,56821
13.9302,56817
13.9357,56823
13.9414,56824
13.9468,56820
13.9524,56822
13.9581,56818
13.9635,56824
13.9692,56822
13.9746,56825
13.9803,56823
13.9856,56817
13.9913,56825
13.9967,56821
14.0024,56817
14.0079,56824
14.0136,56830
14.019,56825
14.0247,56829
14.0303,56755
14.0358,56824
14.0412,56826
14.0468,56820
14.0523,56825
14.0579,56824
14.0636,56831
14.069,56830
14.0747,56829
14.0801,56823
14.0858,56827
14.0913,56826
14.097,56827
14.1023,56830
14.108,56826
14.1134,56823
14.1191,56821
14.1245,56824
14.1302,56827
14.1359,56823
14.1413,56825
14.147,56827
14.1523,56821
14.158,56819
14.1635,56822
14.1692,56825
14.1746,56820
14.1803,56820
14.1857,56822
14.1914,56824
14.1968,56827
14.2025,56827
14.2079,56826
14.2135,56823
14.2192,56829
14.2247,56828
14.2303,56827
14.2357,56829
14.2414,56832
14.2468,56822
14.2525,56826
14.2579,56828
14.2635,56828
14.269,56829
14.2747,56828
14.2803,56825
14.2857,56825
14.2914,56828
14.2968,56835
14.3025,56831
14.3079,56828
14.3136,56824
14.319,56827
14.3247,56831
14.3302,56818
14.3359,56829
14.3412,56806
14.3469,56824
14.3524,56814
14.358,56824
14.3634,56810
14.3691,56807
14.3747,56799
14.3802,56820
14.3858,56795
14.3913,56821
14.397,56817
14.4024,56822
14.4081,56823
14.4135,56763
14.4192,56826
14.4246,56827
14.4303,56823
14.4357,56810
14.4414,56833
14.4468,56829
14.4525,56823
14.4579,56828
14.4635,56832
14.469,56800
14.4747,56823
14.4801,56825
14.4858,56778
14.4912,56827
14.4969,56832
14.5023,56834
14.508,56820
14.5137,56828
14.5191,56823
14.5247,56822
14.5301,56818
14.5358,56823
14.5412,56829
14.5469,56824
14.5523,56834
14.558,56828
14.5635,56822
14.5691,56809
14.5748,56824
14.5802,56826
14.5856,56824
14.5913,56834
14.597,56824
14.6024,56824
14.608,56790
14.6135,56813
14.6191,56819
14.6245,56828
14.6302,56814
14.6357,56824
14.6414,56830
14.6468,56769
14.6524,56819
14.6581,56827
14.6635,56823
14.6692,56826
14.6746,56766
14.6803,56827
14.6857,56829
14.6914,56827
14.6968,56806
14.7025,56797
14.7079,56753
14.7136,56827
14.719,56804
14.7246,56769
14.7303,56828
14.7357,56808
14.7414,56813
14.7468,56812
14.7525,56824
14.7579,56823
14.7636,56824
14.769,56827
14.7746,56827
14.7803,56824
14.7858,56811
14.7915,56824
14.7969,56831
14.8025,56828
14.8078,56813
14.8135,56822
14.819,56832
14.8246,56799
14.8303,56829
14.8356,56828
14.8413,56828
14.847,56838
14.8524,56821
14.8581,56770
14.8635,56824
14.8692,56829
14.8746,56828
14.8803,56826
14.8856,56819
14.8913,56824
14.8968,56832
14.9024,56806
14.9078,56831
14.9134,56834
14.9191,56782
14.9248,56827
14.9302,56826
14.9359,56824
14.9413,56820
14.947,56830
14.9524,56827
14.958,56831
14.9634,56803
14.9691,56823
14.9748,56824
14.9802,56825
14.9858,56828
14.9912,56823
14.9969,56830
15.0023,56823
15.008,56828
15.0134,56822
15.0191,56821
15.0246,56827
15.0303,56827
15.0359,56826
15.0413,56818
15.047,56825
15.0524,56792
15.0581,56828
15.0635,56820
15.0692,56828
15.0746,56830
15.0803,56821
15.0857,56784
15.0914,56818
15.0968,56826
15.1025,56825
15.1079,56825
15.1136,56826
15.119,56818
15.1247,56828
15.1301,56823
15.1358,56830
15.1412,56804
15.1469,56822
15.1525,56785
15.1579,56823
15.1636,56770
15.169,56820
15.1747,56778
15.1802,56788
15.1859,56815
15.1912,56821
15.1969,56824
15.2023,56808
15.208,56829
15.2137,56807
15.2191,56801
15.2248,56825
15.2302,56827
15.2359,56811
15.2413,56799
15.2469,56820
15.2524,56825
15.2581,56821
15.2635,56806
15.2692,56830
15.2748,56823
15.2802,56829
15.2857,56740
15.2913,56788
15.2968,56803
15.3024,56832
15.3081,56710
15.3135,56825
15.3192,56829
15.3246,56829
15.3303,56831
15.3357,56778
15.3414,56828
15.3468,56815
15.3525,56792
15.3579,56827
15.3636,56821
15.3693,56813
15.3747,56809
15.3803,56801
15.3857,56831
15.3914,56827
15.3968,56814
15.4025,56816
15.4079,56822
15.4136,56822
15.419,56778
15.4247,56833
15.4303,56833
15.4358,56810
15.4412,56820
15.4469,56830
15.4526,56793
15.4579,56833
15.4636,56779
15.469,56784
15.4747,56787
15.4802,56815
15.4859,56822
15.4913,56823
15.4967,56819
15.5024,56813
15.5081,56795
15.5135,56822
15.5192,56827
15.5246,56819
15.5303,56781
15.5359,56823
15.5413,56815
15.547,56815
15.5524,56816
15.5581,56788
15.5635,56766
15.5692,56784
15.5746,56815
15.5803,56818
15.5857,56788
15.5914,56825
15.5968,56833
15.6024,56807
15.6081,56812
15.6135,56792
15.6192,56803
15.6246,56827
15.6303,56824
15.6357,56820
15.6414,56776
15.6468,56827
15.6525,56793
15.6579,56819
15.6636,56826
15.669,56820
15.6747,56819
15.6801,56807
15.6858,56825
15.6914,56782
15.6968,56796
15.7025,56812
15.7079,56824
15.7136,56778
15.719,56741
15.7247,56825
15.7301,56787
15.7358,56775
15.7414,56773
15.7469,56792
15.7526,56777
15.758,56812
15.7637,56801
15.769,56821
15.7747,56810
15.7801,56816
15.7858,56774
15.7912,56828
15.7969,56820
15.8023,56796
15.808,56818
15.8134,56785
15.8191,56788
15.8248,56794
15.8302,56791
15.8358,56796
15.8413,56820
15.8469,56807
15.8523,56819
15.858,56819
15.8637,56810
15.8691,56824
15.8746,56823
15.8803,56816
15.8857,56821
15.8913,56812
15.897,56822
15.9024,56792
15.9081,56821
15.9135,56824
15.9192,56824
15.9245,56823
15.9302,56818
15.9356,56823
15.9413,56823
15.947,56825
15.9524,56829
15.9578,56826
15.9635,56815
15.9692,56828
15.9746,56815
15.9803,56805
15.9857,56826
15.9914,56820
15.9968,56827
16.0025,56828
16.0079,56795
16.0136,56819
16.0192,56825
16.0247,56828
16.0304,56835
16.0358,56830
16.0412,56822
16.0469,56825
16.0525,56825
16.058,56824
16.0637,56824
16.069,56820
16.0748,56813
16.0801,56808
16.0858,56801
16.0912,56823
16.0969,56802
16.1023,56819
16.108,56820
16.1135,56810
16.1192,56797
16.1246,56815
16.1302,56813
16.1356,56811
16.1414,56814
16.147,56815
16.1525,56818
16.1581,56812
16.1635,56784
16.1692,56823
16.1746,56821
16.1803,56819
16.1857,56817
16.1914,56812
16.1968,56800
16.2025,56794
16.2081,56811
16.2134,56810
16.2191,56809
16.2245,56792
16.2302,56816
16.2359,56814
16.2412,56817
16.2469,56814
16.2523,56816
16.258,56815
16.2635,56804
16.2691,56792
16.2745,56812
16.2801,56786
16.2858,56815
16.2912,56819
16.2969,56817
16.3025,56794
16.3079,56822
16.3136,56816
16.3193,56817
16.3247,56813
16.3303,56812
16.3358,56813
16.3415,56804
16.3469,56807
16.3525,56814
16.3579,56799
16.3635,56812
16.3692,56793
16.3747,56818
16.3803,56814
16.3857,56815
16.3914,56810
16.3968,56818
16.4025,56808
16.4081,56823
16.4136,56822
16.4193,56823
16.4247,56821
16.4301,56757
16.4358,56811
16.4415,56803
16.4469,56820
16.4526,56822
16.458,56815
16.4634,56814
16.4691,56817
16.4747,56816
16.4802,56811
16.4858,56813
16.4912,56825
16.4969,56813
16.5023,56812
16.5081,56815
16.5137,56817
16.5191,56806
16.5248,56817
16.5302,56804
16.5359,56817
16.5413,56814
16.5469,56798
16.5525,56816
16.558,56817
16.5636,56798
16.5691,56813
16.5745,56819
16.5802,56824
16.5856,56817
16.5913,56821
16.597,56818
16.6024,56813
16.6081,56800
16.6135,56816
16.6192,56774
16.6246,56817
16.6302,56818
16.6357,56787
16.6413,56815
16.647,56819
16.6525,56822
16.6579,56820
16.6636,56824
16.6693,56824
16.6747,56809
16.6804,56818
16.6858,56819
16.6915,56816
16.6969,56818
16.7023,56822
16.708,56821
16.7137,56801
16.7191,56815
16.7248,56819
16.7301,56825
16.7358,56821
16.7412,56803
16.7469,56806
16.7526,56804
16.758,56820
16.7634,56819
16.7692,56822
16.7746,56821
16.7803,56821
16.7857,56822
16.7914,56768
16.7968,56827
16.8025,56825
16.8079,56827
16.8136,56827
16.819,56817
16.8247,56815
16.8304,56812
16.8358,56807
16.8412,56812
16.8469,56815
16.8526,56816
16.858,56812
16.8636,56806
16.8691,56811
16.8747,56806
16.8801,56811
16.8859,56806
16.8913,56803
16.897,56803
16.9024,56786
16.908,56804
16.9135,56808
16.9192,56816
16.9248,56809
16.9303,56810
16.9359,56809
16.9413,56808
16.947,56810
16.9524,56781
16.9581,56810
16.9635,56817
16.9692,56810
16.9747,56805
16.9803,56811
16.9857,56814
16.9914,56800
16.9968,56804
17.0024,56809
17.0079,56808
17.0136,56797
17.0193,56802
17.0247,56776
17.0304,56805
17.0358,56809
17.0412,56790
17.0469,56814
17.0523,56810
17.058,56794
17.0636,56809
17.0691,56791
17.0748,56774
17.0801,56813
17.0859,56795
17.0915,56816
17.0969,56816
17.1026,56784
17.108,56820
17.1137,56814
17.1191,56820
17.1248,56814
17.1303,56813
17.1359,56812
17.1413,56815
17.147,56819
17.1524,56819
17.1581,56812
17.1635,56811
17.1692,56808
17.1746,56799
17.1803,56808
17.1857,56790
17.1914,56783
17.1968,56810
17.2025,56773
17.2079,56799
17.2136,56799
17.2192,56806
17.2247,56806
17.2301,56809
17.2357,56782
17.2415,56799
17.2468,56812
17.2525,56761
17.2579,56808
17.2636,56804
17.269,56808
17.2747,56805
17.2802,56775
17.2859,56800
17.2913,56807
17.2969,56777
17.3024,56800
17.3081,56789
17.3137,56802
17.3191,56810
17.3248,56802
17.3302,56810
17.3359,56811
17.3413,56811
17.347,56790
17.3524,56812
17.3581,56813
17.3635,56811
17.3692,56811
17.3749,56811
17.3803,56792
17.3857,56817
17.3913,56814
17.3971,56813
17.4024,56821
17.4081,56819
17.4135,56821
17.4192,56823
17.4246,56819
17.4303,56827
17.4357,56816
17.4414,56821
17.4471,56815
17.4524,56820
17.4582,56820
17.4636,56821
17.4693,56818
17.4747,56825
17.4803,56817
17.4858,56822
17.4913,56827
17.497,56823
17.5024,56823
17.5081,56821
17.5135,56818
17.5192,56820
17.5246,56820
17.5302,56818
17.5359,56810
17.5414,56814
17.547,56815
17.5525,56810
17.5581,56810
17.5635,56812
17.5692,56814
17.5746,56812
17.5803,56803
17.5857,56809
17.5914,56806
17.5968,56809
17.6025,56806
17.6081,56806
17.6136,56812
17.619,56812
17.6247,56803
17.6304,56809
17.6357,56812
17.6414,56817
17.6471,56816
17.6525,56818
17.6582,56812
17.6636,56809
17.6693,56811
17.6747,56811
17.6804,56815
17.6858,56808
17.6915,56813
17.6969,56816
17.7026,56815
17.7079,56819
17.7136,56818
17.7193,56816
17.7247,56823
17.7303,56822
17.7358,56820
17.7415,56770
17.7469,56813
17.7526,56802
17.758,56812
17.7636,56812
17.7693,56812
17.7747,56810
17.7804,56812
17.7858,56815
17.7914,56813
17.7971,56812
17.8025,56814
17.8081,56805
17.8136,56805
17.8192,56814
17.8246,56818
17.8304,56812
17.8357,56819
17.8414,56811
17.8468,56811
17.8526,56806
17.8582,56815
17.8636,56810
17.8693,56814
17.8747,56809
17.8804,56812
17.8858,56811
17.8915,56813
17.8969,56816
17.9026,56811
17.908,56805
17.9137,56804
17.9191,56807
17.9248,56807
17.9301,56808
17.9358,56809
17.9415,56815
17.9469,56811
17.9525,56811
17.958,56807
17.9636,56807
17.9693,56811
17.9747,56812
17.9802,56805
17.9857,56811
17.9914,56811
17.9971,56814
18.0025,56807
18.0079,56805
18.0135,56805
18.0192,56809
18.0246,56808
18.0303,56806
18.036,56819
18.0414,56818
18.0471,56817
18.0525,56820
18.0582,56815
18.0636,56816
18.0692,56823
18.0748,56818
18.0803,56820
18.0857,56823
18.0914,56820
18.097,56821
18.1027,56815
18.108,56826
18.1137,56822
18.1191,56822
18.1248,56828
18.1302,56824
18.1359,56820
18.1413,56822
18.147,56822
18.1524,56822
18.1581,56816
18.1635,56825
18.1692,56822
18.1746,56821
18.1803,56810
18.1859,56822
18.1914,56820
18.197,56825
18.2024,56817
18.2081,56819
18.2136,56824
18.2193,56826
18.2246,56826
18.2303,56827
18.2357,56820
18.2414,56826
18.2471,56826
18.2525,56830
18.2582,56826
18.2636,56823
18.2693,56825
18.2747,56827
18.2804,56820
18.2858,56823
18.2915,56829
18.2969,56816
18.3026,56824
18.3082,56826
18.3137,56798
18.3191,56822
18.3248,56823
18.3302,56825
18.3358,56822
18.3415,56826
18.3469,56823
18.3526,56824
18.358,56814
18.3637,56820
18.3692,56825
18.3746,56821
18.3803,56818
18.3859,56823
18.3914,56815
18.3968,56818
18.4024,56823
18.4082,56821
18.4135,56816
18.4192,56764
18.4249,56824
18.4303,56818
18.436,56810
18.4414,56821
18.4471,56819
18.4525,56816
18.4582,56814
18.4636,56811
18.4693,56811
18.4747,56808
18.4804,56809
18.4858,56809
18.4914,56811
18.4971,56813
18.5025,56811
18.5082,56808
18.5136,56810
18.5191,56816
18.5248,56810
18.5302,56803
18.5359,56807
18.5415,56807
18.547,56802
18.5524,56808
18.558,56810
18.5637,56805
18.5691,56804
18.5748,56805
18.5802,56812
18.5859,56809
18.5913,56806
18.597,56807
18.6024,56811
18.6081,56808
18.6135,56804
18.6192,56809
18.6249,56812
18.6303,56806
18.636,56808
18.6414,56815
18.6471,56810
18.6524,56795
18.6581,56812
18.6635,56806
18.6692,56800
18.6746,56801
18.6803,56803
18.6858,56805
18.6914,56808
18.6971,56810
18.7025,56807
18.7082,56808
18.7136,56805
18.7193,56800
18.7247,56806
18.7303,56803
18.7358,56806
18.7414,56797
18.7471,56795
18.7525,56798
18.7582,56802
18.7636,56796
18.7693,56800
18.7747,56803
18.7804,56804
18.7858,56803
18.7915,56801
18.7969,56801
18.8026,56806
18.808,56801
18.8136,56800
18.8193,56805
18.8247,56806
18.8304,56785
18.8358,56803
18.8413,56802
18.8469,56806
18.8526,56803
18.858,56803
18.8637,56811
18.8691,56808
18.8748,56806
18.8802,56806
18.8859,56810
18.8913,56798
18.897,56803
18.9024,56798
18.9081,56810
18.9135,56784
18.9192,56805
18.9249,56810
18.9303,56806
18.936,56735
18.9414,56804
18.947,56806
18.9525,56808
18.9582,56810
18.9635,56808
18.9692,56807
18.9749,56811
18.9803,56805
18.9857,56809
18.9914,56806
18.9969,56801
19.0025,56806
19.008,56808
19.0137,56808
19.0191,56807
19.0247,56805
19.0302,56789
19.0358,56808
19.0415,56800
19.0469,56800
19.0526,56748
19.058,56802
19.0637,56803
19.0692,56796
19.0749,56797
19.0802,56802
19.0859,56801
19.0913,56806
19.097,56800
19.1027,56797
19.1081,56802
19.1138,56788
19.1192,56797
19.1249,56791
19.1303,56798
19.136,56795
19.1414,56799
19.1471,56800
19.1525,56793
19.1582,56783
19.1636,56787
19.1693,56791
19.1746,56785
19.1803,56786
19.1857,56789
19.1914,56794
19.197,56784
19.2024,56786
19.2081,56783
19.2135,56778
19.2193,56781
19.2247,56775
19.2303,56762
19.2359,56691
19.2413,56746
19.247,56761
19.2524,56757
19.2581,56716
19.2635,56735
19.2692,56755
19.2748,56746
19.2803,56776
19.2859,56778
19.2916,56786
19.297,56783
19.3025,56773
19.3082,56768
19.3135,56778
19.3192,56778
19.3249,56771
19.3303,56777
19.336,56779
19.3414,56726
19.3471,56776
19.3525,56767
19.3582,56760
19.3636,56751
19.3693,56761
19.3747,56753
19.3804,56767
19.3858,56762
19.3915,56754
19.3969,56773
19.4026,56740
19.408,56773
19.4137,56759
19.4191,56781
19.4248,56786
19.4304,56781
19.4359,56783
19.4415,56737
19.447,56731
19.4526,56775
19.4581,56707
19.4638,56782
19.4691,56705
19.4748,56767
19.4802,56750
19.4859,56788
19.4913,56763
19.497,56717
19.5027,56763
19.508,56796
19.5137,56712
19.5193,56796
19.5248,56774
19.5305,56697
19.5358,56795
19.5415,56763
19.5469,56748
19.5526,56786
19.558,56789
19.5636,56737
19.5693,56777
19.5747,56787
19.5804,56780
19.5858,56786
19.5914,56782
19.5971,56780
19.6025,56774
19.6082,56793
19.6136,56754
19.6193,56749
19.6246,56788
19.6303,56801
19.6357,56744
19.6415,56645
19.6471,56796
19.6525,56797
19.6582,56773
19.6635,56784
19.6692,56777
19.6749,56686
19.6803,56769
19.686,56790
19.6915,56790
19.6969,56793
19.7025,56786
19.7082,56786
19.7136,56765
19.7193,56788
19.7247,56787
19.7304,56779
19.7358,56786
19.7415,56782
19.7469,56777
19.7525,56772
19.758,56769
19.7637,56775
19.7691,56770
19.7748,56767
19.7802,56774
19.7859,56776
19.7916,56771
19.797,56764
19.8027,56773
19.8081,56777
19.8137,56774
19.8191,56773
19.8248,56770
19.8302,56777
19.8359,56770
19.8413,56764
19.847,56771
19.8525,56759
19.8581,56783
19.8638,56781
19.8692,56772
19.8747,56772
19.8803,56763
19.886,56770
19.8914,56775
19.8971,56768
19.9025,56781
19.9082,56779
19.9136,56750
19.9193,56775
19.9248,56772
19.9305,56774
19.9359,56768
19.9415,56773
19.947,56771
19.9527,56768
19.958,56747
19.9637,56774
19.9691,56777
19.9748,56770
19.9802,56763
19.9859,56761
19.9913,56763
19.997,56762
20.0025,56763
20.0082,56765
20.0136,56767
20.0193,56759
20.0247,56762
20.0304,56767
20.0358,56771
20.0415,56770
20.0469,56759
20.0525,56760
20.058,56765
20.0636,56761
20.0693,56759
20.0748,56763
20.0802,56669
20.0859,56763
20.0913,56758
20.097,56767
20.1024,56764
20.1081,56761
20.1138,56696
20.1192,56759
20.1249,56759
20.1302,56756
20.1359,56765
20.1416,56766
20.147,56755
20.1525,56760
20.1582,56763
20.1636,56762
20.1693,56761
20.1747,56755
20.1804,56763
20.1858,56748
20.1914,56765
20.1969,56765
20.2025,56759
20.2082,56765
20.2136,56760
20.2193,56758
20.2247,56757
20.2304,56759
20.2358,56761
20.2416,56756
20.2469,56750
20.2526,56758
20.258,56761
20.2637,56756
20.2691,56757
20.2748,56756
20.2802,56752
20.2859,56762
20.2916,56762
20.297,56762
20.3026,56767
20.3081,56759
20.3138,56759
20.3192,56759
20.3249,56760
20.3303,56765
20.336,56762
20.3414,56760
20.3471,56759
20.3525,56757
20.3581,56766
20.3635,56757
20.3692,56759
20.3749,56761
20.3803,56755
20.3858,56765
20.3915,56762
20.3969,56750
20.4026,56759
20.4082,56770
20.4137,56760
20.4191,56763
20.4248,56762
20.4305,56764
20.4358,56768
20.4415,56762
20.4469,56765
20.4526,56760
20.458,56759
20.4637,56760
20.4692,56762
20.4749,56767
20.4803,56766
20.4859,56766
20.4914,56770
20.4971,56762
20.5025,56762
20.5082,56756
20.5136,56764
20.5192,56755
20.5249,56760
20.5303,56756
20.536,56747
20.5414,56750
20.5471,56750
20.5526,56757
20.5582,56745
20.5636,56744
20.5693,56744
20.5747,56749
20.5804,56748
20.5858,56748
20.5914,56750
20.5971,56746
20.6025,56756
20.6082,56761
20.6136,56752
20.6193,56754
20.6248,56751
20.6302,56752
20.6358,56753
20.6415,56757
20.6469,56761
20.6526,56753
20.658,56759
20.6637,56752
20.6694,56755
20.6747,56757
20.6805,56753
20.6858,56754
20.6916,56761
20.6969,56758
20.7026,56763
20.708,56759
20.7137,56760
20.7194,56755
20.7247,56753
20.7302,56757
20.7359,56757
20.7416,56760
20.747,56749
20.7525,56752
20.7582,56755
20.7636,56757
20.7693,56760
20.7748,56762
20.7802,56761
20.7859,56758
20.7916,56752
20.797,56760
20.8027,56755
20.8081,56754
20.8138,56761
20.8192,56759
20.8248,56762
20.8302,56756
20.8359,56759
20.8413,56759
20.847,56757
20.8524,56756
20.8581,56760
20.8636,56761
20.8693,56759
20.8746,56763
20.8803,56763
20.8857,56727
20.8914,56768
20.8971,56758
20.9025,56764
20.9082,56761
20.9136,56762
20.9193,56753
20.9247,56758
20.9304,56761
20.9358,56767
20.9415,56756
20.9469,56764
20.9526,56762
20.958,56769
20.9637,56762
20.9691,56766
20.9748,56770
20.9805,56773
20.9859,56765
20.9916,56766
20.9969,56765
21.0026,56761
21.0081,56763
21.0136,56764
21.0193,56768
21.0247,56768
21.0304,56774
21.0358,56757
21.0415,56764
21.0471,56765
21.0526,56770
21.0582,56761
21.0636,56761
21.0693,56759
21.0749,56762
21.0804,56764
21.0858,56769
21.0915,56761
21.097,56761
21.1026,56758
21.108,56761
21.1137,56760
21.1192,56762
21.1248,56759
21.1302,56762
21.1359,56760
21.1416,56757
21.147,56759
21.1527,56757
21.1581,56763
21.1638,56760
21.1692,56757
21.1747,56752
21.1803,56757
21.186,56751
21.1914,56755
21.1971,56714
21.2025,56746
21.2082,56759
21.2136,56751
21.2193,56755
21.2247,56745
21.2304,56720
21.2358,56753
21.2415,56745
21.2469,56746
21.2527,56743
21.258,56742
21.2637,56747
21.2691,56748
21.2748,56746
21.2802,56746
21.2859,56751
21.2915,56740
21.2969,56745
21.3024,56748
21.3081,56742
21.3138,56753
21.3192,56745
21.3249,56743
21.3304,56746
21.336,56743
21.3414,56741
21.3471,56742
21.3525,56749
21.358,56732
21.3637,56744
21.3691,56734
21.3748,56743
21.3802,56746
21.3859,56746
21.3913,56751
21.397,56747
21.4024,56746
21.4082,56750
21.4135,56751
21.4192,56751
21.4249,56753
21.4303,56744
21.436,56744
21.4414,56746
21.4471,56737
21.4524,56742
21.4582,56743
21.4638,56751
21.4692,56741
21.4749,56747
21.4803,56744
21.486,56745
21.4914,56748
21.4971,56742
21.5025,56740
21.5082,56748
21.5136,56751
21.5193,56745
21.5248,56752
21.5304,56749
21.5359,56746
21.5415,56744
21.5469,56747
21.5527,56751
21.5581,56749
21.5638,56749
21.5692,56753
21.5749,56753
21.5803,56754
21.586,56752
21.5914,56751
21.5971,56739
21.6025,56752
21.6081,56750
21.6136,56751
21.6192,56749
21.6247,56748
21.6304,56752
21.6358,56755
21.6415,56715
21.6469,56750
21.6526,56750
21.658,56755
21.6637,56757
21.6694,56756
21.6748,56759
21.6805,56754
21.6859,56759
21.6916,56762
21.6969,56723
21.7026,56759
21.7081,56759
21.7135,56765
21.7192,56765
21.7249,56759
21.7303,56758
21.736,56758
21.7415,56760
21.7471,56747
21.7526,56745
21.7583,56752
21.7636,56754
21.7693,56747
21.7747,56755
21.7804,56754
21.7858,56753
21.7916,56750
21.797,56751
21.8027,56750
21.808,56754
21.8137,56748
21.8192,56749
21.8248,56686
21.8303,56742
21.8359,56742
21.8416,56745
21.847,56748
21.8527,56749
21.8581,56748
21.8638,56745
21.8692,56753
21.8747,56749
21.8803,56742
21.886,56750
21.8914,56743
21.8971,56748
21.9025,56754
21.9082,56745
21.9136,56748
21.9193,56745
21.9247,56750
21.9304,56749
21.9358,56752
21.9415,56752
21.9469,56751
21.9527,56754
21.958,56748
21.9637,56742
21.9691,56737
21.9748,56752
21.9802,56759
21.9859,56744
21.9913,56756
21.997,56747
22.0024,56748
22.0081,56748
22.0136,56743
22.0193,56751
22.0247,56746
22.0304,56751
22.0358,56735
22.0415,56738
22.0469,56745
22.0526,56753
22.058,56745
22.0637,56751
22.0691,56751
22.0748,56751
22.0802,56760
22.0859,56757
22.0916,56751
22.097,56752
22.1025,56753
22.1082,56748
22.1136,56752
22.1193,56755
22.1247,56752
22.1304,56750
22.1358,56745
22.1415,56747
22.1469,56743
22.1525,56749
22.158,56747
22.1636,56756
22.1694,56752
22.1748,56755
22.1802,56754
22.1859,56752
22.1915,56748
22.1969,56748
22.2026,56751
22.2081,56749
22.2137,56741
22.2194,56744
22.2248,56744
22.2304,56745
22.2359,56745
22.2415,56747
22.2469,56744
22.2526,56740
22.2581,56747
22.2638,56742
22.2692,56749
22.2747,56746
22.2804,56748
22.2858,56737
22.2915,56742
22.2969,56737
22.3025,56732
22.3082,56740
22.3136,56754
22.3193,56746
22.3247,56747
22.3304,56749
22.3358,56745
22.3415,56753
22.3469,56752
22.3526,56756
22.358,56761
22.3637,56748
22.3694,56752
22.3748,56758
22.3805,56749
22.3858,56742
22.3916,56754
22.3969,56750
22.4026,56754
22.4081,56749
22.4138,56756
22.4192,56752
22.4249,56758
22.4303,56760
22.436,56753
22.4414,56747
22.4471,56753
22.4525,56748
22.4582,56755
22.4638,56749
22.4693,56755
22.4749,56756
22.4804,56751
22.4858,56760
22.4915,56756
22.497,56763
22.5026,56756
22.508,56760
22.5137,56761
22.5191,56763
22.5248,56767
22.5302,56759
22.5359,56761
22.5416,56762
22.547,56764
22.5527,56762
22.5582,56751
22.5636,56749
22.5693,56760
22.5747,56763
22.5804,56755
22.5858,56754
22.5915,56763
22.5969,56756
22.6026,56770
22.608,56758
22.6136,56764
22.6193,56759
22.6247,56767
22.6304,56768
22.6358,56756
22.6415,56765
22.6469,56757
22.6527,56766
22.658,56761
22.6637,56762
22.6691,56767
22.6748,56764
22.6805,56760
22.6859,56762
22.6916,56763
22.697,56765
22.7026,56764
22.708,56764
22.7137,56763
22.7191,56769
22.7248,56761
22.7303,56760
22.7359,56766
22.7416,56764
22.747,56768
22.7524,56768
22.7581,56764
22.7638,56765
22.7692,56764
22.7748,56762
22.7803,56771
22.7859,56762
22.7916,56757
22.797,56760
22.8025,56766
22.8082,56761
22.8138,56763
22.8192,56764
22.8249,56769
22.8304,56755
22.836,56761
22.8415,56765
22.8471,56767
22.8525,56757
22.8582,56755
22.8636,56760
22.8693,56769
22.8747,56767
22.8804,56755
22.8859,56756
22.8915,56763
22.8969,56763
22.9026,56767
22.908,56768
22.9137,56765
22.9191,56769
22.9248,56764
22.9304,56774
22.9359,56774
22.9415,56760
22.9469,56771
22.9526,56774
22.9581,56765
22.9638,56770
22.9691,56767
22.9748,56768
22.9802,56773
22.9859,56778
22.9916,56688
22.997,56775
23.0027,56769
23.0081,56766
23.0138,56771
23.0192,56774
23.0249,56771
23.0303,56773
23.036,56771
23.0414,56774
23.0471,56772
23.0525,56774
23.0582,56773
23.0636,56775
23.0692,56780
23.0747,56777
23.0803,56772
23.086,56772
23.0914,56781
23.0971,56777
23.1025,56775
23.1082,56782
23.1136,56781
23.1193,56786
23.1247,56782
23.1303,56767
23.136,56771
23.1415,56784
23.1471,56788
23.1525,56787
23.1582,56788
23.1636,56784
23.1693,56787
23.1749,56790
23.1804,56791
23.1858,56795
23.1915,56791
23.1969,56784
23.2026,56785
23.2083,56787
23.2137,56793
23.2194,56785
23.2248,56793
23.2305,56783
23.2358,56787
23.2415,56786
23.2469,56781
23.2526,56779
23.2583,56772
23.2637,56768
23.2691,56774
23.2748,56782
23.2805,56781
23.2859,56783
23.2916,56786
23.297,56785
23.3027,56789
23.3081,56781
23.3138,56785
23.3192,56781
23.3249,56794
23.3305,56789
23.3359,56792
23.3414,56787
23.3471,56787
23.3525,56794
23.3582,56798
23.3636,56796
23.3693,56794
23.3747,56792
23.3804,56790
23.3861,56791
23.3914,56796
23.3971,56793
23.4025,56801
23.4082,56806
23.4136,56809
23.4193,56810
23.4247,56805
23.4304,56807
23.4358,56808
23.4415,56806
23.4469,56806
23.4526,56814
23.4583,56812
23.4637,56809
23.4694,56813
23.4747,56814
23.4804,56812
23.4858,56813
23.4915,56812
23.497,56813
23.5027,56801
23.5081,56801
23.5138,56808
23.5192,56807
23.5249,56804
23.5303,56798
23.536,56801
23.5414,56803
23.5469,56804
23.5525,56796
23.5582,56802
23.5636,56803
23.5693,56799
23.5748,56799
23.5805,56796
23.5859,56805
23.5915,56811
23.5969,56806
23.6026,56806
23.6081,56801
23.6137,56807
23.6191,56806
23.6248,56816
23.6305,56813
23.6359,56813
23.6416,56811
23.647,56815
23.6527,56818
23.658,56815
23.6637,56816
23.6691,56816
23.6748,56821
23.6805,56796
23.6858,56818
23.6915,56821
23.6969,56821
23.7026,56818
23.7083,56818
23.7136,56825
23.7193,56822
23.7247,56824
23.7304,56819
23.7359,56817
23.7415,56821
23.7471,56831
23.7525,56814
23.7582,56824
23.7636,56813
23.7693,56821
23.7747,56815
23.7803,56818
23.786,56827
23.7914,56829
23.7971,56834
23.8025,56822
23.8082,56824
23.8136,56828
23.8193,56829
23.8247,56816
23.8303,56824
23.836,56829
23.8414,56820
23.8472,56703
23.8526,176
23.8582,56189
23.8636,56342
23.8693,56166
23.8747,56163
23.8804,56184
23.8858,56350
23.8915,56251
23.8972,56255
23.9026,56263
23.9082,56251
23.9136,56256
23.9193,56264
23.9248,56267
23.9305,56269
23.9358,56259
23.9415,56269
23.9469,56272
23.9526,56264
23.958,56274
23.9637,56273
23.9694,56270
23.9748,56283
23.9805,56279
23.9858,56289
23.9916,56283
23.997,56288
24.0027,56287
24.0081,56297
24.0138,56282
24.0192,56292
24.0249,56279
24.0303,56282
24.036,56291
24.0414,56300
24.0471,56296
24.0525,56304
24.0581,56303
24.0638,56297
24.0692,56303
24.0749,56308
24.0804,56306
24.0861,56303
24.0914,56303
24.0971,56294
24.1025,56309
24.1082,56309
24.1136,56312
24.1193,56311
24.1247,56319
24.1304,56314
24.136,56322
24.1414,56309
24.1471,56307
24.1526,56313
24.158,56322
24.1637,56323
24.1694,56325
24.1748,56329
24.1802,56324
24.1858,56326
24.1915,56311
24.1969,56311
24.2026,56321
24.2083,56310
24.2137,56326
24.2193,56305
24.2248,56302
24.2305,56311
24.2359,56315
24.2416,56311
24.247,56304
24.2526,56313
24.2581,56316
24.2637,56319
24.2692,56309
24.2749,56305
24.2802,56319
24.2859,56321
24.2916,56319
24.297,56321
24.3026,56318
24.3081,56317
24.3138,56322
24.3192,56330
24.3249,56324
24.3302,56327
24.3359,56331
24.3416,56315
24.347,56325
24.3527,56331
24.3581,56327
24.3638,56321
24.3692,56324
24.3748,56325
24.3802,56337
24.386,56325
24.3914,56326
24.3971,56318
24.4025,56322
24.4081,56319
24.4136,56319
24.4192,56325
24.4249,56320
24.4304,56318
24.436,56318
24.4414,56316
24.4471,56314
24.4525,56321
24.4582,56328
24.4636,56327
24.4693,56322
24.4747,56316
24.4804,56324
24.4861,56331
24.4915,56322
24.4971,56320
24.5026,56321
24.508,56324
24.5137,56316
24.5194,56323
24.5248,56328
24.5304,56321
24.5358,56326
24.5415,56318
24.547,56320
24.5527,56326
24.558,56327
24.5637,56328
24.5694,56328
24.5748,56331
24.5805,56325
24.5859,56324
24.5916,56330
24.597,56336
24.6027,56332
24.608,56337
24.6137,56334
24.6191,56342
24.6248,56332
24.6303,56332
24.6359,56343
24.6416,56347
24.647,56349
24.6527,56355
24.6581,56339
24.6638,56335
24.6692,56325
24.6749,56326
24.6803,56325
24.6859,56335
24.6913,56344
24.697,56335
24.7027,56338
24.7081,56342
24.7138,56343
24.7192,56333
24.7249,56341
24.7303,56337
24.736,56324
24.7416,56323
24.747,56321
24.7527,56318
24.7581,56318
24.7638,56316
24.7692,56317
24.7749,56313
24.7803,56321
24.786,56330
24.7914,56332
24.797,56328
24.8025,56320
24.8081,56329
24.8135,56332
24.8192,56320
24.8249,56319
24.8303,56320
24.8359,56319
24.8416,56336
24.847,56323
24.8525,56326
24.8582,56317
24.8636,56321
24.8693,56314
24.8749,56315
24.8804,56322
24.886,56328
24.8915,56316
24.8972,56325
24.9025,56326
24.9082,56322
24.9136,56323
24.9193,56320
24.9247,56323
24.9304,56318
24.9358,56327
24.9415,56328
24.9469,56322
24.9526,56319
24.9583,56337
24.9636,56329
24.9691,56320
24.9748,56320
24.9804,56324
24.9859,56318
24.9915,56318
24.9972,56322
25.0026,56328
25.0081,56318
25.0138,56328
25.0192,56337
25.0249,56332
25.0302,56318
25.0359,56318
25.0416,56325
25.047,56325
25.0527,56329
25.0581,56332
25.0638,56332
25.0692,56335
25.0748,56331
25.0803,56342
25.086,56328
25.0914,56330
25.0971,56320
25.1025,56318
25.1081,56314
25.1136,56324
25.1192,56330
25.1249,56326
25.1304,56326
25.136,56326
25.1414,56335
25.1471,56321
25.1525,56332
25.1582,56317
25.1636,56320
25.1693,56322
25.1747,56325
25.1802,56323
25.1859,56331
25.1913,56333
25.197,56328
25.2027,56326
25.2081,56327
25.2137,56330
25.2191,56322
25.2248,56322
25.2305,56338
25.2359,56333
25.2416,56339
25.247,56329
25.2527,56334
25.2581,56343
25.2637,56341
25.2694,56346
25.2748,56346
25.2805,56342
25.2859,56338
25.2915,56344
25.2969,56328
25.3026,56330
25.3082,56331
25.3136,56328
25.3193,56322
25.3247,56328
25.3304,56316
25.3358,56330
25.3415,56330
25.3469,56334
25.3526,56340
25.3583,56325
25.3637,56337
25.3693,56340
25.3748,56326
25.3804,56320
25.3858,56319
25.3915,56318
25.3969,56328
25.4026,56327
25.4081,56323
25.4137,56333
25.4194,56327
25.4248,56332
25.4305,56330
25.4359,56329
25.4416,56335
25.447,56335
25.4527,56333
25.458,56337
25.4637,56331
25.4694,56336
25.4748,56344
25.4805,56332
25.4859,56332
25.4916,56332
25.497,56335
25.5027,56332
25.5081,56335
25.5138,56325
25.5192,56326
25.5249,56326
25.5303,56317
25.5359,56323
25.5416,56318
25.547,56316
25.5527,56330
25.5581,56324
25.5636,56310
25.5692,56304
25.5749,56295
25.5803,56300
25.586,56295
25.5914,56311
25.5971,56311
25.6028,56301
25.6082,56304
25.6138,56306
25.6192,56300
25.6249,56294
25.6304,56296
25.6361,56291
25.6415,56304
25.6472,56304
25.6525,56304
25.6582,56310
25.6636,56300
25.6693,56296
25.6748,56306
25.6804,56307
