Experiment: Feb_8_Batch_expt_zeroed vial 10, Mon Feb  8 17:45:11 2021
0.0049,1610
0.0103,1604
0.0159,1615
0.0213,1625
0.0269,1618
0.0326,1619
0.0382,1617
0.0436,1619
0.0492,1619
0.0546,1619
0.0602,1619
0.0659,1619
0.0715,1614
0.0769,1621
0.0826,1615
0.088,1619
0.0936,1615
0.0992,1620
0.1046,1616
0.1102,1621
0.1159,1615
0.1215,1621
0.1269,1616
0.1325,1618
0.1381,1616
0.1435,1621
0.1491,1615
0.1548,1620
0.1604,1615
0.1658,1619
0.1715,1617
0.1768,1620
0.1825,1617
0.1881,1618
0.1938,1616
0.2032,1617
0.2046,1620
0.2103,1618
0.216,1620
0.2213,1616
0.2269,1619
0.2359,1616
0.238,1625
0.2436,1615
0.2493,1619
0.2607,1617
0.2622,1617
0.2659,1618
0.2713,1617
0.282,1618
0.2827,1618
0.2881,1619
0.2937,1617
0.3039,1619
0.3046,1617
0.3103,1619
0.3159,1616
0.3254,1620
0.3271,1616
0.3324,1620
0.3381,1616
0.3437,1621
0.354,1616
0.3567,1621
0.3604,1615
0.3658,1619
0.3764,1617
0.3788,1620
0.3825,1615
0.3881,1622
0.398,1614
0.3991,1618
0.4047,1616
0.4104,1621
0.4158,1616
0.4214,1619
0.427,1617
0.4327,1618
0.438,1615
0.4437,1619
0.4493,1616
0.4547,1619
0.4603,1614
0.466,1620
0.4713,1614
0.477,1620
0.4826,1617
0.488,1618
0.4937,1616
0.4993,1621
0.5047,1617
0.5103,1618
0.5159,1619
0.5216,1617
0.5269,1618
0.5326,1617
0.5379,1618
0.5436,1616
0.5492,1620
0.5549,1615
0.5602,1621
0.5659,1617
0.5715,1622
0.5769,1616
0.5825,1619
0.5881,1616
0.5938,1619
0.5992,1618
0.6048,1618
0.6102,1619
0.6159,1615
0.6215,1618
0.6269,1615
0.6324,1619
0.6381,1615
0.6437,1620
0.6491,1616
0.6547,1621
0.6603,1614
0.666,1619
0.6713,1616
0.6769,1619
0.6826,1616
0.6882,1620
0.6935,1616
0.6992,1620
0.7048,1614
0.7102,1619
0.7158,1617
0.7214,1621
0.7271,1616
0.7324,1618
0.7381,1617
0.7437,1617
0.7493,1618
0.7547,1618
0.7603,1619
0.766,1617
0.7713,1619
0.777,1617
0.7826,1621
0.7882,1615
0.7936,1620
0.7992,1615
0.8049,1617
0.8102,1617
0.8159,1618
0.8215,1616
0.8271,1618
0.8325,1616
0.8381,1618
0.8438,1616
0.8491,1621
0.8548,1614
0.8604,1619
0.8658,1616
0.8714,1619
0.877,1618
0.8827,1616
0.888,1620
0.8936,1617
0.8993,1619
0.9049,1616
0.9102,1619
0.9159,1615
0.9215,1620
0.9269,1615
0.9325,1618
0.9381,1617
0.9438,1618
0.9491,1617
0.9548,1617
0.9604,1620
0.9658,1616
0.9714,1619
0.977,1618
0.9827,1617
0.988,1617
0.9937,1618
0.9993,1619
1.0047,1615
1.0103,1617
1.016,1616
1.0213,1620
1.027,1616
1.0326,1620
1.0382,1616
1.0436,1618
1.0492,1618
1.0548,1618
1.0602,1618
1.0659,1619
1.0715,1615
1.0769,1618
1.0825,1618
1.0882,1617
1.0936,1619
1.0992,1617
1.1048,1619
1.1105,1616
1.1158,1620
1.1215,1617
1.1271,1622
1.1325,1616
1.1381,1619
1.1437,1617
1.1494,1619
1.1547,1615
1.1603,1621
1.166,1615
1.1713,1620
1.177,1615
1.1826,1619
1.1883,1616
1.1936,1617
1.1993,1617
1.2049,1620
1.2103,1621
1.2159,1616
1.2215,1619
1.2269,1616
1.2325,1620
1.238,1616
1.2436,1620
1.2492,1616
1.2548,1620
1.2605,1617
1.2658,1616
1.2714,1619
1.2771,1616
1.2824,1618
1.2881,1616
1.2938,1619
1.2991,1617
1.3048,1617
1.3104,1621
1.3158,1617
1.3215,1618
1.3271,1617
1.3325,1619
1.3381,1618
1.3438,1618
1.3492,1616
1.3548,1618
1.3604,1615
1.3658,1619
1.3715,1615
1.3771,1618
1.3825,1618
1.3882,1618
1.3938,1617
1.3992,1619
1.4048,1618
1.4102,1618
1.4158,1618
1.4215,1617
1.4271,1618
1.4325,1616
1.4381,1620
1.4437,1619
1.4491,1617
1.4547,1619
1.4604,1615
1.466,1620
1.4714,1615
1.477,1619
1.4826,1615
1.4883,1620
1.4936,1618
1.4992,1618
1.5048,1620
1.5105,1618
1.5158,1619
1.5215,1616
1.527,1620
1.5324,1616
1.5381,1619
1.5438,1615
1.5491,1618
1.5548,1617
1.5604,1618
1.5658,1619
1.5714,1618
1.577,1618
1.5827,1616
1.588,1619
1.5937,1616
1.5993,1619
1.6047,1617
1.6103,1616
1.6159,1620
1.6215,1616
1.6271,1617
1.6325,1614
1.6381,1619
1.6437,1617
1.6493,1619
1.6547,1616
1.6603,1619
1.6659,1615
1.6715,1619
1.6769,1616
1.6825,1617
1.6882,1617
1.6938,1617
1.6992,1617
1.7048,1617
1.7105,1617
1.7158,1620
1.7215,1616
1.7271,1620
1.7327,1617
1.7381,1619
1.7438,1618
1.7491,1617
1.7548,1619
1.7604,1615
1.7658,1619
1.7714,1616
1.7771,1620
1.7827,1617
1.7881,1621
1.7937,1616
1.7993,1619
1.8047,1617
1.8103,1616
1.816,1619
1.8214,1617
1.827,1619
1.8326,1615
1.8383,1621
1.8436,1616
1.8492,1621
1.8549,1617
1.8603,1618
1.8659,1612
1.8715,1620
1.8772,1615
1.8825,1620
1.8881,1617
1.8937,1620
1.8994,1616
1.9047,1620
1.9103,1617
1.9159,1623
1.9216,1617
1.9269,1619
1.9326,1618
1.9381,1617
1.9437,1620
1.9491,1616
1.9548,1619
1.9604,1617
1.9658,1619
1.9714,1615
1.977,1621
1.9827,1616
1.9881,1620
1.9937,1616
1.9993,1616
2.0047,1620
2.0104,1616
2.0158,1620
2.0214,1614
2.027,1618
2.0327,1616
2.0381,1620
2.0437,1617
2.0493,1619
2.0547,1618
2.0604,1615
2.066,1620
2.0714,1618
2.077,1619
2.0827,1615
2.088,1621
2.0937,1616
2.0993,1620
2.1047,1616
2.1103,1617
2.1159,1616
2.1216,1620
2.1269,1617
2.1326,1619
2.1382,1618
2.1438,1617
2.1492,1620
2.1548,1617
2.1604,1621
2.1658,1616
2.1714,1620
2.177,1616
2.1827,1619
2.188,1617
2.1937,1616
2.1992,1619
2.2048,1617
2.2102,1617
2.2158,1616
2.2215,1619
2.227,1618
2.2327,1618
2.2381,1618
2.2437,1618
2.2493,1621
2.2547,1616
2.2603,1618
2.266,1619
2.2713,1618
2.277,1617
2.2826,1618
2.2883,1616
2.2937,1616
2.2993,1617
2.3047,1620
2.3103,1616
2.3159,1617
2.3216,1618
2.3269,1614
2.3326,1618
2.3382,1615
2.3436,1618
2.3493,1617
2.3549,1621
2.3603,1616
2.3659,1621
2.3716,1614
2.3769,1618
2.3826,1618
2.3882,1618
2.3936,1619
2.3992,1617
2.4049,1619
2.4102,1619
2.4159,1619
2.4215,1615
2.4269,1619
2.4325,1617
2.4382,1620
2.4438,1616
2.4492,1620
2.4548,1617
2.4605,1617
2.4659,1619
2.4715,1618
2.4772,1619
2.4826,1617
2.4882,1620
2.4936,1618
2.4992,1620
2.5049,1616
2.5102,1620
2.5159,1617
2.5216,1619
2.527,1618
2.5326,1618
2.538,1618
2.5437,1614
2.5493,1620
2.5547,1615
2.5603,1619
2.566,1616
2.5714,1619
2.577,1618
2.5827,1622
2.5881,1617
2.5938,1618
2.5991,1616
2.6048,1617
2.6105,1617
2.6158,1620
2.6215,1617
2.6272,1619
2.6326,1619
2.6382,1618
2.6436,1618
2.6493,1614
2.6547,1619
2.6603,1614
2.666,1620
2.6714,1615
2.677,1618
2.6825,1617
2.6882,1619
2.6939,1614
2.6993,1619
2.7049,1616
2.7103,1619
2.716,1618
2.7214,1617
2.727,1618
2.7327,1618
2.7381,1618
2.7437,1616
2.7494,1619
2.7548,1616
2.7604,1619
2.7658,1617
2.7715,1620
2.7771,1616
2.7825,1617
2.7881,1619
2.7938,1619
2.7992,1619
2.8049,1616
2.8103,1620
2.8159,1617
2.8216,1619
2.8269,1618
2.8326,1620
2.8382,1617
2.8436,1620
2.8492,1615
2.855,1619
2.8604,1617
2.866,1618
2.8714,1616
2.877,1620
2.8827,1617
2.8883,1617
2.8937,1618
2.8994,1615
2.9048,1620
2.9104,1616
2.9158,1620
2.9214,1613
2.9271,1619
2.9327,1617
2.9381,1619
2.9437,1614
2.9491,1619
2.9548,1617
2.9605,1620
2.9659,1617
2.9716,1619
2.977,1617
2.9827,1619
2.9883,1618
2.9937,1618
2.9994,1617
3.0048,1618
3.0105,1619
3.0159,1615
3.0216,1620
3.0269,1615
3.0326,1620
3.0383,1617
3.0436,1619
3.0493,1617
3.0547,1619
3.0604,1618
3.066,1618
3.0714,1618
3.0771,1616
3.0825,1619
3.0881,1618
3.0937,1619
3.0994,1617
3.1047,1621
3.1103,1613
3.116,1621
3.1214,1614
3.1271,1620
3.1327,1615
3.1381,1620
3.1438,1615
3.1492,1620
3.1548,1618
3.1605,1620
3.1659,1618
3.1715,1617
3.177,1620
3.1826,1616
3.1882,1620
3.1936,1617
3.1993,1619
3.2049,1615
3.2103,1618
3.216,1616
3.2216,1621
3.227,1617
3.2327,1620
3.238,1616
3.2437,1618
3.2494,1616
3.2547,1618
3.2604,1617
3.266,1620
3.2714,1617
3.2771,1621
3.2825,1613
3.2882,1620
3.2938,1616
3.2992,1621
3.3049,1616
3.3103,1619
3.3159,1618
3.3216,1618
3.327,1619
3.3326,1616
3.3381,1619
3.3438,1615
3.3491,1619
3.3548,1615
3.3605,1621
3.3659,1615
3.3715,1619
3.3771,1618
3.3825,1618
3.3882,1618
3.3936,1617
3.3992,1619
3.4049,1617
3.4105,1619
3.4159,1616
3.4215,1619
3.4272,1617
3.4326,1619
3.4382,1615
3.4436,1619
3.4493,1616
3.4547,1618
3.4603,1617
3.466,1616
3.4716,1619
3.477,1615
3.4826,1619
3.488,1617
3.4937,1620
3.4994,1616
3.5048,1620
3.5104,1615
3.516,1618
3.5214,1618
3.527,1617
3.5327,1617
3.5381,1615
3.5437,1618
3.5493,1616
3.5548,1618
3.5604,1617
3.5658,1619
3.5715,1616
3.5771,1620
3.5825,1616
3.5881,1619
3.5938,1616
3.5992,1620
3.6048,1616
3.6102,1620
3.6159,1617
3.6216,1616
3.627,1620
3.6326,1617
3.6383,1618
3.6437,1620
3.6493,1618
3.6547,1616
3.6604,1619
3.6658,1618
3.6715,1619
3.6771,1619
3.6827,1615
3.6881,1617
3.6938,1616
3.6992,1620
3.7048,1618
3.7105,1617
3.7159,1620
3.7216,1616
3.7272,1621
3.7325,1618
3.7382,1620
3.7438,1615
3.7492,1619
3.7549,1618
3.7605,1616
3.7659,1618
3.7715,1616
3.7772,1619
3.7825,1614
3.7882,1620
3.7938,1616
3.7992,1621
3.8048,1617
3.8105,1618
3.8159,1617
3.8216,1618
3.8272,1618
3.8326,1617
3.8382,1620
3.8436,1614
3.8492,1619
3.8549,1616
3.8603,1618
3.866,1616
3.8714,1619
3.877,1617
3.8827,1618
3.8881,1617
3.8937,1617
3.8994,1618
3.9047,1616
3.9104,1619
3.916,1615
3.9214,1618
3.9271,1618
3.9328,1619
3.9381,1616
3.9438,1620
3.9494,1615
3.9548,1620
3.9604,1616
3.9661,1616
3.9715,1618
3.9772,1615
3.9825,1621
3.9882,1617
3.9938,1617
3.9995,1618
4.0048,1616
4.0105,1618
4.0158,1614
4.0215,1619
4.0272,1616
4.0326,1619
4.0382,1618
4.0439,1618
4.0492,1618
4.0548,1617
4.0605,1621
4.0658,1616
4.0715,1619
4.0772,1616
4.0826,1620
4.0882,1617
4.0939,1620
4.0992,1618
4.1049,1617
4.1103,1617
4.1159,1616
4.1215,1618
4.1272,1616
4.1325,1617
4.1382,1616
4.1439,1618
4.1492,1618
4.1549,1617
4.1603,1619
4.166,1618
4.1716,1618
4.177,1616
4.1826,1620
4.1882,1617
4.1938,1617
4.1994,1618
4.2048,1617
4.2104,1618
4.216,1619
4.2214,1616
4.2271,1618
4.2327,1615
4.2381,1618
4.2438,1616
4.2494,1621
4.2548,1617
4.2604,1619
4.2658,1616
4.2715,1620
4.2771,1617
4.2825,1617
4.2881,1619
4.2938,1616
4.2992,1618
4.3049,1616
4.3105,1618
4.3159,1616
4.3215,1619
4.3272,1618
4.3325,1617
4.3382,1618
4.3439,1617
4.3492,1620
4.3549,1616
4.3605,1620
4.3658,1614
4.3715,1617
4.3771,1619
4.3828,1618
4.3881,1619
4.3938,1619
4.3992,1621
4.4049,1616
4.4105,1618
4.4159,1614
4.4215,1620
4.4272,1614
4.4325,1621
4.4382,1618
4.4438,1618
4.4492,1618
4.4549,1616
4.4605,1619
4.4659,1615
4.4715,1619
4.4772,1616
4.4826,1620
4.4882,1615
4.4938,1618
4.4992,1617
4.5049,1618
4.5105,1618
4.5159,1618
4.5214,1618
4.527,1615
4.5327,1620
4.5383,1619
4.5437,1617
4.5492,1618
4.5548,1616
4.5605,1620
4.5659,1615
4.5715,1618
4.577,1617
4.5826,1617
4.5883,1618
4.5937,1616
4.5993,1619
4.6048,1616
4.6105,1618
4.6159,1619
4.6215,1616
4.6272,1622
4.6326,1618
4.6382,1617
4.6438,1616
4.6492,1618
4.6549,1617
4.6604,1618
4.6661,1616
4.6715,1618
4.6772,1616
4.6825,1619
4.6882,1614
4.6938,1621
4.6992,1616
4.7048,1619
4.7105,1618
4.7158,1619
4.7215,1619
4.7269,1617
4.7325,1619
4.7382,1617
4.7438,1619
4.7492,1615
4.7548,1619
4.7604,1617
4.7661,1619
4.7715,1617
4.7771,1616
4.7825,1620
4.7882,1617
4.7938,1621
4.7992,1615
4.8048,1619
4.8105,1616
4.8158,1617
4.8214,1621
4.8271,1618
4.8327,1618
4.8381,1616
4.8438,1618
4.8494,1615
4.8548,1618
4.8604,1616
4.8661,1618
4.8714,1619
4.8771,1616
4.8827,1619
4.8881,1618
4.8938,1620
4.8992,1617
4.9048,1619
4.9105,1615
4.9161,1618
4.9215,1617
4.9271,1616
4.9325,1617
4.9382,1618
4.9439,1620
4.9492,1616
4.9549,1621
4.9605,1616
4.9659,1617
4.9715,1615
4.9772,1616
4.9825,1619
4.9881,1616
4.9938,1619
4.9992,1616
5.0049,1618
5.0105,1618
5.0159,1616
5.0215,1618
5.0271,1619
5.0325,1618
5.0382,1618
5.0438,1618
5.0494,1616
5.0549,1619
5.0605,1619
5.0659,1616
5.0716,1616
5.077,1618
5.0826,1619
5.0882,1617
5.0939,1620
5.0993,1616
5.1049,1619
5.1103,1617
5.116,1618
5.1216,1618
5.127,1618
5.1326,1616
5.1383,1618
5.1436,1619
5.1493,1615
5.1549,1620
5.1606,1616
5.166,1619
5.1717,1616
5.177,1619
5.1827,1616
5.188,1616
5.1937,1620
5.1994,1615
5.205,1619
5.2104,1615
5.216,1619
5.2214,1617
5.227,1620
5.2325,1619
5.2382,1617
5.2438,1619
5.2492,1618
5.2548,1618
5.2604,1616
5.2661,1618
5.2714,1617
5.2771,1620
5.2827,1617
5.2883,1619
5.2936,1617
5.2992,1618
5.3049,1617
5.3105,1618
5.3159,1617
5.3215,1617
5.3269,1621
5.3325,1615
5.3382,1620
5.3438,1616
5.3492,1619
5.3549,1616
5.3605,1619
5.3659,1617
5.3715,1617
5.3771,1618
5.3826,1618
5.3882,1620
5.3939,1619
5.3992,1620
5.4049,1616
5.4105,1618
5.4159,1619
5.4215,1617
5.4272,1618
5.4326,1617
5.4383,1620
5.4436,1617
5.4493,1619
5.455,1617
5.4604,1619
5.466,1617
5.4717,1618
5.477,1619
5.4827,1616
5.4881,1621
5.4937,1615
5.4994,1620
5.5048,1615
5.5104,1621
5.5161,1616
5.5215,1618
5.5271,1618
5.5328,1617
5.5382,1621
5.5438,1617
5.5495,1620
5.5548,1618
5.5605,1615
5.5661,1616
5.5715,1616
5.5771,1619
5.5828,1616
5.5881,1618
5.5938,1617
5.5994,1620
5.6048,1616
5.6104,1619
5.616,1617
5.6217,1619
5.627,1616
5.6327,1620
5.6383,1618
5.6438,1620
5.6494,1616
5.6548,1617
5.6604,1618
5.6661,1616
5.6714,1620
5.6771,1617
5.6827,1619
5.6881,1615
5.6938,1617
5.6992,1617
5.7049,1619
5.7105,1619
5.7159,1615
5.7215,1621
5.7271,1616
5.7328,1619
5.7381,1616
5.7437,1617
5.7494,1618
5.7548,1619
5.7604,1619
5.7659,1616
5.7715,1619
5.7772,1617
5.7826,1620
5.7882,1617
5.7937,1621
5.7994,1617
5.8048,1618
5.8104,1617
5.8161,1618
5.8214,1618
5.8271,1617
5.8327,1618
5.8381,1617
5.8438,1618
5.8494,1616
5.8548,1618
5.8605,1616
5.8661,1619
5.8714,1615
5.8771,1620
5.8827,1621
5.8881,1619
5.8937,1620
5.8993,1617
5.9049,1619
5.9103,1617
5.9159,1619
5.9216,1616
5.9271,1616
5.9327,1620
5.9384,1617
5.9437,1618
5.9494,1618
5.9548,1618
5.9604,1618
5.9658,1617
5.9715,1619
5.9771,1616
5.9828,1618
5.9881,1618
5.9937,1618
5.9994,1619
6.0048,1616
6.0104,1618
6.0159,1616
6.0214,1620
6.0271,1615
6.0327,1619
6.0384,1616
6.0437,1618
6.0494,1617
6.0548,1617
6.0604,1617
6.066,1617
6.0715,1619
6.0771,1619
6.0828,1619
6.0881,1617
6.0938,1618
6.0994,1618
6.105,1619
6.1104,1618
6.116,1616
6.1217,1618
6.1271,1616
6.1328,1620
6.1381,1616
6.1438,1619
6.1494,1618
6.1548,1618
6.1604,1618
6.166,1616
6.1717,1620
6.1771,1614
6.1827,1619
6.1881,1618
6.1938,1619
6.1994,1616
6.205,1620
6.2104,1617
6.216,1617
6.2217,1621
6.227,1618
6.2327,1618
6.2381,1618
6.2437,1617
6.2494,1616
6.255,1617
6.2604,1618
6.2661,1615
6.2717,1619
6.2771,1614
6.2825,1620
6.2882,1618
6.2938,1619
6.2994,1615
6.3048,1619
6.3105,1617
6.3161,1618
6.3215,1620
6.3271,1618
6.3328,1620
6.3382,1616
6.3438,1618
6.3492,1617
6.3549,1620
6.3605,1616
6.3659,1619
6.3715,1616
6.3772,1618
6.3828,1616
6.3881,1617
6.3938,1619
6.3992,1616
6.4049,1619
6.4105,1617
6.4162,1618
6.4215,1616
6.4272,1618
6.4328,1618
6.4382,1616
6.4439,1621
6.4492,1615
6.4549,1619
6.4605,1617
6.4659,1619
6.4716,1618
6.4772,1619
6.4826,1615
6.4882,1618
6.4938,1617
6.4992,1617
6.5049,1618
6.5105,1619
6.5162,1615
6.5215,1619
6.5271,1617
6.5328,1615
6.5382,1619
6.5438,1616
6.5494,1616
6.5549,1618
6.5605,1616
6.5661,1619
6.5715,1616
6.5771,1618
6.5828,1617
6.5882,1618
6.5938,1615
6.5992,1620
6.6048,1615
6.6105,1620
6.6162,1616
6.6215,1620
6.6272,1617
6.6326,1619
6.6382,1619
6.6439,1618
6.6492,1620
6.6549,1616
6.6606,1619
6.6659,1615
6.6716,1617
6.6772,1617
6.6826,1615
6.6882,1620
6.6938,1616
6.6995,1621
6.7049,1616
6.7106,1620
6.7159,1614
6.7216,1620
6.7272,1616
6.7326,1619
6.7382,1616
6.7438,1617
6.7495,1618
6.7548,1619
6.7605,1620
6.7659,1615
6.7716,1619
6.7772,1614
6.7826,1621
6.7882,1616
6.7938,1618
6.7992,1616
6.8049,1619
6.8105,1617
6.8159,1620
6.8216,1617
6.8272,1619
6.8326,1617
6.8382,1618
6.8438,1619
6.8495,1615
6.8549,1620
6.8605,1614
6.8662,1620
6.8716,1614
6.8772,1620
6.8828,1617
6.8882,1620
6.8938,1616
6.8992,1618
6.9049,1618
6.9105,1616
6.9161,1621
6.9215,1617
6.9272,1620
6.9328,1615
6.9381,1619
6.9438,1615
6.9494,1618
6.9548,1618
6.9605,1618
6.9661,1617
6.9715,1618
6.9771,1620
6.9826,1616
6.9882,1619
6.9939,1616
6.9993,1620
7.0049,1616
7.0106,1621
7.016,1616
7.0216,1620
7.0272,1618
7.0326,1619
7.0383,1615
7.0439,1619
7.0493,1618
7.0549,1616
7.0606,1620
7.0659,1615
7.0716,1616
7.0772,1618
7.0826,1618
7.0883,1619
7.0939,1616
7.0993,1619
7.1049,1612
7.1106,1617
7.1159,1617
7.1216,1621
7.1273,1616
7.1327,1619
7.1383,1616
7.1439,1618
7.1493,1620
7.1549,1616
7.1606,1620
7.1659,1619
7.1716,1620
7.1772,1615
7.1826,1618
7.1883,1617
7.1939,1617
7.1993,1619
7.2049,1618
7.2106,1618
7.2159,1617
7.2215,1618
7.2272,1618
7.2328,1615
7.2382,1619
7.2439,1616
7.2492,1620
7.2549,1617
7.2605,1618
7.2662,1616
7.2715,1619
7.2772,1617
7.2828,1617
7.2882,1617
7.2939,1615
7.2995,1619
7.3049,1617
7.3105,1620
7.3159,1617
7.3215,1623
7.3272,1616
7.3328,1615
7.3382,1618
7.3438,1618
7.3492,1620
7.3549,1616
7.3605,1619
7.3659,1616
7.3716,1619
7.3773,1617
7.3827,1617
7.3883,1617
7.3939,1618
7.3993,1618
7.405,1617
7.4105,1619
7.4161,1617
7.4215,1619
7.427,1617
7.4327,1618
7.4383,1618
7.4437,1617
7.4493,1617
7.4548,1618
7.4605,1620
7.4661,1616
7.4715,1617
7.4771,1619
7.4827,1617
7.4883,1619
7.4937,1617
7.4993,1619
7.505,1614
7.5104,1620
7.516,1618
7.5217,1619
7.5273,1617
7.5327,1619
7.5383,1618
7.5439,1616
7.5493,1616
7.5549,1615
7.5605,1620
7.566,1615
7.5716,1618
7.5773,1617
7.5826,1617
7.5882,1620
7.5939,1618
7.5993,1618
7.6049,1616
7.6106,1616
7.616,1618
7.6216,1616
7.6273,1620
7.6326,1615
7.6383,1621
7.6439,1617
7.6493,1618
7.6549,1616
7.6606,1617
7.6659,1617
7.6716,1617
7.6773,1618
7.6826,1617
7.6883,1620
7.6939,1616
7.6992,1620
7.7049,1617
7.7105,1624
7.7162,1617
7.7216,1621
7.7272,1615
7.7328,1620
7.7382,1618
7.7438,1619
7.7495,1619
7.7549,1617
7.7605,1619
7.7661,1617
7.7715,1619
7.7772,1615
7.7828,1619
7.7882,1620
7.7938,1617
7.7995,1620
7.8048,1616
7.8105,1618
7.8161,1619
7.8218,1617
7.8272,1619
7.8328,1619
7.8382,1616
7.8438,1617
7.8495,1616
7.8548,1619
7.8604,1616
7.8661,1617
7.8717,1617
7.8771,1618
7.8828,1618
7.8884,1617
7.8938,1618
7.8994,1616
7.905,1619
7.9104,1617
7.916,1620
7.9217,1615
7.927,1618
7.9327,1617
7.9384,1617
7.9437,1619
7.9494,1616
7.955,1618
7.9604,1615
7.966,1621
7.9716,1617
7.9773,1616
7.9826,1618
7.9882,1617
7.9939,1622
7.9993,1617
8.005,1618
8.0106,1617
8.016,1620
8.0216,1616
8.0272,1618
8.0326,1617
8.0383,1618
8.0439,1619
8.0493,1616
8.0549,1619
8.0606,1617
8.0659,1619
8.0716,1615
8.0773,1619
8.0826,1618
8.0882,1618
8.0939,1617
8.0993,1618
8.1049,1617
8.1106,1618
8.1159,1619
8.1216,1614
8.1272,1619
8.1329,1616
8.1382,1620
8.1439,1617
8.1493,1621
8.1549,1617
8.1605,1619
8.1662,1617
8.1715,1619
8.1772,1617
8.1828,1617
8.1882,1620
8.1938,1617
8.1995,1620
8.2049,1615
8.2105,1620
8.2161,1618
8.2218,1620
8.2271,1615
8.2328,1617
8.2381,1618
8.2438,1617
8.2494,1618
8.2551,1617
8.2605,1618
8.2661,1618
8.2717,1619
8.2771,1617
8.2827,1620
8.2884,1614
8.294,1618
8.2993,1617
8.305,1617
8.3106,1618
8.316,1616
8.3217,1621
8.3273,1616
8.3327,1620
8.3383,1615
8.3439,1620
8.3493,1618
8.3549,1617
8.3606,1616
8.3662,1617
8.3716,1617
8.3772,1616
8.3826,1618
8.3882,1615
8.3939,1619
8.3995,1615
8.4049,1620
8.4104,1616
8.4161,1619
8.4217,1619
8.4271,1616
8.4327,1619
8.4384,1618
8.4437,1620
8.4494,1617
8.455,1618
8.4604,1617
8.466,1619
8.4717,1617
8.4771,1617
8.4827,1619
8.4883,1616
8.4937,1620
8.4993,1616
8.505,1620
8.5106,1618
8.516,1618
8.5216,1618
8.5273,1617
8.5327,1619
8.5383,1615
8.5439,1619
8.5493,1616
8.5549,1620
8.5606,1619
8.5659,1619
8.5715,1618
8.5772,1616
8.5828,1619
8.5882,1617
8.5938,1617
8.5995,1617
8.6048,1619
8.6105,1618
8.6161,1615
8.6215,1618
8.6271,1619
8.6327,1616
8.6383,1617
8.6437,1617
8.6494,1615
8.655,1618
8.6606,1617
8.666,1617
8.6716,1616
8.6773,1618
8.6826,1617
8.6883,1617
8.6939,1618
8.6993,1617
8.7049,1619
8.7106,1616
8.7159,1620
8.7216,1616
8.7272,1619
8.7328,1619
8.7382,1620
8.7438,1619
8.7492,1616
8.7549,1619
8.7605,1617
8.7662,1620
8.7716,1621
8.7772,1618
8.7828,1615
8.7882,1619
8.7938,1617
8.7995,1615
8.8049,1618
8.8105,1616
8.8162,1620
8.8215,1615
8.8272,1621
8.8328,1616
8.8382,1619
8.8438,1619
8.8494,1616
8.8551,1619
8.8605,1617
8.8661,1620
8.8717,1618
8.8771,1618
8.8827,1617
8.8884,1618
8.8937,1618
8.8994,1617
8.905,1620
8.9104,1617
8.9161,1620
8.9215,1615
8.9271,1620
8.9328,1617
8.9384,1618
8.9438,1616
8.9493,1618
8.9549,1619
8.9606,1616
8.966,1620
8.9717,1616
8.9771,1619
8.9828,1618
8.9882,1616
8.9938,1619
8.9995,1616
9.0049,1617
9.0105,1617
9.0162,1617
9.0216,1617
9.0272,1615
9.0328,1620
9.0384,1616
9.0438,1619
9.0494,1615
9.0548,1620
9.0604,1615
9.0661,1618
9.0716,1619
9.077,1619
9.0826,1617
9.0883,1616
9.094,1621
9.0993,1617
9.105,1619
9.1106,1615
9.116,1619
9.1216,1617
9.1272,1619
9.1329,1617
9.1382,1619
9.1438,1617
9.1495,1616
9.1549,1617
9.1605,1617
9.1662,1618
9.1715,1615
9.1772,1621
9.1826,1617
9.1882,1620
9.1938,1616
9.1995,1620
9.2048,1616
9.2105,1617
9.2162,1619
9.2215,1617
9.2271,1620
9.2328,1616
9.2382,1620
9.2438,1617
9.2495,1619
9.2548,1616
9.2605,1618
9.2661,1618
9.2717,1617
9.2771,1618
9.2827,1617
9.2884,1620
9.2938,1614
9.2995,1619
9.3049,1616
9.3105,1618
9.3161,1617
9.3218,1615
9.3271,1621
9.3328,1617
9.3384,1618
9.3438,1616
9.3494,1620
9.3551,1619
9.3604,1620
9.3661,1617
9.3717,1617
9.3771,1617
9.3827,1618
9.3884,1618
9.3938,1616
9.3994,1620
9.4051,1616
9.4104,1621
9.4161,1617
9.4217,1620
9.4271,1618
9.4327,1618
9.4383,1619
9.444,1617
9.4494,1618
9.455,1615
9.4604,1617
9.466,1616
9.4716,1619
9.4773,1617
9.4827,1619
9.4883,1618
9.4939,1617
9.4995,1619
9.505,1615
9.5106,1621
9.5159,1616
9.5216,1621
9.5272,1615
9.5329,1618
9.5382,1617
9.5439,1617
9.5495,1618
9.5549,1618
9.5606,1621
9.5662,1616
9.5716,1621
9.5772,1618
9.5828,1617
9.5882,1616
9.5938,1618
9.5995,1622
9.6049,1615
9.6105,1621
9.6162,1616
9.6218,1620
9.6272,1616
9.6328,1621
9.6384,1616
9.6438,1620
9.6494,1617
9.6551,1618
9.6605,1617
9.6661,1620
9.6718,1618
9.6771,1617
9.6827,1618
9.6884,1618
9.694,1617
9.6993,1619
9.705,1616
9.7106,1618
9.716,1617
9.7217,1618
9.7273,1618
9.7327,1618
9.7383,1618
9.744,1615
9.7493,1621
9.755,1617
9.7606,1620
9.766,1616
9.7717,1619
9.7773,1617
9.7827,1619
9.7883,1617
9.794,1618
9.7993,1618
9.805,1616
9.8106,1620
9.816,1616
9.8216,1619
9.8273,1615
9.8327,1618
9.8383,1618
9.844,1619
9.8493,1618
9.855,1616
9.8606,1619
9.866,1617
9.8716,1618
9.8773,1617
9.8827,1618
9.8883,1617
9.8939,1617
9.8996,1620
9.905,1617
9.9106,1619
9.9162,1617
9.9216,1618
9.9273,1617
9.9329,1617
9.9382,1618
9.9439,1617
9.9495,1619
9.9549,1616
9.9605,1620
9.9662,1614
9.9716,1619
9.9772,1616
9.9828,1617
9.9885,1620
9.9938,1616
9.9994,1620
10.0051,1618
10.0105,1621
10.0161,1617
10.0217,1618
10.0271,1618
10.0328,1617
10.0384,1618
10.0438,1615
10.0494,1619
10.055,1618
10.0607,1620
10.066,1616
10.0717,1620
10.0771,1619
10.0827,1616
10.0883,1619
10.094,1615
10.0993,1621
10.105,1614
10.1106,1621
10.116,1615
10.1216,1620
10.1273,1614
10.1327,1620
10.1383,1616
10.144,1619
10.1493,1617
10.1549,1618
10.1606,1616
10.1659,1619
10.1716,1617
10.1772,1618
10.1829,1616
10.1883,1617
10.1939,1618
10.1996,1617
10.2049,1621
10.2106,1615
10.2162,1619
10.2216,1615
10.2272,1622
10.2327,1616
10.2384,1620
10.2438,1618
10.2495,1620
10.2551,1616
10.2605,1619
10.2661,1619
10.2717,1619
10.2771,1618
10.2828,1617
10.2884,1620
10.2938,1615
10.2995,1619
10.3051,1617
10.3105,1616
10.3161,1619
10.3216,1616
10.3272,1618
10.3326,1616
10.3383,1618
10.3439,1617
10.3493,1617
10.355,1618
10.3605,1617
10.3661,1619
10.3718,1618
10.3771,1616
10.3828,1619
10.3883,1616
10.3939,1620
10.3993,1618
10.405,1617
10.4106,1617
10.4161,1617
10.4217,1618
10.4274,1618
10.4327,1617
10.4383,1617
10.4439,1620
10.4496,1617
10.455,1620
10.4606,1617
10.4662,1615
10.4716,1617
10.4772,1615
10.4829,1621
10.4883,1615
10.4939,1619
10.4995,1613
10.5049,1619
10.5106,1618
10.5162,1620
10.5216,1618
10.5272,1619
10.5329,1618
10.5382,1619
10.5439,1616
10.5495,1618
10.5551,1616
10.5605,1618
10.5662,1619
10.5718,1618
10.5772,1621
10.5828,1617
10.5882,1618
10.5938,1617
10.5995,1617
10.6051,1617
10.6105,1617
10.6162,1620
10.6218,1618
10.6272,1617
10.6328,1618
10.6382,1618
10.6438,1618
10.6495,1615
10.6551,1620
10.6605,1616
10.6662,1620
10.6718,1618
10.6772,1618
10.6828,1618
10.6884,1616
10.6938,1619
10.6994,1615
10.705,1619
10.7104,1617
10.716,1620
10.7217,1617
10.7271,1616
10.7327,1615
10.7384,1619
10.744,1618
10.7494,1618
10.755,1619
10.7604,1617
10.7661,1621
10.7718,1616
10.7771,1619
10.7828,1619
10.7884,1618
10.794,1619
10.7994,1616
10.805,1619
10.8104,1619
10.816,1618
10.8217,1617
10.8271,1615
10.8327,1620
10.8384,1617
10.8441,1619
10.8494,1617
10.8551,1620
10.8607,1619
10.866,1616
10.8717,1620
10.8774,1616
10.8827,1618
10.8884,1618
10.8937,1617
10.8994,1619
10.905,1618
10.9107,1618
10.916,1617
10.9216,1618
10.9273,1617
10.9327,1616
10.9383,1618
10.9439,1617
10.9496,1619
10.9549,1614
10.9606,1620
10.9662,1615
10.9715,1620
10.9772,1617
10.9828,1620
10.9882,1617
10.9939,1619
10.9994,1618
11.005,1618
11.0107,1621
11.0161,1618
11.0217,1619
11.0273,1615
11.0327,1618
11.0383,1618
11.044,1617
11.0494,1620
11.055,1618
11.0607,1617
11.066,1616
11.0717,1621
11.0773,1617
11.0829,1620
11.0883,1617
11.094,1618
11.0994,1619
11.105,1616
11.1106,1618
11.116,1617
11.1216,1618
11.1273,1623
11.1329,1615
11.1383,1619
11.1439,1616
11.1493,1620
11.155,1615
11.1606,1618
11.166,1617
11.1716,1617
11.1773,1616
11.1829,1617
11.1883,1619
11.1939,1616
11.1996,1619
11.205,1614
11.2104,1616
11.2161,1618
11.2217,1616
11.2273,1620
11.2327,1616
11.2383,1619
11.244,1616
11.2494,1619
11.255,1617
11.2607,1617
11.266,1618
11.2717,1617
11.2773,1619
11.2827,1617
11.2883,1619
11.294,1616
11.2993,1619
11.305,1617
11.3106,1618
11.316,1618
11.3217,1615
11.3273,1620
11.3329,1618
11.3383,1618
11.3439,1615
11.3493,1620
11.3549,1615
11.3606,1619
11.3662,1616
11.3717,1621
11.3773,1615
11.3827,1622
11.3883,1616
11.3939,1622
11.3996,1616
11.4049,1620
11.4106,1617
11.4162,1616
11.4217,1616
11.4273,1620
11.4327,1618
11.4383,1617
11.4439,1619
11.4496,1617
11.455,1619
11.4606,1615
11.4663,1620
11.4717,1617
11.4773,1619
11.4827,1616
11.4883,1619
11.494,1615
11.4996,1619
11.505,1616
11.5106,1617
11.516,1618
11.5216,1617
11.5273,1618
11.5327,1616
11.5383,1620
11.544,1616
11.5493,1619
11.555,1616
11.5606,1620
11.566,1617
11.5716,1618
11.5773,1616
11.5827,1618
11.5883,1618
11.594,1615
11.5994,1619
11.605,1617
11.6106,1618
11.616,1618
11.6216,1617
11.6273,1619
11.6327,1616
11.6383,1620
11.6439,1615
11.6493,1620
11.6549,1615
11.6606,1618
11.6662,1621
11.6716,1619
11.6772,1616
11.6827,1616
11.6883,1619
11.6939,1614
11.6996,1620
11.705,1616
11.7106,1620
11.716,1618
11.7216,1619
11.7273,1616
11.7327,1617
11.7383,1619
11.7438,1617
11.7495,1620
11.7551,1615
11.7607,1618
11.7661,1616
11.7716,1619
11.7773,1618
11.7827,1618
11.7884,1618
11.794,1613
11.7994,1618
11.805,1617
11.8107,1617
11.816,1619
11.8217,1619
11.8273,1616
11.8329,1620
11.8383,1617
11.844,1619
11.8493,1617
11.855,1618
11.8606,1617
11.8663,1617
11.8716,1619
11.8773,1618
11.8828,1618
11.8885,1618
11.8939,1621
11.8995,1616
11.9051,1616
11.9105,1618
11.9161,1618
11.9218,1616
11.9271,1616
11.9328,1617
11.9384,1618
11.9441,1618
11.9495,1615
11.9551,1619
11.9604,1618
11.9661,1617
11.9717,1617
11.9773,1618
11.983,1618
11.9883,1617
11.994,1618
11.9994,1618
12.0051,1619
12.0105,1617
12.0161,1619
12.0217,1615
12.0274,1619
12.0328,1616
12.0384,1620
12.0438,1617
12.0494,1620
12.0551,1615
12.0605,1617
12.0661,1617
12.0718,1617
12.0774,1619
12.0828,1617
12.0884,1621
12.0941,1617
12.0994,1619
12.1051,1617
12.1105,1619
12.1161,1614
12.1217,1619
12.1274,1618
12.1327,1618
12.1384,1619
12.144,1617
12.1494,1620
12.155,1617
12.1607,1619
12.1661,1615
12.1717,1620
12.1774,1615
12.1828,1621
12.1884,1616
12.194,1619
12.1994,1617
12.205,1618
12.2107,1614
12.216,1618
12.2217,1616
12.2274,1618
12.2327,1617
12.2384,1617
12.244,1618
12.2496,1615
12.255,1619
12.2606,1616
12.2663,1620
12.2717,1617
12.2773,1619
12.283,1619
12.2883,1616
12.294,1621
12.2996,1616
12.305,1621
12.3106,1617
12.3163,1620
12.3217,1617
12.3273,1619
12.333,1617
12.3383,1618
12.344,1615
12.3496,1615
12.355,1618
12.3607,1616
12.366,1619
12.3717,1615
12.3771,1621
12.3828,1613
12.3884,1621
12.3941,1615
12.3994,1621
12.4051,1615
12.4105,1619
12.4161,1615
12.4218,1620
12.4272,1617
12.4328,1619
12.4385,1618
12.4438,1618
12.4495,1616
12.455,1616
12.4606,1620
12.4663,1616
12.4716,1619
12.4773,1616
12.4827,1620
12.4884,1615
12.494,1618
12.4996,1618
12.505,1617
12.5106,1618
12.516,1616
12.5217,1618
12.5273,1617
12.5327,1619
12.5384,1617
12.544,1622
12.5496,1614
12.555,1620
12.5606,1615
12.566,1621
12.5716,1616
12.5773,1619
12.5829,1618
12.5883,1621
12.594,1617
12.5994,1618
12.605,1618
12.6107,1615
12.616,1618
12.6217,1616
12.6273,1621
12.633,1616
12.6384,1617
12.644,1618
12.6494,1616
12.655,1618
12.6606,1616
12.6663,1620
12.6716,1617
12.6773,1620
12.6829,1618
12.6883,1617
12.694,1618
12.6994,1617
12.705,1619
12.7107,1618
12.7161,1621
12.7217,1618
12.7273,1617
12.733,1619
12.7383,1618
12.744,1617
12.7494,1617
12.755,1617
12.7607,1618
12.766,1615
12.7717,1618
12.7773,1618
12.783,1617
12.7883,1619
12.794,1617
12.7994,1619
12.805,1616
12.8105,1620
12.8161,1614
12.8218,1619
12.8272,1619
12.8328,1620
12.8383,1617
12.844,1617
12.8494,1617
12.8551,1618
12.8607,1618
12.8661,1618
12.8717,1617
12.8773,1617
12.883,1619
12.8883,1617
12.894,1618
12.8996,1616
12.905,1620
12.9106,1615
12.9163,1620
12.9217,1616
12.9273,1621
12.9329,1616
12.9383,1619
12.944,1617
12.9496,1618
12.955,1619
12.9607,1619
12.9663,1619
12.9717,1618
12.9773,1618
12.9827,1617
12.9883,1620
12.994,1615
12.9994,1620
13.0051,1617
13.0105,1619
13.0161,1615
13.0218,1620
13.0274,1616
13.0328,1618
13.0384,1618
13.0441,1616
13.0494,1620
13.0551,1616
13.0607,1620
13.0661,1618
13.0718,1618
13.0774,1617
13.0828,1617
13.0884,1617
13.094,1617
13.0994,1620
13.105,1616
13.1107,1620
13.1163,1617
13.1217,1618
13.1274,1615
13.1328,1619
13.1384,1616
13.1441,1620
13.1494,1617
13.1551,1617
13.1607,1620
13.1661,1614
13.1717,1619
13.1773,1617
13.1829,1619
13.1886,1616
13.1939,1619
13.1995,1615
13.2051,1617
13.2107,1616
13.2161,1618
13.2217,1615
13.2274,1620
13.2328,1616
13.2383,1616
13.2439,1619
13.2496,1615
13.2549,1619
13.2606,1617
13.2661,1619
13.2717,1616
13.2772,1620
13.2829,1616
13.2885,1619
13.2939,1615
13.2995,1619
13.3052,1618
13.3105,1620
13.3162,1618
13.3217,1619
13.3274,1617
13.3328,1617
13.3384,1619
13.3441,1616
13.3494,1621
13.3551,1617
13.3605,1617
13.3661,1616
13.3718,1618
13.3774,1620
13.383,1615
13.3884,1620
13.3941,1617
13.3995,1618
13.4051,1617
13.4105,1621
13.4161,1615
13.4216,1619
13.4272,1616
13.4329,1620
13.4385,1615
13.4439,1620
13.4494,1615
13.455,1620
13.4607,1615
13.466,1621
13.4717,1617
13.4772,1620
13.4829,1618
13.4885,1618
13.4939,1620
13.4996,1615
13.5049,1619
13.5106,1618
13.5162,1619
13.5218,1616
13.5272,1620
13.5329,1616
13.5382,1617
13.5439,1616
13.5496,1620
13.5549,1616
13.5606,1619
13.5662,1617
13.5719,1617
13.5772,1617
13.5829,1618
13.5885,1617
13.5939,1617
13.5995,1619
13.6052,1619
13.6105,1617
13.6162,1619
13.6218,1616
13.6272,1618
13.6328,1618
13.6385,1616
13.6438,1619
13.6495,1615
13.6551,1619
13.6605,1618
13.6662,1620
13.6718,1618
13.6772,1616
13.6828,1618
13.6885,1618
13.6939,1618
13.6995,1618
13.705,1618
13.7107,1617
13.7161,1620
13.7217,1616
13.7274,1618
13.7328,1619
13.7384,1617
13.7441,1617
13.7494,1618
13.755,1619
13.7607,1619
13.7661,1618
13.7717,1617
13.7773,1621
13.783,1616
13.7883,1619
13.794,1616
13.7996,1618
13.805,1617
13.8106,1617
13.8163,1618
13.8217,1617
13.8273,1619
13.8329,1616
13.8383,1621
13.8439,1615
13.8496,1620
13.855,1617
13.8606,1617
13.8662,1618
13.8719,1616
13.8773,1619
13.8829,1616
13.8886,1620
13.8939,1616
13.8996,1621
13.9049,1616
13.9106,1620
13.9162,1614
13.9218,1619
13.9272,1614
13.9329,1619
13.9383,1618
13.9439,1620
13.9495,1616
13.9552,1619
13.9605,1616
13.9662,1619
13.9718,1619
13.9772,1618
13.9828,1619
13.9884,1618
13.9941,1620
13.9994,1616
14.0051,1619
14.0108,1618
14.0161,1621
14.0218,1617
14.0274,1618
14.0328,1620
14.0384,1617
14.0441,1619
14.0495,1615
14.0551,1622
14.0608,1614
14.0661,1621
14.0718,1615
14.0774,1619
14.0828,1617
14.0885,1621
14.0941,1616
14.0995,1619
14.1051,1618
14.1108,1619
14.1161,1617
14.1218,1621
14.1274,1619
14.1328,1619
14.1385,1618
14.1439,1618
14.1496,1618
14.1552,1618
14.1606,1619
14.1662,1615
14.1716,1620
14.1772,1615
14.1829,1620
14.1883,1616
14.1939,1621
14.1996,1617
14.2052,1619
14.2106,1616
14.2162,1619
14.2219,1616
14.2272,1621
14.2329,1617
14.2383,1620
14.2439,1617
14.2496,1619
14.2552,1617
14.2605,1618
14.2662,1619
14.2718,1617
14.2775,1618
14.2828,1614
14.2885,1619
14.2939,1616
14.2995,1621
14.3052,1617
14.3106,1619
14.3162,1616
14.3218,1619
14.3275,1617
14.3328,1620
14.3385,1615
14.3439,1621
14.3496,1617
14.3552,1620
14.3605,1617
14.3662,1619
14.3718,1617
14.3772,1616
14.3829,1618
14.3885,1616
14.3939,1620
14.3995,1614
14.4052,1620
14.4106,1615
14.4162,1619
14.4218,1616
14.4272,1621
14.4328,1617
14.4384,1617
14.4441,1618
14.4495,1616
14.4551,1619
14.4608,1616
14.4662,1619
14.4718,1616
14.4772,1619
14.4828,1615
14.4884,1618
14.4941,1617
14.4995,1619
14.5052,1616
14.5106,1620
14.5162,1617
14.5219,1618
14.5272,1619
14.5329,1618
14.5385,1619
14.5439,1618
14.5495,1618
14.5552,1618
14.5606,1617
14.5662,1620
14.5719,1619
14.5772,1617
14.5829,1618
14.5886,1618
14.5939,1618
14.5996,1617
14.605,1620
14.6106,1617
14.6163,1621
14.6219,1615
14.6273,1619
14.6329,1613
14.6386,1620
14.6439,1616
14.6494,1620
14.655,1617
14.6607,1617
14.6661,1617
14.6717,1618
14.6772,1619
14.6829,1616
14.6885,1621
14.6939,1616
14.6995,1618
14.7051,1618
14.7107,1617
14.7161,1619
14.7218,1616
14.7274,1621
14.7327,1617
14.7384,1621
14.744,1614
14.7497,1620
14.755,1617
14.7607,1618
14.7661,1617
14.7718,1617
14.7774,1616
14.7828,1617
14.7884,1618
14.7941,1616
14.7994,1618
14.8051,1617
14.8107,1618
14.8161,1617
14.8218,1619
14.8274,1616
14.833,1618
14.8384,1616
14.844,1619
14.8497,1619
14.855,1618
14.8605,1618
14.8662,1616
14.8716,1621
14.8773,1617
14.8829,1619
14.8884,1616
14.894,1621
14.8996,1616
14.905,1619
14.9107,1615
14.9162,1620
14.9216,1616
14.9273,1620
14.9329,1615
14.9386,1616
14.9439,1617
14.9496,1616
14.9552,1617
14.9606,1617
14.9662,1620
14.9716,1615
14.9773,1619
14.9829,1616
14.9886,1619
14.9939,1614
14.9995,1619
15.0052,1617
15.0105,1619
15.0162,1619
15.0217,1617
15.0274,1618
15.0328,1618
15.0384,1619
15.044,1618
15.0495,1617
15.0552,1618
15.0608,1616
15.0662,1617
15.0718,1617
15.0772,1620
15.0829,1616
15.0885,1616
15.0941,1618
15.0995,1617
15.1051,1617
15.1105,1615
15.1162,1619
15.1218,1616
15.1272,1621
15.1329,1613
15.1385,1620
15.1442,1615
15.1495,1620
15.1551,1615
15.1608,1619
15.1662,1614
15.1718,1620
15.1774,1617
15.1828,1617
15.1885,1619
15.1941,1618
15.1995,1615
15.2051,1619
15.2108,1614
15.2161,1620
15.2218,1616
15.2274,1619
15.2328,1619
15.2385,1616
15.2439,1620
15.2495,1615
15.2552,1617
15.2608,1619
15.2662,1617
15.2718,1618
15.2774,1617
15.2828,1619
15.2885,1615
15.2939,1620
15.2995,1615
15.305,1620
15.3106,1617
15.3162,1620
15.3219,1616
15.3272,1619
15.3328,1616
15.3385,1618
15.3441,1617
15.3495,1618
15.3551,1617
15.3606,1619
15.3663,1617
15.3719,1617
15.3773,1619
15.383,1616
15.3884,1619
15.394,1617
15.3996,1618
15.405,1618
15.4106,1616
15.4162,1620
15.4219,1617
15.4272,1621
15.4329,1617
15.4385,1620
15.4439,1617
15.4496,1618
15.4552,1617
15.4606,1615
15.4662,1618
15.4719,1617
15.4772,1619
15.4829,1617
15.4885,1619
15.4939,1614
15.4996,1620
15.5052,1617
15.5106,1619
15.5162,1616
15.5219,1619
15.5272,1617
15.5329,1618
15.5385,1614
15.5439,1619
15.5496,1617
15.5552,1618
15.5608,1619
15.5662,1616
15.5718,1619
15.5774,1615
15.5828,1620
15.5884,1620
15.5941,1620
15.5995,1616
15.6051,1620
15.6108,1612
15.6161,1618
15.6218,1617
15.6274,1618
15.6331,1617
15.6384,1616
15.644,1619
15.6494,1614
15.6551,1618
15.6608,1615
15.6661,1619
15.6718,1617
15.6774,1620
15.6828,1614
15.6885,1622
15.6941,1617
15.6995,1620
15.7052,1617
15.7108,1616
15.7162,1616
15.7218,1616
15.7275,1617
15.7328,1617
15.7384,1618
15.7441,1615
15.7497,1619
15.7551,1615
15.7608,1620
15.7661,1614
15.7718,1617
15.7774,1616
15.7828,1621
15.7884,1617
15.7941,1619
15.7994,1618
15.8051,1617
15.8105,1620
15.8161,1617
15.8218,1619
15.8274,1616
15.8328,1620
15.8384,1615
15.8441,1619
15.8494,1617
15.8551,1619
15.8608,1617
15.8661,1618
15.8718,1618
15.8774,1616
15.8828,1621
15.8884,1615
15.8941,1619
15.8994,1618
15.9051,1618
15.9108,1619
15.9162,1616
15.9218,1619
15.9275,1618
15.9328,1618
15.9384,1618
15.9441,1620
15.9495,1616
15.9551,1618
15.9608,1619
15.9662,1618
15.9718,1618
15.9772,1617
15.9828,1620
15.9885,1616
15.9941,1620
15.9995,1617
16.005,1620
16.0107,1615
16.0163,1619
16.0217,1617
16.0274,1619
16.0328,1619
16.0384,1616
16.0441,1617
16.0497,1616
16.055,1619
16.0607,1613
16.0664,1621
16.0718,1617
16.0774,1617
16.0828,1616
16.0884,1620
16.0941,1616
16.0994,1619
16.1051,1617
16.1107,1619
16.1161,1617
16.1218,1615
16.1275,1619
16.1328,1616
16.1385,1618
16.1439,1616
16.1496,1620
16.1552,1615
16.1606,1620
16.1662,1614
16.1716,1620
16.1773,1618
16.1827,1619
16.1884,1618
16.194,1617
16.1996,1620
16.2051,1615
16.2107,1621
16.2163,1616
16.2217,1619
16.2274,1616
16.2328,1620
16.2385,1619
16.2441,1618
16.2495,1620
16.2552,1615
16.2608,1621
16.2662,1616
16.2718,1620
16.2773,1615
16.283,1617
16.2884,1617
16.294,1615
16.2997,1619
16.3051,1616
16.3107,1620
16.3163,1618
16.3217,1617
16.3274,1615
16.333,1618
16.3384,1616
16.3441,1618
16.3494,1615
16.3551,1616
16.3607,1615
16.3662,1618
16.3718,1616
16.3774,1615
16.3828,1619
16.3885,1615
16.3942,1621
16.3996,1617
16.4052,1618
16.4105,1618
16.4162,1617
16.4218,1618
16.4275,1616
16.4329,1616
16.4385,1619
16.4439,1616
16.4495,1619
16.4552,1616
16.4606,1619
16.4662,1617
16.4719,1620
16.4773,1616
16.4829,1619
16.4886,1617
16.494,1622
16.4997,1617
16.505,1619
16.5107,1616
16.5163,1618
16.5217,1617
16.5273,1618
16.533,1617
16.5384,1618
16.544,1619
16.5494,1614
16.5551,1621
16.5607,1616
16.5663,1620
16.5717,1617
16.5773,1617
16.5828,1618
16.5884,1618
16.5939,1619
16.5995,1617
16.605,1619
16.6107,1616
16.6163,1619
16.6217,1618
16.6273,1620
16.6328,1619
16.6384,1617
16.6439,1620
16.6496,1616
16.655,1619
16.6606,1617
16.6661,1621
16.6717,1616
16.6773,1619
16.6828,1616
16.6884,1620
16.6939,1613
16.6995,1620
16.705,1616
16.7106,1619
16.7162,1616
16.7217,1618
16.7273,1618
16.7328,1617
16.7384,1620
16.7439,1617
16.7495,1620
16.7551,1619
16.7606,1617
16.7662,1620
16.7717,1616
16.7773,1620
16.7828,1618
16.7884,1618
16.794,1618
16.7995,1616
16.8051,1619
16.8106,1616
16.8162,1619
16.8217,1615
16.8273,1621
16.8329,1617
16.8384,1620
16.844,1615
16.8495,1619
16.8551,1617
16.8607,1619
16.8662,1616
16.8718,1617
16.8773,1619
16.8829,1616
16.8884,1619
16.894,1615
16.8996,1618
16.9051,1615
16.9107,1618
16.9162,1617
16.9218,1619
16.9273,1621
16.9329,1618
16.9385,1621
16.944,1616
16.9496,1620
16.9551,1615
16.9607,1620
16.9663,1615
16.9718,1619
16.9774,1616
16.9829,1616
16.9885,1619
16.994,1617
16.9996,1617
17.0052,1617
17.0106,1616
17.0163,1617
17.0219,1617
17.0273,1620
17.0329,1615
17.0385,1619
17.0441,1617
17.0496,1619
17.0552,1616
17.0606,1618
17.0662,1618
17.0718,1618
17.0774,1618
17.0829,1614
17.0885,1619
