Experiment: Feb_8_Batch_expt_zeroed vial 13, Mon Feb  8 17:45:11 2021
0.0049,1643
0.0103,1639
0.0159,1634
0.0213,1629
0.0269,1623
0.0326,1623
0.0382,1631
0.0436,1628
0.0492,1627
0.0546,1622
0.0602,1628
0.0659,1629
0.0715,1627
0.0769,1624
0.0826,1628
0.088,1629
0.0936,1625
0.0992,1622
0.1046,1629
0.1102,1631
0.1159,1625
0.1215,1622
0.1269,1624
0.1325,1631
0.1381,1629
0.1435,1626
0.1491,1621
0.1548,1626
0.1604,1629
0.1658,1629
0.1715,1622
0.1768,1623
0.1825,1626
0.1881,1631
0.1938,1627
0.2032,1620
0.2046,1625
0.2103,1631
0.216,1632
0.2213,1626
0.2269,1620
0.2359,1623
0.238,1634
0.2436,1630
0.2493,1626
0.2607,1620
0.2622,1623
0.2659,1630
0.2713,1629
0.282,1623
0.2827,1624
0.2881,1627
0.2937,1630
0.3039,1628
0.3046,1621
0.3103,1624
0.3159,1631
0.3254,1630
0.3271,1625
0.3324,1621
0.3381,1626
0.3437,1630
0.354,1628
0.3567,1620
0.3604,1623
0.3658,1629
0.3764,1632
0.3788,1625
0.3825,1620
0.3881,1624
0.398,1629
0.3991,1629
0.4047,1621
0.4104,1621
0.4158,1627
0.4214,1632
0.427,1626
0.4327,1623
0.438,1626
0.4437,1631
0.4493,1629
0.4547,1625
0.4603,1620
0.466,1624
0.4713,1630
0.477,1630
0.4826,1624
0.488,1623
0.4937,1627
0.4993,1630
0.5047,1629
0.5103,1623
0.5159,1623
0.5216,1628
0.5269,1629
0.5326,1623
0.5379,1620
0.5436,1628
0.5492,1630
0.5549,1626
0.5602,1620
0.5659,1624
0.5715,1630
0.5769,1629
0.5825,1625
0.5881,1622
0.5938,1625
0.5992,1631
0.6048,1629
0.6102,1622
0.6159,1621
0.6215,1627
0.6269,1629
0.6324,1627
0.6381,1622
0.6437,1624
0.6491,1626
0.6547,1630
0.6603,1626
0.666,1622
0.6713,1627
0.6769,1628
0.6826,1630
0.6882,1621
0.6935,1623
0.6992,1628
0.7048,1629
0.7102,1626
0.7158,1621
0.7214,1624
0.7271,1631
0.7324,1626
0.7381,1623
0.7437,1624
0.7493,1627
0.7547,1629
0.7603,1627
0.766,1622
0.7713,1625
0.777,1630
0.7826,1629
0.7882,1623
0.7936,1625
0.7992,1629
0.8049,1630
0.8102,1622
0.8159,1623
0.8215,1630
0.8271,1629
0.8325,1628
0.8381,1621
0.8438,1624
0.8491,1629
0.8548,1629
0.8604,1625
0.8658,1620
0.8714,1624
0.877,1629
0.8827,1627
0.888,1621
0.8936,1622
0.8993,1629
0.9049,1630
0.9102,1624
0.9159,1621
0.9215,1625
0.9269,1629
0.9325,1630
0.9381,1625
0.9438,1622
0.9491,1625
0.9548,1631
0.9604,1629
0.9658,1621
0.9714,1622
0.977,1627
0.9827,1630
0.988,1625
0.9937,1623
0.9993,1625
1.0047,1629
1.0103,1627
1.016,1621
1.0213,1622
1.027,1629
1.0326,1627
1.0382,1623
1.0436,1624
1.0492,1627
1.0548,1630
1.0602,1627
1.0659,1622
1.0715,1625
1.0769,1631
1.0825,1632
1.0882,1621
1.0936,1623
1.0992,1625
1.1048,1632
1.1105,1626
1.1158,1619
1.1215,1623
1.1271,1629
1.1325,1629
1.1381,1624
1.1437,1621
1.1494,1626
1.1547,1628
1.1603,1628
1.166,1622
1.1713,1623
1.177,1630
1.1826,1629
1.1883,1626
1.1936,1621
1.1993,1625
1.2049,1630
1.2103,1629
1.2159,1623
1.2215,1622
1.2269,1628
1.2325,1630
1.238,1626
1.2436,1622
1.2492,1623
1.2548,1631
1.2605,1627
1.2658,1621
1.2714,1623
1.2771,1629
1.2824,1628
1.2881,1622
1.2938,1622
1.2991,1625
1.3048,1630
1.3104,1626
1.3158,1621
1.3215,1625
1.3271,1628
1.3325,1629
1.3381,1622
1.3438,1624
1.3492,1628
1.3548,1629
1.3604,1624
1.3658,1621
1.3715,1626
1.3771,1628
1.3825,1628
1.3882,1623
1.3938,1623
1.3992,1629
1.4048,1630
1.4102,1626
1.4158,1623
1.4215,1623
1.4271,1630
1.4325,1627
1.4381,1622
1.4437,1624
1.4491,1628
1.4547,1632
1.4604,1625
1.466,1622
1.4714,1625
1.477,1630
1.4826,1629
1.4883,1624
1.4936,1623
1.4992,1627
1.5048,1630
1.5105,1624
1.5158,1621
1.5215,1626
1.527,1630
1.5324,1629
1.5381,1621
1.5438,1622
1.5491,1629
1.5548,1629
1.5604,1624
1.5658,1623
1.5714,1626
1.577,1630
1.5827,1628
1.588,1622
1.5937,1623
1.5993,1628
1.6047,1628
1.6103,1624
1.6159,1622
1.6215,1627
1.6271,1629
1.6325,1628
1.6381,1620
1.6437,1624
1.6493,1630
1.6547,1628
1.6603,1624
1.6659,1622
1.6715,1626
1.6769,1630
1.6825,1627
1.6882,1622
1.6938,1622
1.6992,1628
1.7048,1630
1.7105,1624
1.7158,1622
1.7215,1627
1.7271,1630
1.7327,1628
1.7381,1623
1.7438,1622
1.7491,1629
1.7548,1629
1.7604,1624
1.7658,1621
1.7714,1627
1.7771,1631
1.7827,1628
1.7881,1624
1.7937,1622
1.7993,1628
1.8047,1629
1.8103,1623
1.816,1620
1.8214,1626
1.827,1633
1.8326,1626
1.8383,1622
1.8436,1623
1.8492,1627
1.8549,1629
1.8603,1622
1.8659,1622
1.8715,1627
1.8772,1629
1.8825,1626
1.8881,1621
1.8937,1623
1.8994,1629
1.9047,1631
1.9103,1624
1.9159,1627
1.9216,1625
1.9269,1630
1.9326,1625
1.9381,1622
1.9437,1624
1.9491,1629
1.9548,1629
1.9604,1625
1.9658,1623
1.9714,1626
1.977,1630
1.9827,1627
1.9881,1624
1.9937,1623
1.9993,1627
2.0047,1627
2.0104,1623
2.0158,1623
2.0214,1627
2.027,1630
2.0327,1625
2.0381,1622
2.0437,1623
2.0493,1630
2.0547,1627
2.0604,1625
2.066,1623
2.0714,1626
2.077,1629
2.0827,1626
2.088,1622
2.0937,1622
2.0993,1628
2.1047,1631
2.1103,1624
2.1159,1621
2.1216,1627
2.1269,1630
2.1326,1626
2.1382,1623
2.1438,1624
2.1492,1628
2.1548,1628
2.1604,1623
2.1658,1621
2.1714,1628
2.177,1630
2.1827,1628
2.188,1622
2.1937,1624
2.1992,1629
2.2048,1630
2.2102,1623
2.2158,1623
2.2215,1627
2.227,1630
2.2327,1627
2.2381,1622
2.2437,1625
2.2493,1632
2.2547,1628
2.2603,1623
2.266,1621
2.2713,1626
2.277,1628
2.2826,1623
2.2883,1623
2.2937,1625
2.2993,1629
2.3047,1626
2.3103,1623
2.3159,1626
2.3216,1631
2.3269,1627
2.3326,1623
2.3382,1622
2.3436,1627
2.3493,1630
2.3549,1625
2.3603,1622
2.3659,1626
2.3716,1631
2.3769,1626
2.3826,1622
2.3882,1623
2.3936,1628
2.3992,1629
2.4049,1624
2.4102,1622
2.4159,1626
2.4215,1630
2.4269,1628
2.4325,1624
2.4382,1623
2.4438,1627
2.4492,1631
2.4548,1625
2.4605,1623
2.4659,1625
2.4715,1629
2.4772,1625
2.4826,1621
2.4882,1625
2.4936,1631
2.4992,1628
2.5049,1624
2.5102,1622
2.5159,1625
2.5216,1631
2.527,1629
2.5326,1621
2.538,1624
2.5437,1629
2.5493,1628
2.5547,1625
2.5603,1621
2.566,1624
2.5714,1629
2.577,1629
2.5827,1626
2.5881,1621
2.5938,1626
2.5991,1631
2.6048,1627
2.6105,1624
2.6158,1623
2.6215,1628
2.6272,1630
2.6326,1626
2.6382,1620
2.6436,1624
2.6493,1628
2.6547,1630
2.6603,1622
2.666,1625
2.6714,1627
2.677,1629
2.6825,1622
2.6882,1622
2.6939,1626
2.6993,1631
2.7049,1627
2.7103,1622
2.716,1622
2.7214,1629
2.727,1631
2.7327,1625
2.7381,1621
2.7437,1625
2.7494,1631
2.7548,1627
2.7604,1622
2.7658,1624
2.7715,1628
2.7771,1628
2.7825,1624
2.7881,1621
2.7938,1626
2.7992,1630
2.8049,1627
2.8103,1622
2.8159,1623
2.8216,1629
2.8269,1632
2.8326,1626
2.8382,1623
2.8436,1624
2.8492,1630
2.855,1629
2.8604,1624
2.866,1623
2.8714,1628
2.877,1631
2.8827,1629
2.8883,1622
2.8937,1623
2.8994,1631
2.9048,1628
2.9104,1623
2.9158,1621
2.9214,1626
2.9271,1629
2.9327,1625
2.9381,1623
2.9437,1626
2.9491,1628
2.9548,1628
2.9605,1624
2.9659,1621
2.9716,1628
2.977,1630
2.9827,1626
2.9883,1622
2.9937,1624
2.9994,1630
3.0048,1630
3.0105,1625
3.0159,1621
3.0216,1626
3.0269,1630
3.0326,1627
3.0383,1622
3.0436,1623
3.0493,1628
3.0547,1629
3.0604,1628
3.066,1622
3.0714,1623
3.0771,1630
3.0825,1629
3.0881,1625
3.0937,1622
3.0994,1627
3.1047,1631
3.1103,1628
3.116,1624
3.1214,1624
3.1271,1627
3.1327,1629
3.1381,1624
3.1438,1623
3.1492,1627
3.1548,1629
3.1605,1626
3.1659,1622
3.1715,1625
3.177,1629
3.1826,1630
3.1882,1622
3.1936,1622
3.1993,1629
3.2049,1631
3.2103,1627
3.216,1623
3.2216,1622
3.227,1630
3.2327,1628
3.238,1624
3.2437,1622
3.2494,1624
3.2547,1630
3.2604,1626
3.266,1622
3.2714,1622
3.2771,1628
3.2825,1629
3.2882,1625
3.2938,1623
3.2992,1625
3.3049,1630
3.3103,1629
3.3159,1621
3.3216,1623
3.327,1629
3.3326,1630
3.3381,1625
3.3438,1620
3.3491,1624
3.3548,1630
3.3605,1628
3.3659,1621
3.3715,1622
3.3771,1628
3.3825,1631
3.3882,1626
3.3936,1623
3.3992,1626
3.4049,1631
3.4105,1627
3.4159,1622
3.4215,1623
3.4272,1627
3.4326,1629
3.4382,1627
3.4436,1622
3.4493,1624
3.4547,1630
3.4603,1629
3.466,1625
3.4716,1623
3.477,1629
3.4826,1628
3.488,1628
3.4937,1620
3.4994,1624
3.5048,1629
3.5104,1629
3.516,1622
3.5214,1620
3.527,1625
3.5327,1631
3.5381,1628
3.5437,1620
3.5493,1625
3.5548,1628
3.5604,1628
3.5658,1623
3.5715,1622
3.5771,1626
3.5825,1630
3.5881,1628
3.5938,1620
3.5992,1622
3.6048,1628
3.6102,1627
3.6159,1625
3.6216,1622
3.627,1625
3.6326,1630
3.6383,1628
3.6437,1624
3.6493,1625
3.6547,1628
3.6604,1628
3.6658,1624
3.6715,1623
3.6771,1628
3.6827,1630
3.6881,1625
3.6938,1622
3.6992,1628
3.7048,1630
3.7105,1627
3.7159,1623
3.7216,1622
3.7272,1630
3.7325,1629
3.7382,1624
3.7438,1622
3.7492,1628
3.7549,1631
3.7605,1626
3.7659,1621
3.7715,1624
3.7772,1629
3.7825,1629
3.7882,1624
3.7938,1621
3.7992,1625
3.8048,1630
3.8105,1626
3.8159,1621
3.8216,1625
3.8272,1629
3.8326,1625
3.8382,1622
3.8436,1623
3.8492,1630
3.8549,1631
3.8603,1624
3.866,1622
3.8714,1624
3.877,1631
3.8827,1629
3.8881,1623
3.8937,1620
3.8994,1628
3.9047,1629
3.9104,1626
3.916,1623
3.9214,1624
3.9271,1630
3.9328,1628
3.9381,1620
3.9438,1621
3.9494,1626
3.9548,1631
3.9604,1627
3.9661,1621
3.9715,1624
3.9772,1629
3.9825,1629
3.9882,1624
3.9938,1624
3.9995,1626
4.0048,1631
4.0105,1625
4.0158,1620
4.0215,1626
4.0272,1630
4.0326,1627
4.0382,1623
4.0439,1620
4.0492,1626
4.0548,1630
4.0605,1624
4.0658,1623
4.0715,1625
4.0772,1631
4.0826,1629
4.0882,1622
4.0939,1622
4.0992,1626
4.1049,1631
4.1103,1623
4.1159,1623
4.1215,1624
4.1272,1631
4.1325,1627
4.1382,1622
4.1439,1623
4.1492,1626
4.1549,1629
4.1603,1626
4.166,1620
4.1716,1623
4.177,1631
4.1826,1627
4.1882,1622
4.1938,1623
4.1994,1630
4.2048,1629
4.2104,1623
4.216,1623
4.2214,1626
4.2271,1628
4.2327,1624
4.2381,1620
4.2438,1625
4.2494,1629
4.2548,1626
4.2604,1620
4.2658,1621
4.2715,1627
4.2771,1631
4.2825,1624
4.2881,1620
4.2938,1623
4.2992,1629
4.3049,1625
4.3105,1622
4.3159,1624
4.3215,1629
4.3272,1628
4.3325,1624
4.3382,1624
4.3439,1627
4.3492,1630
4.3549,1626
4.3605,1622
4.3658,1623
4.3715,1630
4.3771,1628
4.3828,1624
4.3881,1621
4.3938,1626
4.3992,1628
4.4049,1627
4.4105,1622
4.4159,1625
4.4215,1631
4.4272,1629
4.4325,1623
4.4382,1620
4.4438,1626
4.4492,1630
4.4549,1628
4.4605,1621
4.4659,1623
4.4715,1629
4.4772,1630
4.4826,1625
4.4882,1620
4.4938,1625
4.4992,1629
4.5049,1628
4.5105,1624
4.5159,1622
4.5214,1628
4.527,1627
4.5327,1624
4.5383,1622
4.5437,1625
4.5492,1631
4.5548,1628
4.5605,1622
4.5659,1622
4.5715,1630
4.577,1629
4.5826,1624
4.5883,1621
4.5937,1626
4.5993,1629
4.6048,1624
4.6105,1622
4.6159,1624
4.6215,1629
4.6272,1630
4.6326,1624
4.6382,1622
4.6438,1625
4.6492,1631
4.6549,1629
4.6604,1620
4.6661,1622
4.6715,1627
4.6772,1629
4.6825,1624
4.6882,1622
4.6938,1625
4.6992,1629
4.7048,1627
4.7105,1622
4.7158,1624
4.7215,1628
4.7269,1628
4.7325,1623
4.7382,1624
4.7438,1626
4.7492,1631
4.7548,1627
4.7604,1620
4.7661,1626
4.7715,1629
4.7771,1630
4.7825,1623
4.7882,1623
4.7938,1626
4.7992,1631
4.8048,1626
4.8105,1621
4.8158,1627
4.8214,1629
4.8271,1625
4.8327,1623
4.8381,1626
4.8438,1629
4.8494,1629
4.8548,1624
4.8604,1622
4.8661,1626
4.8714,1630
4.8771,1625
4.8827,1622
4.8881,1623
4.8938,1630
4.8992,1629
4.9048,1623
4.9105,1625
4.9161,1628
4.9215,1629
4.9271,1625
4.9325,1620
4.9382,1625
4.9439,1629
4.9492,1626
4.9549,1624
4.9605,1621
4.9659,1624
4.9715,1629
4.9772,1626
4.9825,1623
4.9881,1625
4.9938,1631
4.9992,1627
5.0049,1620
5.0105,1625
5.0159,1631
5.0215,1627
5.0271,1623
5.0325,1624
5.0382,1630
5.0438,1628
5.0494,1623
5.0549,1622
5.0605,1628
5.0659,1631
5.0716,1625
5.077,1622
5.0826,1624
5.0882,1630
5.0939,1628
5.0993,1623
5.1049,1623
5.1103,1627
5.116,1628
5.1216,1624
5.127,1620
5.1326,1625
5.1383,1630
5.1436,1628
5.1493,1621
5.1549,1625
5.1606,1629
5.166,1627
5.1717,1623
5.177,1623
5.1827,1627
5.188,1630
5.1937,1624
5.1994,1622
5.205,1625
5.2104,1631
5.216,1626
5.2214,1621
5.227,1622
5.2325,1628
5.2382,1631
5.2438,1626
5.2492,1620
5.2548,1624
5.2604,1629
5.2661,1628
5.2714,1622
5.2771,1623
5.2827,1628
5.2883,1630
5.2936,1625
5.2992,1623
5.3049,1626
5.3105,1630
5.3159,1626
5.3215,1623
5.3269,1625
5.3325,1630
5.3382,1630
5.3438,1623
5.3492,1622
5.3549,1625
5.3605,1629
5.3659,1628
5.3715,1622
5.3771,1624
5.3826,1631
5.3882,1628
5.3939,1623
5.3992,1620
5.4049,1626
5.4105,1630
5.4159,1626
5.4215,1622
5.4272,1623
5.4326,1630
5.4383,1629
5.4436,1624
5.4493,1621
5.455,1625
5.4604,1630
5.466,1627
5.4717,1621
5.477,1625
5.4827,1628
5.4881,1628
5.4937,1622
5.4994,1622
5.5048,1628
5.5104,1626
5.5161,1625
5.5215,1622
5.5271,1628
5.5328,1628
5.5382,1626
5.5438,1621
5.5495,1626
5.5548,1629
5.5605,1626
5.5661,1621
5.5715,1624
5.5771,1629
5.5828,1629
5.5881,1623
5.5938,1623
5.5994,1628
5.6048,1629
5.6104,1625
5.616,1624
5.6217,1624
5.627,1631
5.6327,1630
5.6383,1621
5.6438,1624
5.6494,1627
5.6548,1631
5.6604,1627
5.6661,1620
5.6714,1622
5.6771,1629
5.6827,1628
5.6881,1622
5.6938,1620
5.6992,1626
5.7049,1630
5.7105,1626
5.7159,1621
5.7215,1624
5.7271,1629
5.7328,1629
5.7381,1623
5.7437,1621
5.7494,1628
5.7548,1630
5.7604,1626
5.7659,1622
5.7715,1625
5.7772,1630
5.7826,1630
5.7882,1623
5.7937,1622
5.7994,1627
5.8048,1630
5.8104,1626
5.8161,1623
5.8214,1626
5.8271,1630
5.8327,1629
5.8381,1621
5.8438,1622
5.8494,1627
5.8548,1630
5.8605,1625
5.8661,1622
5.8714,1625
5.8771,1629
5.8827,1632
5.8881,1621
5.8937,1628
5.8993,1628
5.9049,1631
5.9103,1624
5.9159,1622
5.9216,1628
5.9271,1629
5.9327,1627
5.9384,1622
5.9437,1621
5.9494,1628
5.9548,1631
5.9604,1625
5.9658,1621
5.9715,1626
5.9771,1630
5.9828,1629
5.9881,1621
5.9937,1621
5.9994,1626
6.0048,1632
6.0104,1626
6.0159,1621
6.0214,1623
6.0271,1629
6.0327,1632
6.0384,1625
6.0437,1620
6.0494,1625
6.0548,1627
6.0604,1631
6.066,1622
6.0715,1621
6.0771,1628
6.0828,1629
6.0881,1624
6.0938,1622
6.0994,1624
6.105,1630
6.1104,1628
6.116,1622
6.1217,1622
6.1271,1627
6.1328,1629
6.1381,1625
6.1438,1621
6.1494,1627
6.1548,1630
6.1604,1627
6.166,1623
6.1717,1623
6.1771,1630
6.1827,1630
6.1881,1623
6.1938,1620
6.1994,1625
6.205,1630
6.2104,1627
6.216,1623
6.2217,1623
6.227,1630
6.2327,1630
6.2381,1624
6.2437,1621
6.2494,1626
6.255,1629
6.2604,1627
6.2661,1622
6.2717,1622
6.2771,1626
6.2825,1629
6.2882,1629
6.2938,1622
6.2994,1623
6.3048,1630
6.3105,1629
6.3161,1623
6.3215,1624
6.3271,1628
6.3328,1632
6.3382,1626
6.3438,1623
6.3492,1625
6.3549,1630
6.3605,1628
6.3659,1622
6.3715,1623
6.3772,1625
6.3828,1631
6.3881,1626
6.3938,1623
6.3992,1624
6.4049,1631
6.4105,1629
6.4162,1623
6.4215,1622
6.4272,1629
6.4328,1631
6.4382,1626
6.4439,1620
6.4492,1625
6.4549,1629
6.4605,1628
6.4659,1623
6.4716,1621
6.4772,1627
6.4826,1629
6.4882,1625
6.4938,1621
6.4992,1627
6.5049,1630
6.5105,1629
6.5162,1622
6.5215,1621
6.5271,1626
6.5328,1630
6.5382,1625
6.5438,1621
6.5494,1625
6.5549,1629
6.5605,1629
6.5661,1623
6.5715,1622
6.5771,1628
6.5828,1631
6.5882,1624
6.5938,1622
6.5992,1626
6.6048,1628
6.6105,1628
6.6162,1622
6.6215,1621
6.6272,1628
6.6326,1630
6.6382,1625
6.6439,1623
6.6492,1626
6.6549,1629
6.6606,1625
6.6659,1623
6.6716,1622
6.6772,1630
6.6826,1629
6.6882,1623
6.6938,1623
6.6995,1625
6.7049,1630
6.7106,1626
6.7159,1622
6.7216,1623
6.7272,1628
6.7326,1629
6.7382,1624
6.7438,1622
6.7495,1626
6.7548,1631
6.7605,1626
6.7659,1622
6.7716,1624
6.7772,1629
6.7826,1627
6.7882,1622
6.7938,1623
6.7992,1628
6.8049,1629
6.8105,1625
6.8159,1621
6.8216,1627
6.8272,1630
6.8326,1628
6.8382,1621
6.8438,1624
6.8495,1629
6.8549,1627
6.8605,1623
6.8662,1625
6.8716,1629
6.8772,1627
6.8828,1623
6.8882,1623
6.8938,1626
6.8992,1630
6.9049,1628
6.9105,1623
6.9161,1624
6.9215,1630
6.9272,1628
6.9328,1623
6.9381,1624
6.9438,1626
6.9494,1630
6.9548,1626
6.9605,1622
6.9661,1622
6.9715,1629
6.9771,1630
6.9826,1626
6.9882,1622
6.9939,1627
6.9993,1629
7.0049,1628
7.0106,1621
7.016,1627
7.0216,1630
7.0272,1629
7.0326,1623
7.0383,1622
7.0439,1628
7.0493,1630
7.0549,1626
7.0606,1623
7.0659,1625
7.0716,1630
7.0772,1629
7.0826,1622
7.0883,1622
7.0939,1628
7.0993,1631
7.1049,1626
7.1106,1621
7.1159,1623
7.1216,1630
7.1273,1630
7.1327,1624
7.1383,1623
7.1439,1627
7.1493,1630
7.1549,1624
7.1606,1622
7.1659,1625
7.1716,1629
7.1772,1628
7.1826,1622
7.1883,1624
7.1939,1629
7.1993,1629
7.2049,1624
7.2106,1623
7.2159,1626
7.2215,1630
7.2272,1624
7.2328,1622
7.2382,1625
7.2439,1630
7.2492,1628
7.2549,1621
7.2605,1623
7.2662,1628
7.2715,1628
7.2772,1623
7.2828,1622
7.2882,1626
7.2939,1629
7.2995,1625
7.3049,1621
7.3105,1623
7.3159,1630
7.3215,1634
7.3272,1621
7.3328,1624
7.3382,1625
7.3438,1630
7.3492,1626
7.3549,1623
7.3605,1627
7.3659,1629
7.3716,1628
7.3773,1622
7.3827,1623
7.3883,1629
7.3939,1629
7.3993,1624
7.405,1623
7.4105,1628
7.4161,1630
7.4215,1625
7.427,1621
7.4327,1624
7.4383,1629
7.4437,1625
7.4493,1622
7.4548,1625
7.4605,1631
7.4661,1628
7.4715,1624
7.4771,1623
7.4827,1629
7.4883,1628
7.4937,1623
7.4993,1621
7.505,1627
7.5104,1627
7.516,1628
7.5217,1621
7.5273,1623
7.5327,1630
7.5383,1630
7.5439,1624
7.5493,1621
7.5549,1626
7.5605,1629
7.566,1626
7.5716,1621
7.5773,1625
7.5826,1630
7.5882,1629
7.5939,1623
7.5993,1621
7.6049,1627
7.6106,1629
7.616,1628
7.6216,1623
7.6273,1623
7.6326,1629
7.6383,1629
7.6439,1622
7.6493,1622
7.6549,1627
7.6606,1632
7.6659,1628
7.6716,1621
7.6773,1624
7.6826,1630
7.6883,1628
7.6939,1623
7.6992,1624
7.7049,1628
7.7105,1632
7.7162,1625
7.7216,1622
7.7272,1627
7.7328,1631
7.7382,1627
7.7438,1621
7.7495,1625
7.7549,1630
7.7605,1627
7.7661,1621
7.7715,1622
7.7772,1627
7.7828,1629
7.7882,1625
7.7938,1620
7.7995,1624
7.8048,1628
7.8105,1629
7.8161,1623
7.8218,1624
7.8272,1629
7.8328,1630
7.8382,1621
7.8438,1626
7.8495,1628
7.8548,1630
7.8604,1627
7.8661,1622
7.8717,1621
7.8771,1628
7.8828,1629
7.8884,1623
7.8938,1622
7.8994,1624
7.905,1630
7.9104,1628
7.916,1623
7.9217,1621
7.927,1628
7.9327,1629
7.9384,1626
7.9437,1623
7.9494,1625
7.955,1628
7.9604,1628
7.966,1623
7.9716,1624
7.9773,1627
7.9826,1629
7.9882,1623
7.9939,1622
7.9993,1628
8.005,1630
8.0106,1628
8.016,1623
8.0216,1624
8.0272,1628
8.0326,1631
8.0383,1624
8.0439,1620
8.0493,1624
8.0549,1631
8.0606,1628
8.0659,1623
8.0716,1623
8.0773,1627
8.0826,1629
8.0882,1626
8.0939,1621
8.0993,1625
8.1049,1630
8.1106,1625
8.1159,1623
8.1216,1624
8.1272,1629
8.1329,1628
8.1382,1625
8.1439,1620
8.1493,1625
8.1549,1630
8.1605,1627
8.1662,1622
8.1715,1624
8.1772,1628
8.1828,1629
8.1882,1625
8.1938,1623
8.1995,1627
8.2049,1630
8.2105,1625
8.2161,1622
8.2218,1625
8.2271,1629
8.2328,1626
8.2381,1624
8.2438,1622
8.2494,1628
8.2551,1629
8.2605,1625
8.2661,1620
8.2717,1624
8.2771,1631
8.2827,1627
8.2884,1621
8.294,1623
8.2993,1627
8.305,1629
8.3106,1624
8.316,1620
8.3217,1625
8.3273,1631
8.3327,1627
8.3383,1622
8.3439,1623
8.3493,1626
8.3549,1629
8.3606,1624
8.3662,1622
8.3716,1625
8.3772,1631
8.3826,1628
8.3882,1622
8.3939,1625
8.3995,1629
8.4049,1627
8.4104,1623
8.4161,1624
8.4217,1629
8.4271,1629
8.4327,1624
8.4384,1622
8.4437,1625
8.4494,1631
8.455,1628
8.4604,1622
8.466,1624
8.4717,1629
8.4771,1629
8.4827,1623
8.4883,1623
8.4937,1628
8.4993,1631
8.505,1626
8.5106,1623
8.516,1625
8.5216,1628
8.5273,1627
8.5327,1623
8.5383,1623
8.5439,1626
8.5493,1629
8.5549,1626
8.5606,1623
8.5659,1623
8.5715,1627
8.5772,1630
8.5828,1625
8.5882,1621
8.5938,1624
8.5995,1631
8.6048,1628
8.6105,1621
8.6161,1623
8.6215,1628
8.6271,1630
8.6327,1625
8.6383,1621
8.6437,1627
8.6494,1629
8.655,1627
8.6606,1622
8.666,1623
8.6716,1628
8.6773,1631
8.6826,1623
8.6883,1622
8.6939,1627
8.6993,1630
8.7049,1627
8.7106,1622
8.7159,1625
8.7216,1629
8.7272,1630
8.7328,1624
8.7382,1621
8.7438,1626
8.7492,1629
8.7549,1626
8.7605,1622
8.7662,1624
8.7716,1625
8.7772,1629
8.7828,1625
8.7882,1622
8.7938,1624
8.7995,1630
8.8049,1628
8.8105,1621
8.8162,1624
8.8215,1629
8.8272,1631
8.8328,1623
8.8382,1623
8.8438,1625
8.8494,1628
8.8551,1628
8.8605,1621
8.8661,1623
8.8717,1628
8.8771,1628
8.8827,1624
8.8884,1622
8.8937,1625
8.8994,1631
8.905,1629
8.9104,1622
8.9161,1625
8.9215,1628
8.9271,1629
8.9328,1622
8.9384,1623
8.9438,1628
8.9493,1628
8.9549,1624
8.9606,1621
8.966,1625
8.9717,1630
8.9771,1627
8.9828,1623
8.9882,1623
8.9938,1628
8.9995,1630
9.0049,1624
9.0105,1621
9.0162,1625
9.0216,1629
9.0272,1626
9.0328,1623
9.0384,1622
9.0438,1628
9.0494,1629
9.0548,1626
9.0604,1622
9.0661,1625
9.0716,1629
9.077,1628
9.0826,1622
9.0883,1624
9.094,1627
9.0993,1628
9.105,1624
9.1106,1622
9.116,1627
9.1216,1630
9.1272,1626
9.1329,1622
9.1382,1622
9.1438,1628
9.1495,1629
9.1549,1624
9.1605,1622
9.1662,1625
9.1715,1630
9.1772,1624
9.1826,1622
9.1882,1625
9.1938,1627
9.1995,1628
9.2048,1624
9.2105,1622
9.2162,1627
9.2215,1629
9.2271,1625
9.2328,1622
9.2382,1625
9.2438,1631
9.2495,1628
9.2548,1622
9.2605,1623
9.2661,1629
9.2717,1630
9.2771,1623
9.2827,1623
9.2884,1628
9.2938,1631
9.2995,1626
9.3049,1620
9.3105,1624
9.3161,1629
9.3218,1627
9.3271,1621
9.3328,1622
9.3384,1627
9.3438,1630
9.3494,1626
9.3551,1623
9.3604,1626
9.3661,1630
9.3717,1629
9.3771,1622
9.3827,1623
9.3884,1627
9.3938,1630
9.3994,1624
9.4051,1621
9.4104,1625
9.4161,1630
9.4217,1625
9.4271,1623
9.4327,1622
9.4383,1628
9.444,1629
9.4494,1623
9.455,1621
9.4604,1625
9.466,1631
9.4716,1625
9.4773,1622
9.4827,1622
9.4883,1628
9.4939,1628
9.4995,1623
9.505,1623
9.5106,1626
9.5159,1629
9.5216,1623
9.5272,1622
9.5329,1626
9.5382,1631
9.5439,1627
9.5495,1621
9.5549,1627
9.5606,1628
9.5662,1629
9.5716,1621
9.5772,1623
9.5828,1630
9.5882,1628
9.5938,1624
9.5995,1621
9.6049,1626
9.6105,1629
9.6162,1627
9.6218,1622
9.6272,1626
9.6328,1629
9.6384,1630
9.6438,1622
9.6494,1623
9.6551,1629
9.6605,1629
9.6661,1622
9.6718,1623
9.6771,1627
9.6827,1631
9.6884,1627
9.694,1622
9.6993,1623
9.705,1629
9.7106,1631
9.716,1623
9.7217,1621
9.7273,1628
9.7327,1629
9.7383,1627
9.744,1622
9.7493,1622
9.755,1629
9.7606,1629
9.766,1623
9.7717,1624
9.7773,1626
9.7827,1630
9.7883,1627
9.794,1623
9.7993,1624
9.805,1630
9.8106,1628
9.816,1624
9.8216,1623
9.8273,1626
9.8327,1629
9.8383,1626
9.844,1620
9.8493,1626
9.855,1630
9.8606,1629
9.866,1621
9.8716,1622
9.8773,1626
9.8827,1631
9.8883,1625
9.8939,1621
9.8996,1626
9.905,1629
9.9106,1626
9.9162,1622
9.9216,1622
9.9273,1630
9.9329,1630
9.9382,1623
9.9439,1624
9.9495,1625
9.9549,1630
9.9605,1626
9.9662,1622
9.9716,1623
9.9772,1629
9.9828,1629
9.9885,1624
9.9938,1622
9.9994,1627
10.0051,1630
10.0105,1626
10.0161,1623
10.0217,1625
10.0271,1631
10.0328,1629
10.0384,1622
10.0438,1621
10.0494,1627
10.055,1631
10.0607,1627
10.066,1622
10.0717,1623
10.0771,1630
10.0827,1628
10.0883,1624
10.094,1621
10.0993,1626
10.105,1630
10.1106,1628
10.116,1622
10.1216,1624
10.1273,1628
10.1327,1627
10.1383,1625
10.144,1624
10.1493,1625
10.1549,1631
10.1606,1627
10.1659,1623
10.1716,1623
10.1772,1628
10.1829,1629
10.1883,1626
10.1939,1622
10.1996,1626
10.2049,1629
10.2106,1626
10.2162,1622
10.2216,1624
10.2272,1628
10.2327,1631
10.2384,1627
10.2438,1621
10.2495,1624
10.2551,1630
10.2605,1629
10.2661,1622
10.2717,1622
10.2771,1627
10.2828,1633
10.2884,1627
10.2938,1621
10.2995,1623
10.3051,1629
10.3105,1629
10.3161,1622
10.3216,1623
10.3272,1628
10.3326,1628
10.3383,1627
10.3439,1621
10.3493,1624
10.355,1629
10.3605,1628
10.3661,1619
10.3718,1622
10.3771,1629
10.3828,1631
10.3883,1626
10.3939,1620
10.3993,1623
10.405,1630
10.4106,1628
10.4161,1623
10.4217,1622
10.4274,1628
10.4327,1630
10.4383,1624
10.4439,1622
10.4496,1626
10.455,1631
10.4606,1627
10.4662,1622
10.4716,1623
10.4772,1630
10.4829,1629
10.4883,1624
10.4939,1620
10.4995,1624
10.5049,1629
10.5106,1628
10.5162,1622
10.5216,1621
10.5272,1629
10.5329,1629
10.5382,1627
10.5439,1622
10.5495,1625
10.5551,1630
10.5605,1628
10.5662,1621
10.5718,1625
10.5772,1628
10.5828,1629
10.5882,1625
10.5938,1623
10.5995,1628
10.6051,1631
10.6105,1627
10.6162,1623
10.6218,1626
10.6272,1630
10.6328,1628
10.6382,1623
10.6438,1624
10.6495,1627
10.6551,1629
10.6605,1624
10.6662,1623
10.6718,1626
10.6772,1630
10.6828,1628
10.6884,1622
10.6938,1624
10.6994,1629
10.705,1630
10.7104,1622
10.716,1621
10.7217,1625
10.7271,1630
10.7327,1628
10.7384,1622
10.744,1624
10.7494,1628
10.755,1630
10.7604,1624
10.7661,1622
10.7718,1625
10.7771,1631
10.7828,1627
10.7884,1622
10.794,1623
10.7994,1630
10.805,1629
10.8104,1625
10.816,1622
10.8217,1628
10.8271,1629
10.8327,1626
10.8384,1624
10.8441,1624
10.8494,1628
10.8551,1627
10.8607,1623
10.866,1624
10.8717,1628
10.8774,1628
10.8827,1625
10.8884,1623
10.8937,1623
10.8994,1628
10.905,1628
10.9107,1622
10.916,1622
10.9216,1627
10.9273,1631
10.9327,1624
10.9383,1622
10.9439,1625
10.9496,1631
10.9549,1629
10.9606,1621
10.9662,1623
10.9715,1629
10.9772,1628
10.9828,1625
10.9882,1622
10.9939,1626
10.9994,1630
11.005,1628
11.0107,1622
11.0161,1621
11.0217,1628
11.0273,1628
11.0327,1623
11.0383,1620
11.044,1623
11.0494,1630
11.055,1628
11.0607,1622
11.066,1623
11.0717,1627
11.0773,1629
11.0829,1626
11.0883,1622
11.094,1626
11.0994,1630
11.105,1626
11.1106,1622
11.116,1623
11.1216,1629
11.1273,1634
11.1329,1625
11.1383,1622
11.1439,1626
11.1493,1633
11.155,1628
11.1606,1620
11.166,1624
11.1716,1627
11.1773,1629
11.1829,1625
11.1883,1621
11.1939,1625
11.1996,1628
11.205,1629
11.2104,1621
11.2161,1622
11.2217,1628
11.2273,1630
11.2327,1625
11.2383,1621
11.244,1625
11.2494,1629
11.255,1627
11.2607,1627
11.266,1621
11.2717,1627
11.2773,1630
11.2827,1627
11.2883,1623
11.294,1625
11.2993,1629
11.305,1629
11.3106,1622
11.316,1623
11.3217,1627
11.3273,1631
11.3329,1625
11.3383,1619
11.3439,1623
11.3493,1629
11.3549,1629
11.3606,1623
11.3662,1620
11.3717,1623
11.3773,1630
11.3827,1629
11.3883,1623
11.3939,1621
11.3996,1627
11.4049,1630
11.4106,1625
11.4162,1623
11.4217,1625
11.4273,1631
11.4327,1628
11.4383,1622
11.4439,1623
11.4496,1627
11.455,1629
11.4606,1626
11.4663,1622
11.4717,1624
11.4773,1631
11.4827,1629
11.4883,1621
11.494,1624
11.4996,1628
11.505,1628
11.5106,1623
11.516,1623
11.5216,1627
11.5273,1631
11.5327,1625
11.5383,1622
11.544,1624
11.5493,1630
11.555,1627
11.5606,1623
11.566,1624
11.5716,1628
11.5773,1632
11.5827,1625
11.5883,1621
11.594,1622
11.5994,1630
11.605,1629
11.6106,1623
11.616,1625
11.6216,1627
11.6273,1630
11.6327,1626
11.6383,1622
11.6439,1625
11.6493,1628
11.6549,1630
11.6606,1626
11.6662,1625
11.6716,1625
11.6772,1631
11.6827,1629
11.6883,1621
11.6939,1621
11.6996,1629
11.705,1629
11.7106,1626
11.716,1622
11.7216,1623
11.7273,1629
11.7327,1629
11.7383,1621
11.7438,1620
11.7495,1626
11.7551,1628
11.7607,1626
11.7661,1621
11.7716,1623
11.7773,1629
11.7827,1628
11.7884,1623
11.794,1621
11.7994,1626
11.805,1630
11.8107,1628
11.816,1622
11.8217,1624
11.8273,1627
11.8329,1629
11.8383,1624
11.844,1624
11.8493,1628
11.855,1630
11.8606,1626
11.8663,1623
11.8716,1624
11.8773,1630
11.8828,1631
11.8885,1622
11.8939,1621
11.8995,1626
11.9051,1632
11.9105,1627
11.9161,1622
11.9218,1622
11.9271,1628
11.9328,1631
11.9384,1624
11.9441,1621
11.9495,1625
11.9551,1628
11.9604,1627
11.9661,1622
11.9717,1625
11.9773,1629
11.983,1628
11.9883,1624
11.994,1623
11.9994,1627
12.0051,1629
12.0105,1627
12.0161,1621
12.0217,1625
12.0274,1631
12.0328,1630
12.0384,1621
12.0438,1622
12.0494,1628
12.0551,1630
12.0605,1628
12.0661,1621
12.0718,1622
12.0774,1629
12.0828,1630
12.0884,1624
12.0941,1621
12.0994,1624
12.1051,1631
12.1105,1629
12.1161,1623
12.1217,1624
12.1274,1628
12.1327,1630
12.1384,1628
12.144,1622
12.1494,1624
12.155,1629
12.1607,1630
12.1661,1624
12.1717,1623
12.1774,1626
12.1828,1631
12.1884,1627
12.194,1622
12.1994,1624
12.205,1629
12.2107,1630
12.216,1626
12.2217,1621
12.2274,1624
12.2327,1630
12.2384,1628
12.244,1622
12.2496,1622
12.255,1628
12.2606,1630
12.2663,1628
12.2717,1621
12.2773,1623
12.283,1632
12.2883,1630
12.294,1624
12.2996,1621
12.305,1628
12.3106,1629
12.3163,1628
12.3217,1622
12.3273,1624
12.333,1629
12.3383,1629
12.344,1624
12.3496,1622
12.355,1624
12.3607,1631
12.366,1627
12.3717,1621
12.3771,1624
12.3828,1628
12.3884,1631
12.3941,1626
12.3994,1622
12.4051,1624
12.4105,1630
12.4161,1631
12.4218,1622
12.4272,1621
12.4328,1628
12.4385,1629
12.4438,1626
12.4495,1622
12.455,1624
12.4606,1630
12.4663,1629
12.4716,1622
12.4773,1623
12.4827,1624
12.4884,1631
12.494,1628
12.4996,1623
12.505,1624
12.5106,1630
12.516,1628
12.5217,1625
12.5273,1623
12.5327,1625
12.5384,1630
12.544,1628
12.5496,1624
12.555,1623
12.5606,1626
12.566,1631
12.5716,1626
12.5773,1621
12.5829,1624
12.5883,1629
12.594,1630
12.5994,1624
12.605,1621
12.6107,1627
12.616,1630
12.6217,1629
12.6273,1622
12.633,1623
12.6384,1628
12.644,1629
12.6494,1623
12.655,1622
12.6606,1626
12.6663,1628
12.6716,1626
12.6773,1623
12.6829,1623
12.6883,1629
12.694,1630
12.6994,1626
12.705,1622
12.7107,1626
12.7161,1631
12.7217,1626
12.7273,1623
12.733,1624
12.7383,1629
12.744,1629
12.7494,1623
12.755,1623
12.7607,1626
12.766,1630
12.7717,1626
12.7773,1620
12.783,1623
12.7883,1628
12.794,1631
12.7994,1626
12.805,1622
12.8105,1625
12.8161,1632
12.8218,1627
12.8272,1623
12.8328,1622
12.8383,1628
12.844,1630
12.8494,1626
12.8551,1621
12.8607,1625
12.8661,1629
12.8717,1628
12.8773,1621
12.883,1621
12.8883,1627
12.894,1629
12.8996,1626
12.905,1622
12.9106,1623
12.9163,1631
12.9217,1629
12.9273,1624
12.9329,1622
12.9383,1627
12.944,1629
12.9496,1626
12.955,1622
12.9607,1623
12.9663,1630
12.9717,1629
12.9773,1625
12.9827,1625
12.9883,1627
12.994,1628
12.9994,1626
13.0051,1623
13.0105,1623
13.0161,1629
13.0218,1628
13.0274,1622
13.0328,1622
13.0384,1628
13.0441,1630
13.0494,1624
13.0551,1620
13.0607,1624
13.0661,1629
13.0718,1626
13.0774,1622
13.0828,1621
13.0884,1629
13.094,1629
13.0994,1626
13.105,1622
13.1107,1625
13.1163,1630
13.1217,1628
13.1274,1622
13.1328,1624
13.1384,1627
13.1441,1629
13.1494,1626
13.1551,1622
13.1607,1625
13.1661,1630
13.1717,1628
13.1773,1623
13.1829,1621
13.1886,1627
13.1939,1629
13.1995,1626
13.2051,1623
13.2107,1627
13.2161,1630
13.2217,1627
13.2274,1622
13.2328,1623
13.2383,1629
13.2439,1630
13.2496,1625
13.2549,1623
13.2606,1625
13.2661,1632
13.2717,1626
13.2772,1623
13.2829,1622
13.2885,1629
13.2939,1628
13.2995,1623
13.3052,1620
13.3105,1627
13.3162,1631
13.3217,1625
13.3274,1622
13.3328,1626
13.3384,1629
13.3441,1629
13.3494,1623
13.3551,1621
13.3605,1627
13.3661,1632
13.3718,1626
13.3774,1621
13.383,1623
13.3884,1629
13.3941,1626
13.3995,1624
13.4051,1624
13.4105,1630
13.4161,1631
13.4216,1627
13.4272,1622
13.4329,1624
13.4385,1629
13.4439,1630
13.4494,1624
13.455,1623
13.4607,1625
13.466,1632
13.4717,1628
13.4772,1622
13.4829,1623
13.4885,1629
13.4939,1629
13.4996,1625
13.5049,1623
13.5106,1624
13.5162,1631
13.5218,1626
13.5272,1623
13.5329,1623
13.5382,1630
13.5439,1628
13.5496,1623
13.5549,1622
13.5606,1628
13.5662,1631
13.5719,1627
13.5772,1622
13.5829,1625
13.5885,1632
13.5939,1628
13.5995,1623
13.6052,1620
13.6105,1626
13.6162,1630
13.6218,1628
13.6272,1622
13.6328,1623
13.6385,1631
13.6438,1631
13.6495,1624
13.6551,1622
13.6605,1624
13.6662,1629
13.6718,1627
13.6772,1623
13.6828,1624
13.6885,1628
13.6939,1630
13.6995,1625
13.705,1624
13.7107,1630
13.7161,1630
13.7217,1625
13.7274,1622
13.7328,1624
13.7384,1630
13.7441,1629
13.7494,1624
13.755,1624
13.7607,1627
13.7661,1628
13.7717,1625
13.7773,1621
13.783,1625
13.7883,1630
13.794,1629
13.7996,1623
13.805,1624
13.8106,1628
13.8163,1630
13.8217,1626
13.8273,1621
13.8329,1624
13.8383,1628
13.8439,1628
13.8496,1620
13.855,1623
13.8606,1630
13.8662,1629
13.8719,1624
13.8773,1621
13.8829,1630
13.8886,1631
13.8939,1625
13.8996,1621
13.9049,1624
13.9106,1631
13.9162,1627
13.9218,1623
13.9272,1622
13.9329,1626
13.9383,1630
13.9439,1626
13.9495,1622
13.9552,1625
13.9605,1629
13.9662,1628
13.9718,1622
13.9772,1623
13.9828,1628
13.9884,1629
13.9941,1627
13.9994,1619
14.0051,1624
14.0108,1630
14.0161,1630
14.0218,1624
14.0274,1623
14.0328,1628
14.0384,1631
14.0441,1627
14.0495,1621
14.0551,1624
14.0608,1628
14.0661,1628
14.0718,1622
14.0774,1625
14.0828,1632
14.0885,1628
14.0941,1625
14.0995,1621
14.1051,1625
14.1108,1631
14.1161,1629
14.1218,1625
14.1274,1623
14.1328,1631
14.1385,1628
14.1439,1623
14.1496,1621
14.1552,1627
14.1606,1631
14.1662,1627
14.1716,1621
14.1772,1624
14.1829,1629
14.1883,1628
14.1939,1624
14.1996,1622
14.2052,1627
14.2106,1630
14.2162,1624
14.2219,1622
14.2272,1624
14.2329,1630
14.2383,1630
14.2439,1624
14.2496,1623
14.2552,1627
14.2605,1631
14.2662,1629
14.2718,1622
14.2775,1622
14.2828,1627
14.2885,1631
14.2939,1626
14.2995,1621
14.3052,1623
14.3106,1630
14.3162,1629
14.3218,1623
14.3275,1620
14.3328,1625
14.3385,1631
14.3439,1626
14.3496,1621
14.3552,1625
14.3605,1631
14.3662,1630
14.3718,1624
14.3772,1621
14.3829,1627
14.3885,1629
14.3939,1628
14.3995,1620
14.4052,1624
14.4106,1629
14.4162,1627
14.4218,1625
14.4272,1623
14.4328,1625
14.4384,1631
14.4441,1627
14.4495,1622
14.4551,1621
14.4608,1628
14.4662,1630
14.4718,1626
14.4772,1622
14.4828,1626
14.4884,1630
14.4941,1628
14.4995,1623
14.5052,1620
14.5106,1627
14.5162,1631
14.5219,1625
14.5272,1621
14.5329,1625
14.5385,1629
14.5439,1629
14.5495,1623
14.5552,1624
14.5606,1629
14.5662,1631
14.5719,1626
14.5772,1621
14.5829,1626
14.5886,1631
14.5939,1627
14.5996,1623
14.605,1622
14.6106,1629
14.6163,1630
14.6219,1624
14.6273,1622
14.6329,1626
14.6386,1628
14.6439,1625
14.6494,1621
14.655,1625
14.6607,1630
14.6661,1628
14.6717,1621
14.6772,1622
14.6829,1629
14.6885,1629
14.6939,1621
14.6995,1621
14.7051,1627
14.7107,1630
14.7161,1627
14.7218,1623
14.7274,1624
14.7327,1628
14.7384,1629
14.744,1624
14.7497,1622
14.755,1625
14.7607,1629
14.7661,1628
14.7718,1623
14.7774,1624
14.7828,1629
14.7884,1629
14.7941,1623
14.7994,1623
14.8051,1626
14.8107,1629
14.8161,1626
14.8218,1622
14.8274,1624
14.833,1629
14.8384,1628
14.844,1624
14.8497,1623
14.855,1625
14.8605,1630
14.8662,1628
14.8716,1622
14.8773,1624
14.8829,1629
14.8884,1628
14.894,1623
14.8996,1622
14.905,1626
14.9107,1632
14.9162,1628
14.9216,1622
14.9273,1622
14.9329,1627
14.9386,1631
14.9439,1624
14.9496,1621
14.9552,1625
14.9606,1629
14.9662,1628
14.9716,1621
14.9773,1624
14.9829,1628
14.9886,1630
14.9939,1627
14.9995,1622
15.0052,1624
15.0105,1629
15.0162,1628
15.0217,1624
15.0274,1623
15.0328,1627
15.0384,1628
15.044,1623
15.0495,1621
15.0552,1624
15.0608,1631
15.0662,1629
15.0718,1621
15.0772,1621
15.0829,1629
15.0885,1629
15.0941,1626
15.0995,1620
15.1051,1622
15.1105,1631
15.1162,1629
15.1218,1624
15.1272,1621
15.1329,1626
15.1385,1628
15.1442,1629
15.1495,1621
15.1551,1622
15.1608,1628
15.1662,1629
15.1718,1625
15.1774,1623
15.1828,1625
15.1885,1630
15.1941,1629
15.1995,1623
15.2051,1624
15.2108,1629
15.2161,1629
15.2218,1623
15.2274,1621
15.2328,1628
15.2385,1631
15.2439,1627
15.2495,1621
15.2552,1623
15.2608,1629
15.2662,1630
15.2718,1624
15.2774,1622
15.2828,1626
15.2885,1631
15.2939,1627
15.2995,1622
15.305,1625
15.3106,1628
15.3162,1630
15.3219,1623
15.3272,1621
15.3328,1626
15.3385,1628
15.3441,1626
15.3495,1623
15.3551,1625
15.3606,1630
15.3663,1628
15.3719,1623
15.3773,1624
15.383,1627
15.3884,1630
15.394,1624
15.3996,1622
15.405,1625
15.4106,1628
15.4162,1631
15.4219,1625
15.4272,1623
15.4329,1628
15.4385,1628
15.4439,1626
15.4496,1622
15.4552,1625
15.4606,1630
15.4662,1629
15.4719,1625
15.4772,1620
15.4829,1627
15.4885,1629
15.4939,1626
15.4996,1621
15.5052,1624
15.5106,1630
15.5162,1628
15.5219,1622
15.5272,1621
15.5329,1627
15.5385,1628
15.5439,1626
15.5496,1623
15.5552,1625
15.5608,1629
15.5662,1627
15.5718,1623
15.5774,1621
15.5828,1627
15.5884,1635
15.5941,1629
15.5995,1622
15.6051,1623
15.6108,1631
15.6161,1631
15.6218,1624
15.6274,1622
15.6331,1627
15.6384,1631
15.644,1628
15.6494,1624
15.6551,1624
15.6608,1628
15.6661,1629
15.6718,1623
15.6774,1621
15.6828,1627
15.6885,1631
15.6941,1626
15.6995,1622
15.7052,1623
15.7108,1628
15.7162,1631
15.7218,1626
15.7275,1623
15.7328,1626
15.7384,1629
15.7441,1624
15.7497,1620
15.7551,1625
15.7608,1629
15.7661,1630
15.7718,1622
15.7774,1622
15.7828,1626
15.7884,1631
15.7941,1629
15.7994,1623
15.8051,1623
15.8105,1628
15.8161,1629
15.8218,1623
15.8274,1620
15.8328,1624
15.8384,1630
15.8441,1627
15.8494,1623
15.8551,1621
15.8608,1627
15.8661,1630
15.8718,1623
15.8774,1622
15.8828,1626
15.8884,1630
15.8941,1625
15.8994,1622
15.9051,1624
15.9108,1628
15.9162,1628
15.9218,1624
15.9275,1621
15.9328,1629
15.9384,1629
15.9441,1624
15.9495,1620
15.9551,1625
15.9608,1628
15.9662,1627
15.9718,1621
15.9772,1623
15.9828,1628
15.9885,1629
15.9941,1623
15.9995,1621
16.005,1628
16.0107,1632
16.0163,1627
16.0217,1622
16.0274,1621
16.0328,1629
16.0384,1630
16.0441,1624
16.0497,1620
16.055,1625
16.0607,1629
16.0664,1627
16.0718,1623
16.0774,1621
16.0828,1627
16.0884,1629
16.0941,1627
16.0994,1622
16.1051,1622
16.1107,1627
16.1161,1631
16.1218,1624
16.1275,1620
16.1328,1626
16.1385,1630
16.1439,1628
16.1496,1623
16.1552,1623
16.1606,1628
16.1662,1629
16.1716,1626
16.1773,1622
16.1827,1625
16.1884,1629
16.194,1626
16.1996,1623
16.2051,1624
16.2107,1629
16.2163,1628
16.2217,1623
16.2274,1623
16.2328,1629
16.2385,1630
16.2441,1625
16.2495,1621
16.2552,1623
16.2608,1631
16.2662,1628
16.2718,1622
16.2773,1623
16.283,1628
16.2884,1629
16.294,1624
16.2997,1621
16.3051,1629
16.3107,1628
16.3163,1624
16.3217,1622
16.3274,1622
16.333,1628
16.3384,1628
16.3441,1623
16.3494,1621
16.3551,1626
16.3607,1629
16.3662,1624
16.3718,1621
16.3774,1624
16.3828,1631
16.3885,1627
16.3942,1620
16.3996,1623
16.4052,1628
16.4105,1630
16.4162,1625
16.4218,1621
16.4275,1624
16.4329,1630
16.4385,1629
16.4439,1623
16.4495,1624
16.4552,1624
16.4606,1628
16.4662,1629
16.4719,1621
16.4773,1623
16.4829,1628
16.4886,1629
16.494,1625
16.4997,1621
16.505,1626
16.5107,1630
16.5163,1627
16.5217,1623
16.5273,1624
16.533,1627
16.5384,1629
16.544,1624
16.5494,1622
16.5551,1626
16.5607,1631
16.5663,1628
16.5717,1622
16.5773,1623
16.5828,1627
16.5884,1629
16.5939,1623
16.5995,1622
16.605,1625
16.6107,1631
16.6163,1626
16.6217,1623
16.6273,1622
16.6328,1629
16.6384,1629
16.6439,1625
16.6496,1621
16.655,1625
16.6606,1629
16.6661,1626
16.6717,1621
16.6773,1623
16.6828,1630
16.6884,1632
16.6939,1625
16.6995,1622
16.705,1626
16.7106,1631
16.7162,1627
16.7217,1622
16.7273,1624
16.7328,1629
16.7384,1627
16.7439,1623
16.7495,1622
16.7551,1626
16.7606,1630
16.7662,1625
16.7717,1621
16.7773,1625
16.7828,1630
16.7884,1629
16.794,1623
16.7995,1623
16.8051,1628
16.8106,1629
16.8162,1624
16.8217,1621
16.8273,1626
16.8329,1631
16.8384,1625
16.844,1622
16.8495,1623
16.8551,1631
16.8607,1628
16.8662,1623
16.8718,1623
16.8773,1626
16.8829,1631
16.8884,1627
16.894,1622
16.8996,1626
16.9051,1630
16.9107,1628
16.9162,1622
16.9218,1624
16.9273,1629
16.9329,1630
16.9385,1624
16.944,1622
16.9496,1628
16.9551,1626
16.9607,1625
16.9663,1622
16.9718,1625
16.9774,1630
16.9829,1627
16.9885,1622
16.994,1623
16.9996,1630
17.0052,1629
17.0106,1624
17.0163,1623
17.0219,1627
17.0273,1629
17.0329,1627
17.0385,1623
17.0441,1624
17.0496,1630
17.0552,1628
17.0606,1625
17.0662,1623
17.0718,1629
17.0774,1631
17.0829,1625
17.0885,1623
