Experiment: Feb_8_Batch_expt_zeroed vial 6, Mon Feb  8 17:45:11 2021
0.0049,1624
0.0103,1619
0.0159,1614
0.0213,1609
0.0269,1604
0.0326,1606
0.0382,1608
0.0436,1605
0.0492,1604
0.0546,1612
0.0602,1607
0.0659,1603
0.0715,1605
0.0769,1610
0.0826,1609
0.088,1603
0.0936,1608
0.0992,1609
0.1046,1604
0.1102,1604
0.1159,1608
0.1215,1606
0.1269,1602
0.1325,1605
0.1381,1609
0.1435,1607
0.1491,1600
0.1548,1606
0.1604,1610
0.1658,1606
0.1715,1601
0.1768,1606
0.1825,1612
0.1881,1605
0.1938,1603
0.2032,1605
0.2046,1611
0.2103,1603
0.216,1603
0.2213,1608
0.2269,1608
0.2359,1601
0.238,1608
0.2436,1609
0.2493,1606
0.2607,1601
0.2622,1605
0.2659,1611
0.2713,1607
0.282,1601
0.2827,1606
0.2881,1611
0.2937,1603
0.3039,1602
0.3046,1610
0.3103,1608
0.3159,1601
0.3254,1604
0.3271,1608
0.3324,1607
0.3381,1601
0.3437,1604
0.354,1609
0.3567,1606
0.3604,1602
0.3658,1608
0.3764,1609
0.3788,1603
0.3825,1607
0.3881,1608
0.398,1605
0.3991,1602
0.4047,1608
0.4104,1607
0.4158,1602
0.4214,1605
0.427,1608
0.4327,1605
0.438,1605
0.4437,1610
0.4493,1606
0.4547,1603
0.4603,1605
0.466,1609
0.4713,1603
0.477,1602
0.4826,1607
0.488,1608
0.4937,1603
0.4993,1605
0.5047,1608
0.5103,1607
0.5159,1603
0.5216,1605
0.5269,1609
0.5326,1607
0.5379,1602
0.5436,1606
0.5492,1609
0.5549,1604
0.5602,1604
0.5659,1609
0.5715,1606
0.5769,1602
0.5825,1605
0.5881,1609
0.5938,1606
0.5992,1604
0.6048,1608
0.6102,1607
0.6159,1604
0.6215,1606
0.6269,1610
0.6324,1604
0.6381,1601
0.6437,1608
0.6491,1607
0.6547,1602
0.6603,1605
0.666,1610
0.6713,1603
0.6769,1607
0.6826,1610
0.6882,1606
0.6935,1603
0.6992,1608
0.7048,1607
0.7102,1601
0.7158,1608
0.7214,1610
0.7271,1603
0.7324,1604
0.7381,1608
0.7437,1610
0.7493,1602
0.7547,1606
0.7603,1610
0.766,1605
0.7713,1605
0.777,1608
0.7826,1609
0.7882,1601
0.7936,1604
0.7992,1608
0.8049,1604
0.8102,1605
0.8159,1608
0.8215,1607
0.8271,1602
0.8325,1607
0.8381,1607
0.8438,1603
0.8491,1606
0.8548,1612
0.8604,1604
0.8658,1602
0.8714,1608
0.877,1608
0.8827,1603
0.888,1605
0.8936,1607
0.8993,1604
0.9049,1605
0.9102,1608
0.9159,1606
0.9215,1603
0.9269,1607
0.9325,1606
0.9381,1602
0.9438,1603
0.9491,1608
0.9548,1606
0.9604,1604
0.9658,1606
0.9714,1607
0.977,1605
0.9827,1604
0.988,1608
0.9937,1606
0.9993,1602
1.0047,1606
1.0103,1607
1.016,1601
1.0213,1604
1.027,1609
1.0326,1605
1.0382,1602
1.0436,1608
1.0492,1608
1.0548,1603
1.0602,1607
1.0659,1608
1.0715,1603
1.0769,1602
1.0825,1607
1.0882,1607
1.0936,1602
1.0992,1603
1.1048,1609
1.1105,1603
1.1158,1602
1.1215,1608
1.1271,1605
1.1325,1604
1.1381,1608
1.1437,1609
1.1494,1602
1.1547,1605
1.1603,1608
1.166,1605
1.1713,1605
1.177,1607
1.1826,1605
1.1883,1603
1.1936,1609
1.1993,1607
1.2049,1603
1.2103,1609
1.2159,1607
1.2215,1603
1.2269,1607
1.2325,1608
1.238,1604
1.2436,1605
1.2492,1610
1.2548,1604
1.2605,1605
1.2658,1609
1.2714,1606
1.2771,1602
1.2824,1604
1.2881,1607
1.2938,1603
1.2991,1602
1.3048,1609
1.3104,1608
1.3158,1603
1.3215,1608
1.3271,1608
1.3325,1603
1.3381,1605
1.3438,1608
1.3492,1604
1.3548,1603
1.3604,1607
1.3658,1608
1.3715,1602
1.3771,1606
1.3825,1608
1.3882,1605
1.3938,1604
1.3992,1608
1.4048,1608
1.4102,1603
1.4158,1606
1.4215,1610
1.4271,1606
1.4325,1602
1.4381,1605
1.4437,1607
1.4491,1603
1.4547,1604
1.4604,1607
1.466,1603
1.4714,1602
1.477,1610
1.4826,1607
1.4883,1603
1.4936,1605
1.4992,1607
1.5048,1604
1.5105,1604
1.5158,1608
1.5215,1604
1.527,1605
1.5324,1608
1.5381,1604
1.5438,1604
1.5491,1607
1.5548,1607
1.5604,1602
1.5658,1605
1.5714,1609
1.577,1604
1.5827,1605
1.588,1607
1.5937,1606
1.5993,1603
1.6047,1607
1.6103,1608
1.6159,1602
1.6215,1605
1.6271,1610
1.6325,1604
1.6381,1603
1.6437,1608
1.6493,1606
1.6547,1603
1.6603,1608
1.6659,1609
1.6715,1604
1.6769,1604
1.6825,1608
1.6882,1605
1.6938,1604
1.6992,1608
1.7048,1607
1.7105,1603
1.7158,1606
1.7215,1607
1.7271,1604
1.7327,1605
1.7381,1610
1.7438,1606
1.7491,1602
1.7548,1607
1.7604,1606
1.7658,1603
1.7714,1605
1.7771,1609
1.7827,1603
1.7881,1606
1.7937,1610
1.7993,1606
1.8047,1603
1.8103,1606
1.816,1604
1.8214,1601
1.827,1606
1.8326,1608
1.8383,1604
1.8436,1605
1.8492,1608
1.8549,1604
1.8603,1602
1.8659,1607
1.8715,1607
1.8772,1602
1.8825,1609
1.8881,1607
1.8937,1603
1.8994,1606
1.9047,1609
1.9103,1603
1.9159,1608
1.9216,1609
1.9269,1608
1.9326,1603
1.9381,1606
1.9437,1610
1.9491,1604
1.9548,1601
1.9604,1606
1.9658,1609
1.9714,1603
1.977,1605
1.9827,1609
1.9881,1605
1.9937,1605
1.9993,1609
2.0047,1607
2.0104,1603
2.0158,1603
2.0214,1609
2.027,1605
2.0327,1602
2.0381,1609
2.0437,1608
2.0493,1605
2.0547,1607
2.0604,1607
2.066,1602
2.0714,1605
2.077,1609
2.0827,1605
2.088,1604
2.0937,1606
2.0993,1607
2.1047,1603
2.1103,1604
2.1159,1609
2.1216,1604
2.1269,1601
2.1326,1608
2.1382,1606
2.1438,1601
2.1492,1606
2.1548,1609
2.1604,1603
2.1658,1604
2.1714,1608
2.177,1604
2.1827,1604
2.188,1609
2.1937,1606
2.1992,1602
2.2048,1607
2.2102,1606
2.2158,1604
2.2215,1606
2.227,1608
2.2327,1604
2.2381,1603
2.2437,1609
2.2493,1609
2.2547,1604
2.2603,1607
2.266,1608
2.2713,1603
2.277,1607
2.2826,1608
2.2883,1604
2.2937,1605
2.2993,1609
2.3047,1607
2.3103,1605
2.3159,1605
2.3216,1605
2.3269,1601
2.3326,1609
2.3382,1609
2.3436,1602
2.3493,1605
2.3549,1607
2.3603,1605
2.3659,1603
2.3716,1607
2.3769,1607
2.3826,1603
2.3882,1607
2.3936,1609
2.3992,1602
2.4049,1604
2.4102,1608
2.4159,1606
2.4215,1602
2.4269,1607
2.4325,1608
2.4382,1603
2.4438,1606
2.4492,1610
2.4548,1604
2.4605,1603
2.4659,1609
2.4715,1608
2.4772,1604
2.4826,1607
2.4882,1611
2.4936,1604
2.4992,1605
2.5049,1611
2.5102,1606
2.5159,1600
2.5216,1607
2.527,1608
2.5326,1602
2.538,1607
2.5437,1609
2.5493,1604
2.5547,1605
2.5603,1607
2.566,1605
2.5714,1603
2.577,1606
2.5827,1608
2.5881,1604
2.5938,1604
2.5991,1610
2.6048,1605
2.6105,1601
2.6158,1607
2.6215,1608
2.6272,1604
2.6326,1605
2.6382,1610
2.6436,1604
2.6493,1604
2.6547,1609
2.6603,1606
2.666,1601
2.6714,1607
2.677,1607
2.6825,1603
2.6882,1607
2.6939,1606
2.6993,1603
2.7049,1607
2.7103,1608
2.716,1606
2.7214,1602
2.727,1609
2.7327,1609
2.7381,1602
2.7437,1606
2.7494,1609
2.7548,1606
2.7604,1605
2.7658,1609
2.7715,1605
2.7771,1603
2.7825,1607
2.7881,1605
2.7938,1601
2.7992,1609
2.8049,1611
2.8103,1602
2.8159,1604
2.8216,1607
2.8269,1609
2.8326,1603
2.8382,1607
2.8436,1608
2.8492,1602
2.855,1605
2.8604,1609
2.866,1606
2.8714,1602
2.877,1606
2.8827,1608
2.8883,1603
2.8937,1602
2.8994,1609
2.9048,1605
2.9104,1602
2.9158,1608
2.9214,1609
2.9271,1602
2.9327,1603
2.9381,1609
2.9437,1606
2.9491,1601
2.9548,1606
2.9605,1609
2.9659,1604
2.9716,1603
2.977,1608
2.9827,1607
2.9883,1603
2.9937,1605
2.9994,1608
3.0048,1603
3.0105,1605
3.0159,1609
3.0216,1605
3.0269,1604
3.0326,1608
3.0383,1607
3.0436,1603
3.0493,1606
3.0547,1608
3.0604,1603
3.066,1605
3.0714,1611
3.0771,1605
3.0825,1601
3.0881,1607
3.0937,1609
3.0994,1604
3.1047,1604
3.1103,1610
3.116,1605
3.1214,1602
3.1271,1606
3.1327,1609
3.1381,1603
3.1438,1605
3.1492,1609
3.1548,1605
3.1605,1605
3.1659,1607
3.1715,1609
3.177,1604
3.1826,1606
3.1882,1607
3.1936,1603
3.1993,1603
3.2049,1610
3.2103,1606
3.216,1602
3.2216,1604
3.227,1609
3.2327,1605
3.238,1602
3.2437,1606
3.2494,1607
3.2547,1603
3.2604,1604
3.266,1608
3.2714,1609
3.2771,1603
3.2825,1605
3.2882,1608
3.2938,1604
3.2992,1605
3.3049,1608
3.3103,1606
3.3159,1601
3.3216,1606
3.327,1608
3.3326,1603
3.3381,1604
3.3438,1611
3.3491,1608
3.3548,1602
3.3605,1603
3.3659,1608
3.3715,1606
3.3771,1603
3.3825,1607
3.3882,1607
3.3936,1602
3.3992,1604
3.4049,1609
3.4105,1606
3.4159,1600
3.4215,1605
3.4272,1610
3.4326,1605
3.4382,1603
3.4436,1607
3.4493,1608
3.4547,1604
3.4603,1604
3.466,1611
3.4716,1606
3.477,1599
3.4826,1607
3.488,1609
3.4937,1603
3.4994,1605
3.5048,1611
3.5104,1606
3.516,1602
3.5214,1604
3.527,1612
3.5327,1604
3.5381,1602
3.5437,1607
3.5493,1608
3.5548,1603
3.5604,1605
3.5658,1610
3.5715,1605
3.5771,1601
3.5825,1605
3.5881,1609
3.5938,1605
3.5992,1604
3.6048,1609
3.6102,1606
3.6159,1603
3.6216,1605
3.627,1609
3.6326,1602
3.6383,1601
3.6437,1613
3.6493,1607
3.6547,1600
3.6604,1604
3.6658,1609
3.6715,1603
3.6771,1604
3.6827,1609
3.6881,1608
3.6938,1603
3.6992,1605
3.7048,1608
3.7105,1605
3.7159,1604
3.7216,1608
3.7272,1609
3.7325,1602
3.7382,1605
3.7438,1608
3.7492,1607
3.7549,1602
3.7605,1606
3.7659,1610
3.7715,1602
3.7772,1604
3.7825,1610
3.7882,1606
3.7938,1602
3.7992,1606
3.8048,1612
3.8105,1606
3.8159,1602
3.8216,1606
3.8272,1609
3.8326,1602
3.8382,1604
3.8436,1608
3.8492,1606
3.8549,1601
3.8603,1607
3.866,1611
3.8714,1605
3.877,1602
3.8827,1608
3.8881,1607
3.8937,1602
3.8994,1607
3.9047,1608
3.9104,1603
3.916,1603
3.9214,1612
3.9271,1607
3.9328,1601
3.9381,1603
3.9438,1610
3.9494,1605
3.9548,1602
3.9604,1605
3.9661,1610
3.9715,1605
3.9772,1602
3.9825,1607
3.9882,1608
3.9938,1602
3.9995,1604
4.0048,1608
4.0105,1608
4.0158,1602
4.0215,1605
4.0272,1610
4.0326,1604
4.0382,1603
4.0439,1609
4.0492,1608
4.0548,1601
4.0605,1607
4.0658,1610
4.0715,1604
4.0772,1604
4.0826,1606
4.0882,1608
4.0939,1602
4.0992,1605
4.1049,1608
4.1103,1607
4.1159,1601
4.1215,1605
4.1272,1610
4.1325,1606
4.1382,1602
4.1439,1607
4.1492,1609
4.1549,1604
4.1603,1604
4.166,1608
4.1716,1604
4.177,1602
4.1826,1606
4.1882,1610
4.1938,1603
4.1994,1606
4.2048,1608
4.2104,1609
4.216,1603
4.2214,1605
4.2271,1609
4.2327,1606
4.2381,1600
4.2438,1606
4.2494,1609
4.2548,1605
4.2604,1601
4.2658,1608
4.2715,1611
4.2771,1603
4.2825,1602
4.2881,1609
4.2938,1609
4.2992,1602
4.3049,1603
4.3105,1609
4.3159,1607
4.3215,1603
4.3272,1606
4.3325,1609
4.3382,1602
4.3439,1603
4.3492,1610
4.3549,1609
4.3605,1601
4.3658,1604
4.3715,1610
4.3771,1606
4.3828,1601
4.3881,1609
4.3938,1608
4.3992,1603
4.4049,1603
4.4105,1609
4.4159,1607
4.4215,1603
4.4272,1606
4.4325,1608
4.4382,1605
4.4438,1603
4.4492,1609
4.4549,1607
4.4605,1603
4.4659,1603
4.4715,1611
4.4772,1605
4.4826,1603
4.4882,1607
4.4938,1609
4.4992,1606
4.5049,1603
4.5105,1608
4.5159,1609
4.5214,1603
4.527,1604
4.5327,1609
4.5383,1606
4.5437,1602
4.5492,1605
4.5548,1609
4.5605,1604
4.5659,1604
4.5715,1608
4.577,1607
4.5826,1602
4.5883,1606
4.5937,1610
4.5993,1603
4.6048,1602
4.6105,1609
4.6159,1609
4.6215,1601
4.6272,1604
4.6326,1610
4.6382,1605
4.6438,1603
4.6492,1606
4.6549,1608
4.6604,1604
4.6661,1599
4.6715,1608
4.6772,1609
4.6825,1602
4.6882,1601
4.6938,1609
4.6992,1609
4.7048,1603
4.7105,1607
4.7158,1608
4.7215,1603
4.7269,1603
4.7325,1610
4.7382,1607
4.7438,1601
4.7492,1605
4.7548,1609
4.7604,1602
4.7661,1608
4.7715,1609
4.7771,1603
4.7825,1604
4.7882,1608
4.7938,1607
4.7992,1602
4.8048,1608
4.8105,1608
4.8158,1605
4.8214,1605
4.8271,1607
4.8327,1607
4.8381,1601
4.8438,1607
4.8494,1608
4.8548,1604
4.8604,1603
4.8661,1609
4.8714,1609
4.8771,1603
4.8827,1604
4.8881,1608
4.8938,1607
4.8992,1601
4.9048,1609
4.9105,1607
4.9161,1604
4.9215,1603
4.9271,1608
4.9325,1606
4.9382,1603
4.9439,1607
4.9492,1608
4.9549,1602
4.9605,1603
4.9659,1611
4.9715,1606
4.9772,1601
4.9825,1606
4.9881,1610
4.9938,1605
4.9992,1602
5.0049,1608
5.0105,1606
5.0159,1603
5.0215,1604
5.0271,1609
5.0325,1607
5.0382,1602
5.0438,1606
5.0494,1609
5.0549,1603
5.0605,1605
5.0659,1608
5.0716,1604
5.077,1603
5.0826,1605
5.0882,1611
5.0939,1603
5.0993,1601
5.1049,1607
5.1103,1608
5.116,1604
5.1216,1604
5.127,1608
5.1326,1608
5.1383,1604
5.1436,1607
5.1493,1607
5.1549,1603
5.1606,1604
5.166,1610
5.1717,1607
5.177,1602
5.1827,1606
5.188,1611
5.1937,1605
5.1994,1602
5.205,1607
5.2104,1607
5.216,1603
5.2214,1605
5.227,1610
5.2325,1605
5.2382,1604
5.2438,1607
5.2492,1608
5.2548,1603
5.2604,1601
5.2661,1608
5.2714,1605
5.2771,1603
5.2827,1606
5.2883,1610
5.2936,1605
5.2992,1602
5.3049,1609
5.3105,1608
5.3159,1604
5.3215,1602
5.3269,1610
5.3325,1607
5.3382,1602
5.3438,1605
5.3492,1610
5.3549,1605
5.3605,1601
5.3659,1607
5.3715,1609
5.3771,1603
5.3826,1603
5.3882,1607
5.3939,1606
5.3992,1602
5.4049,1605
5.4105,1610
5.4159,1604
5.4215,1601
5.4272,1608
5.4326,1611
5.4383,1604
5.4436,1601
5.4493,1608
5.455,1609
5.4604,1602
5.466,1604
5.4717,1609
5.477,1606
5.4827,1602
5.4881,1607
5.4937,1610
5.4994,1604
5.5048,1603
5.5104,1608
5.5161,1610
5.5215,1603
5.5271,1602
5.5328,1609
5.5382,1610
5.5438,1602
5.5495,1605
5.5548,1610
5.5605,1607
5.5661,1604
5.5715,1608
5.5771,1609
5.5828,1603
5.5881,1604
5.5938,1608
5.5994,1605
5.6048,1603
5.6104,1606
5.616,1609
5.6217,1602
5.627,1603
5.6327,1607
5.6383,1604
5.6438,1602
5.6494,1608
5.6548,1607
5.6604,1603
5.6661,1602
5.6714,1608
5.6771,1605
5.6827,1602
5.6881,1607
5.6938,1610
5.6992,1602
5.7049,1605
5.7105,1609
5.7159,1604
5.7215,1603
5.7271,1608
5.7328,1609
5.7381,1601
5.7437,1604
5.7494,1609
5.7548,1604
5.7604,1602
5.7659,1607
5.7715,1609
5.7772,1604
5.7826,1604
5.7882,1610
5.7937,1608
5.7994,1603
5.8048,1607
5.8104,1610
5.8161,1605
5.8214,1603
5.8271,1609
5.8327,1606
5.8381,1600
5.8438,1605
5.8494,1609
5.8548,1603
5.8605,1603
5.8661,1608
5.8714,1608
5.8771,1603
5.8827,1609
5.8881,1608
5.8937,1611
5.8993,1601
5.9049,1604
5.9103,1610
5.9159,1606
5.9216,1603
5.9271,1607
5.9327,1608
5.9384,1603
5.9437,1606
5.9494,1609
5.9548,1604
5.9604,1605
5.9658,1606
5.9715,1607
5.9771,1602
5.9828,1605
5.9881,1608
5.9937,1604
5.9994,1605
6.0048,1609
6.0104,1606
6.0159,1602
6.0214,1606
6.0271,1610
6.0327,1604
6.0384,1604
6.0437,1608
6.0494,1607
6.0548,1603
6.0604,1605
6.066,1609
6.0715,1605
6.0771,1604
6.0828,1608
6.0881,1609
6.0938,1604
6.0994,1605
6.105,1608
6.1104,1607
6.116,1604
6.1217,1603
6.1271,1610
6.1328,1606
6.1381,1601
6.1438,1606
6.1494,1609
6.1548,1604
6.1604,1604
6.166,1608
6.1717,1608
6.1771,1602
6.1827,1605
6.1881,1610
6.1938,1606
6.1994,1601
6.205,1608
6.2104,1610
6.216,1604
6.2217,1603
6.227,1607
6.2327,1610
6.2381,1603
6.2437,1604
6.2494,1609
6.255,1609
6.2604,1603
6.2661,1603
6.2717,1610
6.2771,1607
6.2825,1601
6.2882,1603
6.2938,1610
6.2994,1605
6.3048,1602
6.3105,1609
6.3161,1608
6.3215,1603
6.3271,1603
6.3328,1607
6.3382,1609
6.3438,1604
6.3492,1603
6.3549,1609
6.3605,1606
6.3659,1601
6.3715,1605
6.3772,1610
6.3828,1608
6.3881,1603
6.3938,1607
6.3992,1607
6.4049,1604
6.4105,1604
6.4162,1610
6.4215,1608
6.4272,1601
6.4328,1601
6.4382,1609
6.4439,1607
6.4492,1601
6.4549,1605
6.4605,1609
6.4659,1607
6.4716,1601
6.4772,1607
6.4826,1610
6.4882,1606
6.4938,1601
6.4992,1606
6.5049,1610
6.5105,1604
6.5162,1603
6.5215,1609
6.5271,1608
6.5328,1602
6.5382,1603
6.5438,1609
6.5494,1606
6.5549,1602
6.5605,1606
6.5661,1610
6.5715,1605
6.5771,1603
6.5828,1608
6.5882,1609
6.5938,1602
6.5992,1604
6.6048,1610
6.6105,1607
6.6162,1603
6.6215,1603
6.6272,1609
6.6326,1604
6.6382,1599
6.6439,1606
6.6492,1609
6.6549,1603
6.6606,1601
6.6659,1607
6.6716,1609
6.6772,1601
6.6826,1604
6.6882,1610
6.6938,1606
6.6995,1601
6.7049,1605
6.7106,1610
6.7159,1604
6.7216,1603
6.7272,1607
6.7326,1609
6.7382,1603
6.7438,1603
6.7495,1609
6.7548,1607
6.7605,1602
6.7659,1604
6.7716,1609
6.7772,1606
6.7826,1601
6.7882,1605
6.7938,1609
6.7992,1603
6.8049,1603
6.8105,1609
6.8159,1608
6.8216,1602
6.8272,1604
6.8326,1610
6.8382,1609
6.8438,1601
6.8495,1605
6.8549,1610
6.8605,1605
6.8662,1603
6.8716,1607
6.8772,1608
6.8828,1604
6.8882,1603
6.8938,1609
6.8992,1607
6.9049,1602
6.9105,1604
6.9161,1611
6.9215,1606
6.9272,1602
6.9328,1606
6.9381,1610
6.9438,1604
6.9494,1603
6.9548,1608
6.9605,1609
6.9661,1602
6.9715,1606
6.9771,1610
6.9826,1606
6.9882,1602
6.9939,1609
6.9993,1608
7.0049,1604
7.0106,1603
7.016,1605
7.0216,1608
7.0272,1602
7.0326,1605
7.0383,1610
7.0439,1605
7.0493,1603
7.0549,1607
7.0606,1607
7.0659,1604
7.0716,1603
7.0772,1608
7.0826,1604
7.0883,1602
7.0939,1605
7.0993,1610
7.1049,1604
7.1106,1601
7.1159,1606
7.1216,1609
7.1273,1604
7.1327,1603
7.1383,1608
7.1439,1608
7.1493,1603
7.1549,1604
7.1606,1608
7.1659,1609
7.1716,1602
7.1772,1602
7.1826,1609
7.1883,1606
7.1939,1603
7.1993,1605
7.2049,1610
7.2106,1605
7.2159,1603
7.2215,1607
7.2272,1607
7.2328,1603
7.2382,1605
7.2439,1608
7.2492,1604
7.2549,1603
7.2605,1608
7.2662,1607
7.2715,1604
7.2772,1604
7.2828,1609
7.2882,1608
7.2939,1601
7.2995,1603
7.3049,1610
7.3105,1606
7.3159,1602
7.3215,1610
7.3272,1610
7.3328,1606
7.3382,1601
7.3438,1606
7.3492,1610
7.3549,1604
7.3605,1601
7.3659,1606
7.3716,1607
7.3773,1603
7.3827,1606
7.3883,1610
7.3939,1607
7.3993,1603
7.405,1606
7.4105,1611
7.4161,1604
7.4215,1602
7.427,1608
7.4327,1607
7.4383,1604
7.4437,1602
7.4493,1608
7.4548,1609
7.4605,1603
7.4661,1604
7.4715,1610
7.4771,1607
7.4827,1603
7.4883,1606
7.4937,1608
7.4993,1604
7.505,1604
7.5104,1610
7.516,1605
7.5217,1603
7.5273,1608
7.5327,1608
7.5383,1602
7.5439,1604
7.5493,1610
7.5549,1606
7.5605,1600
7.566,1605
7.5716,1610
7.5773,1603
7.5826,1602
7.5882,1607
7.5939,1609
7.5993,1602
7.6049,1604
7.6106,1608
7.616,1608
7.6216,1602
7.6273,1603
7.6326,1609
7.6383,1606
7.6439,1602
7.6493,1607
7.6549,1610
7.6606,1605
7.6659,1601
7.6716,1606
7.6773,1608
7.6826,1601
7.6883,1605
7.6939,1610
7.6992,1609
7.7049,1602
7.7105,1610
7.7162,1608
7.7216,1601
7.7272,1605
7.7328,1609
7.7382,1604
7.7438,1604
7.7495,1606
7.7549,1611
7.7605,1605
7.7661,1602
7.7715,1606
7.7772,1609
7.7828,1601
7.7882,1604
7.7938,1610
7.7995,1607
7.8048,1601
7.8105,1605
7.8161,1608
7.8218,1605
7.8272,1602
7.8328,1607
7.8382,1609
7.8438,1604
7.8495,1603
7.8548,1608
7.8604,1608
7.8661,1602
7.8717,1604
7.8771,1610
7.8828,1605
7.8884,1601
7.8938,1605
7.8994,1608
7.905,1603
7.9104,1604
7.916,1610
7.9217,1606
7.927,1603
7.9327,1606
7.9384,1610
7.9437,1605
7.9494,1602
7.955,1609
7.9604,1606
7.966,1601
7.9716,1606
7.9773,1608
7.9826,1603
7.9882,1601
7.9939,1607
7.9993,1609
8.005,1603
8.0106,1602
8.016,1607
8.0216,1608
8.0272,1602
8.0326,1606
8.0383,1609
8.0439,1604
8.0493,1603
8.0549,1608
8.0606,1609
8.0659,1602
8.0716,1605
8.0773,1609
8.0826,1608
8.0882,1604
8.0939,1607
8.0993,1608
8.1049,1604
8.1106,1602
8.1159,1608
8.1216,1608
8.1272,1603
8.1329,1604
8.1382,1611
8.1439,1606
8.1493,1601
8.1549,1607
8.1605,1608
8.1662,1604
8.1715,1603
8.1772,1607
8.1828,1606
8.1882,1605
8.1938,1605
8.1995,1609
8.2049,1605
8.2105,1601
8.2161,1606
8.2218,1611
8.2271,1604
8.2328,1602
8.2381,1606
8.2438,1608
8.2494,1601
8.2551,1604
8.2605,1610
8.2661,1609
8.2717,1603
8.2771,1604
8.2827,1609
8.2884,1605
8.294,1601
8.2993,1607
8.305,1610
8.3106,1601
8.316,1605
8.3217,1608
8.3273,1605
8.3327,1601
8.3383,1607
8.3439,1609
8.3493,1601
8.3549,1602
8.3606,1608
8.3662,1608
8.3716,1602
8.3772,1606
8.3826,1609
8.3882,1607
8.3939,1603
8.3995,1606
8.4049,1608
8.4104,1605
8.4161,1605
8.4217,1609
8.4271,1606
8.4327,1601
8.4384,1606
8.4437,1609
8.4494,1604
8.455,1604
8.4604,1608
8.466,1609
8.4717,1604
8.4771,1604
8.4827,1610
8.4883,1607
8.4937,1602
8.4993,1607
8.505,1610
8.5106,1604
8.516,1602
8.5216,1607
8.5273,1607
8.5327,1602
8.5383,1605
8.5439,1608
8.5493,1605
8.5549,1603
8.5606,1606
8.5659,1609
8.5715,1604
8.5772,1603
8.5828,1610
8.5882,1607
8.5938,1602
8.5995,1606
8.6048,1609
8.6105,1605
8.6161,1602
8.6215,1607
8.6271,1608
8.6327,1603
8.6383,1604
8.6437,1607
8.6494,1605
8.655,1602
8.6606,1607
8.666,1610
8.6716,1604
8.6773,1604
8.6826,1609
8.6883,1607
8.6939,1601
8.6993,1604
8.7049,1610
8.7106,1607
8.7159,1601
8.7216,1605
8.7272,1608
8.7328,1604
8.7382,1604
8.7438,1607
8.7492,1610
8.7549,1603
8.7605,1603
8.7662,1608
8.7716,1605
8.7772,1603
8.7828,1607
8.7882,1607
8.7938,1603
8.7995,1605
8.8049,1608
8.8105,1608
8.8162,1603
8.8215,1605
8.8272,1610
8.8328,1606
8.8382,1601
8.8438,1608
8.8494,1609
8.8551,1604
8.8605,1603
8.8661,1609
8.8717,1608
8.8771,1602
8.8827,1605
8.8884,1608
8.8937,1604
8.8994,1602
8.905,1606
8.9104,1609
8.9161,1602
8.9215,1604
8.9271,1608
8.9328,1605
8.9384,1602
8.9438,1607
8.9493,1608
8.9549,1604
8.9606,1601
8.966,1608
8.9717,1610
8.9771,1605
8.9828,1606
8.9882,1610
8.9938,1605
8.9995,1604
9.0049,1607
9.0105,1609
9.0162,1604
9.0216,1601
9.0272,1609
9.0328,1611
9.0384,1603
9.0438,1601
9.0494,1608
9.0548,1607
9.0604,1602
9.0661,1605
9.0716,1609
9.077,1606
9.0826,1604
9.0883,1607
9.094,1610
9.0993,1603
9.105,1601
9.1106,1610
9.116,1606
9.1216,1600
9.1272,1607
9.1329,1608
9.1382,1603
9.1438,1602
9.1495,1608
9.1549,1608
9.1605,1604
9.1662,1606
9.1715,1608
9.1772,1606
9.1826,1603
9.1882,1607
9.1938,1609
9.1995,1605
9.2048,1601
9.2105,1610
9.2162,1608
9.2215,1602
9.2271,1604
9.2328,1608
9.2382,1607
9.2438,1602
9.2495,1605
9.2548,1611
9.2605,1605
9.2661,1604
9.2717,1605
9.2771,1609
9.2827,1604
9.2884,1602
9.2938,1608
9.2995,1607
9.3049,1602
9.3105,1604
9.3161,1609
9.3218,1605
9.3271,1603
9.3328,1606
9.3384,1610
9.3438,1602
9.3494,1601
9.3551,1609
9.3604,1606
9.3661,1603
9.3717,1606
9.3771,1609
9.3827,1605
9.3884,1601
9.3938,1604
9.3994,1608
9.4051,1604
9.4104,1603
9.4161,1609
9.4217,1609
9.4271,1602
9.4327,1605
9.4383,1609
9.444,1606
9.4494,1600
9.455,1604
9.4604,1608
9.466,1607
9.4716,1602
9.4773,1607
9.4827,1608
9.4883,1603
9.4939,1602
9.4995,1606
9.505,1607
9.5106,1602
9.5159,1605
9.5216,1609
9.5272,1604
9.5329,1602
9.5382,1606
9.5439,1610
9.5495,1603
9.5549,1604
9.5606,1608
9.5662,1608
9.5716,1601
9.5772,1604
9.5828,1611
9.5882,1606
9.5938,1603
9.5995,1607
9.6049,1608
9.6105,1603
9.6162,1604
9.6218,1608
9.6272,1606
9.6328,1603
9.6384,1605
9.6438,1608
9.6494,1604
9.6551,1603
9.6605,1608
9.6661,1609
9.6718,1602
9.6771,1604
9.6827,1610
9.6884,1606
9.694,1603
9.6993,1609
9.705,1610
9.7106,1604
9.716,1603
9.7217,1610
9.7273,1607
9.7327,1603
9.7383,1605
9.744,1610
9.7493,1607
9.755,1601
9.7606,1605
9.766,1609
9.7717,1603
9.7773,1604
9.7827,1608
9.7883,1609
9.794,1602
9.7993,1603
9.805,1610
9.8106,1606
9.816,1603
9.8216,1607
9.8273,1610
9.8327,1604
9.8383,1604
9.844,1609
9.8493,1607
9.855,1604
9.8606,1604
9.866,1608
9.8716,1605
9.8773,1602
9.8827,1607
9.8883,1608
9.8939,1603
9.8996,1606
9.905,1610
9.9106,1605
9.9162,1602
9.9216,1608
9.9273,1609
9.9329,1604
9.9382,1605
9.9439,1607
9.9495,1605
9.9549,1604
9.9605,1607
9.9662,1607
9.9716,1601
9.9772,1606
9.9828,1608
9.9885,1603
9.9938,1603
9.9994,1608
10.0051,1609
10.0105,1603
10.0161,1605
10.0217,1609
10.0271,1607
10.0328,1602
10.0384,1606
10.0438,1607
10.0494,1603
10.055,1603
10.0607,1608
10.066,1607
10.0717,1603
10.0771,1603
10.0827,1609
10.0883,1609
10.094,1603
10.0993,1604
10.105,1610
10.1106,1605
10.116,1602
10.1216,1608
10.1273,1610
10.1327,1603
10.1383,1603
10.144,1608
10.1493,1608
10.1549,1602
10.1606,1604
10.1659,1610
10.1716,1606
10.1772,1601
10.1829,1609
10.1883,1610
10.1939,1604
10.1996,1604
10.2049,1608
10.2106,1608
10.2162,1601
10.2216,1603
10.2272,1610
10.2327,1609
10.2384,1601
10.2438,1601
10.2495,1608
10.2551,1607
10.2605,1603
10.2661,1605
10.2717,1610
10.2771,1606
10.2828,1602
10.2884,1607
10.2938,1610
10.2995,1605
10.3051,1601
10.3105,1609
10.3161,1608
10.3216,1603
10.3272,1606
10.3326,1608
10.3383,1605
10.3439,1602
10.3493,1607
10.355,1607
10.3605,1603
10.3661,1604
10.3718,1609
10.3771,1606
10.3828,1603
10.3883,1607
10.3939,1609
10.3993,1603
10.405,1604
10.4106,1608
10.4161,1607
10.4217,1602
10.4274,1605
10.4327,1610
10.4383,1604
10.4439,1603
10.4496,1607
10.455,1608
10.4606,1603
10.4662,1607
10.4716,1608
10.4772,1603
10.4829,1603
10.4883,1608
10.4939,1607
10.4995,1602
10.5049,1607
10.5106,1607
10.5162,1604
10.5216,1602
10.5272,1608
10.5329,1606
10.5382,1601
10.5439,1603
10.5495,1608
10.5551,1607
10.5605,1604
10.5662,1608
10.5718,1608
10.5772,1604
10.5828,1605
10.5882,1607
10.5938,1604
10.5995,1603
10.6051,1608
10.6105,1607
10.6162,1603
10.6218,1605
10.6272,1609
10.6328,1605
10.6382,1604
10.6438,1608
10.6495,1607
10.6551,1605
10.6605,1604
10.6662,1610
10.6718,1607
10.6772,1602
10.6828,1606
10.6884,1610
10.6938,1604
10.6994,1602
10.705,1609
10.7104,1611
10.716,1602
10.7217,1605
10.7271,1608
10.7327,1606
10.7384,1603
10.744,1611
10.7494,1606
10.755,1601
10.7604,1605
10.7661,1610
10.7718,1603
10.7771,1603
10.7828,1608
10.7884,1606
10.794,1604
10.7994,1607
10.805,1610
10.8104,1605
10.816,1602
10.8217,1607
10.8271,1609
10.8327,1603
10.8384,1604
10.8441,1609
10.8494,1607
10.8551,1602
10.8607,1605
10.866,1610
10.8717,1603
10.8774,1601
10.8827,1608
10.8884,1607
10.8937,1603
10.8994,1605
10.905,1608
10.9107,1605
10.916,1603
10.9216,1609
10.9273,1610
10.9327,1605
10.9383,1605
10.9439,1608
10.9496,1608
10.9549,1601
10.9606,1603
10.9662,1609
10.9715,1605
10.9772,1602
10.9828,1606
10.9882,1609
10.9939,1603
10.9994,1602
11.005,1608
11.0107,1607
11.0161,1602
11.0217,1608
11.0273,1609
11.0327,1604
11.0383,1604
11.044,1608
11.0494,1607
11.055,1603
11.0607,1605
11.066,1609
11.0717,1604
11.0773,1603
11.0829,1608
11.0883,1606
11.094,1603
11.0994,1604
11.105,1610
11.1106,1604
11.116,1603
11.1216,1608
11.1273,1610
11.1329,1605
11.1383,1606
11.1439,1607
11.1493,1605
11.155,1602
11.1606,1609
11.166,1608
11.1716,1603
11.1773,1606
11.1829,1609
11.1883,1604
11.1939,1603
11.1996,1607
11.205,1609
11.2104,1604
11.2161,1605
11.2217,1610
11.2273,1606
11.2327,1601
11.2383,1605
11.244,1608
11.2494,1605
11.255,1602
11.2607,1607
11.266,1611
11.2717,1603
11.2773,1603
11.2827,1607
11.2883,1609
11.294,1601
11.2993,1604
11.305,1609
11.3106,1605
11.316,1602
11.3217,1606
11.3273,1610
11.3329,1604
11.3383,1603
11.3439,1608
11.3493,1607
11.3549,1603
11.3606,1604
11.3662,1610
11.3717,1603
11.3773,1603
11.3827,1607
11.3883,1608
11.3939,1602
11.3996,1604
11.4049,1610
11.4106,1606
11.4162,1604
11.4217,1607
11.4273,1609
11.4327,1603
11.4383,1602
11.4439,1609
11.4496,1609
11.455,1601
11.4606,1605
11.4663,1611
11.4717,1607
11.4773,1600
11.4827,1604
11.4883,1609
11.494,1607
11.4996,1602
11.505,1604
11.5106,1611
11.516,1604
11.5216,1602
11.5273,1608
11.5327,1609
11.5383,1602
11.544,1601
11.5493,1608
11.555,1606
11.5606,1604
11.566,1606
11.5716,1610
11.5773,1605
11.5827,1603
11.5883,1608
11.594,1606
11.5994,1603
11.605,1604
11.6106,1609
11.616,1605
11.6216,1601
11.6273,1607
11.6327,1609
11.6383,1604
11.6439,1604
11.6493,1608
11.6549,1607
11.6606,1599
11.6662,1610
11.6716,1609
11.6772,1604
11.6827,1603
11.6883,1609
11.6939,1608
11.6996,1602
11.705,1603
11.7106,1610
11.716,1608
11.7216,1601
11.7273,1605
11.7327,1609
11.7383,1605
11.7438,1603
11.7495,1605
11.7551,1610
11.7607,1606
11.7661,1601
11.7716,1606
11.7773,1610
11.7827,1606
11.7884,1603
11.794,1607
11.7994,1608
11.805,1604
11.8107,1605
11.816,1608
11.8217,1605
11.8273,1603
11.8329,1609
11.8383,1608
11.844,1604
11.8493,1604
11.855,1608
11.8606,1607
11.8663,1602
11.8716,1606
11.8773,1609
11.8828,1603
11.8885,1603
11.8939,1608
11.8995,1607
11.9051,1604
11.9105,1604
11.9161,1610
11.9218,1606
11.9271,1600
11.9328,1606
11.9384,1610
11.9441,1606
11.9495,1600
11.9551,1605
11.9604,1609
11.9661,1604
11.9717,1602
11.9773,1608
11.983,1607
11.9883,1600
11.994,1604
11.9994,1609
12.0051,1607
12.0105,1601
12.0161,1606
12.0217,1609
12.0274,1605
12.0328,1603
12.0384,1609
12.0438,1606
12.0494,1602
12.0551,1607
12.0605,1609
12.0661,1604
12.0718,1604
12.0774,1609
12.0828,1607
12.0884,1603
12.0941,1607
12.0994,1610
12.1051,1602
12.1105,1604
12.1161,1608
12.1217,1609
12.1274,1603
12.1327,1605
12.1384,1610
12.144,1607
12.1494,1601
12.155,1605
12.1607,1610
12.1661,1601
12.1717,1600
12.1774,1605
12.1828,1607
12.1884,1603
12.194,1604
12.1994,1609
12.205,1606
12.2107,1604
12.216,1604
12.2217,1611
12.2274,1605
12.2327,1602
12.2384,1607
12.244,1610
12.2496,1603
12.255,1602
12.2606,1609
12.2663,1608
12.2717,1603
12.2773,1603
12.283,1610
12.2883,1604
12.294,1603
12.2996,1608
12.305,1607
12.3106,1604
12.3163,1604
12.3217,1611
12.3273,1605
12.333,1600
12.3383,1608
12.344,1609
12.3496,1602
12.355,1605
12.3607,1610
12.366,1607
12.3717,1600
12.3771,1609
12.3828,1606
12.3884,1605
12.3941,1605
12.3994,1609
12.4051,1606
12.4105,1604
12.4161,1605
12.4218,1609
12.4272,1601
12.4328,1603
12.4385,1608
12.4438,1608
12.4495,1602
12.455,1606
12.4606,1610
12.4663,1605
12.4716,1605
12.4773,1607
12.4827,1608
12.4884,1601
12.494,1606
12.4996,1609
12.505,1605
12.5106,1600
12.516,1607
12.5217,1609
12.5273,1603
12.5327,1603
12.5384,1607
12.544,1608
12.5496,1603
12.555,1603
12.5606,1608
12.566,1607
12.5716,1603
12.5773,1603
12.5829,1609
12.5883,1606
12.594,1601
12.5994,1606
12.605,1610
12.6107,1604
12.616,1603
12.6217,1606
12.6273,1606
12.633,1604
12.6384,1603
12.644,1608
12.6494,1608
12.655,1600
12.6606,1606
12.6663,1609
12.6716,1602
12.6773,1605
12.6829,1607
12.6883,1608
12.694,1601
12.6994,1603
12.705,1609
12.7107,1606
12.7161,1603
12.7217,1606
12.7273,1609
12.733,1602
12.7383,1604
12.744,1609
12.7494,1609
12.755,1602
12.7607,1605
12.766,1610
12.7717,1604
12.7773,1603
12.783,1607
12.7883,1608
12.794,1605
12.7994,1606
12.805,1611
12.8105,1606
12.8161,1601
12.8218,1607
12.8272,1611
12.8328,1605
12.8383,1602
12.844,1608
12.8494,1607
12.8551,1603
12.8607,1607
12.8661,1608
12.8717,1602
12.8773,1604
12.883,1608
12.8883,1607
12.894,1602
12.8996,1606
12.905,1611
12.9106,1606
12.9163,1601
12.9217,1608
12.9273,1609
12.9329,1604
12.9383,1603
12.944,1610
12.9496,1609
12.955,1602
12.9607,1606
12.9663,1610
12.9717,1605
12.9773,1603
12.9827,1607
12.9883,1609
12.994,1601
12.9994,1603
13.0051,1609
13.0105,1608
13.0161,1600
13.0218,1606
13.0274,1610
13.0328,1605
13.0384,1601
13.0441,1606
13.0494,1610
13.0551,1604
13.0607,1601
13.0661,1608
13.0718,1610
13.0774,1604
13.0828,1603
13.0884,1608
13.094,1607
13.0994,1603
13.105,1606
13.1107,1609
13.1163,1603
13.1217,1604
13.1274,1608
13.1328,1605
13.1384,1602
13.1441,1606
13.1494,1609
13.1551,1603
13.1607,1605
13.1661,1609
13.1717,1604
13.1773,1604
13.1829,1610
13.1886,1608
13.1939,1600
13.1995,1601
13.2051,1608
13.2107,1609
13.2161,1601
13.2217,1603
13.2274,1608
13.2328,1605
13.2383,1603
13.2439,1608
13.2496,1609
13.2549,1605
13.2606,1603
13.2661,1608
13.2717,1609
13.2772,1604
13.2829,1604
13.2885,1610
13.2939,1607
13.2995,1603
13.3052,1605
13.3105,1610
13.3162,1606
13.3217,1601
13.3274,1607
13.3328,1609
13.3384,1603
13.3441,1604
13.3494,1611
13.3551,1604
13.3605,1603
13.3661,1608
13.3718,1606
13.3774,1604
13.383,1606
13.3884,1610
13.3941,1605
13.3995,1604
13.4051,1609
13.4105,1607
13.4161,1602
13.4216,1605
13.4272,1608
13.4329,1602
13.4385,1603
13.4439,1610
13.4494,1606
13.455,1604
13.4607,1606
13.466,1608
13.4717,1603
13.4772,1604
13.4829,1608
13.4885,1607
13.4939,1603
13.4996,1604
13.5049,1610
13.5106,1605
13.5162,1604
13.5218,1608
13.5272,1610
13.5329,1604
13.5382,1604
13.5439,1609
13.5496,1608
13.5549,1600
13.5606,1605
13.5662,1610
13.5719,1605
13.5772,1602
13.5829,1610
13.5885,1608
13.5939,1601
13.5995,1601
13.6052,1608
13.6105,1607
13.6162,1602
13.6218,1603
13.6272,1610
13.6328,1603
13.6385,1603
13.6438,1609
13.6495,1606
13.6551,1601
13.6605,1606
13.6662,1610
13.6718,1603
13.6772,1606
13.6828,1609
13.6885,1604
13.6939,1605
13.6995,1610
13.705,1605
13.7107,1602
13.7161,1606
13.7217,1606
13.7274,1604
13.7328,1605
13.7384,1607
13.7441,1603
13.7494,1602
13.755,1607
13.7607,1607
13.7661,1603
13.7717,1606
13.7773,1608
13.783,1602
13.7883,1603
13.794,1609
13.7996,1606
13.805,1602
13.8106,1605
13.8163,1608
13.8217,1605
13.8273,1605
13.8329,1607
13.8383,1606
13.8439,1602
13.8496,1607
13.855,1607
13.8606,1604
13.8662,1604
13.8719,1608
13.8773,1606
13.8829,1602
13.8886,1607
13.8939,1608
13.8996,1603
13.9049,1605
13.9106,1608
13.9162,1604
13.9218,1604
13.9272,1607
13.9329,1609
13.9383,1603
13.9439,1603
13.9495,1608
13.9552,1609
13.9605,1602
13.9662,1604
13.9718,1610
13.9772,1604
13.9828,1603
13.9884,1608
13.9941,1609
13.9994,1604
14.0051,1603
14.0108,1608
14.0161,1610
14.0218,1603
14.0274,1605
14.0328,1609
14.0384,1606
14.0441,1604
14.0495,1609
14.0551,1608
14.0608,1601
14.0661,1605
14.0718,1610
14.0774,1604
14.0828,1604
14.0885,1608
14.0941,1609
14.0995,1603
14.1051,1606
14.1108,1609
14.1161,1603
14.1218,1609
14.1274,1608
14.1328,1604
14.1385,1605
14.1439,1608
14.1496,1607
14.1552,1602
14.1606,1607
14.1662,1609
14.1716,1603
14.1772,1604
14.1829,1610
14.1883,1607
14.1939,1602
14.1996,1607
14.2052,1607
14.2106,1604
14.2162,1604
14.2219,1609
14.2272,1607
14.2329,1601
14.2383,1606
14.2439,1610
14.2496,1604
14.2552,1602
14.2605,1608
14.2662,1608
14.2718,1602
14.2775,1602
14.2828,1611
14.2885,1606
14.2939,1600
14.2995,1605
14.3052,1609
14.3106,1605
14.3162,1602
14.3218,1609
14.3275,1606
14.3328,1604
14.3385,1607
14.3439,1607
14.3496,1602
14.3552,1607
14.3605,1607
14.3662,1603
14.3718,1605
14.3772,1607
14.3829,1602
14.3885,1604
14.3939,1607
14.3995,1607
14.4052,1603
14.4106,1608
14.4162,1608
14.4218,1603
14.4272,1607
14.4328,1610
14.4384,1605
14.4441,1604
14.4495,1607
14.4551,1606
14.4608,1601
14.4662,1606
14.4718,1610
14.4772,1604
14.4828,1602
14.4884,1608
14.4941,1607
14.4995,1603
14.5052,1607
14.5106,1609
14.5162,1605
14.5219,1604
14.5272,1608
14.5329,1609
14.5385,1601
14.5439,1605
14.5495,1611
14.5552,1606
14.5606,1603
14.5662,1606
14.5719,1609
14.5772,1603
14.5829,1604
14.5886,1610
14.5939,1606
14.5996,1604
14.605,1607
14.6106,1610
14.6163,1603
14.6219,1604
14.6273,1608
14.6329,1606
14.6386,1603
14.6439,1607
14.6494,1609
14.655,1604
14.6607,1603
14.6661,1608
14.6717,1606
14.6772,1605
14.6829,1609
14.6885,1607
14.6939,1603
14.6995,1604
14.7051,1609
14.7107,1604
14.7161,1604
14.7218,1609
14.7274,1604
14.7327,1603
14.7384,1609
14.744,1609
14.7497,1604
14.755,1602
14.7607,1607
14.7661,1607
14.7718,1604
14.7774,1610
14.7828,1607
14.7884,1602
14.7941,1608
14.7994,1608
14.8051,1603
14.8107,1604
14.8161,1608
14.8218,1604
14.8274,1603
14.833,1607
14.8384,1608
14.844,1604
14.8497,1605
14.855,1610
14.8605,1606
14.8662,1602
14.8716,1606
14.8773,1609
14.8829,1603
14.8884,1606
14.894,1609
14.8996,1603
14.905,1602
14.9107,1608
14.9162,1606
14.9216,1603
14.9273,1606
14.9329,1609
14.9386,1604
14.9439,1605
14.9496,1608
14.9552,1607
14.9606,1603
14.9662,1605
14.9716,1608
14.9773,1603
14.9829,1604
14.9886,1608
14.9939,1605
14.9995,1602
15.0052,1608
15.0105,1608
15.0162,1603
15.0217,1607
15.0274,1608
15.0328,1604
15.0384,1604
15.044,1608
15.0495,1605
15.0552,1604
15.0608,1610
15.0662,1605
15.0718,1602
15.0772,1606
15.0829,1608
15.0885,1602
15.0941,1606
15.0995,1608
15.1051,1601
15.1105,1604
15.1162,1611
15.1218,1605
15.1272,1602
15.1329,1606
15.1385,1609
15.1442,1604
15.1495,1603
15.1551,1609
15.1608,1607
15.1662,1602
15.1718,1606
15.1774,1609
15.1828,1603
15.1885,1604
15.1941,1609
15.1995,1605
15.2051,1603
15.2108,1608
15.2161,1606
15.2218,1603
15.2274,1606
15.2328,1607
15.2385,1603
15.2439,1604
15.2495,1607
15.2552,1606
15.2608,1604
15.2662,1608
15.2718,1608
15.2774,1602
15.2828,1604
15.2885,1609
15.2939,1606
15.2995,1604
15.305,1608
15.3106,1606
15.3162,1602
15.3219,1606
15.3272,1610
15.3328,1604
15.3385,1601
15.3441,1609
15.3495,1610
15.3551,1602
15.3606,1606
15.3663,1607
15.3719,1604
15.3773,1601
15.383,1608
15.3884,1608
15.394,1602
15.3996,1605
15.405,1610
15.4106,1606
15.4162,1603
15.4219,1608
15.4272,1611
15.4329,1602
15.4385,1602
15.4439,1608
15.4496,1607
15.4552,1604
15.4606,1607
15.4662,1608
15.4719,1602
15.4772,1605
15.4829,1608
15.4885,1604
15.4939,1603
15.4996,1608
15.5052,1606
15.5106,1602
15.5162,1607
15.5219,1608
15.5272,1602
15.5329,1604
15.5385,1612
15.5439,1605
15.5496,1603
15.5552,1606
15.5608,1610
15.5662,1602
15.5718,1606
15.5774,1609
15.5828,1602
15.5884,1610
15.5941,1607
15.5995,1604
15.6051,1603
15.6108,1609
15.6161,1607
15.6218,1603
15.6274,1606
15.6331,1608
15.6384,1604
15.644,1602
15.6494,1609
15.6551,1607
15.6608,1602
15.6661,1605
15.6718,1610
15.6774,1603
15.6828,1603
15.6885,1608
15.6941,1606
15.6995,1603
15.7052,1604
15.7108,1610
15.7162,1604
15.7218,1603
15.7275,1608
15.7328,1609
15.7384,1603
15.7441,1603
15.7497,1608
15.7551,1605
15.7608,1603
15.7661,1606
15.7718,1607
15.7774,1603
15.7828,1607
15.7884,1608
15.7941,1604
15.7994,1604
15.8051,1609
15.8105,1605
15.8161,1603
15.8218,1608
15.8274,1607
15.8328,1603
15.8384,1606
15.8441,1609
15.8494,1606
15.8551,1604
15.8608,1608
15.8661,1605
15.8718,1603
15.8774,1606
15.8828,1608
15.8884,1603
15.8941,1603
15.8994,1610
15.9051,1606
15.9108,1605
15.9162,1608
15.9218,1608
15.9275,1601
15.9328,1607
15.9384,1608
15.9441,1603
15.9495,1604
15.9551,1608
15.9608,1607
15.9662,1602
15.9718,1607
15.9772,1608
15.9828,1602
15.9885,1601
15.9941,1609
15.9995,1605
16.005,1605
16.0107,1608
16.0163,1607
16.0217,1605
16.0274,1604
16.0328,1610
16.0384,1606
16.0441,1603
16.0497,1607
16.055,1606
16.0607,1601
16.0664,1606
16.0718,1608
16.0774,1602
16.0828,1604
16.0884,1608
16.0941,1604
16.0994,1603
16.1051,1608
16.1107,1606
16.1161,1603
16.1218,1605
16.1275,1609
16.1328,1604
16.1385,1604
16.1439,1610
16.1496,1607
16.1552,1603
16.1606,1606
16.1662,1606
16.1716,1604
16.1773,1605
16.1827,1609
16.1884,1607
16.194,1601
16.1996,1607
16.2051,1610
16.2107,1603
16.2163,1604
16.2217,1609
16.2274,1605
16.2328,1604
16.2385,1609
16.2441,1607
16.2495,1601
16.2552,1605
16.2608,1610
16.2662,1603
16.2718,1604
16.2773,1607
16.283,1608
16.2884,1601
16.294,1604
16.2997,1610
16.3051,1604
16.3107,1603
16.3163,1610
16.3217,1606
16.3274,1603
16.333,1604
16.3384,1611
16.3441,1604
16.3494,1604
16.3551,1609
16.3607,1606
16.3662,1602
16.3718,1607
16.3774,1610
16.3828,1601
16.3885,1605
16.3942,1609
16.3996,1603
16.4052,1602
16.4105,1606
16.4162,1607
16.4218,1603
16.4275,1607
16.4329,1609
16.4385,1603
16.4439,1604
16.4495,1609
16.4552,1605
16.4606,1604
16.4662,1608
16.4719,1604
16.4773,1604
16.4829,1609
16.4886,1604
16.494,1602
16.4997,1609
16.505,1607
16.5107,1604
16.5163,1607
16.5217,1608
16.5273,1603
16.533,1607
16.5384,1608
16.544,1603
16.5494,1603
16.5551,1609
16.5607,1607
16.5663,1605
16.5717,1607
16.5773,1607
16.5828,1603
16.5884,1603
16.5939,1609
16.5995,1604
16.605,1602
16.6107,1609
16.6163,1610
16.6217,1602
16.6273,1602
16.6328,1609
16.6384,1605
16.6439,1602
16.6496,1607
16.655,1608
16.6606,1602
16.6661,1605
16.6717,1609
16.6773,1604
16.6828,1605
16.6884,1610
16.6939,1606
16.6995,1603
16.705,1607
16.7106,1608
16.7162,1602
16.7217,1604
16.7273,1610
16.7328,1605
16.7384,1605
16.7439,1609
16.7495,1607
16.7551,1604
16.7606,1606
16.7662,1610
16.7717,1607
16.7773,1605
16.7828,1608
16.7884,1603
16.794,1603
16.7995,1608
16.8051,1606
16.8106,1605
16.8162,1608
16.8217,1605
16.8273,1603
16.8329,1605
16.8384,1609
16.844,1603
16.8495,1605
16.8551,1611
16.8607,1604
16.8662,1603
16.8718,1609
16.8773,1610
16.8829,1604
16.8884,1606
16.894,1608
16.8996,1603
16.9051,1605
16.9107,1608
16.9162,1604
16.9218,1605
16.9273,1609
16.9329,1605
16.9385,1604
16.944,1608
16.9496,1605
16.9551,1606
16.9607,1608
16.9663,1607
16.9718,1606
16.9774,1608
16.9829,1605
16.9885,1604
16.994,1607
16.9996,1605
17.0052,1603
17.0106,1606
17.0163,1608
17.0219,1604
17.0273,1605
17.0329,1610
17.0385,1606
17.0441,1603
17.0496,1608
17.0552,1606
17.0606,1602
17.0662,1606
17.0718,1606
17.0774,1602
17.0829,1604
17.0885,1610
