Experiment: Feb_8_Batch_expt_zeroed vial 12, Mon Feb  8 17:45:11 2021
0.0049,1669
0.0103,1664
0.0159,1660
0.0213,1654
0.0269,1650
0.0326,1646
0.0382,1640
0.0436,1635
0.0492,1632
0.0546,1627
0.0602,1622
0.0659,1619
0.0715,1616
0.0769,1611
0.0826,1611
0.088,1614
0.0936,1614
0.0992,1612
0.1046,1611
0.1102,1616
0.1159,1612
0.1215,1609
0.1269,1615
0.1325,1614
0.1381,1611
0.1435,1612
0.1491,1615
0.1548,1612
0.1604,1610
0.1658,1614
0.1715,1615
0.1768,1613
0.1825,1609
0.1881,1615
0.1938,1613
0.2032,1609
0.2046,1610
0.2103,1616
0.216,1615
0.2213,1610
0.2269,1609
0.2359,1615
0.238,1617
0.2436,1609
0.2493,1612
0.2607,1615
0.2622,1612
0.2659,1610
0.2713,1614
0.282,1614
0.2827,1612
0.2881,1611
0.2937,1613
0.3039,1615
0.3046,1608
0.3103,1610
0.3159,1614
0.3254,1613
0.3271,1607
0.3324,1612
0.3381,1616
0.3437,1612
0.354,1610
0.3567,1614
0.3604,1616
0.3658,1609
0.3764,1610
0.3788,1614
0.3825,1613
0.3881,1610
0.398,1612
0.3991,1615
0.4047,1610
0.4104,1610
0.4158,1613
0.4214,1612
0.427,1611
0.4327,1612
0.438,1614
0.4437,1609
0.4493,1612
0.4547,1617
0.4603,1611
0.466,1609
0.4713,1614
0.477,1615
0.4826,1613
0.488,1608
0.4937,1613
0.4993,1615
0.5047,1613
0.5103,1609
0.5159,1615
0.5216,1615
0.5269,1610
0.5326,1611
0.5379,1614
0.5436,1613
0.5492,1610
0.5549,1612
0.5602,1612
0.5659,1613
0.5715,1611
0.5769,1613
0.5825,1612
0.5881,1608
0.5938,1610
0.5992,1615
0.6048,1614
0.6102,1610
0.6159,1614
0.6215,1614
0.6269,1611
0.6324,1611
0.6381,1613
0.6437,1611
0.6491,1611
0.6547,1615
0.6603,1612
0.666,1610
0.6713,1612
0.6769,1614
0.6826,1612
0.6882,1608
0.6935,1615
0.6992,1617
0.7048,1614
0.7102,1611
0.7158,1613
0.7214,1615
0.7271,1614
0.7324,1609
0.7381,1614
0.7437,1614
0.7493,1611
0.7547,1609
0.7603,1614
0.766,1615
0.7713,1609
0.777,1610
0.7826,1615
0.7882,1615
0.7936,1612
0.7992,1611
0.8049,1615
0.8102,1617
0.8159,1612
0.8215,1609
0.8271,1612
0.8325,1615
0.8381,1612
0.8438,1609
0.8491,1616
0.8548,1614
0.8604,1611
0.8658,1610
0.8714,1614
0.877,1615
0.8827,1608
0.888,1609
0.8936,1616
0.8993,1612
0.9049,1610
0.9102,1613
0.9159,1614
0.9215,1609
0.9269,1609
0.9325,1615
0.9381,1611
0.9438,1608
0.9491,1613
0.9548,1614
0.9604,1612
0.9658,1609
0.9714,1615
0.977,1617
0.9827,1612
0.988,1608
0.9937,1615
0.9993,1617
1.0047,1612
1.0103,1609
1.016,1611
1.0213,1615
1.027,1613
1.0326,1609
1.0382,1612
1.0436,1616
1.0492,1612
1.0548,1608
1.0602,1614
1.0659,1616
1.0715,1612
1.0769,1610
1.0825,1613
1.0882,1613
1.0936,1609
1.0992,1609
1.1048,1615
1.1105,1615
1.1158,1609
1.1215,1610
1.1271,1618
1.1325,1614
1.1381,1609
1.1437,1613
1.1494,1613
1.1547,1611
1.1603,1610
1.166,1614
1.1713,1613
1.177,1609
1.1826,1611
1.1883,1614
1.1936,1614
1.1993,1609
1.2049,1613
1.2103,1614
1.2159,1611
1.2215,1610
1.2269,1614
1.2325,1614
1.238,1609
1.2436,1611
1.2492,1613
1.2548,1611
1.2605,1608
1.2658,1611
1.2714,1615
1.2771,1612
1.2824,1608
1.2881,1613
1.2938,1615
1.2991,1615
1.3048,1609
1.3104,1612
1.3158,1613
1.3215,1614
1.3271,1610
1.3325,1609
1.3381,1613
1.3438,1613
1.3492,1610
1.3548,1612
1.3604,1616
1.3658,1611
1.3715,1609
1.3771,1613
1.3825,1612
1.3882,1609
1.3938,1611
1.3992,1615
1.4048,1614
1.4102,1608
1.4158,1610
1.4215,1615
1.4271,1612
1.4325,1608
1.4381,1612
1.4437,1615
1.4491,1612
1.4547,1610
1.4604,1613
1.466,1613
1.4714,1608
1.477,1612
1.4826,1612
1.4883,1610
1.4936,1610
1.4992,1614
1.5048,1611
1.5105,1609
1.5158,1611
1.5215,1615
1.527,1612
1.5324,1609
1.5381,1612
1.5438,1614
1.5491,1610
1.5548,1610
1.5604,1615
1.5658,1617
1.5714,1611
1.577,1609
1.5827,1613
1.588,1615
1.5937,1610
1.5993,1609
1.6047,1614
1.6103,1615
1.6159,1610
1.6215,1610
1.6271,1615
1.6325,1612
1.6381,1610
1.6437,1610
1.6493,1612
1.6547,1614
1.6603,1611
1.6659,1611
1.6715,1616
1.6769,1612
1.6825,1607
1.6882,1612
1.6938,1616
1.6992,1611
1.7048,1608
1.7105,1613
1.7158,1612
1.7215,1610
1.7271,1612
1.7327,1614
1.7381,1612
1.7438,1611
1.7491,1610
1.7548,1617
1.7604,1613
1.7658,1608
1.7714,1611
1.7771,1614
1.7827,1614
1.7881,1609
1.7937,1613
1.7993,1615
1.8047,1609
1.8103,1611
1.816,1612
1.8214,1613
1.827,1609
1.8326,1611
1.8383,1616
1.8436,1610
1.8492,1609
1.8549,1614
1.8603,1613
1.8659,1608
1.8715,1609
1.8772,1613
1.8825,1614
1.8881,1611
1.8937,1612
1.8994,1614
1.9047,1614
1.9103,1610
1.9159,1615
1.9216,1615
1.9269,1610
1.9326,1608
1.9381,1614
1.9437,1614
1.9491,1610
1.9548,1609
1.9604,1615
1.9658,1614
1.9714,1610
1.977,1611
1.9827,1614
1.9881,1611
1.9937,1608
1.9993,1614
2.0047,1614
2.0104,1610
2.0158,1610
2.0214,1613
2.027,1614
2.0327,1607
2.0381,1611
2.0437,1613
2.0493,1613
2.0547,1609
2.0604,1610
2.066,1614
2.0714,1609
2.077,1609
2.0827,1615
2.088,1612
2.0937,1608
2.0993,1612
2.1047,1616
2.1103,1612
2.1159,1609
2.1216,1612
2.1269,1615
2.1326,1613
2.1382,1609
2.1438,1612
2.1492,1614
2.1548,1611
2.1604,1608
2.1658,1614
2.1714,1614
2.177,1609
2.1827,1609
2.188,1613
2.1937,1614
2.1992,1610
2.2048,1610
2.2102,1614
2.2158,1614
2.2215,1610
2.227,1611
2.2327,1614
2.2381,1611
2.2437,1609
2.2493,1616
2.2547,1615
2.2603,1610
2.266,1608
2.2713,1614
2.277,1615
2.2826,1610
2.2883,1611
2.2937,1616
2.2993,1614
2.3047,1610
2.3103,1612
2.3159,1616
2.3216,1612
2.3269,1607
2.3326,1611
2.3382,1616
2.3436,1609
2.3493,1608
2.3549,1614
2.3603,1613
2.3659,1611
2.3716,1610
2.3769,1615
2.3826,1611
2.3882,1608
2.3936,1610
2.3992,1616
2.4049,1614
2.4102,1610
2.4159,1610
2.4215,1617
2.4269,1615
2.4325,1609
2.4382,1612
2.4438,1613
2.4492,1613
2.4548,1611
2.4605,1612
2.4659,1616
2.4715,1612
2.4772,1610
2.4826,1611
2.4882,1616
2.4936,1611
2.4992,1609
2.5049,1614
2.5102,1612
2.5159,1609
2.5216,1609
2.527,1615
2.5326,1614
2.538,1610
2.5437,1611
2.5493,1616
2.5547,1612
2.5603,1610
2.566,1612
2.5714,1614
2.577,1612
2.5827,1610
2.5881,1612
2.5938,1615
2.5991,1611
2.6048,1610
2.6105,1612
2.6158,1615
2.6215,1609
2.6272,1609
2.6326,1613
2.6382,1615
2.6436,1614
2.6493,1610
2.6547,1613
2.6603,1614
2.666,1612
2.6714,1608
2.677,1613
2.6825,1615
2.6882,1612
2.6939,1609
2.6993,1615
2.7049,1616
2.7103,1612
2.716,1607
2.7214,1614
2.727,1616
2.7327,1612
2.7381,1610
2.7437,1612
2.7494,1611
2.7548,1611
2.7604,1610
2.7658,1615
2.7715,1613
2.7771,1609
2.7825,1611
2.7881,1613
2.7938,1615
2.7992,1609
2.8049,1612
2.8103,1616
2.8159,1612
2.8216,1609
2.8269,1614
2.8326,1613
2.8382,1612
2.8436,1613
2.8492,1612
2.855,1612
2.8604,1612
2.866,1611
2.8714,1610
2.877,1615
2.8827,1612
2.8883,1611
2.8937,1615
2.8994,1613
2.9048,1610
2.9104,1615
2.9158,1612
2.9214,1610
2.9271,1610
2.9327,1613
2.9381,1613
2.9437,1608
2.9491,1613
2.9548,1616
2.9605,1613
2.9659,1609
2.9716,1613
2.977,1615
2.9827,1610
2.9883,1610
2.9937,1612
2.9994,1616
3.0048,1610
3.0105,1609
3.0159,1613
3.0216,1612
3.0269,1607
3.0326,1612
3.0383,1615
3.0436,1611
3.0493,1608
3.0547,1615
3.0604,1615
3.066,1610
3.0714,1610
3.0771,1614
3.0825,1612
3.0881,1609
3.0937,1611
3.0994,1615
3.1047,1613
3.1103,1609
3.116,1616
3.1214,1615
3.1271,1612
3.1327,1608
3.1381,1614
3.1438,1614
3.1492,1612
3.1548,1608
3.1605,1614
3.1659,1615
3.1715,1613
3.177,1607
3.1826,1613
3.1882,1617
3.1936,1612
3.1993,1609
3.2049,1614
3.2103,1615
3.216,1612
3.2216,1610
3.227,1612
3.2327,1612
3.238,1610
3.2437,1610
3.2494,1615
3.2547,1616
3.2604,1609
3.266,1610
3.2714,1614
3.2771,1614
3.2825,1610
3.2882,1610
3.2938,1614
3.2992,1614
3.3049,1607
3.3103,1610
3.3159,1617
3.3216,1615
3.327,1611
3.3326,1607
3.3381,1612
3.3438,1617
3.3491,1612
3.3548,1610
3.3605,1612
3.3659,1616
3.3715,1613
3.3771,1609
3.3825,1613
3.3882,1613
3.3936,1614
3.3992,1610
3.4049,1611
3.4105,1614
3.4159,1610
3.4215,1608
3.4272,1615
3.4326,1613
3.4382,1609
3.4436,1611
3.4493,1615
3.4547,1612
3.4603,1608
3.466,1612
3.4716,1617
3.477,1610
3.4826,1610
3.488,1615
3.4937,1616
3.4994,1612
3.5048,1607
3.5104,1613
3.516,1616
3.5214,1611
3.527,1610
3.5327,1616
3.5381,1613
3.5437,1609
3.5493,1610
3.5548,1613
3.5604,1612
3.5658,1610
3.5715,1612
3.5771,1615
3.5825,1612
3.5881,1610
3.5938,1615
3.5992,1613
3.6048,1608
3.6102,1612
3.6159,1616
3.6216,1609
3.627,1610
3.6326,1614
3.6383,1614
3.6437,1613
3.6493,1612
3.6547,1614
3.6604,1611
3.6658,1610
3.6715,1611
3.6771,1614
3.6827,1611
3.6881,1609
3.6938,1614
3.6992,1614
3.7048,1610
3.7105,1608
3.7159,1615
3.7216,1613
3.7272,1606
3.7325,1612
3.7382,1616
3.7438,1612
3.7492,1610
3.7549,1615
3.7605,1615
3.7659,1609
3.7715,1610
3.7772,1615
3.7825,1612
3.7882,1609
3.7938,1612
3.7992,1615
3.8048,1614
3.8105,1609
3.8159,1612
3.8216,1615
3.8272,1613
3.8326,1608
3.8382,1613
3.8436,1615
3.8492,1609
3.8549,1610
3.8603,1616
3.866,1614
3.8714,1609
3.877,1611
3.8827,1614
3.8881,1613
3.8937,1608
3.8994,1613
3.9047,1614
3.9104,1608
3.916,1609
3.9214,1615
3.9271,1612
3.9328,1609
3.9381,1613
3.9438,1614
3.9494,1609
3.9548,1610
3.9604,1616
3.9661,1613
3.9715,1610
3.9772,1610
3.9825,1614
3.9882,1612
3.9938,1606
3.9995,1613
4.0048,1614
4.0105,1610
4.0158,1610
4.0215,1614
4.0272,1611
4.0326,1607
4.0382,1613
4.0439,1615
4.0492,1610
4.0548,1610
4.0605,1614
4.0658,1614
4.0715,1608
4.0772,1609
4.0826,1615
4.0882,1612
4.0939,1611
4.0992,1611
4.1049,1613
4.1103,1611
4.1159,1610
4.1215,1613
4.1272,1616
4.1325,1610
4.1382,1609
4.1439,1613
4.1492,1616
4.1549,1610
4.1603,1609
4.166,1615
4.1716,1612
4.177,1608
4.1826,1611
4.1882,1614
4.1938,1612
4.1994,1609
4.2048,1613
4.2104,1614
4.216,1610
4.2214,1609
4.2271,1616
4.2327,1616
4.2381,1609
4.2438,1610
4.2494,1614
4.2548,1613
4.2604,1610
4.2658,1612
4.2715,1615
4.2771,1611
4.2825,1609
4.2881,1614
4.2938,1614
4.2992,1609
4.3049,1609
4.3105,1614
4.3159,1615
4.3215,1608
4.3272,1610
4.3325,1615
4.3382,1614
4.3439,1609
4.3492,1611
4.3549,1614
4.3605,1613
4.3658,1608
4.3715,1612
4.3771,1617
4.3828,1612
4.3881,1607
4.3938,1612
4.3992,1613
4.4049,1611
4.4105,1609
4.4159,1612
4.4215,1614
4.4272,1611
4.4325,1610
4.4382,1613
4.4438,1614
4.4492,1610
4.4549,1607
4.4605,1615
4.4659,1612
4.4715,1610
4.4772,1611
4.4826,1615
4.4882,1613
4.4938,1610
4.4992,1612
4.5049,1613
4.5105,1610
4.5159,1608
4.5214,1613
4.527,1614
4.5327,1608
4.5383,1610
4.5437,1616
4.5492,1614
4.5548,1609
4.5605,1613
4.5659,1614
4.5715,1610
4.577,1609
4.5826,1614
4.5883,1613
4.5937,1609
4.5993,1611
4.6048,1615
4.6105,1612
4.6159,1609
4.6215,1613
4.6272,1617
4.6326,1611
4.6382,1608
4.6438,1612
4.6492,1613
4.6549,1611
4.6604,1611
4.6661,1613
4.6715,1611
4.6772,1609
4.6825,1612
4.6882,1614
4.6938,1610
4.6992,1610
4.7048,1613
4.7105,1614
4.7158,1608
4.7215,1612
4.7269,1614
4.7325,1612
4.7382,1610
4.7438,1613
4.7492,1614
4.7548,1611
4.7604,1609
4.7661,1614
4.7715,1615
4.7771,1609
4.7825,1611
4.7882,1615
4.7938,1612
4.7992,1609
4.8048,1612
4.8105,1616
4.8158,1609
4.8214,1609
4.8271,1613
4.8327,1615
4.8381,1610
4.8438,1610
4.8494,1615
4.8548,1614
4.8604,1607
4.8661,1611
4.8714,1616
4.8771,1611
4.8827,1609
4.8881,1613
4.8938,1616
4.8992,1610
4.9048,1611
4.9105,1615
4.9161,1613
4.9215,1609
4.9271,1611
4.9325,1616
4.9382,1612
4.9439,1608
4.9492,1612
4.9549,1615
4.9605,1609
4.9659,1610
4.9715,1616
4.9772,1612
4.9825,1609
4.9881,1610
4.9938,1615
4.9992,1612
5.0049,1609
5.0105,1614
5.0159,1613
5.0215,1610
5.0271,1611
5.0325,1613
5.0382,1611
5.0438,1609
5.0494,1610
5.0549,1615
5.0605,1613
5.0659,1608
5.0716,1612
5.077,1615
5.0826,1614
5.0882,1610
5.0939,1612
5.0993,1616
5.1049,1611
5.1103,1608
5.116,1613
5.1216,1614
5.127,1610
5.1326,1609
5.1383,1612
5.1436,1615
5.1493,1609
5.1549,1611
5.1606,1614
5.166,1612
5.1717,1607
5.177,1612
5.1827,1615
5.188,1611
5.1937,1609
5.1994,1613
5.205,1614
5.2104,1609
5.216,1609
5.2214,1614
5.227,1613
5.2325,1610
5.2382,1610
5.2438,1613
5.2492,1612
5.2548,1609
5.2604,1612
5.2661,1616
5.2714,1612
5.2771,1609
5.2827,1614
5.2883,1614
5.2936,1610
5.2992,1609
5.3049,1615
5.3105,1616
5.3159,1611
5.3215,1609
5.3269,1614
5.3325,1616
5.3382,1612
5.3438,1610
5.3492,1614
5.3549,1612
5.3605,1610
5.3659,1613
5.3715,1614
5.3771,1611
5.3826,1610
5.3882,1612
5.3939,1613
5.3992,1610
5.4049,1610
5.4105,1615
5.4159,1612
5.4215,1612
5.4272,1610
5.4326,1615
5.4383,1610
5.4436,1609
5.4493,1614
5.455,1614
5.4604,1609
5.466,1610
5.4717,1613
5.477,1614
5.4827,1610
5.4881,1609
5.4937,1613
5.4994,1611
5.5048,1609
5.5104,1611
5.5161,1618
5.5215,1612
5.5271,1609
5.5328,1612
5.5382,1614
5.5438,1610
5.5495,1610
5.5548,1614
5.5605,1614
5.5661,1609
5.5715,1610
5.5771,1614
5.5828,1610
5.5881,1608
5.5938,1611
5.5994,1614
5.6048,1609
5.6104,1610
5.616,1614
5.6217,1612
5.627,1611
5.6327,1612
5.6383,1613
5.6438,1611
5.6494,1609
5.6548,1611
5.6604,1613
5.6661,1610
5.6714,1610
5.6771,1615
5.6827,1615
5.6881,1608
5.6938,1609
5.6992,1615
5.7049,1614
5.7105,1608
5.7159,1611
5.7215,1614
5.7271,1612
5.7328,1610
5.7381,1611
5.7437,1615
5.7494,1613
5.7548,1609
5.7604,1611
5.7659,1615
5.7715,1611
5.7772,1609
5.7826,1614
5.7882,1615
5.7937,1609
5.7994,1611
5.8048,1613
5.8104,1614
5.8161,1608
5.8214,1609
5.8271,1614
5.8327,1613
5.8381,1608
5.8438,1612
5.8494,1616
5.8548,1611
5.8605,1609
5.8661,1613
5.8714,1613
5.8771,1611
5.8827,1612
5.8881,1616
5.8937,1618
5.8993,1609
5.9049,1609
5.9103,1615
5.9159,1611
5.9216,1611
5.9271,1613
5.9327,1614
5.9384,1612
5.9437,1609
5.9494,1615
5.9548,1613
5.9604,1608
5.9658,1610
5.9715,1615
5.9771,1612
5.9828,1610
5.9881,1613
5.9937,1615
5.9994,1611
6.0048,1608
6.0104,1612
6.0159,1615
6.0214,1611
6.0271,1609
6.0327,1613
6.0384,1614
6.0437,1610
6.0494,1609
6.0548,1614
6.0604,1614
6.066,1609
6.0715,1610
6.0771,1616
6.0828,1613
6.0881,1608
6.0938,1613
6.0994,1614
6.105,1611
6.1104,1608
6.116,1613
6.1217,1615
6.1271,1610
6.1328,1610
6.1381,1615
6.1438,1613
6.1494,1610
6.1548,1613
6.1604,1615
6.166,1612
6.1717,1609
6.1771,1611
6.1827,1613
6.1881,1611
6.1938,1609
6.1994,1612
6.205,1615
6.2104,1609
6.216,1609
6.2217,1615
6.227,1616
6.2327,1611
6.2381,1609
6.2437,1616
6.2494,1613
6.255,1609
6.2604,1611
6.2661,1616
6.2717,1614
6.2771,1609
6.2825,1610
6.2882,1615
6.2938,1611
6.2994,1608
6.3048,1612
6.3105,1615
6.3161,1611
6.3215,1611
6.3271,1616
6.3328,1614
6.3382,1610
6.3438,1607
6.3492,1613
6.3549,1615
6.3605,1610
6.3659,1610
6.3715,1614
6.3772,1613
6.3828,1608
6.3881,1612
6.3938,1613
6.3992,1610
6.4049,1610
6.4105,1612
6.4162,1614
6.4215,1609
6.4272,1612
6.4328,1614
6.4382,1613
6.4439,1610
6.4492,1614
6.4549,1615
6.4605,1613
6.4659,1608
6.4716,1614
6.4772,1615
6.4826,1611
6.4882,1608
6.4938,1612
6.4992,1613
6.5049,1610
6.5105,1607
6.5162,1615
6.5215,1617
6.5271,1610
6.5328,1608
6.5382,1613
6.5438,1615
6.5494,1609
6.5549,1610
6.5605,1614
6.5661,1612
6.5715,1609
6.5771,1613
6.5828,1615
6.5882,1612
6.5938,1610
6.5992,1615
6.6048,1614
6.6105,1607
6.6162,1612
6.6215,1615
6.6272,1612
6.6326,1610
6.6382,1611
6.6439,1614
6.6492,1612
6.6549,1610
6.6606,1613
6.6659,1613
6.6716,1609
6.6772,1611
6.6826,1614
6.6882,1612
6.6938,1609
6.6995,1611
6.7049,1613
6.7106,1609
6.7159,1608
6.7216,1616
6.7272,1613
6.7326,1610
6.7382,1609
6.7438,1614
6.7495,1611
6.7548,1609
6.7605,1613
6.7659,1615
6.7716,1608
6.7772,1609
6.7826,1613
6.7882,1614
6.7938,1609
6.7992,1610
6.8049,1615
6.8105,1614
6.8159,1609
6.8216,1611
6.8272,1613
6.8326,1614
6.8382,1606
6.8438,1612
6.8495,1616
6.8549,1612
6.8605,1609
6.8662,1615
6.8716,1614
6.8772,1612
6.8828,1610
6.8882,1615
6.8938,1611
6.8992,1609
6.9049,1613
6.9105,1614
6.9161,1610
6.9215,1611
6.9272,1614
6.9328,1612
6.9381,1609
6.9438,1610
6.9494,1616
6.9548,1612
6.9605,1608
6.9661,1613
6.9715,1615
6.9771,1610
6.9826,1609
6.9882,1613
6.9939,1615
6.9993,1611
7.0049,1612
7.0106,1615
7.016,1612
7.0216,1610
7.0272,1613
7.0326,1613
7.0383,1610
7.0439,1610
7.0493,1616
7.0549,1615
7.0606,1607
7.0659,1611
7.0716,1615
7.0772,1611
7.0826,1610
7.0883,1611
7.0939,1616
7.0993,1612
7.1049,1608
7.1106,1613
7.1159,1615
7.1216,1611
7.1273,1609
7.1327,1613
7.1383,1615
7.1439,1609
7.1493,1611
7.1549,1614
7.1606,1612
7.1659,1609
7.1716,1612
7.1772,1615
7.1826,1613
7.1883,1608
7.1939,1612
7.1993,1615
7.2049,1610
7.2106,1611
7.2159,1615
7.2215,1613
7.2272,1609
7.2328,1611
7.2382,1614
7.2439,1611
7.2492,1609
7.2549,1611
7.2605,1615
7.2662,1610
7.2715,1609
7.2772,1611
7.2828,1613
7.2882,1610
7.2939,1612
7.2995,1612
7.3049,1613
7.3105,1609
7.3159,1613
7.3215,1621
7.3272,1611
7.3328,1610
7.3382,1613
7.3438,1616
7.3492,1611
7.3549,1613
7.3605,1614
7.3659,1612
7.3716,1610
7.3773,1613
7.3827,1615
7.3883,1609
7.3939,1611
7.3993,1614
7.405,1614
7.4105,1610
7.4161,1610
7.4215,1618
7.427,1613
7.4327,1608
7.4383,1611
7.4437,1616
7.4493,1612
7.4548,1609
7.4605,1614
7.4661,1615
7.4715,1610
7.4771,1611
7.4827,1613
7.4883,1611
7.4937,1610
7.4993,1611
7.505,1612
7.5104,1613
7.516,1609
7.5217,1614
7.5273,1615
7.5327,1611
7.5383,1610
7.5439,1613
7.5493,1613
7.5549,1611
7.5605,1610
7.566,1614
7.5716,1615
7.5773,1608
7.5826,1608
7.5882,1613
7.5939,1612
7.5993,1609
7.6049,1612
7.6106,1613
7.616,1612
7.6216,1608
7.6273,1610
7.6326,1614
7.6383,1613
7.6439,1609
7.6493,1614
7.6549,1614
7.6606,1610
7.6659,1611
7.6716,1612
7.6773,1614
7.6826,1612
7.6883,1610
7.6939,1614
7.6992,1614
7.7049,1612
7.7105,1614
7.7162,1614
7.7216,1611
7.7272,1609
7.7328,1613
7.7382,1614
7.7438,1611
7.7495,1608
7.7549,1612
7.7605,1614
7.7661,1610
7.7715,1608
7.7772,1613
7.7828,1615
7.7882,1611
7.7938,1608
7.7995,1614
7.8048,1614
7.8105,1612
7.8161,1611
7.8218,1615
7.8272,1615
7.8328,1608
7.8382,1609
7.8438,1614
7.8495,1614
7.8548,1607
7.8604,1611
7.8661,1616
7.8717,1613
7.8771,1610
7.8828,1613
7.8884,1613
7.8938,1614
7.8994,1609
7.905,1615
7.9104,1618
7.916,1610
7.9217,1610
7.927,1615
7.9327,1612
7.9384,1608
7.9437,1612
7.9494,1614
7.955,1612
7.9604,1609
7.966,1611
7.9716,1615
7.9773,1612
7.9826,1610
7.9882,1614
7.9939,1614
7.9993,1611
8.005,1608
8.0106,1614
8.016,1616
8.0216,1609
8.0272,1611
8.0326,1613
8.0383,1613
8.0439,1610
8.0493,1611
8.0549,1613
8.0606,1613
8.0659,1609
8.0716,1611
8.0773,1616
8.0826,1612
8.0882,1609
8.0939,1615
8.0993,1614
8.1049,1608
8.1106,1612
8.1159,1613
8.1216,1613
8.1272,1608
8.1329,1614
8.1382,1614
8.1439,1613
8.1493,1608
8.1549,1615
8.1605,1615
8.1662,1610
8.1715,1612
8.1772,1613
8.1828,1613
8.1882,1611
8.1938,1611
8.1995,1616
8.2049,1614
8.2105,1610
8.2161,1611
8.2218,1615
8.2271,1611
8.2328,1609
8.2381,1614
8.2438,1615
8.2494,1613
8.2551,1607
8.2605,1614
8.2661,1614
8.2717,1611
8.2771,1608
8.2827,1615
8.2884,1616
8.294,1611
8.2993,1609
8.305,1614
8.3106,1614
8.316,1610
8.3217,1609
8.3273,1616
8.3327,1614
8.3383,1612
8.3439,1611
8.3493,1614
8.3549,1611
8.3606,1608
8.3662,1613
8.3716,1616
8.3772,1611
8.3826,1608
8.3882,1613
8.3939,1617
8.3995,1611
8.4049,1610
8.4104,1614
8.4161,1614
8.4217,1612
8.4271,1610
8.4327,1612
8.4384,1613
8.4437,1611
8.4494,1610
8.455,1613
8.4604,1611
8.466,1611
8.4717,1614
8.4771,1614
8.4827,1610
8.4883,1610
8.4937,1615
8.4993,1613
8.505,1610
8.5106,1612
8.516,1614
8.5216,1613
8.5273,1611
8.5327,1612
8.5383,1616
8.5439,1611
8.5493,1609
8.5549,1615
8.5606,1614
8.5659,1610
8.5715,1611
8.5772,1614
8.5828,1611
8.5882,1610
8.5938,1612
8.5995,1615
8.6048,1609
8.6105,1611
8.6161,1614
8.6215,1612
8.6271,1609
8.6327,1610
8.6383,1614
8.6437,1614
8.6494,1610
8.655,1613
8.6606,1615
8.666,1611
8.6716,1609
8.6773,1614
8.6826,1613
8.6883,1609
8.6939,1610
8.6993,1613
8.7049,1612
8.7106,1609
8.7159,1612
8.7216,1613
8.7272,1609
8.7328,1610
8.7382,1616
8.7438,1616
8.7492,1609
8.7549,1612
8.7605,1615
8.7662,1613
8.7716,1610
8.7772,1612
8.7828,1617
8.7882,1610
8.7938,1608
8.7995,1613
8.8049,1615
8.8105,1608
8.8162,1609
8.8215,1615
8.8272,1613
8.8328,1610
8.8382,1613
8.8438,1616
8.8494,1612
8.8551,1609
8.8605,1613
8.8661,1613
8.8717,1612
8.8771,1608
8.8827,1614
8.8884,1613
8.8937,1610
8.8994,1609
8.905,1615
8.9104,1614
8.9161,1608
8.9215,1612
8.9271,1615
8.9328,1612
8.9384,1611
8.9438,1612
8.9493,1614
8.9549,1610
8.9606,1608
8.966,1614
8.9717,1613
8.9771,1610
8.9828,1611
8.9882,1614
8.9938,1612
8.9995,1609
9.0049,1611
9.0105,1615
9.0162,1610
9.0216,1610
9.0272,1611
9.0328,1615
9.0384,1611
9.0438,1611
9.0494,1614
9.0548,1613
9.0604,1608
9.0661,1610
9.0716,1615
9.077,1612
9.0826,1608
9.0883,1614
9.094,1613
9.0993,1611
9.105,1610
9.1106,1615
9.116,1613
9.1216,1610
9.1272,1610
9.1329,1614
9.1382,1613
9.1438,1610
9.1495,1610
9.1549,1617
9.1605,1612
9.1662,1609
9.1715,1613
9.1772,1614
9.1826,1613
9.1882,1609
9.1938,1612
9.1995,1614
9.2048,1610
9.2105,1612
9.2162,1616
9.2215,1613
9.2271,1609
9.2328,1611
9.2382,1615
9.2438,1612
9.2495,1608
9.2548,1613
9.2605,1616
9.2661,1613
9.2717,1609
9.2771,1612
9.2827,1614
9.2884,1610
9.2938,1611
9.2995,1614
9.3049,1612
9.3105,1608
9.3161,1611
9.3218,1616
9.3271,1613
9.3328,1610
9.3384,1614
9.3438,1612
9.3494,1610
9.3551,1612
9.3604,1615
9.3661,1613
9.3717,1609
9.3771,1609
9.3827,1614
9.3884,1615
9.3938,1609
9.3994,1610
9.4051,1616
9.4104,1613
9.4161,1609
9.4217,1611
9.4271,1614
9.4327,1612
9.4383,1607
9.444,1612
9.4494,1615
9.455,1612
9.4604,1609
9.466,1615
9.4716,1615
9.4773,1609
9.4827,1610
9.4883,1616
9.4939,1613
9.4995,1608
9.505,1609
9.5106,1614
9.5159,1612
9.5216,1609
9.5272,1610
9.5329,1615
9.5382,1613
9.5439,1611
9.5495,1609
9.5549,1616
9.5606,1612
9.5662,1608
9.5716,1613
9.5772,1612
9.5828,1613
9.5882,1608
9.5938,1612
9.5995,1615
9.6049,1611
9.6105,1609
9.6162,1614
9.6218,1614
9.6272,1610
9.6328,1610
9.6384,1613
9.6438,1612
9.6494,1611
9.6551,1613
9.6605,1615
9.6661,1609
9.6718,1611
9.6771,1614
9.6827,1613
9.6884,1610
9.694,1610
9.6993,1617
9.705,1612
9.7106,1608
9.716,1613
9.7217,1614
9.7273,1609
9.7327,1609
9.7383,1614
9.744,1614
9.7493,1608
9.755,1611
9.7606,1616
9.766,1613
9.7717,1609
9.7773,1611
9.7827,1616
9.7883,1611
9.794,1609
9.7993,1626
9.805,1613
9.8106,1611
9.816,1611
9.8216,1614
9.8273,1611
9.8327,1609
9.8383,1613
9.844,1612
9.8493,1610
9.855,1608
9.8606,1613
9.866,1610
9.8716,1609
9.8773,1612
9.8827,1615
9.8883,1610
9.8939,1612
9.8996,1613
9.905,1611
9.9106,1608
9.9162,1608
9.9216,1615
9.9273,1614
9.9329,1608
9.9382,1611
9.9439,1614
9.9495,1612
9.9549,1609
9.9605,1610
9.9662,1615
9.9716,1614
9.9772,1609
9.9828,1611
9.9885,1614
9.9938,1611
9.9994,1609
10.0051,1616
10.0105,1613
10.0161,1610
10.0217,1612
10.0271,1615
10.0328,1614
10.0384,1608
10.0438,1612
10.0494,1616
10.055,1613
10.0607,1609
10.066,1612
10.0717,1614
10.0771,1610
10.0827,1610
10.0883,1614
10.094,1611
10.0993,1610
10.105,1613
10.1106,1615
10.116,1609
10.1216,1609
10.1273,1613
10.1327,1613
10.1383,1609
10.144,1611
10.1493,1614
10.1549,1611
10.1606,1609
10.1659,1614
10.1716,1614
10.1772,1609
10.1829,1611
10.1883,1612
10.1939,1611
10.1996,1609
10.2049,1613
10.2106,1614
10.2162,1612
10.2216,1609
10.2272,1613
10.2327,1614
10.2384,1610
10.2438,1610
10.2495,1614
10.2551,1612
10.2605,1609
10.2661,1612
10.2717,1613
10.2771,1609
10.2828,1609
10.2884,1612
10.2938,1615
10.2995,1611
10.3051,1608
10.3105,1614
10.3161,1614
10.3216,1610
10.3272,1608
10.3326,1613
10.3383,1615
10.3439,1608
10.3493,1610
10.355,1615
10.3605,1614
10.3661,1607
10.3718,1613
10.3771,1615
10.3828,1611
10.3883,1609
10.3939,1615
10.3993,1614
10.405,1611
10.4106,1609
10.4161,1616
10.4217,1613
10.4274,1608
10.4327,1613
10.4383,1615
10.4439,1611
10.4496,1608
10.455,1614
10.4606,1613
10.4662,1612
10.4716,1609
10.4772,1614
10.4829,1610
10.4883,1609
10.4939,1610
10.4995,1615
10.5049,1613
10.5106,1608
10.5162,1612
10.5216,1616
10.5272,1614
10.5329,1608
10.5382,1611
10.5439,1615
10.5495,1610
10.5551,1610
10.5605,1610
10.5662,1614
10.5718,1610
10.5772,1609
10.5828,1613
10.5882,1613
10.5938,1610
10.5995,1610
10.6051,1612
10.6105,1615
10.6162,1609
10.6218,1609
10.6272,1613
10.6328,1614
10.6382,1609
10.6438,1607
10.6495,1615
10.6551,1614
10.6605,1608
10.6662,1613
10.6718,1616
10.6772,1612
10.6828,1609
10.6884,1613
10.6938,1615
10.6994,1611
10.705,1610
10.7104,1614
10.716,1613
10.7217,1609
10.7271,1612
10.7327,1613
10.7384,1615
10.744,1609
10.7494,1614
10.755,1615
10.7604,1613
10.7661,1610
10.7718,1613
10.7771,1615
10.7828,1611
10.7884,1609
10.794,1616
10.7994,1614
10.805,1609
10.8104,1610
10.816,1616
10.8217,1613
10.8271,1608
10.8327,1613
10.8384,1616
10.8441,1610
10.8494,1609
10.8551,1614
10.8607,1615
10.866,1609
10.8717,1611
10.8774,1615
10.8827,1611
10.8884,1609
10.8937,1611
10.8994,1614
10.905,1610
10.9107,1610
10.916,1614
10.9216,1613
10.9273,1611
10.9327,1613
10.9383,1615
10.9439,1611
10.9496,1610
10.9549,1614
10.9606,1613
10.9662,1609
10.9715,1610
10.9772,1615
10.9828,1610
10.9882,1611
10.9939,1613
10.9994,1613
11.005,1610
11.0107,1612
11.0161,1614
11.0217,1611
11.0273,1609
11.0327,1613
11.0383,1614
11.044,1608
11.0494,1611
11.055,1616
11.0607,1612
11.066,1607
11.0717,1615
11.0773,1613
11.0829,1608
11.0883,1609
11.094,1614
11.0994,1613
11.105,1609
11.1106,1611
11.116,1615
11.1216,1613
11.1273,1612
11.1329,1613
11.1383,1615
11.1439,1612
11.1493,1610
11.155,1612
11.1606,1615
11.166,1609
11.1716,1609
11.1773,1612
11.1829,1612
11.1883,1610
11.1939,1613
11.1996,1613
11.205,1611
11.2104,1609
11.2161,1615
11.2217,1614
11.2273,1611
11.2327,1610
11.2383,1614
11.244,1613
11.2494,1611
11.255,1612
11.2607,1615
11.266,1614
11.2717,1609
11.2773,1612
11.2827,1613
11.2883,1612
11.294,1609
11.2993,1611
11.305,1615
11.3106,1612
11.316,1609
11.3217,1613
11.3273,1614
11.3329,1612
11.3383,1610
11.3439,1614
11.3493,1616
11.3549,1609
11.3606,1612
11.3662,1616
11.3717,1614
11.3773,1609
11.3827,1611
11.3883,1615
11.3939,1612
11.3996,1610
11.4049,1612
11.4106,1615
11.4162,1611
11.4217,1609
11.4273,1614
11.4327,1611
11.4383,1609
11.4439,1612
11.4496,1613
11.455,1610
11.4606,1610
11.4663,1614
11.4717,1615
11.4773,1610
11.4827,1610
11.4883,1615
11.494,1614
11.4996,1608
11.505,1612
11.5106,1617
11.516,1613
11.5216,1609
11.5273,1610
11.5327,1616
11.5383,1613
11.544,1608
11.5493,1612
11.555,1614
11.5606,1610
11.566,1610
11.5716,1615
11.5773,1614
11.5827,1611
11.5883,1611
11.594,1614
11.5994,1612
11.605,1610
11.6106,1613
11.616,1613
11.6216,1609
11.6273,1610
11.6327,1614
11.6383,1613
11.6439,1609
11.6493,1612
11.6549,1613
11.6606,1611
11.6662,1616
11.6716,1615
11.6772,1613
11.6827,1610
11.6883,1612
11.6939,1615
11.6996,1613
11.705,1608
11.7106,1611
11.716,1616
11.7216,1611
11.7273,1610
11.7327,1615
11.7383,1615
11.7438,1610
11.7495,1610
11.7551,1616
11.7607,1612
11.7661,1610
11.7716,1611
11.7773,1617
11.7827,1611
11.7884,1610
11.794,1613
11.7994,1615
11.805,1610
11.8107,1609
11.816,1614
11.8217,1613
11.8273,1609
11.8329,1612
11.8383,1615
11.844,1611
11.8493,1608
11.855,1614
11.8606,1615
11.8663,1610
11.8716,1610
11.8773,1615
11.8828,1613
11.8885,1611
11.8939,1611
11.8995,1613
11.9051,1613
11.9105,1609
11.9161,1614
11.9218,1615
11.9271,1611
11.9328,1622
11.9384,1615
11.9441,1615
11.9495,1611
11.9551,1610
11.9604,1615
11.9661,1612
11.9717,1610
11.9773,1611
11.983,1614
11.9883,1612
11.994,1609
11.9994,1614
12.0051,1612
12.0105,1609
12.0161,1611
12.0217,1614
12.0274,1611
12.0328,1609
12.0384,1612
12.0438,1614
12.0494,1611
12.0551,1608
12.0605,1614
12.0661,1614
12.0718,1610
12.0774,1612
12.0828,1613
12.0884,1611
12.0941,1610
12.0994,1611
12.1051,1614
12.1105,1611
12.1161,1609
12.1217,1614
12.1274,1612
12.1327,1610
12.1384,1610
12.144,1613
12.1494,1615
12.155,1609
12.1607,1612
12.1661,1615
12.1717,1613
12.1774,1608
12.1828,1612
12.1884,1616
12.194,1610
12.1994,1608
12.205,1612
12.2107,1614
12.216,1612
12.2217,1610
12.2274,1613
12.2327,1614
12.2384,1612
12.244,1612
12.2496,1615
12.255,1613
12.2606,1609
12.2663,1611
12.2717,1615
12.2773,1613
12.283,1609
12.2883,1613
12.294,1615
12.2996,1611
12.305,1609
12.3106,1614
12.3163,1616
12.3217,1611
12.3273,1611
12.333,1615
12.3383,1612
12.344,1610
12.3496,1613
12.355,1615
12.3607,1612
12.366,1608
12.3717,1613
12.3771,1614
12.3828,1610
12.3884,1609
12.3941,1615
12.3994,1611
12.4051,1608
12.4105,1611
12.4161,1615
12.4218,1610
12.4272,1609
12.4328,1612
12.4385,1616
12.4438,1610
12.4495,1609
12.455,1614
12.4606,1614
12.4663,1612
12.4716,1610
12.4773,1615
12.4827,1615
12.4884,1608
12.494,1612
12.4996,1614
12.505,1610
12.5106,1611
12.516,1613
12.5217,1612
12.5273,1608
12.5327,1611
12.5384,1616
12.544,1611
12.5496,1609
12.555,1612
12.5606,1615
12.566,1611
12.5716,1610
12.5773,1613
12.5829,1614
12.5883,1610
12.594,1609
12.5994,1615
12.605,1613
12.6107,1609
12.616,1610
12.6217,1615
12.6273,1614
12.633,1611
12.6384,1612
12.644,1613
12.6494,1612
12.655,1608
12.6606,1613
12.6663,1616
12.6716,1612
12.6773,1610
12.6829,1613
12.6883,1615
12.694,1611
12.6994,1610
12.705,1615
12.7107,1613
12.7161,1608
12.7217,1609
12.7273,1615
12.733,1613
12.7383,1609
12.744,1612
12.7494,1616
12.755,1609
12.7607,1612
12.766,1613
12.7717,1613
12.7773,1609
12.783,1611
12.7883,1615
12.794,1613
12.7994,1610
12.805,1612
12.8105,1616
12.8161,1611
12.8218,1608
12.8272,1612
12.8328,1616
12.8383,1611
12.844,1609
12.8494,1613
12.8551,1616
12.8607,1611
12.8661,1608
12.8717,1613
12.8773,1614
12.883,1610
12.8883,1609
12.894,1613
12.8996,1616
12.905,1606
12.9106,1610
12.9163,1614
12.9217,1612
12.9273,1608
12.9329,1612
12.9383,1614
12.944,1612
12.9496,1609
12.955,1614
12.9607,1615
12.9663,1609
12.9717,1611
12.9773,1614
12.9827,1614
12.9883,1609
12.994,1611
12.9994,1615
13.0051,1612
13.0105,1609
13.0161,1613
13.0218,1613
13.0274,1611
13.0328,1608
13.0384,1612
13.0441,1614
13.0494,1610
13.0551,1610
13.0607,1614
13.0661,1611
13.0718,1609
13.0774,1611
13.0828,1616
13.0884,1611
13.094,1607
13.0994,1614
13.105,1615
13.1107,1610
13.1163,1609
13.1217,1614
13.1274,1615
13.1328,1610
13.1384,1609
13.1441,1611
13.1494,1614
13.1551,1611
13.1607,1612
13.1661,1614
13.1717,1612
13.1773,1611
13.1829,1610
13.1886,1613
13.1939,1614
13.1995,1608
13.2051,1610
13.2107,1615
13.2161,1613
13.2217,1610
13.2274,1614
13.2328,1612
13.2383,1610
13.2439,1612
13.2496,1612
13.2549,1611
13.2606,1609
13.2661,1615
13.2717,1613
13.2772,1611
13.2829,1609
13.2885,1614
13.2939,1613
13.2995,1609
13.3052,1613
13.3105,1616
13.3162,1609
13.3217,1610
13.3274,1615
13.3328,1612
13.3384,1607
13.3441,1612
13.3494,1617
13.3551,1611
13.3605,1612
13.3661,1615
13.3718,1614
13.3774,1609
13.383,1612
13.3884,1613
13.3941,1610
13.3995,1611
13.4051,1613
13.4105,1610
13.4161,1611
13.4216,1613
13.4272,1611
13.4329,1611
13.4385,1614
13.4439,1614
13.4494,1611
13.455,1612
13.4607,1611
13.466,1612
13.4717,1610
13.4772,1615
13.4829,1613
13.4885,1610
13.4939,1613
13.4996,1615
13.5049,1613
13.5106,1609
13.5162,1616
13.5218,1613
13.5272,1610
13.5329,1614
13.5382,1615
13.5439,1610
13.5496,1609
13.5549,1613
13.5606,1612
13.5662,1610
13.5719,1613
13.5772,1616
13.5829,1612
13.5885,1610
13.5939,1614
13.5995,1614
13.6052,1610
13.6105,1611
13.6162,1615
13.6218,1612
13.6272,1610
13.6328,1614
13.6385,1615
13.6438,1612
13.6495,1610
13.6551,1613
13.6605,1615
13.6662,1611
13.6718,1611
13.6772,1613
13.6828,1612
13.6885,1608
13.6939,1610
13.6995,1615
13.705,1614
13.7107,1610
13.7161,1613
13.7217,1614
13.7274,1610
13.7328,1609
13.7384,1614
13.7441,1613
13.7494,1609
13.755,1612
13.7607,1616
13.7661,1612
13.7717,1609
13.7773,1613
13.783,1613
13.7883,1609
13.794,1612
13.7996,1615
13.805,1612
13.8106,1610
13.8163,1614
13.8217,1615
13.8273,1613
13.8329,1606
13.8383,1610
13.8439,1617
13.8496,1612
13.855,1609
13.8606,1611
13.8662,1615
13.8719,1613
13.8773,1610
13.8829,1611
13.8886,1616
13.8939,1612
13.8996,1607
13.9049,1611
13.9106,1616
13.9162,1612
13.9218,1608
13.9272,1613
13.9329,1615
13.9383,1611
13.9439,1609
13.9495,1613
13.9552,1616
13.9605,1614
13.9662,1609
13.9718,1616
13.9772,1614
13.9828,1609
13.9884,1611
13.9941,1616
13.9994,1611
14.0051,1607
14.0108,1612
14.0161,1617
14.0218,1612
14.0274,1609
14.0328,1613
14.0384,1614
14.0441,1611
14.0495,1610
14.0551,1614
14.0608,1614
14.0661,1611
14.0718,1611
14.0774,1616
14.0828,1614
14.0885,1608
14.0941,1611
14.0995,1614
14.1051,1610
14.1108,1608
14.1161,1612
14.1218,1620
14.1274,1612
14.1328,1608
14.1385,1613
14.1439,1616
14.1496,1612
14.1552,1610
14.1606,1614
14.1662,1613
14.1716,1610
14.1772,1611
14.1829,1616
14.1883,1612
14.1939,1608
14.1996,1614
14.2052,1613
14.2106,1610
14.2162,1609
14.2219,1614
14.2272,1617
14.2329,1613
14.2383,1609
14.2439,1612
14.2496,1616
14.2552,1614
14.2605,1609
14.2662,1611
14.2718,1616
14.2775,1612
14.2828,1607
14.2885,1612
14.2939,1617
14.2995,1614
14.3052,1607
14.3106,1612
14.3162,1616
14.3218,1610
14.3275,1607
14.3328,1610
14.3385,1614
14.3439,1612
14.3496,1609
14.3552,1614
14.3605,1615
14.3662,1612
14.3718,1610
14.3772,1614
14.3829,1612
14.3885,1612
14.3939,1611
14.3995,1612
14.4052,1610
14.4106,1610
14.4162,1616
14.4218,1612
14.4272,1610
14.4328,1615
14.4384,1613
14.4441,1610
14.4495,1615
14.4551,1614
14.4608,1610
14.4662,1610
14.4718,1614
14.4772,1613
14.4828,1610
14.4884,1612
14.4941,1616
14.4995,1610
14.5052,1609
14.5106,1614
14.5162,1612
14.5219,1609
14.5272,1613
14.5329,1613
14.5385,1611
14.5439,1612
14.5495,1615
14.5552,1610
14.5606,1612
14.5662,1614
14.5719,1612
14.5772,1610
14.5829,1613
14.5886,1614
14.5939,1611
14.5996,1610
14.605,1614
14.6106,1615
14.6163,1609
14.6219,1610
14.6273,1616
14.6329,1616
14.6386,1610
14.6439,1612
14.6494,1616
14.655,1614
14.6607,1610
14.6661,1610
14.6717,1614
14.6772,1614
14.6829,1611
14.6885,1611
14.6939,1613
14.6995,1617
14.7051,1614
14.7107,1609
14.7161,1615
14.7218,1615
14.7274,1610
14.7327,1609
14.7384,1613
14.744,1617
14.7497,1612
14.755,1608
14.7607,1615
14.7661,1615
14.7718,1611
14.7774,1610
14.7828,1614
14.7884,1615
14.7941,1612
14.7994,1610
14.8051,1615
14.8107,1614
14.8161,1610
14.8218,1611
14.8274,1615
14.833,1613
14.8384,1608
14.844,1612
14.8497,1614
14.855,1611
14.8605,1609
14.8662,1613
14.8716,1613
14.8773,1611
14.8829,1610
14.8884,1613
14.894,1613
14.8996,1608
14.905,1613
14.9107,1615
14.9162,1614
14.9216,1608
14.9273,1612
14.9329,1614
14.9386,1612
14.9439,1609
14.9496,1614
14.9552,1613
14.9606,1611
14.9662,1611
14.9716,1614
14.9773,1613
14.9829,1607
14.9886,1613
14.9939,1613
14.9995,1610
15.0052,1609
15.0105,1613
15.0162,1612
15.0217,1610
15.0274,1611
15.0328,1615
15.0384,1613
15.044,1609
15.0495,1612
15.0552,1616
15.0608,1612
15.0662,1610
15.0718,1611
15.0772,1613
15.0829,1613
15.0885,1608
15.0941,1613
15.0995,1615
15.1051,1610
15.1105,1609
15.1162,1614
15.1218,1618
15.1272,1611
15.1329,1609
15.1385,1612
15.1442,1613
15.1495,1611
15.1551,1611
15.1608,1616
15.1662,1615
15.1718,1608
15.1774,1610
15.1828,1615
15.1885,1612
15.1941,1609
15.1995,1615
15.2051,1617
15.2108,1613
15.2161,1607
15.2218,1610
15.2274,1616
15.2328,1614
15.2385,1610
15.2439,1610
15.2495,1615
15.2552,1613
15.2608,1608
15.2662,1611
15.2718,1616
15.2774,1613
15.2828,1610
15.2885,1614
15.2939,1615
15.2995,1611
15.305,1609
15.3106,1614
15.3162,1616
15.3219,1610
15.3272,1608
15.3328,1613
15.3385,1614
15.3441,1612
15.3495,1609
15.3551,1613
15.3606,1614
15.3663,1608
15.3719,1612
15.3773,1615
15.383,1612
15.3884,1608
15.394,1615
15.3996,1615
15.405,1610
15.4106,1611
15.4162,1614
15.4219,1615
15.4272,1612
15.4329,1609
15.4385,1616
15.4439,1615
15.4496,1611
15.4552,1609
15.4606,1614
15.4662,1612
15.4719,1610
15.4772,1611
15.4829,1613
15.4885,1610
15.4939,1610
15.4996,1614
15.5052,1613
15.5106,1609
15.5162,1612
15.5219,1616
15.5272,1612
15.5329,1608
15.5385,1613
15.5439,1615
15.5496,1614
15.5552,1611
15.5608,1612
15.5662,1615
15.5718,1609
15.5774,1611
15.5828,1614
15.5884,1617
15.5941,1610
15.5995,1610
15.6051,1615
15.6108,1614
15.6161,1612
15.6218,1611
15.6274,1617
15.6331,1615
15.6384,1610
15.644,1609
15.6494,1615
15.6551,1616
15.6608,1612
15.6661,1609
15.6718,1612
15.6774,1614
15.6828,1609
15.6885,1612
15.6941,1614
15.6995,1613
15.7052,1609
15.7108,1613
15.7162,1614
15.7218,1612
15.7275,1611
15.7328,1613
15.7384,1611
15.7441,1611
15.7497,1612
15.7551,1615
15.7608,1613
15.7661,1610
15.7718,1613
15.7774,1614
15.7828,1612
15.7884,1610
15.7941,1612
15.7994,1614
15.8051,1610
15.8105,1612
15.8161,1613
15.8218,1608
15.8274,1610
15.8328,1615
15.8384,1614
15.8441,1610
15.8494,1614
15.8551,1616
15.8608,1613
15.8661,1611
15.8718,1611
15.8774,1616
15.8828,1612
15.8884,1609
15.8941,1612
15.8994,1616
15.9051,1613
15.9108,1609
15.9162,1611
15.9218,1614
15.9275,1614
15.9328,1607
15.9384,1612
15.9441,1614
15.9495,1613
15.9551,1611
15.9608,1612
15.9662,1615
15.9718,1609
15.9772,1609
15.9828,1613
15.9885,1614
15.9941,1609
15.9995,1610
16.005,1615
16.0107,1614
16.0163,1612
16.0217,1611
16.0274,1614
16.0328,1612
16.0384,1608
16.0441,1613
16.0497,1614
16.055,1610
16.0607,1610
16.0664,1613
16.0718,1611
16.0774,1612
16.0828,1611
16.0884,1612
16.0941,1610
16.0994,1611
16.1051,1615
16.1107,1613
16.1161,1610
16.1218,1614
16.1275,1613
16.1328,1610
16.1385,1613
16.1439,1614
16.1496,1612
16.1552,1610
16.1606,1615
16.1662,1615
16.1716,1610
16.1773,1609
16.1827,1615
16.1884,1614
16.194,1610
16.1996,1614
16.2051,1614
16.2107,1612
16.2163,1609
16.2217,1616
16.2274,1612
16.2328,1610
16.2385,1611
16.2441,1615
16.2495,1613
16.2552,1610
16.2608,1611
16.2662,1612
16.2718,1612
16.2773,1609
16.283,1613
16.2884,1614
16.294,1608
16.2997,1611
16.3051,1616
16.3107,1614
16.3163,1608
16.3217,1612
16.3274,1615
16.333,1613
16.3384,1610
16.3441,1612
16.3494,1616
16.3551,1611
16.3607,1611
16.3662,1612
16.3718,1612
16.3774,1610
16.3828,1610
16.3885,1613
16.3942,1612
16.3996,1607
16.4052,1612
16.4105,1616
16.4162,1612
16.4218,1608
16.4275,1614
16.4329,1615
16.4385,1610
16.4439,1612
16.4495,1614
16.4552,1611
16.4606,1608
16.4662,1615
16.4719,1614
16.4773,1610
16.4829,1610
16.4886,1614
16.494,1615
16.4997,1609
16.505,1611
16.5107,1615
16.5163,1611
16.5217,1610
16.5273,1614
16.533,1613
16.5384,1611
16.544,1610
16.5494,1614
16.5551,1613
16.5607,1610
16.5663,1611
16.5717,1617
16.5773,1616
16.5828,1610
16.5884,1609
16.5939,1615
16.5995,1614
16.605,1609
16.6107,1611
16.6163,1617
16.6217,1612
16.6273,1611
16.6328,1613
16.6384,1613
16.6439,1610
16.6496,1610
16.655,1615
16.6606,1610
16.6661,1609
16.6717,1613
16.6773,1615
16.6828,1611
16.6884,1612
16.6939,1612
16.6995,1614
16.705,1609
16.7106,1613
16.7162,1616
16.7217,1615
16.7273,1608
16.7328,1610
16.7384,1615
16.7439,1613
16.7495,1609
16.7551,1615
16.7606,1614
16.7662,1611
16.7717,1611
16.7773,1613
16.7828,1613
16.7884,1609
16.794,1613
16.7995,1615
16.8051,1612
16.8106,1608
16.8162,1613
16.8217,1615
16.8273,1610
16.8329,1610
16.8384,1614
16.844,1613
16.8495,1610
16.8551,1615
16.8607,1613
16.8662,1611
16.8718,1609
16.8773,1613
16.8829,1615
16.8884,1611
16.894,1609
16.8996,1614
16.9051,1614
16.9107,1610
16.9162,1610
16.9218,1616
16.9273,1614
16.9329,1610
16.9385,1613
16.944,1617
16.9496,1612
16.9551,1609
16.9607,1611
16.9663,1615
16.9718,1613
16.9774,1610
16.9829,1613
16.9885,1613
16.994,1611
16.9996,1610
17.0052,1615
17.0106,1612
17.0163,1610
17.0219,1611
17.0273,1615
17.0329,1610
17.0385,1610
17.0441,1615
17.0496,1613
17.0552,1610
17.0606,1611
17.0662,1615
17.0718,1611
17.0774,1610
17.0829,1613
17.0885,1614
