Experiment: Apr28_cal_tst_expt vial 9, Thu Apr 28 17:02:21 2022
0.0027,0.0
0.0078,0.0025192424334576913
0.0131,-0.0018407755313487595
0.0188,-0.001346874421892852
0.0244,-0.0016596950809367739
0.03,0.0057799758036838345
0.0354,0.0017860578055579612
0.041,0.0034503352954914357
0.0466,0.008347924502995374
0.052,0.0033963389601574523
0.0576,0.005948563330851919
0.0632,0.0048366171448478434
0.0689,0.0063862884514340745
0.0742,0.008845009453280261
0.0799,0.022082505820396947
0.0855,0.029948316472887315
0.0911,0.007501610920725432
0.0964,0.007885166338981842
0.1021,0.01118130978033438
0.1077,0.008099919288119817
0.1134,0.008125484430428265
0.1187,0.008838663687633308
0.1243,0.009666851762676343
0.1299,0.006307355804536785
0.1356,0.007376230046517884
0.1409,0.04252615294743589
0.1465,0.018067421392116145
0.1521,0.017778088296700134
0.1577,0.032772474677811525
0.1633,0.017974581141345092
0.1687,0.01857582653799783
0.1743,0.02002708497418204
0.1799,0.01892055569474982
0.1855,0.03271947413730303
0.1909,0.02543991849041305
0.1965,0.028536803655740295
0.2022,0.03143500259957899
0.2078,0.026331781139960375
0.2131,0.023743570450124873
0.2188,0.023288977732956684
0.2244,0.022538964391940697
0.23,0.02385091345275736
0.2354,0.026885215811778385
0.241,0.02475417509660527
0.2467,0.02355315257147439
0.252,0.02378999557307404
0.2577,0.02696110204445301
0.2633,0.021285881186659306
0.2689,0.02227420605516328
0.2743,0.02210839530741826
0.2799,0.01942249607771329
0.2855,0.020091925492989438
0.2911,0.021103058747701686
0.2965,0.02097728993649739
0.3021,0.017530874344964142
0.3078,0.027036842258382765
0.3134,0.023436118407066164
0.3187,0.019521596051557788
0.3243,0.023887114418608912
0.33,0.021034261064931892
0.3353,0.019527640816593528
0.341,0.03352592999338222
0.3466,0.02660526365259741
0.3522,0.025147523341433553
0.3576,0.02345072787332969
0.3632,0.022065210045524974
0.3688,0.02159241534530898
0.3745,0.022048140573889263
0.3798,0.022394542031227704
0.3854,0.025474778733522996
0.391,0.02587823812305523
0.3967,0.024153720451117744
0.4023,0.024175333893459272
0.4076,0.026089978486915966
0.4133,0.02677718248635952
0.4189,0.02766368529488228
0.4243,0.024019120868443045
0.4299,0.023649743010436985
0.4355,0.03890419230345499
0.4409,0.024240034759061335
0.4465,0.02327293166655009
0.4521,0.024923372145280842
0.4578,0.0239649897573444
0.4631,0.023066445933415225
0.4688,0.02475812993804516
0.4744,0.021918160100838247
0.48,0.025037778957527013
0.4854,0.02383064174821059
0.491,0.022253243997915284
0.4966,0.022894160631545923
0.5022,0.02631156153339409
0.5076,0.025571326686949614
0.5132,0.02330167231657876
0.5188,0.021150253117005913
0.5245,0.023374281397038232
0.5298,0.02555848240595271
0.5354,0.021206657913369953
0.541,0.022511252487028344
0.5467,0.023434556547539787
0.552,0.025392863115627495
0.5576,0.0209909618867542
0.5633,0.022932927609357612
0.5689,0.029860817374587345
0.5742,0.024953165954973322
0.5799,0.023837839758304447
0.5854,0.02295465925659468
0.591,0.025425974260072315
0.5966,0.02335628541715762
0.6022,0.026244593264241334
0.6076,0.026484191322275086
0.6132,0.025375341346611457
0.6188,0.02521878070659611
0.6244,0.023053548402881208
0.63,0.024189230903673864
0.6354,0.023488561306112876
0.641,0.02317662163247114
0.6466,0.02435807232125553
0.6522,0.025610512585676037
0.6576,0.024467888255929493
0.6632,0.02559759351158819
0.6688,0.026666991492612868
0.6744,0.024425820378880858
0.6798,0.024358389900769883
0.6854,0.02263040450230014
0.691,0.023431515595026875
0.6966,0.024787904685523277
0.7022,0.025525175291790214
0.7076,0.043329302599190433
0.7132,0.03061863461252856
0.7188,0.035502271060741664
0.7244,0.025468362047738946
0.73,0.026346691148475543
0.7354,0.027854787056232677
0.741,0.055905853824258056
0.7467,0.022196336925517812
0.7522,0.025485154628886675
0.7576,0.026732322680789622
0.7632,0.025358583475964425
0.7688,0.023724252812679758
0.7744,0.024547672461117886
0.7798,0.022610420409368004
0.7854,0.02659198395481066
0.791,0.026364558957880146
0.7966,0.023968114032308696
0.8023,0.02672291225805079
0.8076,0.023628401272829502
0.8132,0.032632719837533686
0.8188,0.02589122258025134
0.8245,0.025033651578228566
0.8298,0.026118142431284852
0.8354,0.03258782066227128
0.8411,0.024286814117587263
0.8467,0.026035655549315972
0.852,0.027390299565612675
0.8576,0.0334343662726968
0.8633,0.02575167549153845
0.8689,0.022836949742527257
0.8742,0.02510190771976073
0.8799,0.025671777690099762
0.8855,0.0239975479945016
0.8911,0.02455810948532655
0.8967,0.03442616960867406
0.9021,0.02664636095612194
0.9077,0.02520591919340387
0.9133,0.024975898188878798
0.919,0.040947396242665635
0.9243,0.028400162374666138
0.9299,0.026526396720565115
0.9355,0.02895139448261952
0.9409,0.02881243984923798
0.9465,0.02547096090657186
0.9522,0.02419313899915243
0.9578,0.024359005716662163
0.9631,0.024385418198498265
0.9688,0.02370060084009251
0.9744,0.023287322061090743
0.98,0.0261737705761238
0.9854,0.02428448788253179
0.991,0.02995796935432704
0.9966,0.022815864679433973
1.0022,0.025712220813250863
1.0076,0.024225729612314173
1.0133,0.02652573706159833
1.0188,0.031018907994854183
1.0244,0.024250265076684485
1.0298,0.024928662697197512
1.0354,0.024998849052710437
1.041,0.023924519622909535
1.0467,0.03815507879065427
1.052,0.030255675341150146
1.0577,0.04431313224840627
1.0633,0.02436563097450528
1.0689,0.024934100761842437
1.0743,0.029437495776834077
1.0799,0.02482159447154053
1.0855,0.02718393486252424
1.0911,0.02857473267535693
1.0965,0.03694491857282689
1.1021,0.030411838264963076
1.1077,0.027126619844001443
1.1133,0.025802833188962038
1.1187,0.026007875779956335
1.1243,0.02700914470305016
1.1299,0.02381451435986459
1.1355,0.025670617580540456
1.1412,0.027506474798922098
1.1465,0.025240684900336485
1.1522,0.026397164399428963
1.1578,0.025184924616781457
1.1631,0.031551803477981144
1.1688,0.027706909997458173
1.1744,0.02551873759965506
1.18,0.02616217120699782
1.1854,0.02803853651043564
1.191,0.026927637007099436
1.1966,0.02938035462181865
1.2023,0.027618812672267845
1.2076,0.026491741950287695
1.2132,0.025907883500667972
1.2189,0.03349878821634844
1.2245,0.027465078706886525
1.2298,0.028526790386602774
1.2355,0.028292392030848212
1.2411,0.028840366043466625
1.2465,0.0292924627950939
1.2521,0.02780106551806294
1.2577,0.028631938878558194
1.2634,0.03494738202394576
1.2687,0.030342442596669295
1.2743,0.0251532747585419
1.2799,0.027969885036651432
1.2856,0.02934331310388061
1.291,0.031239032240718112
1.2966,0.028906571734171993
1.3022,0.029763812751100183
1.3076,0.0315144584140965
1.3132,0.02952470976854016
1.3188,0.039570409672679996
1.3245,0.03517548614261179
1.3298,0.0329944806037612
1.3354,0.03871345951529104
1.341,0.0427570467807602
1.3467,0.03498228474250975
1.352,0.03299523760167944
1.3577,0.03570827888901762
1.3633,0.03188033714323635
1.3689,0.03335269950533548
1.3743,0.03535343158655646
1.3799,0.03299885275905423
1.3855,0.03457958318926424
1.3912,0.037093390303963525
1.3965,0.036545232599585975
1.4021,0.031228506336318795
1.4077,0.034177296671019985
1.4131,0.03620606006763416
1.4187,0.03145508543716202
1.4244,0.03749047308179532
1.43,0.03235845322555775
1.4356,0.041282094806159964
1.441,0.03533592976674338
1.4466,0.0346130900630055
1.4522,0.03557750530406856
1.4578,0.03639562705639676
1.4632,0.03254187476579662
1.4688,0.037017853913789756
1.4745,0.03491835640509666
1.4798,0.03451710590267254
1.4854,0.037386132453785414
1.4911,0.03446894610294604
1.4967,0.051890364210471995
1.502,0.03994348424593641
1.5077,0.03520673388769702
1.5133,0.03549444399480062
1.5189,0.03888310705630149
1.5243,0.0383382900345246
1.5299,0.03538155431744139
1.5355,0.03654830484483784
1.5412,0.03764942717807551
1.5465,0.040230555784462
1.5521,0.03550669007524698
1.5577,0.03716706122223534
1.5634,0.0404442337558778
1.5687,0.03798231664805529
1.5743,0.03823134769853276
1.58,0.04061176601078964
1.5856,0.039900787128690496
1.5909,0.0363673775372374
1.5966,0.03322311943244727
1.6022,0.035473489144345116
1.6078,0.03505850344544248
1.6132,0.03612596119148703
1.6188,0.03661680401077849
1.6244,0.03871973769309023
1.63,0.039219064950524185
1.6354,0.04292663006768804
1.641,0.037862903922997515
1.6466,0.03451414267462738
1.6523,0.03729624623562622
1.6576,0.03850037740796419
1.6632,0.03653212519347793
1.6688,0.0381198381724116
1.6745,0.0368782800644204
1.6798,0.03743128313461219
1.6855,0.036838976163227066
1.6911,0.03284460369957509
1.6967,0.04139927217104766
1.7021,0.038361630826847515
1.7077,0.035333628594696576
1.7133,0.03525586327447383
1.7189,0.0382135862895826
1.7243,0.03928964678482494
1.7299,0.03653811825098374
1.7355,0.043800159618889944
1.7411,0.03798398365500877
1.7465,0.03986396975119111
1.7521,0.04094871323563121
1.7578,0.03695659611088131
1.7631,0.03928748234233537
1.7687,0.03894092498351476
1.7744,0.042181433111355804
1.78,0.04192412226078046
1.7854,0.03948886433875187
1.791,0.04367532091677595
1.7966,0.04033264684667659
1.8023,0.04263263230138303
1.8076,0.04367174281126218
1.8132,0.041809372953368396
1.8189,0.03830995701920048
1.8242,0.041355668466776185
1.8299,0.04626464740395286
1.8355,0.040385577293136965
1.8411,0.04428691972114551
1.8465,0.046070856465030174
1.8521,0.04303997598035736
1.8577,0.04199284560503569
1.8634,0.043959230038397745
1.8687,0.04431362885868362
1.8744,0.04496821654935945
1.88,0.04671555560256835
1.8854,0.044806116013641706
1.891,0.04453242993948925
1.8966,0.04648323505077323
1.9022,0.0439668993079646
1.9076,0.04394371769895056
1.9132,0.04300949938427412
1.9189,0.05061552314865658
1.9245,0.04953096440197069
1.9298,0.04905188401886673
1.9355,0.04562590315760684
1.9411,0.04478642889644935
1.9465,0.047649574862844046
1.9521,0.04937104573333684
1.9577,0.047232998054723585
1.9634,0.0443839943531279
1.9687,0.05724577035756362
1.9743,0.048602263334363016
1.9799,0.04791645771087971
1.9856,0.04729383149912014
1.9909,0.05627758831490537
1.9966,0.0494126868753455
2.0022,0.04998411577868378
2.0079,0.04759225061141836
2.0132,0.04925881261660636
2.0189,0.05194155070280404
2.0245,0.052289261589340885
2.0298,0.05672954804752772
2.0354,0.05596206659354419
2.0411,0.053329359654042396
2.0467,0.049446230871688535
2.052,0.05331502383211306
2.0576,0.0512062215244915
2.0633,0.06525066575241723
2.0689,0.05351662553432479
2.0742,0.05331511111917753
2.0799,0.05752991245637651
2.0855,0.05193258867211126
2.0911,0.05332996075624985
2.0965,0.05279246785867131
2.1021,0.05594134022951802
2.1076,0.057529776304473645
2.1132,0.056066218750067676
2.1188,0.05639028757203324
2.1244,0.059428248272589856
2.1301,0.0547984405823726
2.1354,0.05160953725394812
2.141,0.053804916890347165
2.1467,0.053750238217000645
2.1523,0.05258544208780136
2.1576,0.05356540066035098
2.1632,0.05753691888972812
2.1688,0.06211390939041794
2.1744,0.05514594281778906
2.1798,0.056520256876932295
2.1854,0.05390175258224017
2.191,0.055705674568076735
2.1966,0.055292667122272654
2.2023,0.05135572891195628
2.2076,0.056672216501748474
2.2132,0.05852868759243968
2.2188,0.06026432990151509
2.2244,0.056818792255054484
2.23,0.05604962870745778
2.2354,0.06067967552574516
2.241,0.05942108853176442
2.2466,0.06006492217633297
2.2522,0.059101295076082194
2.2576,0.06037260575699066
2.2632,0.06139438454482182
2.2688,0.06289115864992056
2.2744,0.061062275840050306
2.2801,0.06003901593912098
2.2854,0.0650613340088918
2.291,0.06154248597260559
2.2966,0.06393327368686663
2.3023,0.06332824609326149
2.3076,0.06368303503268358
2.3132,0.061964417077803424
2.3188,0.06250971087855561
2.3245,0.07347271430854052
2.3298,0.0696202071028208
2.3354,0.06132723362286474
2.341,0.060982676154208715
2.3467,0.06370495737250315
2.352,0.059611143474532335
2.3576,0.06088826599888941
2.3633,0.057495755562644635
2.3689,0.059984466552425286
2.3745,0.06494632415517776
2.3799,0.07956212557458675
2.3855,0.06268364076610045
2.3911,0.06241858638458453
2.3965,0.06348117144570276
2.4021,0.06167308797043469
2.4077,0.05642277586443356
2.4133,0.06517044086175428
2.4187,0.06228230312031924
2.4243,0.060055910755334896
2.4299,0.06355974840530554
2.4356,0.06393747161766794
2.4409,0.06384403423603902
2.4465,0.06486855979613759
2.4522,0.06472265790260934
2.4578,0.1285684210999296
2.4634,0.06690857623114543
2.4688,0.06564602552630228
2.4744,0.0675931582506154
2.48,0.06590188990798085
2.4854,0.06713265682293412
2.491,0.06784548079604436
2.4966,0.06843197049991856
2.5022,0.07043854873765154
2.5076,0.06769168108965329
2.5132,0.06554183747202491
2.5188,0.06955910244695407
2.5245,0.06996078965734376
2.5298,0.06724656468513379
2.5354,0.06886274348943477
2.5411,0.06855257433544437
2.5467,0.07621082910924226
2.552,0.07031345258619615
2.5577,0.07038813378419184
2.5633,0.0694710379577741
2.5689,0.07012457950607454
2.5743,0.0689226152753184
2.5799,0.07197419386756643
2.5855,0.07729780167869227
2.5911,0.08010628340087667
2.5965,0.07440094134526865
2.6021,0.07727021356170793
2.6077,0.07714058327323448
2.6133,0.07022632333418011
2.619,0.07170061214107748
2.6243,0.07318443480821635
2.6299,0.0717122574399165
2.6355,0.07375630686696177
2.6412,0.07513364104315101
2.6465,0.07713016817005558
2.6521,0.07553241268914213
2.6578,0.07347014798030138
2.6634,0.07717122769275686
2.6687,0.07632975091279082
2.6743,0.07518989538564458
2.68,0.08290272566368118
2.6856,0.08162880640836512
2.6911,0.07362244010080354
2.6965,0.07799052500784598
2.7021,0.07812672138895049
2.7077,0.08176238016982851
2.7134,0.07584255834042741
2.7187,0.07726537772656406
2.7243,0.07957541108958466
2.73,0.07788115745340207
2.7356,0.08709644236034275
2.7409,0.08083150857410659
2.7466,0.08198834902737373
2.7522,0.08401145038965219
2.7578,0.08532082877667435
2.7632,0.07855712035645723
2.7688,0.08206609210400873
2.7744,0.08737458550848454
2.7798,0.08540366587025094
2.7854,0.09203635996399484
2.7911,0.08437640834188176
2.7967,0.08735537522517489
2.8021,0.08580882606729856
2.8077,0.08846162524451351
2.8133,0.0894778297132286
2.8189,0.08430431375938685
2.8245,0.08370014128853864
2.8299,0.08086063082395534
2.8355,0.08464426311637696
2.8411,0.08526921423856793
2.8465,0.08682780358029973
2.8521,0.08545883673767163
2.8577,0.08526485793077565
2.8634,0.0865200348025702
2.8687,0.08775644483258482
2.8743,0.08455411301042459
2.8799,0.08613137579764918
2.8856,0.08909670691790439
2.8909,0.09071403779392351
2.8965,0.09112881485963498
2.9022,0.09044103821264593
2.9078,0.09564500238291718
2.9132,0.09336674448934845
2.9188,0.09571962966271319
2.9244,0.09297875108458453
2.93,0.0970403737809914
2.9354,0.09023491536330108
2.941,0.09275405310634277
2.9466,0.09069023446475477
2.9522,0.09274179450404119
2.9576,0.09373292013926726
2.9632,0.09463559144380096
2.9688,0.09654786142373928
2.9744,0.09244241464280234
2.98,0.092542468895771
2.9854,0.09479395176552396
2.991,0.09154960187081107
2.9966,0.09364309522512726
3.0023,0.0924180057065811
3.0076,0.09540985771274302
3.0133,0.09521150311588
3.0189,0.09869624189453141
3.0243,0.09747650071400304
3.0299,0.09554752923707233
3.0355,0.0977502940333922
3.0411,0.09642749059589728
3.0465,0.10013771376821812
3.0521,0.09896080270742724
3.0577,0.09534858913975541
3.0634,0.09923480637544513
3.0687,0.10091265977800867
3.0743,0.09763489667556935
3.08,0.10349139911973271
3.0856,0.10190091099281373
3.0909,0.10146650944669289
3.0966,0.10126291676536658
3.1022,0.10272213117034523
3.1078,0.10389019814946931
3.1132,0.10107015900742866
3.1188,0.10333602550320742
3.1244,0.10531702401857801
3.1301,0.10699366502578367
3.1354,0.10732266929037482
3.141,0.10664366256133884
3.1466,0.10417153835863424
3.1523,0.10402844505542186
3.1576,0.10694316435826179
3.1632,0.10396863325696604
3.1689,0.11096063924385624
3.1745,0.10802447166112683
3.1798,0.10859009883266701
3.1855,0.10980240978655598
3.1911,0.11127218288858631
3.1967,0.11379608012443343
3.2021,0.1107383335385167
3.2077,0.11501407505277228
3.2133,0.12184372039151747
3.2189,0.1098364837127711
3.2243,0.11397453273855374
3.2299,0.1101470925046869
3.2355,0.11901136051636962
3.2411,0.11723625447810893
3.2465,0.11921111807380391
3.2521,0.12157134266454173
3.2577,0.11572544535593476
3.2634,0.11236041388970763
3.2687,0.12172933880873271
3.2743,0.11814558958602328
3.28,0.11910668817029413
3.2856,0.13013106204249392
3.2912,0.13744866454932725
3.2966,0.11985999489104016
3.3022,0.11571665701496148
3.3078,0.12146802412661184
3.3132,0.12291507258932688
3.3188,0.12052022451130384
3.3244,0.1254170844165362
3.3298,0.12062352709711499
3.3354,0.12086611782574952
3.341,0.12086611782574952
3.3467,0.11893489223559495
3.352,0.1192280111094578
3.3577,0.12118517481851387
3.3633,0.12938018264370355
3.3689,0.12510322603032953
3.3745,0.12344987874528501
3.3799,0.1226122880234285
3.3855,0.12434445230514679
3.3911,0.12584268218688777
3.3967,0.1228031896216023
3.4021,0.12548888797207347
3.4077,0.12687405249333816
3.4133,0.12364746687494221
3.419,0.12489021915131371
3.4243,0.1245052985251216
3.4299,0.1255745725257177
3.4356,0.13072545042685624
3.4412,0.12569198570050866
3.4465,0.12606295999574124
3.4521,0.12450119413488381
3.4577,0.12951408105946438
3.4634,0.12840976543463933
3.4687,0.12844553053100982
3.4744,0.12808515852279057
3.48,0.12719564620954749
3.4856,0.12829658925310206
3.4909,0.12699275279042077
3.4966,0.12649719855818453
3.5022,0.12846793769270093
3.5078,0.1292479727166148
3.5132,0.12888776724437545
3.5188,0.13193041092903168
3.5244,0.13109041257548704
3.53,0.13284273443151418
3.5354,0.1327270482823908
3.541,0.13383054057133914
3.5466,0.13037430169643294
3.5523,0.13668331588545268
3.5576,0.13309732105131367
3.5632,0.13437483968874975
3.5689,0.13348523232763998
3.5745,0.13386538440776408
3.5799,0.13464295905054025
3.5855,0.13769850792573624
3.5911,0.1371056054604236
3.5967,0.13569529652971746
3.6021,0.13573599607309694
3.6077,0.1395423664995198
3.6133,0.13870452695142776
3.6187,0.13935269386895566
3.6243,0.14066753892168327
3.6298,0.13920841260917582
3.6355,0.14275537433255436
3.6411,0.1596154217470772
3.6467,0.14147364771876547
3.6521,0.1420311150728143
3.6576,0.14375983561169292
3.6633,0.14248152618336185
3.6689,0.14865238978238626
3.6745,0.14660812132870538
3.6799,0.1426578045881829
3.6854,0.15045075460571788
3.6911,0.14876790899905823
3.6967,0.15061343292293294
3.702,0.1470380215316025
3.7077,0.14662899582811995
3.7133,0.1480403154121892
3.7189,0.15581697976324438
3.7245,0.16578000615838584
3.7298,0.15549753142280898
3.7355,0.15188794740133904
3.7411,0.1529211113735035
3.7467,0.15149613156882757
3.7523,0.16418591576705055
3.7576,0.15811789421178246
3.7633,0.15160818993500325
3.7689,0.15508110034028588
3.7745,0.15372515322030855
3.7798,0.16494654189979419
3.7854,0.16140670637818155
3.7911,0.16090041236013275
3.7967,0.15389265077672398
3.8023,0.159939274945625
3.8076,0.1578187205878555
3.8133,0.16350619954008594
3.8189,0.16098528272771917
3.8245,0.16097346932629397
3.8301,0.16136708861189086
3.8354,0.16512906299699937
3.8411,0.15864455364363605
3.8467,0.1614662814600053
3.8523,0.1598752852876868
3.8576,0.1655299539836319
3.8632,0.1594563021422345
3.8689,0.1629525186115247
3.8745,0.16209727576544852
3.8798,0.16601783504243395
3.8855,0.1671948861441953
3.8911,0.16550551144633874
3.8967,0.16546276973748197
3.9021,0.16006795744363844
3.9077,0.1636745601444265
3.9133,0.16762169821629558
3.9189,0.1622370742710143
3.9243,0.1665703307623443
3.9299,0.17598608692413686
3.9356,0.16622720115337197
3.9409,0.17480572541997275
3.9466,0.17430240762865268
3.9522,0.16811943496812787
3.9578,0.17041064114862492
3.9632,0.17097431007249153
3.9688,0.1773429100007946
3.9744,0.17146638250938495
3.98,0.17714647057999278
3.9857,0.1738193433855697
3.991,0.176326810338843
3.9966,0.17357253409718115
4.0023,0.17190207942139235
4.0076,0.17843390723480657
4.0133,0.1849711555459
4.0189,0.17850463448517961
4.0243,0.1826832115592258
4.0299,0.18863114484569238
4.0355,0.1776969727521162
4.0411,0.17806392280558336
4.0467,0.1843649366915714
4.0521,0.18208330504935272
4.0577,0.1806248306573947
4.0633,0.1819055084690699
4.0689,0.186131805392926
4.0743,0.18459215773610005
4.0799,0.19098148263301568
4.0855,0.1839868629182842
4.0912,0.1966033023114217
4.0965,0.18861979614117536
4.1021,0.18665493469481242
4.1078,0.18604312868736284
4.1134,0.1874052162509779
4.1187,0.19060170037218427
4.1243,0.18748140002684321
4.1299,0.19065739958457606
4.1356,0.19065090749073377
4.1412,0.1901533659237873
4.1465,0.19281068274781243
4.1522,0.19076942945395137
4.1578,0.191211139652107
4.1632,0.19218675205879449
4.1688,0.19190691065476662
4.1744,0.1912659053462798
4.18,0.19391937817292065
4.1854,0.1923334397356366
4.191,0.19458243813010123
4.1966,0.19638379176015808
4.2022,0.19343308172880913
4.2076,0.1920891230832507
4.2132,0.19390829499439582
4.2188,0.19591182283439695
4.2244,0.19575488337069663
4.2301,0.1964394389795514
4.2354,0.20393908259547905
4.241,0.19608039458241505
4.2466,0.19974946881975542
4.2523,0.20239643826779957
4.2576,0.19959721340860848
4.2632,0.1980517924207567
4.2689,0.20616704861736868
4.2745,0.20487273716049764
4.2798,0.20714049636436732
4.2855,0.2032490282819575
4.2911,0.22044956410799638
4.2967,0.2130072163824135
4.302,0.20201486051236872
4.3077,0.20682031348355734
4.3133,0.20609019976651238
4.3189,0.2192154747987362
4.3242,0.20808284830166013
4.3299,0.21887972808230366
4.3355,0.20873588083015326
4.3411,0.2095230404749852
4.3467,0.21035621140038202
4.3521,0.20682297815564138
4.3577,0.21115356633876703
4.3633,0.21912078012605563
4.3689,0.2169369568269371
4.3743,0.21610717547103925
4.3799,0.21267961675011715
4.3855,0.22066233809140906
4.3912,0.21245105689559024
4.3965,0.22057884496007485
4.4021,0.2263586712004546
4.4078,0.21616789219232552
4.4134,0.21540747567896268
4.4187,0.2157200117109077
4.4244,0.21687148878918194
4.43,0.22191094525671046
4.4356,0.2161012352654147
4.441,0.21930883878897944
4.4466,0.2196656956162401
4.4522,0.21592326657404093
4.4578,0.2212338201130144
4.4632,0.22178944609226264
4.4688,0.22008171013944983
4.4744,0.22753902463461606
4.48,0.22336410861393885
4.4857,0.22316970561095512
4.491,0.22240336948166511
4.4966,0.2270975085955857
4.5023,0.22542533153787103
4.5079,0.22318718786325265
4.5132,0.22400269166052417
4.5189,0.22648829413517768
4.5245,0.22602489114589408
4.5298,0.22413885137518086
4.5355,0.22890236154722016
4.5411,0.22954233122484768
4.5467,0.2283185015850967
4.5523,0.22863483617047625
4.5577,0.23011939610670912
4.5633,0.23197743580993752
4.5689,0.2345332249617071
4.5745,0.23134404361063876
4.5798,0.23616757924957216
4.5855,0.2311891109886724
4.5911,0.23462210781216153
4.5967,0.23712909413062905
4.6023,0.23602027423876026
4.6077,0.2335101547408603
4.6133,0.2386166563565209
4.6189,0.24118729988499626
4.6245,0.23601467404598492
4.6299,0.23933096591816344
4.6355,0.23960111673124979
4.6411,0.2445220120819696
4.6467,0.26909303115212657
4.6521,0.24047337825153697
4.6577,0.24542326207586074
4.6633,0.2426442374292504
4.669,0.24045484053686456
4.6743,0.24054706866210873
4.6799,0.2425628990143684
4.6856,0.24456385728326985
4.6912,0.24370164588059073
4.6965,0.2449963622852679
4.7022,0.24527693497100855
4.7078,0.25699044950844574
4.7134,0.25223372594997073
4.719,0.2505050892588396
4.7244,0.24964094003469955
4.73,0.25258164171786324
4.7356,0.24944063128236504
4.7413,0.25305295610813455
4.7466,0.25920348741975435
4.7522,0.2543334225886976
4.7579,0.25557118369747284
4.7632,0.25443806614200715
4.7688,0.2537487085788366
4.7745,0.25451433968488
4.7801,0.2563408601520247
4.7854,0.2549932350726468
4.7911,0.2581663816043016
4.7967,0.2590016924244303
4.8023,0.25999391471712585
4.8077,0.2570532221099538
4.8133,0.2660730868068662
4.8189,0.2610982242983838
4.8245,0.2618624008988383
4.8299,0.26065598953675845
4.8355,0.2625970866607829
4.8411,0.2638017809445135
4.8467,0.26621502544048015
4.8521,0.2676529005850835
4.8577,0.2647324547358529
4.8633,0.2672592153218544
4.8689,0.2701837296713651
4.8746,0.27128706803582636
4.8799,0.2679056811998725
4.8855,0.26761466542658396
4.8912,0.2748071455648835
4.8968,0.2716547675217877
4.9021,0.27126409390948963
4.9077,0.2733914698304472
4.9133,0.27470813435466807
4.919,0.2749913447420889
4.9243,0.2723361650847076
4.9299,0.28259915769081684
4.9355,0.2748405739986174
4.9412,0.27659079702717865
4.9468,0.2790508518985758
4.9521,0.2848008561380375
4.9578,0.27941196058447637
4.9634,0.2888625351128608
4.969,0.2794836532915753
4.9744,0.28700644754830756
4.98,0.28123159896705846
4.9856,0.28471404401762945
4.9912,0.2840162676333158
4.9966,0.28433727961336236
5.0022,0.28598008018700705
5.0079,0.28609636938692906
5.0133,0.2871276861720482
5.0189,0.28670735002198733
5.0245,0.2912916621032303
5.0301,0.28881393223886276
5.0354,0.287648775108202
5.041,0.28906088809807706
5.0467,0.29110621684244
5.0523,0.2906429282290466
5.0579,0.2916218828327182
5.0632,0.29431402998429307
5.0689,0.29279751735059956
5.0745,0.29661312367645304
5.0801,0.2934113486404771
5.0855,0.29840495364962355
5.0911,0.295021659299209
5.0967,0.29393061944749455
5.1024,0.29541421954064656
5.1077,0.2955811255226859
5.1133,0.2961614437768961
5.119,0.2988476846542294
5.1246,0.30027597048025195
5.1299,0.2988589593543631
5.1355,0.3009901456248115
5.1412,0.3013012799618059
5.1468,0.3007103897668597
5.1521,0.3024021831365861
5.1577,0.30295119095122053
5.1634,0.3104463893541505
5.169,0.3064526572528545
5.1746,0.31092810200957754
5.1799,0.3094225424521546
5.1855,0.3097561117660434
5.1912,0.3096478626012535
5.1968,0.31018984806736744
5.2021,0.31106447561839795
5.2077,0.31384844046408095
5.2133,0.3101717924540725
5.219,0.3136685352453925
5.2243,0.3215279281460903
5.2299,0.30960824387315716
5.2355,0.31165682265266065
5.2412,0.3156699167535324
5.2465,0.31694404521755737
5.2522,0.31352518046624617
5.2578,0.3173809878515782
5.2633,0.3148748091063891
5.269,0.3191433916321502
5.2746,0.319851624773739
5.2799,0.32130822630770034
5.2856,0.32053851487186574
5.2911,0.3232585748705522
5.2968,0.3199701661840077
5.3024,0.3247284105005662
5.3077,0.32907062136108867
5.3133,0.3237657103894712
5.3188,0.3215083188371553
5.3244,0.32642715957392354
5.33,0.32867733575248054
5.3356,0.32841879065862106
5.3413,0.3284589130421964
5.3466,0.3308310179494887
5.3522,0.3295724983917622
5.3578,0.32746395423376984
5.3635,0.34257978021241325
5.3688,0.34397955911002653
5.3745,0.3381151659244795
5.3801,0.33001268267553197
5.3857,0.3360313435804476
5.3911,0.3342811470257316
5.3967,0.3364909869742215
5.4023,0.3332445544858796
5.4077,0.3399762875220102
5.4133,0.33816355517975344
5.419,0.33779796282806657
5.4246,0.34204739081215024
5.4299,0.3411401506489185
5.4355,0.3444115489190283
5.4412,0.34382466842191056
5.4468,0.3432563239841612
5.4521,0.3418758567328311
5.4578,0.34380086746433075
5.4635,0.3447562607157998
5.4689,0.3420741767609989
5.4745,0.3412000719377422
5.4801,0.34612001975301254
5.4854,0.3447609990295429
5.4911,0.3467441157424803
5.4967,0.3439743721522584
5.5023,0.3495053421386745
5.5079,0.3479708292795443
5.5133,0.34834999187721466
5.5189,0.34871104995714164
5.5245,0.3545400611255981
5.5302,0.35388744487260443
5.5355,0.35018586337307417
5.5411,0.35186594078666994
5.5468,0.3503346466517927
5.5524,0.35304646032166503
5.5577,0.358195570288994
5.5634,0.35503056938979644
5.569,0.3573583759653914
5.5743,0.3548758957049456
5.58,0.35851248341400466
5.5856,0.3616547084562505
5.5912,0.36164001786126715
5.5968,0.3578635868309034
5.6022,0.363447522471306
5.6078,0.3586807163720072
5.6134,0.3580181855433407
5.619,0.36314007822525946
5.6244,0.362950706521998
5.63,0.3703304179378502
5.6356,0.3667575320520138
5.6413,0.36267552306833856
5.6466,0.3626212723188011
5.6522,0.366049214371355
5.6578,0.3662528020032955
5.6635,0.3650233728979047
5.6688,0.36666967467991785
5.6744,0.3680275334142979
5.6801,0.37118014968038204
5.6857,0.3686091778686759
5.691,0.3760298435330143
5.6966,0.3736994634299749
5.7023,0.371094839899762
5.7079,0.36984254728936533
5.7135,0.37592347845317625
5.7189,0.3725914331495629
5.7245,0.37257698352869084
5.7301,0.376659376754898
5.7358,0.37820602396272485
5.7411,0.3802979156679584
5.7467,0.3767540492842066
5.7524,0.37645666116838
5.7577,0.38893565299091765
5.7633,0.38811996577275304
5.769,0.38613284606974957
5.7746,0.37850831497928983
5.7799,0.38873541645131815
5.7856,0.38845216920288017
5.7912,0.3880564471735767
5.7968,0.38498237982507294
5.8022,0.3900493819953811
5.8078,0.39704282271079616
5.8134,0.3974303560789206
5.8191,0.3972908008520798
5.8244,0.39179362576658816
5.83,0.3901669242896071
5.8356,0.38657986259758864
5.8413,0.3929791463662892
5.8466,0.39008645454604024
5.8522,0.3961076491648445
5.8579,0.39182825389229364
5.8635,0.39364603140478466
5.8689,0.39825960588947723
5.8745,0.3950777098747684
5.8801,0.3967467049589135
5.8857,0.3976033813022173
5.8911,0.39966352879007566
5.8967,0.3977812843581882
5.9023,0.39957312721351074
5.9079,0.4016071251706889
5.9135,0.40238498733913264
5.9189,0.4104378538197101
5.9245,0.4058184186120438
5.9301,0.40407182282480536
5.9355,0.4075502296072563
5.9411,0.40095701831352454
5.9468,0.40469446033887113
5.9524,0.40353469446131035
5.9577,0.4052753313689545
5.9634,0.401136450827908
5.969,0.4034882731143635
5.9746,0.40679618107557114
5.98,0.41084382996944635
5.9856,0.40497415600980485
5.9912,0.4121996299525752
5.9969,0.41526309010615214
6.0022,0.408857926713189
6.0079,0.41593343667694643
6.0135,0.41129431590389726
6.0188,0.4100425516931154
6.0245,0.41589443059789016
6.0301,0.4151866371239923
6.0357,0.414203284770616
6.0411,0.41565632366151756
6.0467,0.42315673497589634
6.0523,0.4181450985719692
6.058,0.4193605082793138
6.0633,0.4197652211678971
6.069,0.4230273872710196
6.0746,0.4203403320843584
6.0802,0.4189987662511615
6.0856,0.42287604109104043
6.0912,0.4226840847373681
6.0966,0.4266527008146815
6.1022,0.42466139268049713
6.1078,0.4263045268138747
6.1135,0.4259956823913715
6.1191,0.42519692819380955
6.1244,0.428964556726693
6.13,0.43272448942661085
6.1356,0.433814601461887
6.1413,0.4288984895000334
6.1466,0.43299250944261314
6.1522,0.42974029774498257
6.1579,0.4386235409974364
6.1635,0.43057884493441645
6.1688,0.4379205218702917
6.1744,0.4374614373735308
6.1801,0.43511312210230696
6.1857,0.4364899760551824
6.1913,0.4431279952665597
6.1966,0.43632961210305027
6.2023,0.4354611826744023
6.2079,0.43751860369173723
6.2135,0.437312533914357
6.2189,0.4436604285219507
6.2245,0.43822319217771094
6.2301,0.4390962034240757
6.2357,0.4445346190493424
6.2411,0.4438289130227383
6.2467,0.44572990422635866
6.2523,0.4387789075575383
6.258,0.4441055708269463
6.2633,0.4469241225009613
6.269,0.4467921825731679
6.2746,0.4492714274911208
6.2799,0.45170330947353055
6.2856,0.44535747713278995
6.2912,0.4525396132318717
6.2968,0.4530040664070311
6.3022,0.44921878283804956
6.3078,0.45162579792954616
6.3135,0.4522483775936705
6.3191,0.4501228986439966
6.3244,0.4521670941910644
6.3301,0.45763784047109374
6.3357,0.45141718001552417
6.341,0.4545685858609921
6.3467,0.4582529674985116
6.3523,0.47113816004907855
6.3579,0.46690779676970895
6.3633,0.45858618963142866
6.3689,0.46036341806034065
6.3745,0.4586654131317268
6.3801,0.4629340757653276
6.3855,0.4614855801717654
6.3911,0.4633922890708912
6.3968,0.46143228596424174
6.4024,0.4658845517505446
6.408,0.47027616406675526
6.4134,0.4677476768684886
6.419,0.4684924965700141
6.4246,0.4620830366862223
6.43,0.46141988273196954
6.4356,0.47493593664335704
6.4412,0.46987225279560224
6.4469,0.46467577687317596
6.4522,0.4689817829581878
6.4578,0.4662884934582982
6.4635,0.4695893715779736
6.4688,0.4700660117407312
6.4745,0.4761001921347131
6.4801,0.47212114640576386
6.4857,0.4687755932602198
6.4913,0.4733652986908619
6.4967,0.4712092158750863
6.5023,0.47365399045804946
6.5079,0.4767060984160007
6.5135,0.47625089500106893
6.5189,0.4789119154867351
6.5245,0.48175165872062514
6.5301,0.47545500859975387
6.5358,0.4776955805499632
6.5411,0.47993766959434037
6.5468,0.48216206273208384
6.5524,0.4859491437743721
6.5577,0.4882294942486347
6.5634,0.481404972473535
6.569,0.4858697762695301
6.5746,0.4851637860456101
6.58,0.4901766320715737
6.5856,0.4863754034103133
6.5912,0.4898069291711715
6.5969,0.48756077669233044
6.6022,0.49415153219029495
6.6078,0.48556531370503536
6.6135,0.4910295886274388
6.6191,0.49001884431019377
6.6244,0.4945806179824981
6.6301,0.49168539578927434
6.6357,0.4948985168973106
6.6413,0.5015923015335355
6.6467,0.4911867916596544
6.6523,0.5004114483123637
6.6579,0.4968472422152252
6.6633,0.5036840166886154
6.6689,0.49936720217247765
6.6746,0.5077610951977758
6.6802,0.5005913284108521
6.6855,0.4986306926434994
6.6911,0.5032426830940113
6.6968,0.5033686194385463
6.7024,0.5099337636813054
6.7078,0.5008931883904865
6.7134,0.5057012308690909
6.719,0.5073924948555296
6.7246,0.502772741237334
6.73,0.5028463533125938
6.7356,0.5077344456303775
6.7412,0.5185307523115648
6.7469,0.5099481090449136
6.7522,0.5026418127255463
6.7577,0.5079737200112839
6.7634,0.5110175752285606
6.769,0.5130578278393033
6.7746,0.5157606206686078
6.78,0.5063441902068186
6.7856,0.5166746246867108
6.7912,0.5122858894636813
6.7968,0.5212133698147916
6.8024,0.5158902495763695
6.8078,0.5190814064014215
6.8134,0.5157277450394873
6.819,0.5160058106099681
6.8246,0.5196754553680963
6.83,0.518008990520525
6.8356,0.5199586514387071
6.8412,0.5233498322337882
6.8468,0.5210275568398159
6.8524,0.5244674941819947
6.8578,0.5224574239970837
6.8634,0.5254667509399209
6.869,0.5296749332683316
6.8746,0.5279598931988909
6.88,0.5272674565120214
6.8856,0.5225535238960286
6.8912,0.5266277830437376
6.8968,0.5488007856734454
6.9024,0.5316226897601195
6.9078,0.5326740743642915
6.9135,0.5349451216346968
6.9191,0.5272243382335152
6.9244,0.5315712251988867
6.93,0.5352949046565907
6.9356,0.5432902913675379
6.9412,0.5370744740854845
6.9469,0.5323375243887334
6.9522,0.5342084355983742
6.9579,0.5447297325753853
6.9635,0.5503227862368327
6.9691,0.5389707818771616
6.9745,0.5441251261772921
6.9801,0.5346782568794266
6.9857,0.5508733268680626
6.9911,0.5405065234250783
6.9967,0.547326959275068
7.0023,0.5421726965083349
7.0077,0.5374187135483779
7.0134,0.5503108952386888
7.019,0.5415292847238048
7.0246,0.5441177737382807
7.03,0.5468169177167026
7.0356,0.5534989358160584
7.0413,0.5438968702679748
7.0469,0.5474832035574377
7.0522,0.5509133926544565
7.0579,0.5475640271767854
7.0635,0.5496578455220573
7.0691,0.5569041958507323
7.0744,0.5468528658356417
7.0801,0.5507494933023862
7.0857,0.5503052473934686
7.0911,0.5530212292134857
7.0967,0.5532475660187599
7.1023,0.5742619842013985
7.1079,0.5566223082041499
7.1136,0.5530836981313497
7.1189,0.5566403747546952
7.1245,0.5637976415657278
7.1302,0.5590105565830521
7.1358,0.5554114548012746
7.1411,0.5605029522926849
7.1468,0.5663108341840395
7.1524,0.5569563009735499
7.1578,0.5609423313396689
7.1634,0.5604768189562306
7.169,0.5594956665375364
7.1746,0.5645400847155346
7.18,0.5671426768120046
7.1856,0.5617067538449055
7.1912,0.5652340671661746
7.1968,0.5685011350677693
7.2022,0.569000024325387
7.2078,0.5680132474245276
7.2134,0.565381082598119
7.219,0.5680195597469695
7.2244,0.5684434344489587
7.23,0.5707660161943848
7.2357,0.5691088770902185
7.2413,0.5717029886048371
7.2469,0.5712207349932192
7.2523,0.5723498468557005
7.2579,0.5719821974785471
7.2635,0.5754425876081621
7.2689,0.5742052773285192
7.2745,0.5737141104482357
7.2802,0.5781189556105698
7.2858,0.5759082611710946
7.2911,0.5823166805559044
7.2967,0.5763836808412792
7.3024,0.5822685598677573
7.308,0.5786572486976467
7.3133,0.5994666887806195
7.319,0.5839967870280016
7.3246,0.5841189749962985
7.3302,0.5902837536152852
7.3355,0.5832026852304677
7.3412,0.5955265125350417
7.3468,0.5848433222521362
7.3524,0.5892684957446677
7.3578,0.5850053490240368
7.3634,0.5878296658905295
7.369,0.5904402235207697
7.3747,0.5859245301249236
7.38,0.5926712285752491
7.3856,0.5908532005193468
7.3913,0.5878285784251749
7.3969,0.5914429623363615
7.4022,0.5897806814791805
7.4079,0.5901287223946303
7.4135,0.5960219907998308
7.4191,0.5929116785212407
7.4245,0.5923885986047605
7.4301,0.5959885740810349
7.4357,0.5989472327879894
7.4413,0.6070121599836622
7.4467,0.5947613040416715
7.4523,0.597186579351275
7.4579,0.599526443434271
7.4635,0.5973523703781511
7.4689,0.6000388052527952
7.4745,0.6009286923902754
7.4801,0.606347297019346
7.4857,0.6009653468928917
7.4911,0.6033027740384624
7.4967,0.6025534907567086
7.5023,0.6033846886660186
7.508,0.605478260994342
7.5133,0.6143928698507549
7.5189,0.603536284406913
7.5246,0.6070423158218624
7.5302,0.608910508772835
7.5356,0.6058053240714345
7.5412,0.6084817698663398
7.5468,0.606536954082184
7.5525,0.6065183726511187
7.5579,0.6089358157984309
7.5635,0.6091051635517802
7.5691,0.6333967084273971
7.5744,0.6083183588780599
7.5801,0.6113536815976204
7.5857,0.6229925884120147
7.5914,0.6113869803440428
7.5967,0.6205114930057257
7.6023,0.6254833566486063
7.608,0.6168670395335276
7.6133,0.6186157464165771
7.619,0.6159016106678872
7.6246,0.6160233555630854
7.6302,0.6158421635793013
7.6356,0.6221717464457925
7.6412,0.6214149051827098
7.6468,0.6225778440311626
7.6525,0.6202298181489792
7.6578,0.6290681073127746
7.6634,0.6230289987324682
7.669,0.6260234437536312
7.6747,0.61910922997447
7.68,0.6212158572302027
7.6857,0.6238255681359373
7.6913,0.6272208258905249
7.6969,0.6268638415705718
7.7023,0.6297255075716566
7.7079,0.6292602079784746
7.7135,0.6239194033189934
7.7191,0.6283551701930954
7.7245,0.631644470061663
7.7301,0.6306586783392454
7.7357,0.6331094033035776
7.7413,0.6312155950955077
7.7467,0.630926388220646
7.7523,0.6293482322896131
7.7579,0.6305942347490832
7.7636,0.6324597410943368
7.7689,0.63248420130326
7.7745,0.6377085065142767
7.7802,0.6417645772296168
7.7858,0.637212241529473
7.7911,0.646916165230867
7.7968,0.6358049057645924
7.8024,0.6355795508993797
7.808,0.6299387253764137
7.8134,0.6379440427433468
7.819,0.6347414239150476
7.8246,0.6351720982964528
7.83,0.6382592617336216
7.8356,0.6402934300034921
7.8413,0.641800540133845
7.8469,0.6426955231540862
7.8522,0.6378019491630889
7.8579,0.6401155846151676
7.8635,0.6456846013032971
7.8691,0.6407951413199074
7.8745,0.6498312197627243
7.8801,0.6463981957189482
7.8858,0.6479460579245684
7.8914,0.6526837397204123
7.8967,0.6460769393859331
7.9024,0.6446076066769437
7.908,0.6508604050198337
7.9133,0.6551611130951653
7.9189,0.6503266269126683
7.9246,0.6496708487756888
7.9302,0.6472466154482637
7.9358,0.6460599179263555
7.9412,0.6538390600848547
7.9468,0.650810768400122
7.9524,0.6594048352158851
7.958,0.6568414743188266
7.9634,0.6504275337951756
7.969,0.6536929885525997
7.9746,0.6519287899499283
7.98,0.6547090658437125
7.9856,0.6546667234252332
7.9912,0.6619102963616348
7.9969,0.6613499503577018
8.0022,0.6548428852209455
8.0079,0.655557769678536
8.0135,0.660692367722589
8.0191,0.6644663568674073
8.0245,0.6554044512903799
8.0301,0.6572582765832667
8.0357,0.6547911126929824
8.0414,0.6594743363365465
8.0467,0.661590561760015
8.0523,0.6569621693827055
8.0579,0.6603889074948686
8.0636,0.6624414914127275
8.0689,0.6596811495603517
8.0746,0.6641774276798182
8.0802,0.6668575260277156
8.0856,0.6667899133970245
8.0912,0.6606987415433978
8.0968,0.6630848444099515
8.1024,0.6637877709733001
8.108,0.666024357644237
8.1134,0.6692116136146822
8.119,0.6649248800815455
8.1246,0.6653925141495689
8.1302,0.6639453489298728
8.1356,0.671358005378961
8.1412,0.6650061956177851
8.1468,0.6652800006960258
8.1524,0.6661367699676469
8.1578,0.6678738756934626
8.1634,0.6741591394016047
8.169,0.6656589375188994
8.1747,0.6677838052532581
8.18,0.668532640582186
8.1857,0.6729105092290539
8.1913,0.6686345280986091
8.1969,0.6697040998241788
8.2023,0.670083629437308
8.2079,0.6695983908860523
8.2135,0.6731157638310983
8.2189,0.6702864155921862
8.2245,0.6717329734885285
8.2301,0.6709172210849074
8.2357,0.6695424925249601
8.2414,0.6759573978235748
8.2467,0.6715238753161741
8.2523,0.6705868311562806
8.258,0.6768300469205649
8.2636,0.6743662243139623
8.2689,0.6732327551069011
8.2746,0.675165387262235
8.2802,0.675140481990098
8.2858,0.6741030775370398
8.2911,0.6739610548836058
8.2968,0.6743382655851431
8.3024,0.6775251317934389
8.308,0.6776374483240217
8.3134,0.6748060392457114
8.319,0.6700148944768654
8.3247,0.6721370784099374
8.33,0.684805326067345
8.3356,0.6799143514679933
8.3413,0.675150279114809
8.3469,0.6801941711300798
8.3522,0.6797146403100309
8.3578,0.6780250575306292
8.3634,0.6771887887361847
8.369,0.6765306382859868
8.3746,0.6796954038199596
8.3802,0.6780036888788417
8.3856,0.6796628287905773
8.3911,0.6785239745976483
8.3968,0.6859335243893078
8.4024,0.6786497851914461
8.408,0.6830843646668439
8.4134,0.6801519221566992
8.419,0.6826701914664888
8.4246,0.6856647640957595
8.4302,0.6778033779538077
8.4358,0.6846619841041865
8.4411,0.684927649635346
8.4468,0.6809499172318452
8.4524,0.6844895319154676
8.458,0.6844262750125605
8.4634,0.6832323845989201
8.469,0.6948051029582571
8.4746,0.6792495676366599
8.4802,0.6838829575845387
8.4856,0.6866638640517451
8.4912,0.6838980234956373
8.4968,0.6865805160705243
8.5024,0.6885609235402074
8.508,0.6808582877460381
8.5134,0.6892473702296489
8.519,0.6857145221918921
8.5246,0.681366755211818
8.5302,0.6915809509926367
8.5356,0.6872945809495417
8.5412,0.6859157797784254
8.5468,0.6832865084974564
8.5524,0.6871403102252007
8.558,0.6916447243325659
8.5634,0.6961643064949908
8.569,0.6900465713209374
8.5746,0.685847059423024
8.5802,0.6969367329750558
8.5856,0.6905078745622021
8.5912,0.6893357728340584
8.5968,0.6891566721058566
8.6025,0.6866867439015808
8.6078,0.6887228361949858
8.6135,0.6921774553274342
8.6191,0.6914277117522103
8.6247,0.6871671431173196
8.63,0.6931100630891058
8.6357,0.6995667173060262
8.6413,0.6864087113314421
8.6469,0.6872208045531242
8.6523,0.6892463837255001
8.6579,0.692124266024688
8.6635,0.6885140097070743
8.6692,0.6904284200717985
8.6745,0.69150434472386
8.6801,0.6946006288841308
8.6858,0.6928458343406712
8.6911,0.688506201790215
8.6968,0.6885110319098349
8.7024,0.684302860593293
8.708,0.7255952620514525
8.7134,0.6985950055407326
8.719,0.7041814027000715
8.7246,0.6913351210391103
8.7302,0.6924079842415929
8.7356,0.6975541550712395
8.7412,0.6915966584186053
8.7468,0.6943981704270519
8.7525,0.6863471522616558
8.7578,0.691829602053245
8.7634,0.694160044102468
8.7691,0.6959720221926273
8.7747,0.6989173354424641
8.7801,0.6912185002597806
8.7857,0.6945706189795919
8.7913,0.6927615485554895
8.7969,0.6961625848368437
8.8022,0.6937499288889067
8.8079,0.6938303269077513
8.8135,0.6932792981732169
8.8191,0.6929625761846288
8.8245,0.6920850881008237
8.8301,0.6909100606352638
8.8357,0.7201605546547007
8.8413,0.6938013634227381
8.8467,0.6998867390580676
8.8523,0.6922359307288071
8.8579,0.6943636853030826
8.8636,0.6931723005663062
8.8689,0.6924556392219586
8.8745,0.7096905817021759
8.8802,0.7016531778184008
8.8858,0.6920957528271453
8.8911,0.6961426972453911
8.8967,0.695826785822753
8.9023,0.6969488790043517
8.908,0.6928660082614255
8.9136,0.6988276805731108
8.919,0.6963704590693199
8.9246,0.6952428050707866
8.9302,0.6984845146302586
8.9358,0.689937179366767
8.9412,0.6987993727488604
8.9468,0.6944234784416383
8.9524,0.6977900407210862
8.9581,0.6953121254804975
8.9634,0.697176093345445
8.9691,0.697663620545486
8.9747,0.6990936697216352
8.98,0.6938915069246891
8.9857,0.6982688637586072
8.9913,0.7025272938972524
8.9969,0.6982717603414343
9.0023,0.69724935470537
9.0079,0.6944319213319144
9.0135,0.6948997155670302
9.0192,0.6944936114305996
9.0245,0.7014691782468438
9.0302,0.697803191872143
9.0358,0.6990977366630193
9.0412,0.6975570484411395
9.0468,0.6952578037614527
9.0524,0.6935104306460224
9.0578,0.6959532928152367
9.0634,0.7002713203355804
9.069,0.7049120577378405
9.0747,0.696839969850515
9.0803,0.6915809509926367
9.0857,0.6975137285077725
9.0913,0.6901792980288058
9.0969,0.6964805822579752
9.1022,0.6982726950632894
9.1079,0.6918189903990988
9.1135,0.6974696267757848
9.1191,0.699532239259374
9.1245,0.6961511552102041
9.1301,0.6996084813386689
9.1357,0.697769048102284
9.1414,0.6939198895793359
9.1467,0.6943107322599978
9.1524,0.6962592023189369
9.158,0.7146375532813456
9.1636,0.6999376803011702
9.169,0.7011665064742747
9.1746,0.6959720221926273
9.1802,0.6957015238540685
9.1856,0.6978611754439081
9.1912,0.6973120996453033
9.1969,0.6996669953787531
9.2025,0.6974423858088497
9.2078,0.6985705065336166
9.2135,0.6924874963520795
9.2191,0.6994158087925936
9.2247,0.6968979742001853
9.2301,0.6984197186384167
9.2357,0.6915861150290714
9.2414,0.6925558962249021
9.2467,0.6941549946431906
9.2523,0.6933293479299814
9.258,0.6951623447646731
9.2633,0.6982253381716237
9.269,0.6941766938516558
9.2746,0.7009479765370403
9.2802,0.6943834500954568
9.2858,0.698486243149067
9.2912,0.6958325791520279
9.2968,0.6944582974813897
9.3024,0.6977098722579969
9.3081,0.6964062392788863
9.3134,0.6978763275831266
9.319,0.6995727653816923
9.3247,0.6985220428828969
9.33,0.7011445136352884
9.3357,0.6926597289720011
9.3413,0.6969662001064302
9.3469,0.7002750049561313
9.3522,0.7030208213007698
9.3579,0.6944355412517851
9.3635,0.7104115436763041
9.3691,0.6946704614658734
9.3745,0.6942072156595551
9.3801,0.7005696159095511
9.3857,0.699575811182398
9.3914,0.6968768588808698
9.3967,0.6997205510081737
9.4023,0.7023862928132445
9.408,0.6977197929996715
9.4136,0.7032854567681717
9.4189,0.6929784582353207
9.4246,0.6972679593462343
9.4302,0.6951320824261852
9.4356,0.6994729998906759
9.4412,0.6960811850467252
9.4468,0.701747038107311
9.4524,0.6909211293054065
9.4578,0.6964120100054159
9.4634,0.6966875550356671
9.4691,0.6946693082900905
9.4747,0.6947751252342089
9.48,0.6967972637971851
9.4857,0.6985463991255683
9.4913,0.7006834752543667
9.4969,0.6959786059406596
9.5025,0.6963858699602306
9.5079,0.699097799155963
9.5135,0.6954084881431859
9.5191,0.6986609471181235
9.5247,0.703925521619856
9.5301,0.6916438006311852
9.5357,0.6955678256735843
9.5413,0.6940382607206885
9.547,0.6968936552164973
9.5523,0.6941997366436534
9.5579,0.6988340282504946
9.5636,0.6960817239838339
9.5689,0.6955017919743933
9.5745,0.6974107090104937
9.5802,0.6926098810165766
9.5858,0.6996917518839627
9.5911,0.7009373663587979
9.5967,0.6948153245614088
9.6024,0.6953817250379928
9.608,0.6921624859679467
9.6136,0.6976082639917542
9.619,0.6975448486380491
9.6246,0.694776086136192
9.6302,0.694114425772214
9.6356,0.7042171734417649
9.6412,0.699171162484334
9.6468,0.6908117204452031
9.6524,0.6958142326950982
9.6581,0.6917784852124512
9.6634,0.697952188363788
9.6691,0.6969515220909556
9.6747,0.6967057594579127
9.68,0.6943304432854436
9.6857,0.7016640880016656
9.6913,0.6930983104924956
9.6969,0.6927390514233995
9.7023,0.695376875777617
9.7079,0.6974099395550061
9.7135,0.6999607753993696
9.7191,0.6938423228788699
9.7245,0.6992451529699719
9.7301,0.7019868656873023
9.7357,0.6948243734157562
9.7414,0.6919520663787286
9.7467,0.7009756134553642
9.7524,0.6879722045003048
9.758,0.7036211535643376
9.7636,0.6967393924292524
9.7689,0.6943756477284322
9.7746,0.6920362401525342
9.7802,0.6958418316817223
9.7858,0.6930141825132257
9.7912,0.6897089696356735
9.7968,0.6942088514567761
9.8024,0.6988922610403779
9.8081,0.6911778379163431
9.8134,0.7059489626392962
9.8191,0.696354282801863
9.8247,0.6936881210865566
9.8301,0.685957736620291
9.8357,0.6915442087816588
9.8413,0.6974708060336126
9.8469,0.6927635288966414
9.8523,0.6996447254874629
9.8579,0.6946764751244787
9.8635,0.6909677426471014
9.8692,0.689730270413893
9.8745,0.6915941139831254
9.8801,0.6928643863409314
9.8858,0.6897422582332746
9.8914,0.6911633161806989
9.8967,0.6919224986277339
9.9024,0.6896652132033191
9.908,0.6955272764038758
9.9134,0.6947882072862792
9.919,0.6862204094073241
9.9246,0.6848990054107951
9.9303,0.6907515835542948
9.9356,0.6934898731964092
9.9412,0.6911476177939162
9.9468,0.687481286512243
9.9525,0.692829691490352
9.9581,0.6858628746695214
9.9634,0.6896230900603543
9.969,0.6958742291499181
9.9746,0.6894865894163391
9.9802,0.7032975594294396
9.9856,0.6836919461060299
9.9913,0.6898097102250341
9.9968,0.6920655271789093
10.0024,0.6928840027096135
10.0078,0.6934402418798484
10.0134,0.6976501348339851
10.019,0.6898464806883629
10.0246,0.6972735751961272
10.0301,0.6865157608273461
10.0358,0.6911118563517648
10.0414,0.693142688999564
10.0468,0.688271100078387
10.0524,0.6932798900406499
10.058,0.6916942037708984
10.0634,0.6923000117269488
10.069,0.6908865330251288
10.0747,0.6874723543253349
10.08,0.6849132915067568
10.0856,0.6901082402090031
10.0912,0.6876411905801298
10.0969,0.6870691595807104
10.1025,0.6929088734969673
10.1078,0.6837527517216725
10.1135,0.6881479690271284
10.1191,0.6942794518526635
10.1247,0.6866390217885681
10.1301,0.684301807023381
10.1357,0.6889361210665136
10.1413,0.6890744570000442
10.1469,0.6846184982592909
10.1523,0.6887027020571159
10.1579,0.6896071241981394
10.1635,0.6898265181117379
10.1691,0.6882845102003652
10.1745,0.6881900826142127
10.1801,0.688499378380338
10.1858,0.6873787854464832
10.1914,0.6880161688143556
10.1967,0.6881048836435586
10.2024,0.6859362458145583
10.208,0.680895536811995
10.2136,0.6842047933623472
10.219,0.6845619509166267
10.2246,0.6889104435265646
10.2302,0.6831673010140278
10.2356,0.6902774760382024
10.2412,0.684734028706367
10.2468,0.6848879767851277
10.2524,0.6891440244436888
10.2578,0.6855914187911134
10.2634,0.6828726602749744
10.2691,0.6848358088350998
10.2747,0.6873290446431225
10.28,0.6852997518148549
10.2857,0.6826738996357518
10.2913,0.6872835400484817
10.2969,0.6836244462271905
10.3023,0.6862291150496898
10.3079,0.6852632428969683
10.3135,0.6859431373241404
10.3191,0.679652714127371
10.3245,0.6817570052852379
10.3301,0.6833398375985196
10.3357,0.6794925128539453
10.3414,0.682290574373998
10.3467,0.6826764862314267
10.3523,0.6850725033678923
10.358,0.6805095298680351
10.3636,0.6869593244888573
10.3689,0.6758918862283283
10.3745,0.6816804804067156
10.3802,0.6813809880562206
10.3858,0.6833971707775293
10.3911,0.6780517024385385
10.3968,0.6774906198075661
10.4024,0.6882506471556795
10.408,0.682948764364685
10.4134,0.6816160956466941
10.419,0.6797456580249552
10.4246,0.6810853000297952
10.4302,0.684130352440397
10.4359,0.683442946923029
10.4412,0.6777419943644383
10.4469,0.6853144034948075
10.4525,0.6829471924169239
10.4578,0.6803304246696626
10.4635,0.6789367422955386
10.4691,0.6885846303241749
10.4745,0.6820223033741111
10.4801,0.6721977904888845
10.4857,0.68141504971273
10.4914,0.6786667363679639
10.4967,0.6806027771812523
10.5023,0.6789230880623138
10.508,0.6822521548950164
10.5136,0.6801760138062999
10.519,0.6730657663482078
10.5246,0.684488655841782
10.5302,0.682644910193642
10.5358,0.6818088691395966
10.5412,0.6810054876833866
10.5469,0.6787346676482463
10.5525,0.6799700448846546
10.5578,0.678631503145579
10.5635,0.6831409171786627
10.5691,0.6769539277428924
10.5745,0.6814578399436204
10.5802,0.6833265711711787
10.5858,0.6789732628017187
10.5914,0.6758065544426318
10.5968,0.6778535743250826
10.6024,0.6753083245561637
10.6081,0.6786630854326592
10.6134,0.6803698093601167
10.619,0.6754992057286058
10.6247,0.6780815182453303
10.63,0.6716757703756038
10.6357,0.683646019478255
10.6411,0.6759653588256196
10.6468,0.6742152851631151
10.6524,0.6809113482519902
10.658,0.6846627909517677
10.6634,0.6790781597759352
10.669,0.6724543385859092
10.6747,0.6747594288973067
10.6803,0.6802480295682318
10.6856,0.6818623713001676
10.6913,0.6863435214250059
10.6969,0.6823383788817483
10.7022,0.6790214452119678
10.7079,0.6782660611053366
10.7133,0.67427243119072
10.719,0.6733032935140968
10.7246,0.6755463750014455
10.7302,0.6766224393765203
10.7359,0.6727966083352419
10.7412,0.6763438980148486
10.7468,0.67721873774207
10.7525,0.678122194615336
10.7581,0.6715953340230856
10.7634,0.6739447775538041
10.769,0.6693778306727656
10.7747,0.6782354422862436
10.7803,0.6782096149431915
10.7856,0.6764307257769345
10.7913,0.6727005669561523
10.7969,0.6773562657387935
10.8023,0.671876923920513
10.8079,0.6770657947471537
10.8135,0.6744393297838619
10.8192,0.6717313422516347
10.8245,0.6763859305293882
10.8302,0.6835895096254092
10.8356,0.6804116287274481
10.8412,0.6731462954066252
10.8468,0.675194587237625
10.8525,0.6736813549859016
10.8578,0.6725565099521416
10.8634,0.6754480072598661
10.8691,0.6732387697246435
10.8747,0.6694719560191528
10.8801,0.6679541282220729
10.8857,0.6660040345067184
10.8913,0.6760472638533725
10.897,0.6747827352509799
10.9023,0.6723760850057005
10.908,0.6724819315990644
10.9136,0.6693386529997938
10.9189,0.6679541282220729
10.9245,0.6739088263093972
10.9302,0.6714822551573292
10.9358,0.6689374444440761
10.9412,0.6728078492590053
10.9468,0.6656470492124493
10.9524,0.675536352269021
10.9581,0.6700057325105578
10.9634,0.6734012170769317
10.969,0.6746647180756588
10.9746,0.6690606959156054
10.9803,0.6726289331971441
10.9856,0.6712287994461439
10.9913,0.672231006846729
10.9969,0.6667802466622623
11.0025,0.6672088305801845
11.0079,0.676616909582543
11.0135,0.6637225565683857
11.0192,0.6709679520766454
11.0245,0.6709654421898206
11.0301,0.6728501500606999
11.0358,0.6731375841428056
11.0414,0.6653800962037849
11.0467,0.671606774113091
11.0524,0.6736398541545929
11.058,0.6714325943686237
11.0634,0.6717221474366625
11.069,0.6702270698040111
11.0746,0.6666765108324
11.0802,0.6745913586347954
11.0856,0.6719887455734715
11.0912,0.6690774490039826
11.0969,0.6674344962976443
11.1025,0.6684117316624824
11.1078,0.6681995591702538
11.1135,0.6656661445864029
11.1191,0.6674316157970688
11.1247,0.6653198224038178
11.1303,0.6649984057465174
11.1357,0.6724329388496216
11.1413,0.6670043720116802
11.1469,0.6702378391298623
11.1523,0.6712981859975561
11.1579,0.6751390494676992
11.1635,0.6665770287143373
11.1691,0.6658587690929496
11.1745,0.6646200078736626
11.1801,0.6639780955486101
11.1858,0.6665355755701209
11.1914,0.6685931135009913
11.1967,0.6663038268575566
11.2024,0.6661005662740587
11.208,0.662710495531624
11.2136,0.6700833934729646
11.219,0.6641359737219694
11.2246,0.6642886264009393
11.2302,0.6670349428917499
11.2358,0.6725183750286071
11.2412,0.662196948057993
11.2468,0.6673062707818589
11.2525,0.6680170210922779
11.2581,0.6640880311108173
11.2634,0.6672313669413609
11.269,0.6689271643462956
11.2746,0.668984111789724
11.2803,0.6691870377935021
11.2856,0.6679929727629236
11.2912,0.6631215610490084
11.2969,0.6632503956394318
11.3025,0.6643815706263958
11.3078,0.6638574549207432
11.3135,0.666235484527979
11.3191,0.6699153904317975
11.3245,0.6660659317826585
11.3301,0.6658957785093236
11.3357,0.6616899440289403
11.3413,0.6694918015994109
11.3467,0.6642630229365636
11.3523,0.6669750818308541
11.3579,0.6663066205809156
11.3635,0.6656922280422367
11.3691,0.6598426725362545
11.3745,0.6619066263936413
11.3801,0.6658631032400497
11.3858,0.6646380892120147
11.3914,0.6620084398996708
11.3967,0.6655777499428042
11.4023,0.6608746338631974
11.4078,0.6678522960567622
11.4134,0.663827757330965
11.4191,0.6597006612433851
11.4247,0.6628852752031718
11.4301,0.6639002826725603
11.4356,0.6625346884666174
11.4413,0.6617050784324651
11.4469,0.6658316992334369
11.4525,0.6631377640269125
11.4578,0.6648595581205663
11.4634,0.6605527687843402
11.469,0.6615846969496992
11.4746,0.6601115576980907
11.4803,0.6556575097141242
11.4856,0.6558020020398369
11.4912,0.661875717828779
11.4968,0.668391250053185
11.5025,0.6583503871121901
11.5081,0.6576481756360185
11.5134,0.6614558016716046
11.519,0.6613552196625994
11.5246,0.6602236081099215
11.5303,0.6533442412959917
11.5356,0.6693154050728676
11.5413,0.6611145969996065
11.5468,0.6654382023770504
11.5525,0.65711320878614
11.5581,0.6536792391486053
11.5634,0.6559981298454605
11.569,0.664099080269813
11.5746,0.6629941088849297
11.5803,0.6585066540026302
11.5856,0.6552801567446382
11.5912,0.6582296210098262
11.5968,0.658702530930306
11.6024,0.6564868974446104
11.6081,0.6575852340471288
11.6134,0.654266953395481
11.619,0.6542596947214558
11.6246,0.6548005977508093
11.6302,0.6564718904090991
11.6356,0.6569069766841529
11.6412,0.6551345597629266
11.6469,0.6600397953504791
11.6525,0.6593725469254468
11.6578,0.6577102613104151
11.6635,0.6551796590555855
11.6691,0.6533958590035915
11.6747,0.6570868241150267
11.6801,0.6578466449219678
11.6857,0.656822830037751
11.6914,0.6514608069516845
11.6967,0.6550245129523011
11.7023,0.6546998930304122
11.7079,0.6559232459954962
11.7136,0.6512612261557058
11.7189,0.6579928441169539
11.7246,0.6599610635562596
11.7302,0.666420774063055
11.7358,0.6591432392975369
11.7414,0.6547944954812678
11.7467,0.6607903865515752
11.7524,0.6544953370821477
11.758,0.6564648780893393
11.7636,0.6592142270970083
11.769,0.6612098569129281
11.7746,0.6532632641937931
11.7802,0.6545390708368439
11.7858,0.6581649741630788
11.7912,0.655994972570231
11.7968,0.6519031521196105
11.8024,0.6507192827351744
11.8081,0.6522506455099193
11.8134,0.6565126196989493
11.819,0.6548937550410806
11.8247,0.6483646595724655
11.8303,0.6514063348969006
11.8356,0.6540065827708573
11.8413,0.6534453804891801
11.8469,0.6560037824151872
11.8523,0.6488351346655714
11.8579,0.6553165078737009
11.8635,0.6513908059921338
11.8692,0.649316250699849
11.8745,0.6504652192655178
11.8802,0.6527001687565299
11.8858,0.6485976838774522
11.8914,0.6642501809977931
11.8967,0.6544128679940008
11.9024,0.651837566829917
11.908,0.6550422416663046
11.9136,0.6536938622276091
11.919,0.6534778479006685
11.9246,0.6486032197730693
11.9302,0.6539531897976387
11.9356,0.6503968223832604
11.9412,0.652033743775666
11.9469,0.6505696154956835
11.9525,0.6473403617259539
11.9579,0.6460811280694382
11.9635,0.6459597899198255
11.9691,0.6490358953640345
11.9745,0.6532736953069096
11.9801,0.6498491129068147
11.9857,0.6463687589571376
11.9914,0.654128287693982
11.9967,0.6532880739787226
12.0024,0.6531446279635928
12.008,0.6512019352983867
12.0134,0.6493901838926492
12.019,0.6514468922937484
12.0246,0.6598377131007734
12.0303,0.6507211626099156
12.0356,0.6548958844561255
12.0413,0.6532775298768185
12.0469,0.651301895017275
12.0525,0.6542147827159195
12.0579,0.6475695849933399
12.0635,0.6473530584898992
12.0691,0.6489892566665336
12.0747,0.6509155114203791
12.08,0.6500030327396193
12.0857,0.6522273008381642
12.0913,0.6472461858543965
12.0969,0.6510216902260559
12.1025,0.6438299214955274
12.1079,0.6492101886661322
12.1135,0.6498859215925508
12.1191,0.6465703048187581
12.1245,0.645459675049483
12.1301,0.6442905711939445
12.1358,0.6474655528384627
12.1414,0.6474011641069364
12.1467,0.6472415666550868
12.1524,0.6525417138221621
12.158,0.6429007296169913
12.1633,0.6510432517428374
12.169,0.6497187867653027
12.1746,0.644291192734618
12.1803,0.6527609331719015
12.1856,0.6436731815711196
12.1913,0.6508367103560914
12.1969,0.650812058066268
12.2023,0.6514707999669942
12.2079,0.6481178244979393
12.2135,0.6484542893782979
12.2192,0.6477965988811107
12.2245,0.650872973418364
12.2301,0.6439922355874645
12.2358,0.6535551412761205
12.2414,0.6483451522459466
12.2467,0.6434490734338744
12.2524,0.6449569813890677
12.258,0.644927690367822
12.2636,0.647581973631302
12.269,0.6480044465312195
12.2745,0.6450974991445637
12.2801,0.6446952063594069
12.2857,0.6395733775085581
12.2914,0.6425284348300554
12.2967,0.6514585134840456
12.3023,0.6492152398988236
12.308,0.6499736099940987
12.3136,0.6465536761160362
12.3192,0.6468698623824138
12.3246,0.6493215835789019
12.3302,0.6471696134540634
12.3358,0.644566202593674
12.3412,0.6489675657346223
12.3468,0.6471300989194293
12.3524,0.6416732413788556
12.3581,0.6470359184666683
12.3634,0.6419358810721645
12.369,0.6452764071194553
12.3747,0.6422419706425222
12.38,0.6454206864882599
12.3857,0.6386358511410852
12.3913,0.6426106390819547
12.3969,0.6446403959341056
12.4022,0.6468350832093468
12.4079,0.6413835180898554
12.4135,0.6445982093590152
12.4191,0.6433034996143726
12.4248,0.6452822182507688
12.4301,0.6438883826768979
12.4358,0.6433681831926806
12.4414,0.6401558254497788
12.4468,0.6409598652690315
12.4524,0.6453310438177435
12.458,0.6422746094965766
12.4634,0.6386566278804892
12.469,0.6406321312544192
12.4746,0.6424282244215326
12.4803,0.6440094218868
12.4859,0.6410941015234329
12.4912,0.6379120303899458
12.4969,0.6434166550895335
12.5025,0.6422374435062523
12.5079,0.6354275555785966
12.5135,0.6377302666666735
12.5191,0.6393326801693976
12.5247,0.6458161558678533
12.5301,0.6419358810721645
12.5357,0.6380166034417136
12.5413,0.6396445986259476
12.5467,0.6447037504648487
12.5524,0.6410420762260347
12.558,0.6361878382582252
12.5636,0.6376763500584265
12.569,0.6365435301257305
12.5746,0.6361810591809325
12.5802,0.6390529752060417
12.5859,0.6413480781142822
12.5912,0.6444117486593594
12.5968,0.6440854738225867
12.6025,0.6466909061523061
12.6078,0.641577585988286
12.6135,0.6366585591717562
12.6191,0.6368873374368189
12.6245,0.6386451389069617
12.6301,0.6378330591225211
12.6358,0.64182152240379
12.6414,0.6333014154980126
12.6468,0.6369392570916294
12.6524,0.6384811083874345
12.658,0.6403390280815595
12.6636,0.636559049567466
12.669,0.6391218933087051
12.6746,0.6459972807226992
12.6803,0.6375434011772445
12.6859,0.6421281999375397
12.6912,0.6411370167054729
12.6969,0.640309295956901
12.7025,0.6350110829215345
12.7079,0.6373864029433203
12.7134,0.6371580204448156
12.719,0.6384347921555159
12.7246,0.6431848872074303
12.7303,0.6320338553565392
12.7359,0.6355272499665227
12.7412,0.6358669804024635
12.7469,0.6333109248366122
12.7525,0.6355267050633706
12.7579,0.6318790314667413
12.7635,0.6339653666212592
12.7691,0.6395787217646385
12.7745,0.6386132530243311
12.7801,0.6351988718841113
12.7856,0.6384482470752253
12.7912,0.6340188375391133
12.7968,0.6354411212425098
12.8025,0.6387869636426788
12.8081,0.6309259176950497
12.8135,0.6389253987002737
12.8191,0.637685723199834
12.8247,0.637176541661694
12.8301,0.6401683118689141
12.8356,0.6327576017415333
12.8412,0.6344985484471403
12.8468,0.6402692364472586
12.8525,0.6316188326467762
12.8578,0.6395002631303748
12.8635,0.635564663186809
12.8691,0.6333841990886759
12.8747,0.6337955212753572
12.8801,0.6350179537692344
12.8857,0.6375430497922836
12.8913,0.634719610225788
12.897,0.6385764709574112
12.9023,0.6315330122345946
12.9079,0.630789593142868
12.9136,0.6290146043279918
12.9192,0.6411127917589663
12.9245,0.6389266691272175
12.93,0.6392214601575403
12.9357,0.6288936914307507
12.9413,0.6364112392570855
12.947,0.6331866507083164
12.9523,0.6330989314702693
12.9578,0.6341673284879099
12.9634,0.6321578625614007
12.9691,0.6374000368776039
12.9747,0.6340808313184527
12.9801,0.6315787951701712
12.9856,0.636984913744697
12.9913,0.635491719489505
12.9969,0.6315077517201155
13.0023,0.6394615793138265
13.0079,0.6370368392514496
13.0134,0.629201796422717
13.0191,0.630935595641789
13.0247,0.6361479210952015
13.03,0.6326300995161037
13.0357,0.6315944358847458
13.0412,0.6303397402730675
13.0469,0.6319806538249598
13.0525,0.6378463775849395
13.0579,0.6313433140576004
13.0635,0.6399889909313233
13.069,0.631190549523884
13.0747,0.6368432379705151
13.0803,0.6303260422716068
13.0857,0.6317227542743966
13.0913,0.6320762196965017
13.0969,0.6347304552562834
13.1025,0.6314787507992599
13.1081,0.6505430206924655
13.1134,0.6272505085620863
13.1191,0.6334408665380487
13.1247,0.6348710116084428
13.1303,0.6282493503146986
13.1357,0.6294689314884708
13.1413,0.6309919775970686
13.1469,0.6367166217367125
13.1523,0.6350821059250572
13.1579,0.6265994977582092
13.1635,0.6289947145822401
13.1692,0.6262157179999142
13.1745,0.6281035273624886
13.1802,0.6365148890925096
13.1858,0.6340134566274372
13.1914,0.6287475389980235
13.1967,0.6329893983530341
13.2024,0.6275292311918051
13.208,0.6317946146242571
13.2134,0.6332124494928463
13.219,0.636712632285024
13.2247,0.629578648092272
13.2303,0.6293886831045286
13.2356,0.6318831064243826
13.2413,0.6302778765706826
13.2469,0.6297131038954384
13.2525,0.6322503059607298
13.2579,0.6264453327715412
13.2635,0.633859353400757
13.2691,0.631924305337584
13.2748,0.6339530268164402
13.2801,0.6347550489111036
13.2858,0.6336199768613769
13.2914,0.6329214465067476
13.2968,0.6301244180125837
13.3024,0.631523395303899
13.308,0.628418296653739
13.3134,0.6293202750343543
13.319,0.6277733162846049
13.3247,0.6296751319852971
13.3303,0.6311815466645981
13.3356,0.6299948829382142
13.3413,0.6245617581340295
13.3469,0.6283904440423286
13.3525,0.6302714158928742
13.3579,0.6264891744864975
13.3635,0.6252448562434075
13.3691,0.6333570383668823
13.3745,0.6282362948216411
13.3801,0.6247884941796237
13.3857,0.6416273038808662
13.3914,0.6241186805038548
13.397,0.62323573159113
13.4024,0.6287796636155076
13.408,0.6309469453902836
13.4136,0.6253210023590834
13.419,0.6255251140966267
13.4246,0.6321074104098503
13.4302,0.6255286806017156
13.4359,0.6262609560285733
13.4412,0.628896100757985
13.4469,0.624723762177374
13.4525,0.6231956968345781
13.4581,0.6268563486328376
13.4635,0.6266067793290764
13.4691,0.6259511097237751
13.4747,0.6272188380681831
13.4801,0.6277733162846049
13.4857,0.6261454619607523
13.4914,0.6246676424851282
13.4967,0.6231808518795758
13.5023,0.623504783476176
13.508,0.6278832149788514
13.5136,0.6271240006786383
13.519,0.627797822194611
13.5246,0.6213644007897248
13.5302,0.624233861473277
13.5359,0.6210476068080024
13.5412,0.6256077448630035
13.5468,0.6233571816314395
13.5525,0.6297942308200881
13.5581,0.6208814087635823
13.5635,0.6352001283748283
13.5691,0.6239957855318315
13.5747,0.6252240453717588
13.5801,0.623015554945104
13.5857,0.6224883603195492
13.5913,0.6276830170092706
13.5969,0.6176878126718799
13.6026,0.6203757902393553
13.6079,0.6254187472165127
13.6135,0.6204465903834061
13.6192,0.6209354062398338
13.6248,0.6206415385302021
13.6301,0.6269269887501141
13.6358,0.6151536194673659
13.6414,0.6183237852357735
13.647,0.620532233019896
13.6524,0.6195470398964482
13.658,0.6230651028075682
13.6636,0.6181343501343988
13.669,0.641601279882846
13.6746,0.6206985732097211
13.6802,0.6222623240901253
13.6858,0.6180328611417636
13.6912,0.6188794069688717
13.6968,0.6216005437293077
13.7025,0.6263522779666096
13.7081,0.6166152981302059
13.7137,0.624283912858483
13.719,0.6195288857420741
13.7247,0.6199515014729029
13.7303,0.6176935937019379
13.7356,0.6193249853657113
13.7413,0.6191645418365117
13.7469,0.6204069110476933
13.7525,0.620252869542473
13.7579,0.6183427231254595
13.7635,0.6183679878820402
13.7691,0.6197536353417838
13.7748,0.61868726587728
13.7801,0.6163243028817031
13.7858,0.6198400661026882
13.7914,0.6191754982701458
13.797,0.6150805489926735
13.8023,0.6155207924635272
13.808,0.6172123783633053
13.8136,0.6232536145728683
13.819,0.6195494286869013
13.8246,0.6222329003194705
13.8302,0.6191991969055561
13.8359,0.6219796879385802
13.8415,0.6184992188494525
13.8469,0.6206793424648512
13.8525,0.6150069739528947
13.8581,0.617491196025118
13.8635,0.6141366353026213
13.8691,0.6200757820580494
13.8747,0.6141165440830259
13.8801,0.6215511346754071
13.8857,0.6304072274488146
13.8913,0.6171501431918793
13.897,0.623526846299823
13.9023,0.6176827937508738
13.9079,0.6181701539003351
13.9136,0.6247772746309517
13.9192,0.6172454159044518
13.9248,0.6217119162606963
13.9301,0.6169223806563073
13.9357,0.6196553098065485
13.9414,0.6201492740034786
13.947,0.6192344660321556
13.9524,0.6127823832184163
13.958,0.6174814720499717
13.9636,0.6140939276636895
13.9692,0.6168555789115475
13.9746,0.6120695431203766
13.9802,0.6164913416446178
13.9858,0.6082028298486607
13.9915,0.6219933743809254
13.9968,0.613903924889565
14.0023,0.6211541761534268
14.008,0.6130410581405362
14.0136,0.6100281252348319
14.0192,0.6203964772441045
14.0246,0.6119362996132784
14.0302,0.6120971232340349
14.0359,0.616440790544388
14.0415,0.6188673669390679
14.0468,0.6166727453488542
14.0525,0.6158170388039744
14.0581,0.6171950409320127
14.0634,0.619515055095837
14.0691,0.6102101818437905
14.0745,0.6135759123095601
14.0802,0.6116308683724314
14.0858,0.6142658664387612
14.0914,0.6169104648218174
14.0968,0.6161223742036631
14.1024,0.6122800819779546
14.108,0.6109824553322141
14.1136,0.6136878521934488
14.119,0.6113261200472546
14.1246,0.6152574001904161
14.1303,0.6151294386841812
14.1359,0.6106853756844455
14.1413,0.6100361831618142
14.1469,0.6104850051784008
14.1525,0.6112422697031139
14.1581,0.6120472948102972
14.1637,0.6104585624354
14.1691,0.6102130781580799
14.1747,0.6093377073398716
14.1803,0.6120955506396379
14.1857,0.6114967950454141
14.1913,0.6078835091570356
14.1969,0.6111458643039778
14.2026,0.6151655993640692
14.2082,0.6107328122281879
14.2135,0.6095228402231858
14.2191,0.6121243177669726
14.2248,0.6063960403714821
14.2304,0.6033062039923949
14.2357,0.6120594154333243
14.2414,0.6102473244340272
14.247,0.6208084156817307
14.2526,0.6092732986541685
14.2579,0.606107353435001
14.2636,0.6059602812338898
14.2692,0.606269718130517
14.2745,0.6092915902658895
14.2802,0.6063204213415254
14.2858,0.6078363358497239
14.2914,0.6092902868813438
14.2968,0.6070194314728283
14.3024,0.6051563869060032
14.308,0.6162655978398355
14.3136,0.6026657329399163
14.3193,0.6082466565897895
14.3246,0.6020483861692669
14.3303,0.6047105595725304
14.3359,0.6039532824118699
14.3415,0.6065188542311605
14.3468,0.6073385306088478
14.3525,0.6064589351396736
14.3581,0.6276732103575082
14.3635,0.6036483398870739
14.3691,0.6092404491080221
14.3747,0.6026521497803876
14.3803,0.6066049129829176
14.3857,0.6058713064390401
14.3913,0.6105480085316707
14.3969,0.60708498107565
14.4026,0.610024315617181
14.4082,0.607731815563172
14.4135,0.6113458918587933
14.4192,0.5968805684372913
14.4248,0.6012434025733883
14.4301,0.6060927013224111
14.4357,0.6034285893423967
14.4414,0.6006674476883479
14.447,0.6006709983060445
14.4526,0.6025941962714427
14.458,0.6023908534155447
14.4636,0.605400123098853
14.4692,0.6050313166359904
14.4748,0.5998543644254399
14.4802,0.6042019057772862
14.4858,0.604213161250063
14.4914,0.6002138308287643
14.497,0.6086475588974889
14.5024,0.5985868983557859
14.508,0.6004601231317297
14.5136,0.6031495627036999
14.5193,0.6037598040206849
14.5246,0.6028411210377151
14.5302,0.6026473461318533
14.5357,0.605323306225896
14.5413,0.5997231734980832
14.5469,0.6012653723461674
14.5525,0.5978552165704439
14.5582,0.601916831650704
14.5635,0.6032189165525952
14.5691,0.600408151246241
14.5747,0.600766970182115
14.5803,0.6003955896332666
14.5857,0.5976114248903539
14.5913,0.5995690832899978
14.5969,0.600834865654158
14.6025,0.5971727617572152
14.6079,0.5926955535492895
14.6135,0.6001973034764734
14.6191,0.5977983958273462
14.6247,0.5940335128360623
14.6304,0.5950589652445765
14.6357,0.6000362159748451
14.6413,0.6012717175744564
14.6469,0.5958824964425222
14.6525,0.6044179826847329
14.6581,0.5947670969585523
14.6635,0.5950451296232786
14.6691,0.5988349502333551
14.6747,0.5944238227642086
14.6801,0.5969710254765603
14.6858,0.5957909808436282
14.6914,0.6017840888318944
14.697,0.601122814401061
14.7025,0.5954453060361711
14.7081,0.5982231132257319
14.7138,0.5999025684572883
14.7191,0.5968963488183248
14.7247,0.600221603746588
14.7303,0.5948202539349423
14.736,0.5957324247966393
14.7413,0.5931884178223759
14.7469,0.5921608689823312
14.7524,0.6010454771719003
14.758,0.5974224616601346
14.7636,0.5953380776249877
14.7692,0.596465172358694
14.7749,0.5921077921454208
14.7802,0.5957836816741447
14.7859,0.5982455553699071
14.7915,0.5961900509689935
14.7971,0.5922457147037645
14.8024,0.5950314776413228
14.8081,0.5985103700008053
14.8137,0.5956550309158117
14.8193,0.5989530936470289
14.8246,0.5958599239083819
14.8303,0.5988392920793493
14.8359,0.5907768037915939
14.8413,0.5920989710813935
14.8469,0.5933164807224405
14.8525,0.5990742324252911
14.8581,0.5973805130856695
14.8635,0.5986492642664742
14.8691,0.5960836581129949
14.8746,0.5923740933078854
14.8802,0.595971711411445
14.8859,0.6004545977797702
14.8915,0.5960285797206816
14.8968,0.5941847594506496
14.9024,0.5968202594767587
14.9081,0.5955159131019696
14.9137,0.5934842359349315
14.9191,0.5926669130575142
14.9247,0.5851321013439943
14.9303,0.5976475571707291
14.9359,0.5936302335376418
14.9413,0.5922268346769366
14.9469,0.5937882448138678
14.9525,0.5897111568001381
14.9581,0.5925551524801088
14.9638,0.5897532531713001
14.9691,0.5891874620990547
14.9747,0.5900050250086457
14.9804,0.6003510360741715
14.986,0.5906966068235515
14.9913,0.5911211335387764
14.9968,0.5905706373377738
15.0025,0.5923701905583763
15.0081,0.5924641602188058
15.0138,0.5911421234705718
15.0191,0.591256225080347
15.0247,0.5957869957802564
15.0303,0.5864833588728973
15.036,0.5870036039604466
15.0413,0.5916182661030263
15.0469,0.5931040304000292
15.0526,0.5878487216024482
15.0582,0.5950451296232786
15.0636,0.591782336964234
15.0692,0.5902905717886765
15.0748,0.5973904658880167
15.0802,0.5915447975557748
15.0858,0.594855264017316
15.0914,0.5914078266861247
15.0971,0.5892776435355895
15.1024,0.5922449833635117
15.108,0.5914464475373455
15.1137,0.5896301467935285
15.1193,0.592301800741845
15.1247,0.5875640214238174
15.1303,0.5890976157754304
15.1359,0.5947312064256309
15.1415,0.5874127889968974
15.1469,0.5912245061194148
15.1525,0.5836653520519924
15.1581,0.5873989681853782
15.1638,0.5894827631624516
15.1691,0.6006654638231674
15.1747,0.5874093720850544
15.1804,0.5899553165292968
15.1857,0.5867296324016735
15.1914,0.5889788989939897
15.197,0.581848864910705
15.2026,0.5864513592917273
15.208,0.5878225213228098
15.2136,0.5863118850501017
15.2193,0.5830577780602584
15.2246,0.5952831611168856
15.2302,0.5879322150576264
15.2358,0.5836070739061117
15.2415,0.5856219650319388
15.2471,0.5833544144478306
15.2525,0.5870073449721394
15.2581,0.5843331880113424
15.2637,0.6035110505250996
15.2693,0.5865773903289864
15.2747,0.5833496939211553
15.2803,0.5836157994098761
15.2859,0.5923459372599527
15.2915,0.5921599921599581
15.2969,0.5835555790035327
15.3025,0.5842683930347032
15.3081,0.5795150284909678
15.3138,0.5809697173104154
15.3191,0.588443302488491
15.3248,0.5827910922052597
15.3304,0.5835740291074811
15.3357,0.5836779863803403
15.3414,0.5836170406543849
15.347,0.5867192566401266
15.3524,0.5856058495750566
15.358,0.5816006520496108
15.3636,0.5809860281779105
15.3692,0.5845634551364534
15.3749,0.5776986417237222
15.3802,0.5818680557607299
15.3859,0.5837275707743225
15.3915,0.5810866768504737
15.3971,0.5771238430323532
15.4024,0.5772151473457702
15.4081,0.5757565847367527
15.4137,0.5820845658410961
15.4193,0.578472257870948
15.4247,0.5814871489984319
15.4303,0.5845746232914284
15.4359,0.5848502606298915
15.4416,0.5814829038014953
15.4469,0.5807488340413194
15.4525,0.580135112015657
15.4582,0.5831643805730957
15.4635,0.5783023272818397
15.4692,0.578163014049871
15.4748,0.5801452205984836
15.4804,0.5811646758259422
15.4858,0.58412510027813
15.4914,0.5769072249777336
15.497,0.5778161285736976
15.5026,0.5826248194327198
15.508,0.5881055232368622
15.5136,0.5795511973724419
15.5192,0.5774500341987354
15.5249,0.5788337974453246
15.5302,0.5773830298464859
15.5358,0.5805693335863027
15.5415,0.5827011161568926
15.5471,0.5826217350893417
15.5524,0.5823695161775739
15.5581,0.58028326190166
15.5637,0.5810439307696782
15.5691,0.583129257012164
15.5747,0.5755246444136914
15.5803,0.5765873887076274
15.5859,0.5809898259511543
15.5916,0.5789617397551521
15.5969,0.5764063282832854
15.6026,0.5767673783578516
15.6082,0.5753150934203262
15.6136,0.5754128404600776
15.6192,0.578444604042663
15.6248,0.5753778501325559
15.6302,0.577972369200992
15.6358,0.5736161580986241
15.6414,0.5756120955962786
15.6471,0.5727284706676727
15.6524,0.5736622100785622
15.6581,0.575781166494408
15.6637,0.5818751067814827
15.6693,0.5841469783471422
15.6747,0.5763184191930018
15.6803,0.5730573142543289
15.6859,0.5745796376625063
15.6916,0.5801683940057116
15.6969,0.575620552880569
15.7025,0.5735960997508018
15.7082,0.5744448972933389
15.7135,0.5744978215217775
15.7191,0.578471528814812
15.7247,0.57308361770825
15.7304,0.573206464614366
15.7357,0.5739661117274641
15.7414,0.5709978260360951
15.747,0.5715916400567356
15.7524,0.5768481022821195
15.758,0.574889208052459
15.7637,0.5745098525931267
15.7691,0.5712603449140934
15.7747,0.5705506831803342
15.7804,0.5746935982831729
15.7858,0.577567739129452
15.7915,0.5732472309509411
15.7969,0.5715780211449639
15.8025,0.5683191922827247
15.8081,0.5765446492374087
15.8135,0.5699100904627186
15.8192,0.5755434010174887
15.8248,0.5749978851338116
15.8302,0.5764938962718882
15.8359,0.5712461354585187
15.8415,0.5736484163979753
15.847,0.56802912034203
15.8526,0.5728106361223508
15.858,0.5706970926133433
15.8636,0.5704632545345971
15.8693,0.5691602556921453
15.8747,0.5702878845099879
15.8803,0.572708902956652
15.886,0.5700582027919078
15.8914,0.5743466730486562
15.897,0.5669297720263611
15.9027,0.5747349199798347
15.9081,0.5715586112549624
15.9137,0.5680280324824234
15.9193,0.5719852610950673
15.9247,0.5714725427865517
15.9303,0.5716832272472714
15.9359,0.5735731593995056
15.9413,0.5712562195077646
15.947,0.5723155386307053
15.9526,0.5712592297221042
15.9582,0.5704522940029655
15.9636,0.567960694944305
15.9692,0.5684921911092042
15.9746,0.5713181185232641
15.9803,0.5726283809132744
15.9859,0.5672110389036306
15.9913,0.5662048198880216
15.997,0.5658313845036189
16.0026,0.5712216752146315
16.008,0.565381082598119
16.0137,0.5701695739312266
16.0193,0.5661146443243569
16.0247,0.5686619824196737
16.0303,0.5652968579373999
16.036,0.5655264276309762
16.0414,0.5741992624080139
16.0471,0.5678141418912943
16.0525,0.5737125938630826
16.0581,0.5690429472697285
16.0638,0.5718125168349337
16.0692,0.5668800115449912
16.0749,0.5673597698064548
16.0803,0.5680216585790687
16.0858,0.5689058701067272
16.0914,0.5686688270685964
16.0971,0.5768360786014524
16.1025,0.5630158907129019
16.1081,0.5674377994142302
16.1136,0.5686387569308631
16.1192,0.5686715852908211
16.1249,0.5700354782448829
16.1303,0.5662302422201846
16.1359,0.5664069166844895
16.1414,0.5685575444344801
16.147,0.5692734972779083
16.1527,0.5646225078344972
16.158,0.5618402468183976
16.1636,0.5638742219103452
16.1692,0.5619244648733663
16.1749,0.5653387764397313
16.1803,0.563912079047752
16.1859,0.5610897307849187
16.1913,0.5670321496578288
16.1969,0.5626682958301641
16.2026,0.5629371599107817
16.2082,0.5711581617588788
16.2136,0.5626151839387148
16.2192,0.5677377201392417
16.2248,0.565200985877461
16.2305,0.5628338010633775
16.2358,0.5607543366487328
16.2415,0.5674524787172441
16.2471,0.5622748612187726
16.2525,0.5676137423348384
16.2581,0.567148675531264
16.2635,0.5669555926013348
16.2692,0.5644205310584637
16.2748,0.5679473763497197
16.2804,0.5621452367553268
16.286,0.5680761106285563
16.2914,0.5623039046646846
16.297,0.5617733265624576
16.3027,0.5628521582975601
16.3081,0.5638268854170507
16.3137,0.5647793331441968
16.3193,0.5609605430510006
16.3247,0.5690369564219258
16.3303,0.5631316131849207
16.3358,0.5629798203176308
16.3414,0.5656240670241288
16.347,0.5614485843755148
16.3527,0.5633092580108654
16.3581,0.5615813019437053
16.3637,0.5598186922653294
16.3693,0.5568040367565152
16.3746,0.5619717019272858
16.3803,0.5643058514003483
16.3859,0.5630087196634073
16.3915,0.5607233417437806
16.3969,0.561343020971797
16.4025,0.5610609461362442
16.408,0.555348883963477
16.4136,0.5597905537852617
16.4192,0.5601378466434452
16.4249,0.5620254248147394
16.4302,0.5519951785973992
16.4359,0.5590510854962439
16.4415,0.5614995280576884
16.4469,0.5589738777307467
16.4525,0.5732048308862353
16.4581,0.5549817069981027
