Experiment: Apr28_cal_tst_expt vial 15, Thu Apr 28 17:02:21 2022
0.0027,0.0
0.0078,-0.014911659237104247
0.0131,-0.010323384009130687
0.0188,-0.012627944038703487
0.0244,-0.015315058563569961
0.03,-0.011478629983385003
0.0354,-0.008790052258119019
0.041,-0.016448875583614186
0.0466,-0.008813592560290906
0.052,-0.013790342322825833
0.0576,-0.014173492718959846
0.0632,-0.012248511752992575
0.0689,-0.011071666422668214
0.0742,-0.009179398473703637
0.0799,0.009591279887348536
0.0855,-0.009944362851301958
0.0911,-0.003836083134927226
0.0964,-0.009982680846787662
0.1021,0.0075587579726617005
0.1077,0.012954956011837937
0.1134,-0.013753914422889979
0.1187,-0.0022522882175609604
0.1243,-0.020656511440886094
0.1299,-0.016860438158166846
0.1356,-0.012217065172707375
0.1409,-0.027580365145547736
0.1465,-0.022969422721529797
0.1521,-0.025656506166218063
0.1577,-0.027978739797788643
0.1633,-0.01759817082307602
0.1687,-0.016842373167445857
0.1743,0.02819753316734519
0.1799,0.00530627362708036
0.1855,0.003392425951355027
0.1909,-0.002894720550190799
0.1965,0.0027042380885607953
0.2022,0.0011734759294147468
0.2078,0.001573902952951678
0.2131,0.004894619850443149
0.2188,0.012587279895384218
0.2244,0.001529414721723299
0.23,-0.006240731940727162
0.2354,0.004120769112656686
0.241,0.003753010540077817
0.2467,0.012243356735666788
0.252,-0.0010613600441414794
0.2577,-0.005876053646691748
0.2633,0.002640513222662233
0.2689,-0.004400804661059743
0.2743,-0.002554844944869017
0.2799,-0.0029174480063413055
0.2855,0.003364267467916182
0.2911,0.00815925891307423
0.2965,0.0022211383171183985
0.3021,-0.002574984303685801
0.3078,0.001854625968378043
0.3134,0.006682056742810194
0.3187,0.0010968764700359235
0.3243,0.012160237930629147
0.33,-0.0003787861484700339
0.3353,0.002216697294177894
0.341,0.009960949950002462
0.3466,0.002200187933714959
0.3522,-0.0037131543511364495
0.3576,-0.0014961427266804717
0.3632,0.0018143455777001605
0.3688,0.0025332889611240916
0.3745,0.008432585223832723
0.3798,0.0028860525399538317
0.3854,0.002521920219290208
0.391,0.00362889970846475
0.3967,0.00509931776948469
0.4023,0.0006675976128511785
0.4076,0.004000944831087816
0.4133,0.0013993808278318087
0.4189,0.004694069508026755
0.4243,0.0006756635901399299
0.4299,0.0006740386699324308
0.4355,-0.0008036633455816289
0.4409,0.0006423953625692702
0.4465,0.0032386695263764698
0.4521,0.0028288170678610336
0.4578,0.003595612869135567
0.4631,0.00027175178394894806
0.4688,0.004276801996921764
0.4744,0.0017401453063601302
0.48,-0.00047800864377167684
0.4854,-0.0008454403608539884
0.491,0.009062106411787507
0.4966,0.007942337378136988
0.5022,0.006475206292509417
0.5076,0.004281021285151898
0.5132,0.0006076646437638278
0.5188,-0.000846417185709214
0.5245,0.00023058355378990925
0.5298,0.005014284461667462
0.5354,0.0035172719521496254
0.541,0.0009596163799957536
0.5467,0.0020587448952575915
0.552,0.00020606925516353236
0.5576,0.006447861278916278
0.5633,0.007182795631689554
0.5689,0.004613111130823633
0.5742,0.002769943087569393
0.5799,0.007527829318247692
0.5854,-0.0001563276391329249
0.591,0.006784229753330651
0.5966,0.004225658124665743
0.6022,0.006053502609878636
0.6076,0.002029235085355241
0.6132,-0.0009048546409656799
0.6188,0.00017821443545901205
0.6244,0.0005581918514648843
0.63,0.015072219588464164
0.6354,0.00018311417311683842
0.641,0.008922873363771178
0.6466,0.004190543349869735
0.6522,0.009274430692221114
0.6576,0.006361439334375496
0.6632,0.0019769848626392528
0.6688,0.00162422449212557
0.6744,0.0005234578290440606
0.6798,0.00415722453503492
0.6854,0.00015858545553237846
0.691,-0.0002032461703467825
0.6966,-0.0009436711579275392
0.7022,0.0026954791579414383
0.7076,0.00014803189918133342
0.7132,-0.0027645644286724003
0.7188,-0.0031344691166315664
0.7244,-0.00022035062901004654
0.73,-0.004956608869787327
0.7354,-0.0024059082337021254
0.741,-0.00022518946550953434
0.7467,-0.004229059089921827
0.7522,-0.004233854868879061
0.7576,-0.00023897911678205652
0.7632,0.008483868847783016
0.7688,-0.0027803265916780395
0.7744,0.012451295911937832
0.7798,0.007368422734446267
0.7854,-0.0002432021565151321
0.791,0.009535923742573615
0.7966,0.0026555610346760683
0.8023,0.0008382415388771824
0.8076,-0.0002506045711554994
0.8132,-0.0013395725231942768
0.8188,0.0004740226231911282
0.8245,0.001196776905353747
0.8298,-0.0020661324006076565
0.8354,0.004094566663547572
0.8411,0.0022741939596062632
0.8467,0.0029952240069168745
0.852,0.0019170233493715494
0.8576,0.0019112134683139659
0.8633,0.0026310597005346215
0.8689,-0.0006232295573898039
0.8742,0.003346492606586926
0.8799,0.006233919665253107
0.8855,9.484303142603956e-05
0.8911,-0.0017100110084968256
0.8967,-0.0006259718508842549
0.9021,-0.0017119499906828595
0.9077,-0.000629871858244313
0.9133,9.398111733172065e-05
0.919,0.0008142014839038203
0.9243,0.0022552027488610404
0.9299,0.0015338938010598935
0.9355,0.0011765959039376495
0.9409,0.005128026159650412
0.9465,0.0026099053867821853
0.9522,0.0022516863615098526
0.9578,0.004769454336789214
0.9631,0.0022490483296315755
0.9688,0.0011689031062362965
0.9744,-0.0006295662806390379
0.98,0.001528251974608874
0.9854,0.003324678525901348
0.991,0.005121393372503558
0.9966,0.002964838395243974
1.0022,0.0029647087964910224
1.0076,0.002965735764641597
1.0133,0.0011688428864700673
1.0188,0.004395608544967344
1.0244,0.005830757159008437
1.0298,0.0061864597192949344
1.0354,0.004038811731174596
1.041,0.001529123575295277
1.0467,0.0026039830059004787
1.052,0.0026043600149338597
1.0577,0.003678469698291331
1.0633,-0.00026458063072865023
1.0689,0.006536759831383687
1.0743,0.005108157246138334
1.0799,0.0022480274999034378
1.0855,0.004036399406549207
1.0911,0.0011797806590493898
1.0965,0.0026085911658817462
1.1021,0.0054649027697712405
1.1077,0.00439509476958827
1.1133,0.0029665485260672586
1.1187,0.005108469614018618
1.1243,0.0008301256858148642
1.1299,0.001546242114967622
1.1355,0.001547426077521341
1.1412,0.006178279926249086
1.1465,0.0036842504196338277
1.1522,0.0047550438687185
1.1578,0.002976753597218218
1.1631,0.00475757456343584
1.1688,0.005471575390715633
1.1744,0.004045280499731074
1.18,0.004051317407839594
1.1854,0.005113306345012447
1.191,0.003701848281798814
1.1966,0.00866806902477385
1.2023,0.005473942521832753
1.2076,0.0076038368372421394
1.2132,0.0015786063727603605
1.2189,0.006543452079684209
1.2245,0.005132716910997592
1.2298,0.0047721604756044145
1.2355,0.005129332299273537
1.2411,0.006552578719406232
1.2465,0.004422356341143074
1.2521,0.0044256456038815895
1.2577,0.004075147277885716
1.2634,0.007265840721635886
1.2687,0.003020624827134777
1.2743,0.001602770639613893
1.2799,0.004792749796804052
1.2856,0.0030353073246926487
1.291,0.0033841632558861967
1.2966,0.001977629562857963
1.3022,0.005510723811730345
1.3076,0.010095194890546666
1.3132,0.004807340654428505
1.3188,0.004101579351791618
1.3245,0.006225411731218933
1.3298,0.0012898006851917998
1.3354,0.003768497026206463
1.341,0.0013138384524210567
1.3467,0.003775840813938225
1.352,0.00271564142310865
1.3577,0.003781262247893269
1.3633,0.0030761553317007473
1.3689,0.004506382735254666
1.3743,0.006956300572127705
1.3799,0.002745765849333004
1.3855,0.003450910761366388
1.3912,0.003457170402399401
1.3965,0.0073232929280826475
1.4021,-0.0014835591295742634
1.4077,0.004884907987885878
1.4131,0.0017036936331436547
1.4187,0.0031188397166234116
1.4244,1.073838296888896e-05
1.43,0.0017343733116862992
1.4356,0.004896758937239121
1.441,-1.191987431303776e-05
1.4466,-0.000710361096811718
1.4522,0.0014114785902185067
1.4578,-0.003139329633854049
1.4632,0.0028247606124571223
1.4688,0.00038569171323821205
1.4745,0.00424276204239149
1.4798,0.0028491339545740346
1.4854,0.005994000038216818
1.4911,0.0014803201198470561
1.4967,0.003251504600845778
1.502,0.006371576035920701
1.5077,0.001454128081738837
1.5133,0.004992917160486443
1.5189,0.006733778234209842
1.5243,0.004676552380887489
1.5299,0.006741110513689086
1.5355,0.006437410484779971
1.5412,0.004656867047620472
1.5465,0.007469816973321941
1.5521,0.006763900971313741
1.5577,0.006437846731747743
1.5634,0.003311918986615925
1.5687,0.0047249147659168544
1.5743,0.002636611907032238
1.58,0.003702982674897326
1.5856,0.002313670854857397
1.5909,0.00857931747510371
1.5966,0.006471145763115138
1.6022,0.004815656868810747
1.6078,0.006505470611280484
1.6132,0.004822918615357774
1.6188,0.003733760733118041
1.6244,0.004435863695761155
1.63,0.004457254324207016
1.6354,0.0065647669649900875
1.641,0.007588466746228539
1.6466,0.006260739054493036
1.6523,0.006269863959247779
1.6576,0.0048766740112543006
1.6632,0.0017376608783583047
1.6688,0.00288146545359913
1.6745,0.004567562012308235
1.6798,0.0021622705455379143
1.6855,0.0028544491913564674
1.6911,0.003905507456002988
1.6967,0.0025367249132965397
1.7021,0.0032666317294513525
1.7077,0.004984442815139045
1.7133,0.00258665286355908
1.7189,0.004979845280302653
1.7243,0.0040228406351588974
1.7299,0.004733615958269766
1.7355,0.005710230645573355
1.7411,0.00713686714334838
1.7465,0.0074592731238408705
1.7521,0.00293725669097894
1.7578,0.004436800797077867
1.7631,0.0034033551726160294
1.7687,0.00647275030716693
1.7744,0.006523441331626356
1.78,0.004794969097676016
1.7854,0.007887435696236789
1.791,0.007257318218814257
1.7966,0.007549090238192502
1.8023,0.004164203000734612
1.8076,0.007252231598334324
1.8132,0.006290386501017153
1.8189,0.0062122136717253085
1.8242,0.005935352555283768
1.8299,0.009407278859040136
1.8355,0.0049189843194347715
1.8411,0.005387240664223858
1.8465,0.007724054041995332
1.8521,0.009807421239777292
1.8577,0.007072796036043161
1.8634,0.008168624771774824
1.8687,0.006417021337480844
1.8744,0.010872114998726923
1.88,0.006479840702928175
1.8854,0.010545752581472001
1.891,0.008541312809788537
1.8966,0.009658229581173738
1.9022,0.00833234662803356
1.9076,0.008291694294275176
1.9132,0.011248009325182218
1.9189,0.01003157309411884
1.9245,0.010439891152785263
1.9298,0.009640417556814107
1.9355,0.011354428914247094
1.9411,0.010175694279256797
1.9465,0.01779774979454435
1.9521,0.01348385068819069
1.9577,0.009717015334358148
1.9634,0.012770480927374428
1.9687,0.013119069500111935
1.9743,0.010890496262288718
1.9799,0.014155570505029025
1.9856,0.009831343303046913
1.9909,0.010183982955426163
1.9966,0.008233087859290389
2.0022,0.010680756764997246
2.0079,0.010954012051174522
2.0132,0.012943520771488914
2.0189,0.012567548527803396
2.0245,0.01141912972358261
2.0298,0.01210259493783472
2.0354,0.011101112681023095
2.0411,0.011825668781257292
2.0467,0.013108393024086284
2.052,0.013169528200875524
2.0576,0.013180351721020223
2.0633,0.014313549366619327
2.0689,0.014863741554246634
2.0742,0.015148406724456942
2.0799,0.014241534625279495
2.0855,0.01267802159025605
2.0911,0.01526262077643925
2.0965,0.014707392928299035
2.1021,0.015428280043068177
2.1076,0.016040244433688844
2.1132,0.01403839803050394
2.1188,0.019002645842533805
2.1244,0.014664528478630423
2.1301,0.013748072686341817
2.1354,0.014150804142691153
2.141,0.013258088933453538
2.1467,0.01834681884256245
2.1523,0.018946213950872925
2.1576,0.01730866187047514
2.1632,0.015981635158415664
2.1688,0.018240740580240056
2.1744,0.018341852385264368
2.1798,0.017814486580591316
2.1854,0.015498566085791088
2.191,0.0193786339085823
2.1966,0.02136134574629106
2.2023,0.02095628267848132
2.2076,0.02169284470997007
2.2132,0.01759173005737613
2.2188,0.02202728505334084
2.2244,0.018230659618678757
2.23,0.020182872610126468
2.2354,0.01993239584831391
2.241,0.01958218456319183
2.2466,0.020786378733789024
2.2522,0.02488172948670031
2.2576,0.02229286589709828
2.2632,0.022339730234564703
2.2688,0.025821130731332242
2.2744,0.02239179943286551
2.2801,0.021768901910772964
2.2854,0.018343909255615187
2.291,0.02306940545802938
2.2966,0.023234211045806363
2.3023,0.024142919408591812
2.3076,0.024167040815182395
2.3132,0.020802984664266555
2.3188,0.022390313262995787
2.3245,0.02353522498779881
2.3298,0.023459806878234957
2.3354,0.023694366412051082
2.341,0.025589649761579847
2.3467,0.024999355055218886
2.352,0.024070560341617087
2.3576,0.026585280661589883
2.3633,0.030283551950500642
2.3689,0.026657332392415134
2.3745,0.0260799511293226
2.3799,0.030236762189527977
2.3855,0.027977395814732242
2.3911,0.02987731436287827
2.3965,0.028153873349223757
2.4021,0.030816332621960874
2.4077,0.0343261440803132
2.4133,0.0352179488908696
2.4187,0.034916369544601145
2.4243,0.034643378118564105
2.4299,0.035990456365990686
2.4356,0.03183849968911551
2.4409,0.03208938746286466
2.4465,0.03502859170105166
2.4522,0.034442666888945817
2.4578,0.03455844531598168
2.4634,0.03614080065928271
2.4688,0.03529202360372047
2.4744,0.03705586804485367
2.48,0.03477155614355193
2.4854,0.037161321853534435
2.491,0.034874080954725606
2.4966,0.03516376174778679
2.5022,0.039256632928115764
2.5076,0.037985948067537634
2.5132,0.041194283376528196
2.5188,0.039831740513646074
2.5245,0.04151351747527787
2.5298,0.040905777677036126
2.5354,0.04488508887612269
2.5411,0.03916278778237803
2.5467,0.04632453071704179
2.552,0.04488200621803662
2.5577,0.03988156619462785
2.5633,0.042835950534285294
2.5689,0.04380074972301318
2.5743,0.04798919206901858
2.5799,0.04559514220626537
2.5855,0.04644712642664389
2.5911,0.04369327715103094
2.5965,0.04723096487689282
2.6021,0.048848481676348476
2.6077,0.04543734125476462
2.6133,0.04730550362858754
2.619,0.050131919114162315
2.6243,0.04915427760313673
2.6299,0.04746646956708561
2.6355,0.04980882036724921
2.6412,0.04571024632399351
2.6465,0.0501208764952899
2.6521,0.05060712914688126
2.6578,0.04964357552730131
2.6634,0.047453198364258264
2.6687,0.05063141982907293
2.6743,0.05033929649258512
2.68,0.05126316420713567
2.6856,0.05222965278384084
2.6911,0.050646470537741406
2.6965,0.05357587112251949
2.7021,0.055086708572767595
2.7077,0.0582765399077248
2.7134,0.0560389981099525
2.7187,0.06013080761917722
2.7243,0.055875082816116306
2.73,0.054640171557485295
2.7356,0.06028020946572521
2.7409,0.05711059462419138
2.7466,0.0558235944808419
2.7522,0.05728166721552863
2.7578,0.06197575146347495
2.7632,0.05823460421704629
2.7688,0.056883657930477394
2.7744,0.06184938069309426
2.7798,0.05979191256216032
2.7854,0.06456446821830902
2.7911,0.06578933750123422
2.7967,0.06040897066439316
2.8021,0.062125414232458764
2.8077,0.06140639450544877
2.8133,0.0646161913731535
2.8189,0.06200331382901625
2.8245,0.06081639075249057
2.8299,0.06620904032636343
2.8355,0.06661716296429893
2.8411,0.0636700321753893
2.8465,0.06673370806428858
2.8521,0.06753408413796225
2.8577,0.06691075211296754
2.8634,0.06766525431177517
2.8687,0.07037097287944916
2.8743,0.06961075919439741
2.8799,0.0709378623814168
2.8856,0.07398072592218219
2.8909,0.07262736168938161
2.8965,0.07171495448622
2.9022,0.06815343106384825
2.9078,0.06667814362713731
2.9132,0.07067753491975898
2.9188,0.07656762974436787
2.9244,0.07114670404691398
2.93,0.07191559236905315
2.9354,0.07487299581099577
2.941,0.07659435408810755
2.9466,0.07569318753810228
2.9522,0.07255145798107038
2.9576,0.07602877028142918
2.9632,0.07297527530779219
2.9688,0.07888909702119928
2.9744,0.078469402618209
2.98,0.07474808757438678
2.9854,0.0816407936533915
2.991,0.08016580319770461
2.9966,0.07997854890984529
3.0023,0.07610236143962656
3.0076,0.08276344284924664
3.0133,0.08133424104359316
3.0189,0.07856328270409468
3.0243,0.08160961212762818
3.0299,0.08588274952014335
3.0355,0.08337470255131368
3.0411,0.08712391660011515
3.0465,0.08658909536022241
3.0521,0.0846519914592469
3.0577,0.08628819449427716
3.0634,0.08660073996484952
3.0687,0.08639930033031684
3.0743,0.08706564858389193
3.08,0.08760606873041571
3.0856,0.08847195242803163
3.0909,0.08673382995838941
3.0966,0.08929933605507306
3.1022,0.08796324104840486
3.1078,0.0907754584422446
3.1132,0.09339426084758007
3.1188,0.0918919068436671
3.1244,0.09114188783858951
3.1301,0.09394817720963189
3.1354,0.09472139039680655
3.141,0.09706175215600499
3.1466,0.09773911091267978
3.1523,0.09903825752162865
3.1576,0.09984465116596308
3.1632,0.09547822895805297
3.1689,0.09629866917966023
3.1745,0.09535245435600709
3.1798,0.09688079750402084
3.1855,0.09785574767096228
3.1911,0.10084336678095285
3.1967,0.09870162954936756
3.2021,0.10002451970699999
3.2077,0.102836833507079
3.2133,0.10224545505932064
3.2189,0.10477773478914842
3.2243,0.10528474795410264
3.2299,0.10025855071854134
3.2355,0.10279694793899641
3.2411,0.10399960485319759
3.2465,0.10243944004849104
3.2521,0.10546571582711245
3.2577,0.10721891876472794
3.2634,0.10520151615753531
3.2687,0.10515365983909142
3.2743,0.11173005797710223
3.28,0.10827774469750456
3.2856,0.10896124021864545
3.2912,0.10931816205359696
3.2966,0.11255664485174527
3.3022,0.11086115398945501
3.3078,0.11217676305917451
3.3132,0.11558218739826448
3.3188,0.11343913861785104
3.3244,0.1129142127463344
3.3298,0.1101750070387455
3.3354,0.11477924400186063
3.341,0.11533199275438516
3.3467,0.12168647638413788
3.352,0.11676344462602872
3.3577,0.11457783033978214
3.3633,0.1194736578466219
3.3689,0.12093644826481864
3.3745,0.11677656648673795
3.3799,0.11870884579498114
3.3855,0.11568428665403852
3.3911,0.12264125016716976
3.3967,0.12045032953976348
3.4021,0.12125823076321268
3.4077,0.12207810779413103
3.4133,0.12419949925209695
3.419,0.12118337438950139
3.4243,0.12619867535735152
3.4299,0.12396487627499997
3.4356,0.1264359386072033
3.4412,0.13031189717062613
3.4465,0.12627531547231807
3.4521,0.12598782071016568
3.4577,0.12261902449209
3.4634,0.12971400305015024
3.4687,0.12950629474644776
3.4744,0.12811125796496997
3.48,0.1309115919363903
3.4856,0.1292656763729887
3.4909,0.12868788152573396
3.4966,0.136468498511982
3.5022,0.13432104402068012
3.5078,0.13436130547381564
3.5132,0.1343237594574223
3.5188,0.13624231137826337
3.5244,0.13404872048018002
3.53,0.13014977798353866
3.5354,0.13489592003189027
3.541,0.13729082530372022
3.5466,0.13464774438950933
3.5523,0.13837877125809955
3.5576,0.13782283077969498
3.5632,0.13711517077348168
3.5689,0.14023641149148924
3.5745,0.1386491011901519
3.5799,0.13361502720085022
3.5855,0.14237622273809003
3.5911,0.13970285941203886
3.5967,0.1381542869787708
3.6021,0.1397755719204294
3.6077,0.14268062666734033
3.6133,0.14343267188588127
3.6187,0.1410850433732131
3.6243,0.1447578110146831
3.6298,0.14580646926235846
3.6355,0.1466029083534951
3.6411,0.14320718482589007
3.6467,0.14843335721690615
3.6521,0.14608725387979732
3.6576,0.14794324692704913
3.6633,0.15026292013128556
3.6689,0.14922111183565184
3.6745,0.15234441989428
3.6799,0.15337636528066112
3.6854,0.15208302265245188
3.6911,0.15441034466269188
3.6967,0.15904471652365165
3.702,0.16006900053825085
3.7077,0.1603663050466972
3.7133,0.1577462765781183
3.7189,0.15852234737476745
3.7245,0.15931067096449414
3.7298,0.16161560184647844
3.7355,0.159817821642474
3.7411,0.16082312275042554
3.7467,0.1641874605346113
3.7523,0.16338590157148486
3.7576,0.16235118153959632
3.7633,0.16313731283053973
3.7689,0.16416361715437872
3.7745,0.16004850570499174
3.7798,0.16362563745859549
3.7854,0.15977955906010777
3.7911,0.16541582950306122
3.7967,0.16210036863500732
3.8023,0.1674352089657069
3.8076,0.1666750333678575
3.8133,0.1628190610034821
3.8189,0.16560285292252508
3.8245,0.16382980813679615
3.8301,0.16867913944426233
3.8354,0.17094401471959747
3.8411,0.1681804982504143
3.8467,0.16687243432196502
3.8523,0.17690265364415309
3.8576,0.1723857700807191
3.8632,0.1716249740290799
3.8689,0.17592537731409613
3.8745,0.17613705107627048
3.8798,0.17611462400042427
3.8855,0.1796727262984148
3.8911,0.1798274795577277
3.8967,0.1772720040201658
3.9021,0.17730802693935904
3.9077,0.17930981613996122
3.9133,0.18072737074365236
3.9189,0.17683954239061872
3.9243,0.18038838122820194
3.9299,0.18491441114059748
3.9356,0.18340295902460746
3.9409,0.18353656395028162
3.9466,0.1883802615313222
3.9522,0.18737870105526644
3.9578,0.19112433336550905
3.9632,0.1878647291334688
3.9688,0.1873908326790784
3.9744,0.18829213044303866
3.98,0.1907201470510122
3.9857,0.192108892893872
3.991,0.19383558622067926
3.9966,0.19390019173401152
4.0023,0.19517065871657835
4.0076,0.1923706058502317
4.0133,0.1962727247894166
4.0189,0.19545493667907882
4.0243,0.1958097575450698
4.0299,0.1982357886904012
4.0355,0.19704006605673668
4.0411,0.19856974591763438
4.0467,0.19937288092876415
4.0521,0.20077232631980213
4.0577,0.19794073871525492
4.0633,0.2026023433165735
4.0689,0.20208753683071945
4.0743,0.20225530424435922
4.0799,0.20378803581869642
4.0855,0.20628259137774568
4.0912,0.20431615472845838
4.0965,0.21124177565076213
4.1021,0.20860082321492796
4.1078,0.2111047782909884
4.1134,0.20976448052688262
4.1187,0.20586782896813927
4.1243,0.20561717349462122
4.1299,0.21227044794215905
4.1356,0.21076449764212674
4.1412,0.21474436648329875
4.1465,0.21384866543581188
4.1522,0.2149142797465547
4.1578,0.2128003315155742
4.1632,0.21471578725752138
4.1688,0.215883134044779
4.1744,0.2165165664239248
4.18,0.21822504220799332
4.1854,0.21218680930880623
4.191,0.2135208954276882
4.1966,0.2160730296997161
4.2022,0.21751977540717016
4.2076,0.21859542839019191
4.2132,0.2204897117832481
4.2188,0.21583783785435873
4.2244,0.22226223567001147
4.2301,0.22598213860970984
4.2354,0.2272066502839783
4.241,0.22380510158592548
4.2466,0.22718951544549687
4.2523,0.2263802371050121
4.2576,0.22321965056541493
4.2632,0.2256498505646517
4.2689,0.22826923804339744
4.2745,0.22186624143914807
4.2798,0.23685626943410787
4.2855,0.23125831216823983
4.2911,0.23289244808438914
4.2967,0.22910409326147663
4.302,0.23435454040902232
4.3077,0.2375348043576781
4.3133,0.23723154435674448
4.3189,0.23862259809811398
4.3242,0.23204179719335188
4.3299,0.23804282100835583
4.3355,0.2346653563063027
4.3411,0.2342571591422098
4.3467,0.23415748986096063
4.3521,0.2409540063412563
4.3577,0.2373045847125445
4.3633,0.24097897221976167
4.3689,0.24198075935595525
4.3743,0.2380547094427593
4.3799,0.24375308886580876
4.3855,0.2434851950876426
4.3912,0.24123074123144256
4.3965,0.2465606047684582
4.4021,0.24529387232082733
4.4078,0.2451925311837012
4.4134,0.2487964767753505
4.4187,0.2487213918620939
4.4244,0.24815953855590966
4.43,0.24319598024742323
4.4356,0.24760990185146692
4.441,0.25064381575619604
4.4466,0.24850816658749175
4.4522,0.24920612382560708
4.4578,0.2529045073777202
4.4632,0.25876785914923717
4.4688,0.25539036214456434
4.4744,0.2540205279103086
4.48,0.2565821977571522
4.4857,0.258711500877004
4.491,0.26008795097418225
4.4966,0.2623028888461123
4.5023,0.25991883508145447
4.5079,0.26124053851933404
4.5132,0.26200764151345685
4.5189,0.2617063036770033
4.5245,0.266628855934792
4.5298,0.26511755934285086
4.5355,0.26340439690737577
4.5411,0.2632123092104188
4.5467,0.2630918202656072
4.5523,0.2673225492424056
4.5577,0.26371860983254314
4.5633,0.268796495559625
4.5689,0.2712718626424514
4.5745,0.26781387193091777
4.5798,0.2715829089987048
4.5855,0.2711017923734638
4.5911,0.27173276353252385
4.5967,0.2739530092025824
4.6023,0.27551462122178655
4.6077,0.2750013333907417
4.6133,0.27564871315524353
4.6189,0.2752412043222426
4.6245,0.27902766664528744
4.6299,0.2786127771936553
4.6355,0.2795578208763516
4.6411,0.2784070839595465
4.6467,0.2779810548161796
4.6521,0.2804070763199752
4.6577,0.28370362352464407
4.6633,0.28297423814868855
4.669,0.28515184146588995
4.6743,0.28679899924365965
4.6799,0.2865315738968889
4.6856,0.2853413572263182
4.6912,0.2886265783289398
4.6965,0.28829771247206326
4.7022,0.29201117716780317
4.7078,0.28978967420161605
4.7134,0.29289112604878303
4.719,0.28877900293778763
4.7244,0.2906569219746571
4.73,0.2930910166515305
4.7356,0.2972366819483632
4.7413,0.2959703336445891
4.7466,0.29526065274850455
4.7522,0.2957378467909492
4.7579,0.2970865142583872
4.7632,0.30060638040609
4.7688,0.2979832295401181
4.7745,0.2940743757249719
4.7801,0.31563651872360954
4.7854,0.2997510896773601
4.7911,0.30099089727110834
4.7967,0.3072812416717859
4.8023,0.30720140499091975
4.8077,0.30604014609312735
4.8133,0.30631890820751867
4.8189,0.3074153044804083
4.8245,0.3095503911148654
4.8299,0.3039966815918649
4.8355,0.3074028587019123
4.8411,0.3095892173030341
4.8467,0.3143879074995313
4.8521,0.31207496978338234
4.8577,0.32416541988996017
4.8633,0.3154086397255702
4.8689,0.31577258986238615
4.8746,0.31976654774902813
4.8799,0.3238791739606479
4.8855,0.31734922232978824
4.8912,0.3236996784506639
4.8968,0.32253352460483653
4.9021,0.31989668069916244
4.9077,0.31908238298260155
4.9133,0.3209758302063379
4.919,0.3277948095169523
4.9243,0.32311414893058665
4.9299,0.3251828496838094
4.9355,0.32796056019542313
4.9412,0.3280427778403676
4.9468,0.33444136278454734
4.9521,0.3278668931411407
4.9578,0.3319378996907061
4.9634,0.3290132415119142
4.969,0.3324936604240421
4.9744,0.3317822733179038
4.98,0.3353341501180707
4.9856,0.34080590089224555
4.9912,0.3372823711707209
4.9966,0.33528281915589864
5.0022,0.33438500904984075
5.0079,0.33556652202880577
5.0133,0.3401794315276476
5.0189,0.3419712988038789
5.0245,0.3409350890135919
5.0301,0.33850147455042945
5.0354,0.3434499761377091
5.041,0.3450028305564109
5.0467,0.34559254996972644
5.0523,0.344539983690513
5.0579,0.3471473479508601
5.0632,0.3495275656662172
5.0689,0.3466291586081966
5.0745,0.3473280905607537
5.0801,0.34869980129201944
5.0855,0.3491218797397527
5.0911,0.35519908386384563
5.0967,0.34943152603373656
5.1024,0.3509852214485217
5.1077,0.3547941344423135
5.1133,0.3574780832685155
5.119,0.3545323546214368
5.1246,0.35716755292325414
5.1299,0.3602058665994624
5.1355,0.3556903790889485
5.1412,0.3615902979929855
5.1468,0.35814083601901525
5.1521,0.36242048658303616
5.1577,0.3625453420691507
5.1634,0.3621889232195429
5.169,0.36453843028012384
5.1746,0.36283218668691464
5.1799,0.36768450847312806
5.1855,0.3672919597222727
5.1912,0.36643888134802416
5.1968,0.3671609737894238
5.2021,0.3712425448308322
5.2077,0.36836362825163727
5.2133,0.3705505083727262
5.219,0.374808905811552
5.2243,0.3718039634907385
5.2299,0.37743347840473224
5.2355,0.3725006964683485
5.2412,0.37470406554174923
5.2465,0.3735197033740366
5.2522,0.3841953989683444
5.2578,0.37700575932775604
5.2633,0.38259780323205494
5.269,0.3816475850780929
5.2746,0.38201680633965496
5.2799,0.3845765483846796
5.2856,0.38954654216981777
5.2911,0.3838149382355178
5.2968,0.38413345847136454
5.3024,0.38622674685624425
5.3077,0.3931474707666188
5.3133,0.38943059672071323
5.3188,0.3882261348811283
5.3244,0.38909714240248117
5.33,0.39179896912461476
5.3356,0.3903531896200796
5.3413,0.3884738595692732
5.3466,0.3977835757611909
5.3522,0.3988176031677595
5.3578,0.3949616311440307
5.3635,0.397684346395517
5.3688,0.3951218437434514
5.3745,0.39483637272643723
5.3801,0.3999043248297003
5.3857,0.3997988510031252
5.3911,0.3985725103938028
5.3967,0.401722199310491
5.4023,0.40272281022921064
5.4077,0.3974134348077546
5.4133,0.40456802252066587
5.419,0.39994522206886596
5.4246,0.40501266774763756
5.4299,0.4018617080794067
5.4355,0.4076123818445444
5.4412,0.4091297500855753
5.4468,0.40898243224795927
5.4521,0.40990857994419827
5.4578,0.4062922825288592
5.4635,0.41103598521963436
5.4689,0.41091979135677004
5.4745,0.4098002494382025
5.4801,0.4114280138667117
5.4854,0.41256808926120947
5.4911,0.416817515920867
5.4967,0.4126367142404347
5.5023,0.41797042967869213
5.5079,0.4167004064266168
5.5133,0.41499296792131907
5.5189,0.4203394379011577
5.5245,0.41720712387392
5.5302,0.4198916167502911
5.5355,0.4216923808757578
5.5411,0.4266755204376463
5.5468,0.4245543657574001
5.5524,0.4261799086051855
5.5577,0.42672560718224395
5.5634,0.4225733086401996
5.569,0.42325936172035894
5.5743,0.42467101340211255
5.58,0.4281266032599056
5.5856,0.43019156644639633
5.5912,0.4273017634984809
5.5968,0.4285146620406708
5.6022,0.433868132390163
5.6078,0.4329587944606002
5.6134,0.4321529966373295
5.619,0.4376674186756936
5.6244,0.4358466873610001
5.63,0.4354440943429275
5.6356,0.43779237318799147
5.6413,0.4376663769131479
5.6466,0.43979016700929696
5.6522,0.4399377982234671
5.6578,0.4403812334745549
5.6635,0.44043460221301267
5.6688,0.4430070349404495
5.6744,0.4406169685443685
5.6801,0.4421163713525524
5.6857,0.44573309271784234
5.691,0.44458594685698366
5.6966,0.4486298062631953
5.7023,0.44751180740141105
5.7079,0.44882327871701655
5.7135,0.447122657832328
5.7189,0.4546703973866519
5.7245,0.44973682902841494
5.7301,0.4535685768881849
5.7358,0.45435659076016477
5.7411,0.45146076714233274
5.7467,0.454205966065964
5.7524,0.45602518833908356
5.7577,0.45458436368175603
5.7633,0.45772341582095977
5.769,0.4584949917549504
5.7746,0.4599950791042273
5.7799,0.45657061036246455
5.7856,0.46163996833157583
5.7912,0.464920355955894
5.7968,0.45837875116081606
5.8022,0.4592123393485297
5.8078,0.4657098075276048
5.8134,0.46636821427605335
5.8191,0.46518824984464413
5.8244,0.4646287149219047
5.83,0.46758917744454265
5.8356,0.46683746155844097
5.8413,0.4695991054443819
5.8466,0.4700245195652024
5.8522,0.4718237138571174
5.8579,0.4747036128992421
5.8635,0.4711585555159612
5.8689,0.48005239629469465
5.8745,0.47268830700717135
5.8801,0.47018994721139884
5.8857,0.48133169981941254
5.8911,0.47924151909320223
5.8967,0.47167512269254963
5.9023,0.4749080247469111
5.9079,0.4811762876069358
5.9135,0.4819795557359272
5.9189,0.4805037500948389
5.9245,0.4787441074197486
5.9301,0.4860316487607412
5.9355,0.47996907731515875
5.9411,0.48090700717944795
5.9468,0.48467642482939616
5.9524,0.4841477302569688
5.9577,0.48677963793656515
5.9634,0.4845385771356693
5.969,0.4878495860459676
5.9746,0.4865393325641709
5.98,0.48878731008083687
5.9856,0.49025571933177314
5.9912,0.49016927500548413
5.9969,0.49240831494291193
6.0022,0.4937891442970477
6.0079,0.49888164847354965
6.0135,0.5018638351836863
6.0188,0.4939602318434976
6.0245,0.49793538321753505
6.0301,0.49626565451703725
6.0357,0.5013220451669038
6.0411,0.4981451011830601
6.0467,0.49972161451297253
6.0523,0.4998617606969166
6.058,0.5030847805891542
6.0633,0.5062875546984447
6.069,0.5054926402500388
6.0746,0.5071442872457648
6.0802,0.5080217134962915
6.0856,0.5026928353381885
6.0912,0.5039654194989523
6.0966,0.5101334553890082
6.1022,0.5083510548695266
6.1078,0.5134400798170067
6.1135,0.5152516136499256
6.1191,0.512108392746921
6.1244,0.5109213147887117
6.13,0.5161815702950509
6.1356,0.5127554355314939
6.1413,0.5126326779491853
6.1466,0.5142572608250575
6.1522,0.5144086226010215
6.1579,0.5183704994675776
6.1635,0.518541562180225
6.1688,0.5156164145344455
6.1744,0.5200799893227669
6.1801,0.5182153757167574
6.1857,0.5232392733204342
6.1913,0.5206217614595761
6.1966,0.5251642303007296
6.2023,0.5230036902686822
6.2079,0.5247926747125728
6.2135,0.5282481014693633
6.2189,0.5246204735667778
6.2245,0.5261065177367285
6.2301,0.5294605093249662
6.2357,0.5280948093377188
6.2411,0.5290196193211643
6.2467,0.5303373020586559
6.2523,0.5316820653442627
6.258,0.530416738425654
6.2633,0.5324346530766538
6.269,0.5366273928877474
6.2746,0.5390374102030203
6.2799,0.531001006205117
6.2856,0.5371154342453216
6.2912,0.5344619907338669
6.2968,0.5368538510385111
6.3022,0.5422734754610883
6.3078,0.5430308398202524
6.3135,0.5445026356039429
6.3191,0.5444591556743774
6.3244,0.5419573530303778
6.3301,0.5401373517043769
6.3357,0.5467343114302016
6.341,0.5473114993513264
6.3467,0.5408769413764941
6.3523,0.5510549799712324
6.3579,0.5449612550198659
6.3633,0.5468318834584305
6.3689,0.5491903129807969
6.3745,0.550702263121172
6.3801,0.555329885182811
6.3855,0.552153552247957
6.3911,0.5543249157115688
6.3968,0.5525828531765742
6.4024,0.5572518368984359
6.408,0.5519081055560678
6.4134,0.5574981363501281
6.419,0.5557283176652873
6.4246,0.5584328808959148
6.43,0.557039655128719
6.4356,0.561763342191063
6.4412,0.5598638639357125
6.4469,0.5632452633544245
6.4522,0.556110409944339
6.4578,0.56233783561741
6.4635,0.5622596547336424
6.4688,0.5660903901483508
6.4745,0.5635806770648547
6.4801,0.559165987234236
6.4857,0.5704659708515802
6.4913,0.5729108220081379
6.4967,0.569901964517162
6.5023,0.5747704316979021
6.5079,0.5685619547364337
6.5135,0.5709520355933386
6.5189,0.567655540027798
6.5245,0.5730800787577135
6.5301,0.5714982422951947
6.5358,0.5747468934990971
6.5411,0.5832886178963742
6.5468,0.5743476150752628
6.5524,0.5764358274096616
6.5577,0.578354674690048
6.5634,0.5792807109408066
6.569,0.5784834032335483
6.5746,0.5823939023150441
6.58,0.5854094381109234
6.5856,0.5804974089996611
6.5912,0.5810935365170876
6.5969,0.5847105372932894
6.6022,0.5871766974461134
6.6078,0.5861745844182601
6.6135,0.5891239592339046
6.6191,0.5868953740911946
6.6244,0.5913972578280379
6.6301,0.5916003215987673
6.6357,0.5952021471119726
6.6413,0.5898016208939297
6.6467,0.5934717655778012
6.6523,0.5878884533973727
6.6579,0.586999163876379
6.6633,0.5918964734778047
6.6689,0.5937431867237349
6.6746,0.5907493985572884
6.6802,0.596444703842775
6.6855,0.5948381005161357
6.6911,0.5977400951120263
6.6968,0.5967779227910187
6.7024,0.5992072812605017
6.7078,0.6047123520032592
6.7134,0.5988674628728168
6.719,0.5984907590941231
6.7246,0.5987503691852675
6.73,0.602091714528168
6.7356,0.6052724981944897
6.7412,0.6014051044885311
6.7469,0.6071316981405271
6.7522,0.60179941503087
6.7577,0.6076682928513647
6.7634,0.6089852813693717
6.769,0.6097756500481138
6.7746,0.6133781088927107
6.78,0.6081648680548448
6.7856,0.6098592145141823
6.7912,0.6141378856662063
6.7968,0.6122155513107376
6.8024,0.6113881040619795
6.8078,0.614284421857629
6.8134,0.6163579919794406
6.819,0.6171373805935486
6.8246,0.616506695851527
6.83,0.6216640155672779
6.8356,0.6163239752051747
6.8412,0.6170522421012526
6.8468,0.6180700993422856
6.8524,0.6189594091542929
6.8578,0.6179246256862386
6.8634,0.6216885471576895
6.869,0.6250868775008495
6.8746,0.6263010359367046
6.88,0.6279152636723845
6.8856,0.6245421554590557
6.8912,0.6231534475566166
6.8968,0.6240061514003448
6.9024,0.6291453865342046
6.9078,0.6260266434396032
6.9135,0.6336055498734295
6.9191,0.6354472933015777
6.9244,0.6299067643741462
6.93,0.627881067814399
6.9356,0.6295218572207634
6.9412,0.6314192147134446
6.9469,0.636341316127896
6.9522,0.6349296925410169
6.9579,0.6291774298067099
6.9635,0.6343338028098513
6.9691,0.6355557944679106
6.9745,0.6383167266258266
6.9801,0.6316544855852807
6.9857,0.6389841036805289
6.9911,0.6392030114215351
6.9967,0.6435742335958029
7.0023,0.6416610553237684
7.0077,0.6459766770351444
7.0134,0.645384206497389
7.019,0.6418283698995463
7.0246,0.6403894165748919
7.03,0.6452262595808632
7.0356,0.6481974750649695
7.0413,0.6558144952800566
7.0469,0.6480947590824846
7.0522,0.652064260176157
7.0579,0.6464931472647019
7.0635,0.6492396664666066
7.0691,0.6523130205123143
7.0744,0.6533745531011673
7.0801,0.6522061764357313
7.0857,0.6516155025328786
7.0911,0.6500285719493916
7.0967,0.6562654613496822
7.1023,0.6589265139305935
7.1079,0.6501772665937895
7.1136,0.6548444978354725
7.1189,0.6608381635559615
7.1245,0.6618859054605781
7.1302,0.6632227269445218
7.1358,0.6581315008973413
7.1411,0.6619836865941899
7.1468,0.6601111058208994
7.1524,0.661272227828046
7.1578,0.6614868411426981
7.1634,0.6596028506406335
7.169,0.6637757784100698
7.1746,0.6667995097699989
7.18,0.668243841415113
7.1856,0.6694585199499182
7.1912,0.6647383156388381
7.1968,0.669527833441281
7.2022,0.6675494607295512
7.2078,0.6735839628241783
7.2134,0.6741740323634414
7.219,0.6662572616800067
7.2244,0.6734388551956111
7.23,0.6629166739376814
7.2357,0.6689339020391281
7.2413,0.6656992263606841
7.2469,0.67792776887767
7.2523,0.6729714848455293
7.2579,0.6750510007761881
7.2635,0.6779920335993227
7.2689,0.6752819416389487
7.2745,0.6712447012668626
7.2802,0.6746476822825459
7.2858,0.6753773146254696
7.2911,0.6762775699274318
7.2967,0.68087151278203
7.3024,0.6748118681447085
7.308,0.6818345303086905
7.3133,0.6799449973516084
7.319,0.6812236060915772
7.3246,0.6852622300066364
7.3302,0.6823383883181319
7.3355,0.6887036138865918
7.3412,0.6815258796460096
7.3468,0.6860994077056267
7.3524,0.6859783858848353
7.3578,0.6823647837902054
7.3634,0.6863716033918056
7.369,0.6897071706508816
7.3747,0.6865400699418315
7.38,0.6944487577134281
7.3856,0.6877640402216082
7.3913,0.6901962171347561
7.3969,0.6887454446707953
7.4022,0.6944729356247253
7.4079,0.6952877756469883
7.4135,0.6939200321425504
7.4191,0.6927747798007287
7.4245,0.6968787107074409
7.4301,0.6978229960787227
7.4357,0.6950935744240817
7.4413,0.6921267208677573
7.4467,0.6938377426827833
7.4523,0.7006075756348747
7.4579,0.6972086471385607
7.4635,0.6911693231446829
7.4689,0.6943770283908405
7.4745,0.7041478844606879
7.4801,0.6995948930405468
7.4857,0.6973975889851445
7.4911,0.7036475096945389
7.4967,0.6975494250907452
7.5023,0.704202260665217
7.508,0.7009398135175953
7.5133,0.7068063913521153
7.5189,0.7058470062654164
7.5246,0.6990148661384695
7.5302,0.7075738805855417
7.5356,0.7018068761796695
7.5412,0.7049964920470512
7.5468,0.7075306988303262
7.5525,0.705254055979918
7.5579,0.7069275928791543
7.5635,0.7076604214028762
7.5691,0.7087444529716603
7.5744,0.7085324753124393
7.5801,0.7088424489807325
7.5857,0.7074823166370247
7.5914,0.7133849923962783
7.5967,0.7106716814075068
7.6023,0.7105181664375332
7.608,0.715021270349616
7.6133,0.7103446594271331
7.619,0.7145186598261468
7.6246,0.7156785365043324
7.6302,0.7145186016800097
7.6356,0.706999099246978
7.6412,0.7124796759581594
7.6468,0.7107705484471147
7.6525,0.7165444737946981
7.6578,0.7104182924471537
7.6634,0.7156720252455194
7.669,0.7158113214993554
7.6747,0.717313710705744
7.68,0.7167541588621353
7.6857,0.7157847740030333
7.6913,0.7191733111369311
7.6969,0.7196185635353264
7.7023,0.7215638060287017
7.7079,0.719942478618308
7.7135,0.7173898372514076
7.7191,0.7184846255852605
7.7245,0.7189082022694696
7.7301,0.7194513729708706
7.7357,0.719658605445373
7.7413,0.7221729684056764
7.7467,0.718641920830428
7.7523,0.721706724722171
7.7579,0.7182874502100812
7.7636,0.7296149111500053
7.7689,0.7245195868468781
7.7745,0.7282075509290465
7.7802,0.7261250158567735
7.7858,0.7251043398678736
7.7911,0.725781378323877
7.7968,0.7258276459434715
7.8024,0.7210628083381598
7.808,0.7254526300129295
7.8134,0.7253775957568198
7.819,0.7229910054782757
7.8246,0.7246903100994212
7.83,0.7316569516955164
7.8356,0.7278798747666807
7.8413,0.7262475335089585
7.8469,0.7322015882795395
7.8522,0.7316697182167019
7.8579,0.7318256231898118
7.8635,0.7271771690584373
7.8691,0.731661786649534
7.8745,0.7261480159002337
7.8801,0.7295542547588504
7.8858,0.7297253928597801
7.8914,0.7330318693669715
7.8967,0.7333911675890802
7.9024,0.7290017049006156
7.908,0.7333895084827297
7.9133,0.734111811753998
7.9189,0.735650549346717
7.9246,0.7407795388425953
7.9302,0.7373316707016665
7.9358,0.7378467699466814
7.9412,0.7282420742589616
7.9468,0.7359664307333049
7.9524,0.7388539423959751
7.958,0.736110809804921
7.9634,0.7346941323069198
7.969,0.7374567277961199
7.9746,0.7297559938125725
7.98,0.7368125460276943
7.9856,0.737913091338526
7.9912,0.7369247751238789
7.9969,0.7363431169324891
8.0022,0.7356736645995129
8.0079,0.7429763815479501
8.0135,0.7347294233030359
8.0191,0.7340981679232957
8.0245,0.7375849022528896
8.0301,0.7384946978602773
8.0357,0.7366370274132849
8.0414,0.7364728892072512
8.0467,0.7405110226948027
8.0523,0.7422575999299206
8.0579,0.7404012110894176
8.0636,0.741788845532008
8.0689,0.7337528863160312
8.0746,0.7383319557620307
8.0802,0.7441708118555456
8.0856,0.7409267891574637
8.0912,0.7376308949743002
8.0968,0.7402122166757873
8.1024,0.7496673701190315
8.108,0.7448224031067039
8.1134,0.7439749927573318
8.119,0.7421622108993662
8.1246,0.7418313672981048
8.1302,0.7439647802078946
8.1356,0.743073449783363
8.1412,0.748886586646362
8.1468,0.7465599316270707
8.1524,0.7402340073455838
8.1578,0.7470548624185024
8.1634,0.7468394031199852
8.169,0.7387484715614786
8.1747,0.7411580979506304
8.18,0.7432335733053901
8.1857,0.7434524977881322
8.1913,0.743331246010017
8.1969,0.7484227429186091
8.2023,0.7449957288241391
8.2079,0.7442218907034147
8.2135,0.74613272982821
8.2189,0.7456766089085084
8.2245,0.7469745437673525
8.2301,0.7431660932734817
8.2357,0.7469439844831726
8.2414,0.7392818344747352
8.2467,0.7436252502130322
8.2523,0.7408036975172576
8.258,0.7474161237392664
8.2636,0.7491804114413437
8.2689,0.7433550868519073
8.2746,0.7494010871077937
8.2802,0.7535137065563524
8.2858,0.7454244906705649
8.2911,0.7496253853122911
8.2968,0.7401407658865948
8.3024,0.7429380442814218
8.308,0.745978483390865
8.3134,0.7463576517440325
8.319,0.7490721768154242
8.3247,0.7428709569019433
8.33,0.7502101596974541
8.3356,0.7529254297619993
8.3413,0.7488562121861434
8.3469,0.750726517591607
8.3522,0.7468118753515977
8.3578,0.7435651870507496
8.3634,0.7498051811962275
8.369,0.7474464787576818
8.3746,0.7476395666337406
8.3802,0.7506611232697059
8.3856,0.7425923725214169
8.3911,0.7471951076947744
8.3968,0.7554000776232176
8.4024,0.749841900398884
8.408,0.7502018170729722
8.4134,0.7486659507647034
8.419,0.7502875319683647
8.4246,0.7532380673114853
8.4302,0.7530963673760606
8.4358,0.7475917711822196
8.4411,0.7464076929586744
8.4468,0.7531396080418982
8.4524,0.7425978487784447
8.458,0.748556055916758
8.4634,0.7493085236309394
8.469,0.7543988411411283
8.4746,0.7515700633984105
8.4802,0.7481175890956766
8.4856,0.7514265308118836
8.4912,0.748197546023684
8.4968,0.7524130479076574
8.5024,0.7535769212651756
8.508,0.7479767642810783
8.5134,0.7519048675269614
8.519,0.7499683964873306
8.5246,0.751715336537779
8.5302,0.7532157081419683
8.5356,0.7504736204807522
8.5412,0.7511103554481096
8.5468,0.7511616700202726
8.5524,0.7509428063895568
8.558,0.7501729674821388
8.5634,0.7526800655979629
8.569,0.748889429120018
8.5746,0.7488243654777673
8.5802,0.7518076883838897
8.5856,0.7488572982844521
8.5912,0.751469651605474
8.5968,0.7468875370524946
8.6025,0.7468854738730134
8.6078,0.7520539697976322
8.6135,0.7469431795741975
8.6191,0.7499382624312682
8.6247,0.7453972391666717
8.63,0.7478305602134873
8.6357,0.7462146532777906
8.6413,0.7529022674972897
8.6469,0.7518965015438431
8.6523,0.7532378881528495
8.6579,0.7502586599521363
8.6635,0.754550093190562
8.6692,0.7515099430004026
8.6745,0.7548408379266572
8.6801,0.7535297068796205
8.6858,0.7582790834112502
8.6911,0.7472302140180634
8.6968,0.7503368743915281
8.7024,0.7506011907456239
8.708,0.7467116408256737
8.7134,0.7554577486916495
8.719,0.7493703601721191
8.7246,0.7536816072919426
8.7302,0.750219975796771
8.7356,0.7429868688259363
8.7412,0.7514904839978515
8.7468,0.750854377973265
8.7525,0.7495804952403015
8.7578,0.7485646910759238
8.7634,0.7507772845534337
8.7691,0.7529299932257584
8.7747,0.7525378102762516
8.7801,0.7596789146859537
8.7857,0.7577896057058039
8.7913,0.7522173490588849
8.7969,0.7553568298197785
8.8022,0.7533980008084805
8.8079,0.754772990388661
8.8135,0.7572409185155028
8.8191,0.7559336307807413
8.8245,0.7569692423243809
8.8301,0.752856147681783
8.8357,0.7479061601303015
8.8413,0.7522793246004305
8.8467,0.7516464089490033
8.8523,0.751682549551303
8.8579,0.7500860554030145
8.8636,0.7497049577853916
8.8689,0.751915265741245
8.8745,0.7512390824185676
8.8802,0.7517951634492958
8.8858,0.7587224270880072
8.8911,0.7524653796700783
8.8967,0.7482358445531127
8.9023,0.747141053676136
8.908,0.7527455521278436
8.9136,0.7533731286803614
8.919,0.748827499573657
8.9246,0.7536781489835214
8.9302,0.7490338337667232
8.9358,0.7528149713767841
8.9412,0.7484602522574736
8.9468,0.7538808416830781
8.9524,0.7497804310095252
8.9581,0.7594196761604363
8.9634,0.7525422220373909
8.9691,0.7516135206321476
8.9747,0.7529550798254051
8.98,0.7506836887362837
8.9857,0.7515345124911995
8.9913,0.7507219362368485
8.9969,0.7509594684754035
9.0023,0.7547000458924814
9.0079,0.7525332638981568
9.0135,0.7520164273451128
9.0192,0.7532105966084771
9.0245,0.752542487333118
9.0302,0.7551083644961923
9.0358,0.7490676405980722
9.0412,0.7525580269286037
9.0468,0.7508459631034525
9.0524,0.7514777719265606
9.0578,0.751624762149835
9.0634,0.7509438607558577
9.069,0.7500254502399338
9.0747,0.754301606011151
9.0803,0.748693529659778
9.0857,0.7480995203678754
9.0913,0.7509478167285581
9.0969,0.7567292031480829
9.1022,0.7524930023920489
9.1079,0.7535671526315542
9.1135,0.755227026520345
9.1191,0.7499309252192614
9.1245,0.7475641806749336
9.1301,0.747913125762405
9.1357,0.7531310237538558
9.1414,0.7510033960077909
9.1467,0.7515492745256337
9.1524,0.7551139042375818
9.158,0.7502902428756411
9.1636,0.7521734575690838
9.169,0.7486414105473798
9.1746,0.74572219952879
9.1802,0.7517393309647723
9.1856,0.749057775585008
9.1912,0.7463210916603312
9.1969,0.7498313223810297
9.2025,0.7532344977439561
9.2078,0.7515557177797253
9.2135,0.7535724680631303
9.2191,0.7539169510237597
9.2247,0.7483715533402852
9.2301,0.7443825870567928
9.2357,0.7526345031192417
9.2414,0.7478121465075865
9.2467,0.7526255182645366
9.2523,0.7517318952171319
9.258,0.7486077304417611
9.2633,0.7508418736001673
9.269,0.7490401228351843
9.2746,0.7475709478041668
9.2802,0.7485836135043447
9.2858,0.746385014914925
9.2912,0.7492458574987868
9.2968,0.7524142365635474
9.3024,0.7601870112265973
9.3081,0.7536243016834455
9.3134,0.7491875856770657
9.319,0.7452841710836302
9.3247,0.7503282087552565
9.33,0.7517451829874631
9.3357,0.7496497867203497
9.3413,0.7439939031755137
9.3469,0.7468948662039125
9.3522,0.7485820494304626
9.3579,0.7492181099819728
9.3635,0.7489622397530047
9.3691,0.7530396754910273
9.3745,0.7439264533489339
9.3801,0.7464123784522126
9.3857,0.745515722288621
9.3914,0.7442142148007479
9.3967,0.7493298794734009
9.4023,0.7458547381348316
9.408,0.749913835729599
9.4136,0.7457509992676444
9.4189,0.7497973479634182
9.4246,0.749392563658334
9.4302,0.7506771844635292
9.4356,0.7461934804130618
9.4412,0.7435903420479331
9.4468,0.7491507845386606
9.4524,0.7463268477916011
9.4578,0.7462546062126014
9.4634,0.7494824977333301
9.4691,0.7451028515492111
9.4747,0.7442454176498119
9.48,0.7401733293626832
9.4857,0.7491987035877535
9.4913,0.7496506516793268
9.4969,0.7440569282135148
9.5025,0.7540386846817896
9.5079,0.7428479254675265
9.5135,0.7452974694555485
9.5191,0.7422332357454281
9.5247,0.7516738110006537
9.5301,0.7469272011595246
9.5357,0.747413575009162
9.5413,0.7441482568839287
9.547,0.7482341819286602
9.5523,0.7488923909614712
9.5579,0.744084348252586
9.5636,0.7460818969915842
9.5689,0.7479408143022036
9.5745,0.7481883680747056
9.5802,0.7446203251545433
9.5858,0.7386477437529397
9.5911,0.7518517202925225
9.5967,0.7440028507800626
9.6024,0.7502101596974541
9.608,0.7471667056562435
9.6136,0.7416664633721325
9.619,0.7465979597639635
9.6246,0.7456876025669361
9.6302,0.742859271259079
9.6356,0.746243840768185
9.6412,0.7449527172897261
9.6468,0.743560534764129
9.6524,0.7447154814536913
9.6581,0.7450138216000516
9.6634,0.7434390526582668
9.6691,0.7471059339617818
9.6747,0.744754854770794
9.68,0.7445770211025597
9.6857,0.7394452944631874
9.6913,0.7427684357194542
9.6969,0.7422070128550813
9.7023,0.737059564447145
9.7079,0.7409558026978439
9.7135,0.741269481418964
9.7191,0.7454586401881226
9.7245,0.7412864668685408
9.7301,0.7418957019041716
9.7357,0.7481968817833883
9.7414,0.7451708022323539
9.7467,0.7412233725146572
9.7524,0.7360429241087237
9.758,0.7384732546813355
9.7636,0.7416556364764296
9.7689,0.7414104616706743
9.7746,0.7459729585366138
9.7802,0.7414174013231843
9.7858,0.7406990986274496
9.7912,0.7432912744491007
9.7968,0.7451033617067615
9.8024,0.7427239474492815
9.8081,0.7421289023485133
9.8134,0.7359667457852072
9.8191,0.7397180966234121
9.8247,0.7422995004846554
9.8301,0.7488199939224464
9.8357,0.7446610184776482
9.8413,0.7426693788428743
9.8469,0.7383570599235544
9.8523,0.7440595531488644
9.8579,0.7399178729868875
9.8635,0.7431546974813114
9.8692,0.7287647494418213
9.8745,0.7448170934850287
9.8801,0.7407265069723985
9.8858,0.7382704867999552
9.8914,0.7404120999150106
9.8967,0.742278337146385
9.9024,0.7383754231233344
9.908,0.7379857433467525
9.9134,0.7435598326358338
9.919,0.7396640241902742
9.9246,0.7408862154112519
9.9303,0.7390331471028828
9.9356,0.7364612068037429
9.9412,0.7419003944623829
9.9468,0.7398451933708994
9.9525,0.736566727213182
9.9581,0.742037142375341
9.9634,0.7401677886732515
9.969,0.7477127528460675
9.9746,0.7388529967602543
9.9802,0.7378157212738048
9.9856,0.7346751149530794
9.9913,0.7420315520961027
9.9968,0.7371613792744044
10.0024,0.7410111543780736
10.0078,0.7376568501489065
10.0134,0.7383834484247684
10.019,0.7302052425426281
10.0246,0.7359452898964463
10.0301,0.7351539539584258
10.0358,0.7325560185991655
10.0414,0.7362968663651421
10.0468,0.7423995934692836
10.0524,0.7311121700325945
10.058,0.7330342150722453
10.0634,0.7345707541850469
10.069,0.7408862154112519
10.0747,0.7429492813384654
10.08,0.7390012897040511
10.0856,0.7342000473616775
10.0912,0.7399854478114177
10.0969,0.7416511543413152
10.1025,0.7356488877450973
10.1078,0.7346415453149796
10.1135,0.7395543094345091
10.1191,0.7387855083208561
10.1247,0.7371790996608217
10.1301,0.7353221216776028
10.1357,0.7386530112170546
10.1413,0.7399975550640726
10.1469,0.7340923805009795
10.1523,0.7371975160012051
10.1579,0.7385413122829116
10.1635,0.7436076752154349
10.1691,0.7307351530347849
10.1745,0.7312530211260875
10.1801,0.7358550895450464
10.1858,0.7396528657988699
10.1914,0.733850441720432
10.1967,0.7350371428778332
10.2024,0.7309055704244242
10.208,0.7326022951114608
10.2136,0.73698416786312
10.219,0.735509534676135
10.2246,0.7342522682847323
10.2302,0.7333629644662206
10.2356,0.7410900943836896
10.2412,0.7380880787984754
10.2468,0.7324352443263772
10.2524,0.7359126390987157
10.2578,0.7313897317305862
10.2634,0.7360837346497259
10.2691,0.7386638724889406
10.2747,0.7408549698284442
10.28,0.7372930221030531
10.2857,0.7282800135090746
10.2913,0.7305239772204494
10.2969,0.7299548304308134
10.3023,0.7297034881559258
10.3079,0.7410015958634497
10.3135,0.7305174905300705
10.3191,0.7264273586722337
10.3245,0.7319378506359682
10.3301,0.7331345280963376
10.3357,0.7321440881803912
10.3414,0.7322121946440444
10.3467,0.728704503288377
10.3523,0.734589813187685
10.358,0.7362059519402573
10.3636,0.7356368504844967
10.3689,0.7386790873617403
10.3745,0.7232188642329526
10.3802,0.7296463272837025
10.3858,0.7320531359277016
10.3911,0.732106632721704
10.3968,0.7284468049068304
10.4024,0.7378929215173525
10.408,0.7365765306671798
10.4134,0.7333465524990259
10.419,0.7306666165718448
10.4246,0.7301416105077657
10.4302,0.7294337213245389
10.4359,0.7281844428580538
10.4412,0.7318018540008063
10.4469,0.7296783820991244
10.4525,0.7305480744244145
10.4578,0.7331552896705417
10.4635,0.7336922116512222
10.4691,0.7313211718676543
10.4745,0.733792691383324
10.4801,0.7239214836053259
10.4857,0.7316470831661395
10.4914,0.7276762709172973
10.4967,0.7317382627703554
10.5023,0.7286927901867254
10.508,0.7263461745662624
10.5136,0.7229820529236021
10.519,0.7258479733960786
10.5246,0.7294456745430415
10.5302,0.7295757259650147
10.5358,0.7303491901059042
10.5412,0.7294473947377275
10.5469,0.7340152020518526
10.5525,0.728817159837095
10.5578,0.7285016106673561
10.5635,0.7225462435694249
10.5691,0.7228433311264063
10.5745,0.7317067093004644
10.5802,0.7276042157226031
10.5858,0.7224352875753111
10.5914,0.7270257577482878
10.5968,0.7258835573819397
10.6024,0.7210705042345169
10.6081,0.7246243726605788
10.6134,0.7259255196595028
10.619,0.7274817037772967
10.6247,0.7311416618984404
10.63,0.7299309937927756
10.6357,0.720790681040147
10.6411,0.7248218561711228
10.6468,0.7277016813708372
10.6524,0.7379380081359072
10.658,0.7350999785546869
10.6634,0.7300597528642088
10.669,0.7169454482849216
10.6747,0.728137723364832
10.6803,0.723840277850904
10.6856,0.7252242076072684
10.6913,0.7293978374786666
10.6969,0.7264159528875586
10.7022,0.7233618089579528
10.7079,0.7287586369528872
10.7133,0.7220525173188209
10.719,0.7257457598461009
10.7246,0.7199586788690796
10.7302,0.7211511082129297
10.7359,0.7248895493969798
10.7412,0.7268713003153681
10.7468,0.722225583619809
10.7525,0.7185517071273734
10.7581,0.7262504326069897
10.7634,0.7228561366490386
10.769,0.7230473645122535
10.7747,0.7206408123632061
10.7803,0.7248746923264006
10.7856,0.7198994824530752
10.7913,0.7170502999829823
10.7969,0.721173703039293
10.8023,0.7221054225385227
10.8079,0.7247691763870238
10.8135,0.7201495583670351
10.8192,0.7277514991356453
10.8245,0.7279199527351554
10.8302,0.7256137924381999
10.8356,0.7248410676346395
10.8412,0.7267542183016128
10.8468,0.7177681877496154
10.8525,0.7210899030159358
10.8578,0.7218852703469631
10.8634,0.7213651953105699
10.8691,0.7252375321499825
10.8747,0.724484188504419
10.8801,0.7200622573380059
10.8857,0.7203298937641809
10.8913,0.7269443361618774
10.897,0.7221293826908806
10.9023,0.7195362347279373
10.908,0.7185502474894356
10.9136,0.7207860014969543
10.9189,0.7240382940743604
10.9245,0.722261784559667
10.9302,0.7170392114176107
10.9358,0.7226299086767146
10.9412,0.7140802718347334
10.9468,0.7186938527033934
10.9524,0.7119990099412267
10.9581,0.7192287729253143
10.9634,0.7224145604727732
10.969,0.7153625719736164
10.9746,0.7224875359183731
10.9803,0.7160319342543007
10.9856,0.7196105113956989
10.9913,0.7187863856537435
10.9969,0.7273097188655759
11.0025,0.7267396939663947
11.0079,0.7226800955948739
11.0135,0.7188059221472026
11.0192,0.7205654779909613
11.0245,0.7174658833841893
11.0301,0.7184784816954636
11.0358,0.719818893753562
11.0414,0.7156188080257595
11.0467,0.7167320588126779
11.0524,0.718890362210494
11.058,0.7162492823941173
11.0634,0.7173909751080828
11.069,0.7085815932070613
11.0746,0.7183013920561095
11.0802,0.7150378871271387
11.0856,0.7151390726276095
11.0912,0.7217254122802499
11.0969,0.7168011823379971
11.1025,0.7126565831289149
11.1078,0.7122801631071684
11.1135,0.7185156377555545
11.1191,0.7154990630756702
11.1247,0.7247927211813796
11.1303,0.7094994314758657
11.1357,0.7185791816166425
11.1413,0.717474826457145
11.1469,0.7185280630884688
11.1523,0.7126554061729188
11.1579,0.7202113925563328
11.1635,0.7198861485590866
11.1691,0.7125683308685014
11.1745,0.7144950444095289
11.1801,0.7167180439890365
11.1858,0.7147171151196703
11.1914,0.7150605720660501
11.1967,0.7113520662318972
11.2024,0.7189020219699813
11.208,0.7148656246356291
11.2136,0.7122782993438211
11.219,0.7117481921664436
11.2246,0.7148944086831033
11.2302,0.7169684715522205
11.2358,0.7131906746208546
11.2412,0.7136871063699327
11.2468,0.7104459119372721
11.2525,0.7139807526962018
11.2581,0.7093363785434773
11.2634,0.7180075685560728
11.269,0.7105397565537317
11.2746,0.7152126173976233
11.2803,0.7145344204655539
11.2856,0.7111867837613122
11.2912,0.7164428413502977
11.2969,0.7131453071853451
11.3025,0.7115979186789034
11.3078,0.7122283679253635
11.3135,0.7194087546278078
11.3191,0.7105952046736174
11.3245,0.7180672118775295
11.3301,0.7155498982271122
11.3357,0.7196018599548571
11.3413,0.7081729069767674
11.3467,0.7060189709790813
11.3523,0.7148811708269891
11.3579,0.7147467420624408
11.3635,0.7061601984312921
11.3691,0.7134326389919107
11.3745,0.7081870352642389
11.3801,0.7132288676879522
11.3858,0.7095050226960496
11.3914,0.7089127050719354
11.3967,0.7108334211845203
11.4023,0.7074640390280343
11.4078,0.7100177612912801
11.4134,0.713204622502611
11.4191,0.7116254320859444
11.4247,0.7136093852440163
11.4301,0.7102945233246759
11.4356,0.7118006352603584
11.4413,0.7072544229578442
11.4469,0.7156768741671407
11.4525,0.7100338023554453
11.4578,0.7167831826117331
11.4634,0.7045173175044424
11.469,0.7120461256516493
11.4746,0.7059117246320515
11.4803,0.7073426196157699
11.4856,0.7127898320582469
11.4912,0.7109430486393308
11.4968,0.707139765143117
11.5025,0.7113090692113057
11.5081,0.7093594421727397
11.5134,0.706660080240772
11.519,0.7042266376283929
11.5246,0.7060891330628281
11.5303,0.7099094317577198
11.5356,0.7107218571814466
11.5413,0.7108217200461706
11.5468,0.7122031417383353
11.5525,0.708541522401696
11.5581,0.7081896231175354
11.5634,0.709892027839318
11.569,0.7145904848571835
11.5746,0.7102640006247526
11.5803,0.7032050885259051
11.5856,0.7109487460450951
11.5912,0.7091789890904079
11.5968,0.7058920290637313
11.6024,0.7057456141407555
11.6081,0.7072926836529475
11.6134,0.7062815261374767
11.619,0.7075167482129389
11.6246,0.7065406876453414
11.6302,0.7129489627585112
11.6356,0.7084103677771872
11.6412,0.7059614164607086
11.6469,0.7036389864012003
11.6525,0.7079376610590772
11.6578,0.7059338257813376
11.6635,0.7035744165197106
11.6691,0.7092657001799879
11.6747,0.7060632361167852
11.6801,0.7071320654556009
11.6857,0.7060425682508432
11.6914,0.702879241338242
11.6967,0.7006582232593364
11.7023,0.7061944632661842
11.7079,0.7022748404211419
11.7136,0.7071674309221506
11.7189,0.7099696779777848
11.7246,0.7063852018693414
11.7302,0.7079661797524744
11.7358,0.7055639228680636
11.7414,0.7088322148506331
11.7467,0.7039531423676321
11.7524,0.7063905177894593
11.758,0.6999842665702931
11.7636,0.7054408289994388
11.769,0.6983602399793792
11.7746,0.7030205474259265
11.7802,0.7083169924297862
11.7858,0.703193687255897
11.7912,0.7023465502043424
11.7968,0.7030856317090719
11.8024,0.7078086465637631
11.8081,0.7027398363998093
11.8134,0.7032035803715533
11.819,0.7007728982655445
11.8247,0.7031462925403044
11.8303,0.7058737427940079
11.8356,0.7031361574435092
11.8413,0.6975382182103521
11.8469,0.7002691049621218
11.8523,0.7058517603167831
11.8579,0.7030295191782343
11.8635,0.7062411800184961
11.8692,0.70420155244788
11.8745,0.7070865485958382
11.8802,0.7007908312117108
11.8858,0.7038107622837089
11.8914,0.7033373349864697
11.8967,0.7029942051867663
11.9024,0.7013199882664578
11.908,0.6984278596336863
11.9136,0.6979258111641007
11.919,0.7054211430228777
11.9246,0.6990891478604916
11.9302,0.6977541106391785
11.9356,0.6986035675964292
11.9412,0.6973770616217406
11.9469,0.7002293279554064
11.9525,0.7030579077506186
11.9579,0.6997828896729189
11.9635,0.6984457991470878
11.9691,0.7014009142968387
11.9745,0.7077512983781195
11.9801,0.70439536449184
11.9857,0.6952945776320497
11.9914,0.7039568552764808
11.9967,0.6982407936217887
12.0024,0.6986463688541236
12.008,0.7046857080413343
12.0134,0.7003669352638198
12.019,0.7019409772085342
12.0246,0.6982044663819774
12.0303,0.7034517095784445
12.0356,0.6975827456545153
12.0413,0.6992547295274512
12.0469,0.6998289109061272
12.0525,0.7014562716485827
12.0579,0.7023014122266006
12.0635,0.701024488868212
12.0691,0.7017623219267304
12.0747,0.7068970298533848
12.08,0.6965302282346532
12.0857,0.699125738967089
12.0913,0.7017114947851304
12.0969,0.6983346186086612
12.1025,0.7002356977786202
12.1079,0.7035778263915061
12.1135,0.7010016155128503
12.1191,0.6963139143499492
12.1245,0.7003279620143931
12.1301,0.6976757143362348
12.1358,0.6964703437558749
12.1414,0.6981001229986824
12.1467,0.6962268584588082
12.1524,0.6965338254997432
12.158,0.6962997960819749
12.1633,0.7045606786528523
12.169,0.692832422479183
12.1746,0.7042704689733775
12.1803,0.6948334965745765
12.1856,0.6971692209770732
12.1913,0.6967423729746357
12.1969,0.6906478207337674
12.2023,0.6975265378647466
12.2079,0.6964254925858845
12.2135,0.6973688972705719
12.2192,0.6943172062724685
12.2245,0.6948916003944688
12.2301,0.6962127931979908
12.2358,0.6969843456305518
12.2414,0.6919778363413709
12.2467,0.6954158490333534
12.2524,0.6864760333055219
12.258,0.7016181074411556
12.2636,0.6956910439600904
12.269,0.6989868005961772
12.2745,0.6960625490698543
12.2801,0.6928614383430758
12.2857,0.6989016567301731
12.2914,0.6969774623586351
12.2967,0.6956378630400315
12.3023,0.693900200934873
12.308,0.697870336251723
12.3136,0.6939243428426077
12.3192,0.689188458380401
12.3246,0.6943942494227685
12.3302,0.6989846141514358
12.3358,0.6873772379525527
12.3412,0.6938691559975256
12.3468,0.6963499140893187
12.3524,0.6875989063409822
12.3581,0.6888881399182132
12.3634,0.694736680455607
12.369,0.6960568368212686
12.3747,0.694618724662779
12.38,0.6928176425161012
12.3857,0.6942999785744702
12.3913,0.6993690370523176
12.3969,0.688787078958594
12.4022,0.6915229835524742
12.4079,0.688583250570791
12.4135,0.6980585070536555
12.4191,0.694864349290003
12.4248,0.6942320282148043
12.4301,0.6941353687587538
12.4358,0.6936595371762957
12.4414,0.6915867222014417
12.4468,0.686776750515632
12.4524,0.6894779854533153
12.458,0.6865530901473597
12.4634,0.6893223853109552
12.469,0.6942514870491394
12.4746,0.6928541840573137
12.4803,0.690755943701619
12.4859,0.6905570100175215
12.4912,0.6936016228905862
12.4969,0.691010756051212
12.5025,0.6972338652836253
12.5079,0.6886081002115751
12.5135,0.6874143320930474
12.5191,0.6913461370732906
12.5247,0.6860242665094453
12.5301,0.6889984401766778
12.5357,0.6949713963437502
12.5413,0.6921360950812727
12.5467,0.6883325262626941
12.5524,0.6894623921223381
12.558,0.6933930236212485
12.5636,0.6865682337162115
12.569,0.6926008517548535
12.5746,0.6876764650549759
12.5802,0.68776243131316
12.5859,0.6838930384952625
12.5912,0.6834482789990615
12.5968,0.6825668002759863
12.6025,0.6881835960137461
12.6078,0.6901859389088278
12.6135,0.6908370643182898
12.6191,0.6877332774230073
12.6245,0.6901743014729562
12.6301,0.6847262687602841
12.6358,0.6772144802994918
12.6414,0.6848762147859339
12.6468,0.6870380475827672
12.6524,0.6863986409454662
12.658,0.6866171244474731
12.6636,0.6859130371393616
12.669,0.6770341238494703
12.6746,0.6851257164465295
12.6803,0.6845799004225482
12.6859,0.6843270029613054
12.6912,0.6800607438031219
12.6969,0.6909770947531755
12.7025,0.6853701728642001
12.7079,0.6821733653401653
12.7134,0.6862505965734205
12.719,0.685383581202154
12.7246,0.6923396861724178
12.7303,0.6842214894740458
12.7359,0.6847467277282197
12.7412,0.6837223146777357
12.7469,0.6838581528756088
12.7525,0.6813588964764404
12.7579,0.684174279762213
12.7635,0.6825307476281522
12.7691,0.6839595931118431
12.7745,0.6879129310327454
12.7801,0.6805949472353122
12.7856,0.6853542151165953
12.7912,0.679158294539683
12.7968,0.6863714200866313
12.8025,0.6812909568176165
12.8081,0.6859548090763767
12.8135,0.6786484427253148
12.8191,0.6829362703573089
12.8247,0.6882718322956778
12.8301,0.6849948956371312
12.8356,0.6814916609702003
12.8412,0.6820722319005711
12.8468,0.6806452806659612
12.8525,0.6799021580740302
12.8578,0.6882398737822394
12.8635,0.6852509408817006
12.8691,0.6827132888865571
12.8747,0.6753804037568374
12.8801,0.681744519082368
12.8857,0.6866654775976837
12.8913,0.6767430299520925
12.897,0.6835033518667722
12.9023,0.6826257699985018
12.9079,0.6800348755094883
12.9136,0.6737733046461954
12.9192,0.6792457457643698
12.9245,0.677089755842618
12.93,0.6857643192290027
12.9357,0.6789766071521769
12.9413,0.6781624469312295
12.947,0.686952100171956
12.9523,0.6846021606692977
12.9578,0.6775022849953201
12.9634,0.6757016409326152
12.9691,0.6860994077056267
12.9747,0.6820314843055698
12.9801,0.6839080206491196
12.9856,0.6781803935706856
12.9913,0.6815706521264088
12.9969,0.6792689795309872
13.0023,0.6786357682522313
13.0079,0.6789161977301396
13.0134,0.6762014640056196
13.0191,0.6797601692342315
13.0247,0.6846672399157507
13.03,0.678937667250765
13.0357,0.6827102482192866
13.0412,0.6804196440640388
13.0469,0.6797419157898663
13.0525,0.6872803114327813
13.0579,0.6706671090704533
13.0635,0.6782308855731716
13.069,0.6825826080309219
13.0747,0.6781474628608553
13.0803,0.6729821119340694
13.0857,0.6719707949656871
13.0913,0.6755010969768883
13.0969,0.6807474845603582
13.1025,0.6795000500939045
13.1081,0.6762225526582679
13.1134,0.6717942492890764
13.1191,0.678696874645418
13.1247,0.6728121668196133
13.1303,0.6752512543772125
13.1357,0.6717686934746757
13.1413,0.6707512907226602
13.1469,0.6761466511429233
13.1523,0.6758527407156315
13.1579,0.6813501467353268
13.1635,0.6777526681829217
13.1692,0.6735101272227274
13.1745,0.677937208230227
13.1802,0.6753054671705062
13.1858,0.6741686487438608
13.1914,0.6769055526957309
13.1967,0.6709836522153293
13.2024,0.6790509870646023
13.208,0.6730795735755407
13.2134,0.6726404406163923
13.219,0.6795333322321662
13.2247,0.6762775699274318
13.2303,0.6718342219836179
13.2356,0.6761541147421267
13.2413,0.6679498488465491
13.2469,0.6706327567241274
13.2525,0.6741806485801143
13.2579,0.6695892286367432
13.2635,0.6687684557640342
13.2691,0.6666706617930864
13.2748,0.6751212564723379
13.2801,0.6689462469792467
13.2858,0.6745942745144565
13.2914,0.6717589292360765
13.2968,0.6701613666340904
13.3024,0.6730869064589967
13.308,0.6714489995105465
13.3134,0.6666006261452421
13.319,0.6736049731323756
13.3247,0.6716515302832752
13.3303,0.6724498694306019
13.3356,0.665913475875908
13.3413,0.6695892286367432
13.3469,0.6717277818059394
13.3525,0.6682435705081274
13.3579,0.6743934668677763
13.3635,0.6720680359250434
13.3691,0.6744004464279827
13.3745,0.6662029022951516
13.3801,0.6706194919335488
13.3857,0.668597355544673
13.3914,0.6678160865754804
13.397,0.6653319298297614
13.4024,0.6689669210784482
13.408,0.6726238855623731
13.4136,0.6662332156912681
13.419,0.6709511422929534
13.4246,0.6670846149868316
13.4302,0.6692341178958904
13.4359,0.6683562513391855
13.4412,0.6647961481514271
13.4469,0.6647588454920184
13.4525,0.672115813846741
13.4581,0.6677410951658126
13.4635,0.6654353024177105
13.4691,0.6707604015117914
13.4747,0.6710688157358212
13.4801,0.6705754865462182
13.4857,0.6663674491196218
13.4914,0.6594967690386361
13.4967,0.6705418799876652
13.5023,0.6687453813964083
13.508,0.6682605727517555
13.5136,0.6700491758090837
13.519,0.6672094406714402
13.5246,0.6660309736429214
13.5302,0.6701150735760084
13.5359,0.6701459262932179
13.5412,0.6629063826995111
13.5468,0.6667747497547816
13.5525,0.668508703754598
13.5581,0.6653362596459359
13.5635,0.6649302633732249
13.5691,0.6660550377404106
13.5747,0.6629223946110464
13.5801,0.6670073789391052
13.5857,0.6673340186451882
13.5913,0.6644976186135716
13.5969,0.6609193551980168
13.6026,0.6563113013902531
13.6079,0.6636931949163957
13.6135,0.66312026854087
13.6192,0.6624654378399356
13.6248,0.6594596346457632
13.6301,0.6622463177970043
13.6358,0.6705583475841294
13.6414,0.6598629368167226
13.647,0.6562044578221324
13.6524,0.6642328205747442
13.658,0.6565255551531708
13.6636,0.6656081534512244
13.669,0.6621928652616881
13.6746,0.6667134195632726
13.6802,0.6630870563350237
13.6858,0.6675095161792509
13.6912,0.6607390482922808
13.6968,0.6601069624625188
13.7025,0.6575391638457376
13.7081,0.6651202882859355
13.7137,0.6565347754281947
13.719,0.6594271898069882
13.7247,0.6612151919046368
13.7303,0.6602752169008499
13.7356,0.6582226287549673
13.7413,0.6615696762178571
13.7469,0.6639485622808804
13.7525,0.6626571719887369
13.7579,0.6570601955224863
13.7635,0.6575024266256202
13.7691,0.6633095381980891
13.7748,0.6629211771661763
13.7801,0.6567973579457451
13.7858,0.659263184508715
13.7914,0.6591243097184458
13.797,0.6562598854418147
13.8023,0.6557886490057487
13.808,0.6592340772350208
13.8136,0.657081851063236
13.819,0.6582983598240771
13.8246,0.6610392625464553
13.8302,0.66061251608357
13.8359,0.6567907410689817
13.8415,0.6596891014618812
13.8469,0.6580696765224052
13.8525,0.6635506809431367
13.8581,0.6594036988599666
13.8635,0.6595240310065691
13.8691,0.6622122745750948
13.8747,0.6546517818971045
13.8801,0.655764722549452
13.8857,0.6641654221586817
13.8913,0.6525396150975109
13.897,0.6580768204368957
13.9023,0.6555279539894412
13.9079,0.6561391728821753
13.9136,0.6590929306970856
13.9192,0.6563786035814843
13.9248,0.650810018989552
13.9301,0.6542905778372978
13.9357,0.6586732683969456
13.9414,0.6595041318815397
13.947,0.655135532820993
13.9524,0.6569944896892789
13.958,0.6482653457277525
13.9636,0.6564182752210853
13.9692,0.6560862801229335
13.9746,0.655082935747679
13.9802,0.6557213202616249
13.9858,0.6494219399740053
13.9915,0.6554431143196747
13.9968,0.6545297567890145
14.0023,0.6513879944116702
14.008,0.6496548414850879
14.0136,0.6508838914565668
14.0192,0.6503973469065092
14.0246,0.6573439265565213
14.0302,0.6518098910911909
14.0359,0.6503011405595645
14.0415,0.650540629383079
14.0468,0.6441839062326608
14.0525,0.654886174375714
14.0581,0.6450308689700637
14.0634,0.653570251799613
14.0691,0.651825089014628
14.0745,0.6497819002817803
14.0802,0.6524763788432446
14.0858,0.6532300301124578
14.0914,0.6548501339169753
14.0968,0.6506059818713235
14.1024,0.6525958139150129
14.108,0.6481375379748558
14.1136,0.6536730847306385
14.119,0.6451871354511433
14.1246,0.6508289010392871
14.1303,0.6542587190472519
14.1359,0.6495632010311843
14.1413,0.6479801372980042
14.1469,0.6558760328293048
14.1525,0.6498504311945016
14.1581,0.6484720038018893
14.1637,0.6487923981773592
14.1691,0.6495834092646738
14.1747,0.6448185533484215
14.1803,0.6494245478185879
14.1857,0.650848160986662
14.1913,0.6498354581864524
14.1969,0.6534226560860065
14.2026,0.6470512778849153
14.2082,0.6478054327740332
14.2135,0.652548692666851
14.2191,0.6515544119069301
14.2248,0.6520374777284523
14.2304,0.6477482685892164
14.2357,0.6442292450780686
14.2414,0.6431105600550289
14.247,0.6471854257825719
14.2526,0.6487660197018005
14.2579,0.6417113615733897
14.2636,0.6495145221280707
14.2692,0.6434201816423372
14.2745,0.648584768580437
14.2802,0.6514168400522741
14.2858,0.6487344206579845
14.2914,0.6512118309456293
14.2968,0.6487280072357429
14.3024,0.6431575591914294
14.308,0.6478367774956133
14.3136,0.6454250777452356
14.3193,0.6442177480440959
14.3246,0.6515443354819167
14.3303,0.6441702390454603
14.3359,0.6471994210081925
14.3415,0.6396376977018359
14.3468,0.6438427112243733
14.3525,0.6421664857167695
14.3581,0.6551440880963867
14.3635,0.644663564974147
14.3691,0.6409413209570486
14.3747,0.6447395102459618
14.3803,0.6423895395418882
14.3857,0.6422899615931413
14.3913,0.6418758525461683
14.3969,0.6405790606073349
14.4026,0.6471192632620811
14.4082,0.6442549174268339
14.4135,0.6521669720327896
14.4192,0.6486959505532225
14.4248,0.6453244595231789
14.4301,0.6430413105141954
14.4357,0.6413528173465181
14.4414,0.6422378414674413
14.447,0.6464649123292602
14.4526,0.6442365951647107
14.458,0.6460455832588735
14.4636,0.6419871768194279
14.4692,0.6442004893243948
14.4748,0.6399542491886061
14.4802,0.6391436200045608
14.4858,0.6402313051939322
14.4914,0.6375285288573226
14.497,0.6429215187789898
14.5024,0.6431170066992943
14.508,0.6329884073687873
14.5136,0.6423810355765772
14.5193,0.6407150107657041
14.5246,0.6426128253553237
14.5302,0.6420000582221794
14.5357,0.6433902310031222
14.5413,0.6440151890162108
14.5469,0.6372308491306271
14.5525,0.6366632053408856
14.5582,0.6423290331470292
14.5635,0.6431256277659074
14.5691,0.643282916186234
14.5747,0.6443876545765198
14.5803,0.6380517996268372
14.5857,0.634852636389677
14.5913,0.6424227442206153
14.5969,0.6376384948193525
14.6025,0.6398250296079832
14.6079,0.6329405928077664
14.6135,0.6345437224995213
14.6191,0.6403794927177388
14.6247,0.6432512933601954
14.6304,0.6377802487547469
14.6357,0.6404986010967355
14.6413,0.6404743567419114
14.6469,0.6414198164235471
14.6525,0.6380543661411263
14.6581,0.6400601450505913
14.6635,0.6342955876328628
14.6691,0.6395655432651665
14.6747,0.645220816326935
14.6801,0.6336294063093993
14.6858,0.6365329698933363
14.6914,0.6394290067922258
14.697,0.6468358537563624
14.7025,0.6389444016843522
14.7081,0.6378258422152684
14.7138,0.635213142666598
14.7191,0.6358018996523644
14.7247,0.6336788439387592
14.7303,0.6367356468895097
14.736,0.6354572721689515
14.7413,0.6422991817754438
14.7469,0.6351584341005397
14.7524,0.635292332123108
14.758,0.6383186374954152
14.7636,0.6375045781662535
14.7692,0.6382389486319215
14.7749,0.6383024231748574
14.7802,0.6393419679318293
14.7859,0.6354466417060647
14.7915,0.6342514297026229
14.7971,0.6372637012174373
14.8024,0.6355341606110833
14.8081,0.6331651009229882
14.8137,0.6299865998398417
14.8193,0.6365731338176732
14.8246,0.6320795515407586
14.8303,0.6344971855717602
14.8359,0.627346384958913
14.8413,0.635348839086724
14.8469,0.6273340582311498
14.8525,0.6334291934159839
14.8581,0.6370875291797524
14.8635,0.6397963172556449
14.8691,0.6287235712983121
14.8746,0.6286356612229618
14.8802,0.631275082794711
14.8859,0.6293480450037175
14.8915,0.6344203340510285
14.8968,0.6292841902835307
14.9024,0.6319410498094159
14.9081,0.6242601817551493
14.9137,0.6348271047918923
14.9191,0.630603085822906
14.9247,0.6296454863795282
14.9303,0.6335327844867099
14.9359,0.6322408391064149
14.9413,0.6289455804033267
14.9469,0.6337818218001722
14.9525,0.6352701213773811
14.9581,0.6300376175689779
14.9638,0.6312428674886166
14.9691,0.6304050141767715
14.9747,0.6317017335917291
14.9804,0.6271277753711185
14.986,0.627504113504847
14.9913,0.6329526347973461
14.9968,0.6328687292162092
15.0025,0.6299601609977942
15.0081,0.6322003800810081
15.0138,0.632855171589676
15.0191,0.6312996739602724
15.0247,0.628212045538519
15.0303,0.6272560505308379
15.036,0.6311389679426177
15.0413,0.6311708917976473
15.0469,0.6316752532224782
15.0526,0.6317779426546708
15.0582,0.6268815530212235
15.0636,0.6298011327934206
15.0692,0.6282577386361233
15.0748,0.6267753997771403
15.0802,0.6321176064048595
15.0858,0.6265528799481926
15.0914,0.6247237124634273
15.0971,0.6264079082046589
15.1024,0.6243592208442387
15.108,0.6245110389843591
15.1137,0.6223064466839295
15.1193,0.6224405969233635
15.1247,0.6232120828288226
15.1303,0.6277087931833717
15.1359,0.6312181516436809
15.1415,0.6234096960840806
15.1469,0.6225774666811633
15.1525,0.6275946341939598
15.1581,0.6283070949254589
15.1638,0.6236751120636803
15.1691,0.6295846499828112
15.1747,0.6283399041718771
15.1804,0.6262933696016547
15.1857,0.6272753861277264
15.1914,0.6265850527198829
15.197,0.6193067322799974
15.2026,0.6264685073336475
15.208,0.6253082356659924
15.2136,0.6258295578948267
15.2193,0.62216562268308
15.2246,0.6277589586298954
15.2302,0.6280381487195592
15.2358,0.6198239640861042
15.2415,0.620970619508047
15.2471,0.6207041688373157
15.2525,0.6243261144375566
15.2581,0.6232091543767931
15.2637,0.6206250855676465
15.2693,0.6212691921101187
15.2747,0.6193946017341202
15.2803,0.6278927065558442
15.2859,0.6232807763941014
15.2915,0.6246327207852425
15.2969,0.6250250607523415
15.3025,0.6265155465479733
15.3081,0.6225185731016716
15.3138,0.6206394991534506
15.3191,0.6244135007676331
15.3248,0.6191599084444108
15.3304,0.6233397874811021
15.3357,0.6169060842588775
15.3414,0.6226461837943524
15.347,0.6191207693440949
15.3524,0.620974216019884
15.358,0.6225722454174579
15.3636,0.6243296935496563
15.3692,0.623367673996432
15.3749,0.6214143940299827
15.3802,0.6216031891808546
15.3859,0.6265613583493388
15.3915,0.6185319069955005
15.3971,0.6225404982023256
15.4024,0.6197615469879763
15.4081,0.6253146229810155
15.4137,0.6220785672022361
15.4193,0.6258280490614995
15.4247,0.6209776912422174
15.4303,0.6219098915723057
15.4359,0.619782209260387
15.4416,0.6251078541368803
15.4469,0.6211174440383869
15.4525,0.6222572260793217
15.4582,0.6222540817789107
15.4635,0.6250453029140838
15.4692,0.6210595260493007
15.4748,0.6168709200735502
15.4804,0.6214861135252583
15.4858,0.6188752257302816
15.4914,0.6173110388757599
15.497,0.6188399990637925
15.5026,0.6117139723287291
15.508,0.6214236653387049
15.5136,0.6222880092798607
15.5192,0.6137619409197451
15.5249,0.6218935448393785
15.5302,0.6172972339114898
15.5358,0.6157879625429123
15.5415,0.6191154169376144
15.5471,0.6219910679869591
15.5524,0.6326593745195581
15.5581,0.6159845092856945
15.5637,0.6200374427018442
15.5691,0.6169312515990261
15.5747,0.6199550103374519
15.5803,0.6180223697313691
15.5859,0.6199054113151742
15.5916,0.6153862584942559
15.5969,0.6159241575633622
15.6026,0.6104817835585745
15.6082,0.6129491791223655
15.6136,0.6172177197948241
15.6192,0.6191508906130876
15.6248,0.6067977994911086
15.6302,0.6208882352776497
15.6358,0.6146348105599452
15.6414,0.6106622416688737
15.6471,0.6195104386287121
15.6524,0.618274396604091
15.6581,0.6100832464149443
15.6637,0.6175458573296221
15.6693,0.6152461768954768
15.6747,0.6158015526616275
15.6803,0.6118167720462464
15.6859,0.6166924566054507
15.6916,0.6113799196074775
15.6969,0.6158875114759257
15.7025,0.6114592903098389
15.7082,0.6164552518919553
15.7135,0.6199293070105522
15.7191,0.6154035396523366
15.7247,0.6138988812537075
15.7304,0.6198587469586543
15.7357,0.6156576626787863
15.7414,0.6206616750418482
15.747,0.6097689150287514
15.7524,0.6156017705841527
15.758,0.6082943714210716
15.7637,0.6142351125583855
15.7691,0.6151082246625309
15.7747,0.6134445948640065
15.7804,0.6129622348385003
15.7858,0.6085190648765592
15.7915,0.6135428403429314
15.7969,0.612632269580408
15.8025,0.6118255309886756
15.8081,0.6118201077102525
15.8135,0.6158756006679428
15.8192,0.6069118200032971
15.8248,0.6137095464271859
15.8302,0.6133924377646948
15.8359,0.608575753801157
15.8415,0.6092165317546628
15.847,0.6119156498375263
15.8526,0.6079363914585697
15.858,0.6146085097874667
15.8636,0.61259953276593
15.8693,0.6108151963148744
15.8747,0.6158522202268252
15.8803,0.6142309400262699
15.886,0.6082068224098458
15.8914,0.6124209243994508
15.897,0.6086054527775019
15.9027,0.6109092818103886
15.9081,0.6080618828806159
15.9137,0.6106076313947381
15.9193,0.6120825688453236
15.9247,0.6123550892155506
15.9303,0.6112791684275282
15.9359,0.6078466474023739
15.9413,0.6110429939170803
15.947,0.6046583490605529
15.9526,0.605637333473875
15.9582,0.6067073367749102
15.9636,0.6107435257050886
15.9692,0.6021996591487374
15.9746,0.6033323712437899
15.9803,0.6092942070856244
15.9859,0.6098145037437409
15.9913,0.6021911614281471
15.997,0.6128205079756647
16.0026,0.6100459326815332
16.008,0.605972617579401
16.0137,0.6087183375609896
16.0193,0.6174356592200002
16.0247,0.604730154767749
16.0303,0.6107510781278264
16.036,0.6094514261576159
16.0414,0.6085149655990295
16.0471,0.6053043166305548
16.0525,0.6058265104620837
16.0581,0.6062542867360751
16.0638,0.6067607688149891
16.0692,0.6108433971615174
16.0749,0.6050601089942946
16.0803,0.6025641730573699
16.0858,0.6047942623697676
16.0914,0.6044495109726195
16.0971,0.6116904457296989
16.1025,0.6109765080317743
16.1081,0.6037158774737686
16.1136,0.606328308497093
16.1192,0.6112255823654343
16.1249,0.6051344381400008
16.1303,0.6089128486323435
16.1359,0.5993387388133921
16.1414,0.5997910742196205
16.147,0.6055918209125942
16.1527,0.6036355750433762
16.158,0.6037043803381276
16.1636,0.6096910208094962
16.1692,0.6049292487476311
16.1749,0.6063760883299679
16.1803,0.6062838879172017
16.1859,0.6033372971992188
16.1913,0.6099742359494961
16.1969,0.6071643452368831
16.2026,0.6067805229345911
16.2082,0.6019319724764702
16.2136,0.6048902303225161
16.2192,0.6066709603051413
16.2248,0.608067860093179
16.2305,0.6012277067276858
16.2358,0.6054039375657291
16.2415,0.6028500653761394
16.2471,0.6014006167042528
16.2525,0.6013892181442061
16.2581,0.6046629758363984
16.2635,0.6047999472430831
16.2692,0.6075623921438913
16.2748,0.5970150663169349
16.2804,0.6115126384194476
16.286,0.6021641683173955
16.2914,0.6037653045968787
16.297,0.5993751205859446
16.3027,0.602535176082308
16.3081,0.6046200450200852
16.3137,0.60109370430486
16.3193,0.6028125962642907
16.3247,0.6050428970786055
16.3303,0.6057524840995391
16.3358,0.6008419216164033
16.3414,0.6019671249564474
16.347,0.5997996679507277
16.3527,0.6009073224254448
16.3581,0.6029785981220214
16.3637,0.6021375793315589
16.3693,0.6075807479112255
16.3746,0.5943771427761639
16.3803,0.5977374157325199
16.3859,0.6009238430364648
16.3915,0.6122397733890605
16.3969,0.6019101086697901
16.4025,0.6000994254171231
16.408,0.5951833008182664
16.4136,0.5990029564899293
16.4192,0.597075580129395
16.4249,0.5961829506677594
16.4302,0.5949879455916781
16.4359,0.6082765346904232
16.4415,0.6001722659014526
16.4469,0.5982754636567083
16.4525,0.5956437137467091
16.4581,0.5935476532501489
