Experiment: Apr28_cal_tst_expt vial 12, Thu Apr 28 17:02:21 2022
0.0027,0.0
0.0078,0.0007446372600508344
0.0131,0.0008903247538354642
0.0188,0.0004532977530322946
0.0244,0.0004041476732620508
0.03,-5.6432550810087134e-05
0.0354,0.00024390352613459787
0.041,0.00034770553449642305
0.0466,0.0004933592813999854
0.052,0.0008174795285871561
0.0576,0.0006881846501528288
0.0632,0.0006390248551550459
0.0689,0.0008903247538354642
0.0742,0.0007282496167795305
0.0799,0.0008083771240292859
0.0855,0.0011653413090559894
0.0911,0.0007919879088489346
0.0964,0.0009303914832167748
0.1021,0.0016353399116505185
0.1077,0.001012345891619304
0.1134,0.0012054106680278454
0.1187,0.0012782704987374383
0.1243,0.001367530126690164
0.1299,0.0009704574039313962
0.1356,0.0018211784255768304
0.1409,0.0015460648331473703
0.1465,0.001212688352303093
0.1521,0.0011489474997469773
0.1577,0.02046236611499569
0.1633,0.015600812729716168
0.1687,0.015156799321414921
0.1743,0.015665536451698547
0.1799,0.015665536451698547
0.1855,0.016027341985986238
0.1909,0.016413067038897916
0.1965,0.016471041706286937
0.2022,0.01624093714117797
0.2078,0.01715241685769489
0.2131,0.018261770122503018
0.2188,0.01803996803986535
0.2244,0.018204335428034263
0.23,0.018212908133710626
0.2354,0.01775283294842578
0.241,0.018517263937459533
0.2467,0.018189096598797833
0.252,0.01809865676302025
0.2577,0.01811575772867771
0.2633,0.017968455355160923
0.2689,0.018009406604602984
0.2743,0.01914571047942784
0.2799,0.018445153867620356
0.2855,0.01887306359321661
0.2911,0.02007429303481556
0.2965,0.01971272956122183
0.3021,0.01861812960943468
0.3078,0.020207675399934844
0.3134,0.020133038236640505
0.3187,0.01960627473073212
0.3243,0.01975431742130701
0.33,0.019671740956287487
0.3353,0.01960627473073212
0.341,0.02064464339771313
0.3466,0.0206526133060993
0.3522,0.020266349309642773
0.3576,0.02008407226665876
0.3632,0.02062014580774521
0.3688,0.02038882157708502
0.3745,0.020035659760239494
0.3798,0.020999092812459347
0.3854,0.02014274140372399
0.391,0.020464031639228497
0.3967,0.020521576703733335
0.4023,0.020884541219529457
0.4076,0.02094210331549612
0.4133,0.02104126408016163
0.4189,0.0209255768839631
0.4243,0.02130460670832987
0.4299,0.021535489895587484
0.4355,0.021082304800187662
0.4409,0.021502987096571696
0.4465,0.021164945808322705
0.4521,0.021873612107377233
0.4578,0.021758424350898503
0.4631,0.021701382402288444
0.4688,0.021784051515730568
0.4744,0.021512066323534973
0.48,0.02205553137280683
0.4854,0.022368673495930275
0.491,0.02223800212694585
0.4966,0.021916327484104353
0.5022,0.022971744850052267
0.5076,0.022938648086000796
0.5132,0.02211369339681235
0.5188,0.02249357586340553
0.5245,0.022823912796957363
0.5298,0.023269089466049636
0.5354,0.022807367610546525
0.541,0.022865538924861234
0.5467,0.02335238741980189
0.552,0.023765153737199785
0.5576,0.02289862896889594
0.5633,0.023384952558963917
0.5689,0.023220514768683226
0.5742,0.0237656813183231
0.5799,0.024846418523390923
0.5854,0.0238976032376422
0.591,0.02461613852191369
0.5966,0.024178030954644603
0.6022,0.02445103254829395
0.6076,0.025136685307942386
0.6132,0.02461613852191369
0.6188,0.02502812617007885
0.6244,0.025656848105315155
0.63,0.02555794546986781
0.6354,0.024913802745472446
0.641,0.025344097752233147
0.6466,0.02502978255640745
0.6522,0.024880121442243608
0.6576,0.02493891915751148
0.6632,0.024987547653565256
0.6688,0.025616777315892403
0.6744,0.02574083426520929
0.6798,0.02578253727963231
0.6854,0.02563335284609533
0.691,0.02568308005826539
0.6966,0.026212023073130336
0.7022,0.026253745958138314
0.7076,0.02607239166643266
0.7132,0.02541892888716768
0.7188,0.02578304544049867
0.7244,0.026494454195293532
0.73,0.025790565233756557
0.7354,0.026766831139396208
0.741,0.027172498997885874
0.7467,0.026750243304125898
0.7522,0.02675076204855767
0.7576,0.02692362823098471
0.7632,0.027388205849897596
0.7688,0.02737109355704967
0.7744,0.02703976502158495
0.7798,0.027478698217700742
0.7854,0.027222787802765352
0.791,0.027222787802765352
0.7966,0.026957853003395232
0.8023,0.02831516645610979
0.8076,0.027629066530450358
0.8132,0.027910224401411943
0.8188,0.028953790006291946
0.8245,0.028216579142008702
0.8298,0.028374056012952203
0.8354,0.028672450945316924
0.8411,0.02859746807511801
0.8467,0.02876354183613833
0.852,0.028647289115691588
0.8576,0.02911886637178343
0.8633,0.029012671901464504
0.8689,0.028026416492853812
0.8742,0.028498830838285277
0.8799,0.02858991316974946
0.8855,0.02922006188403417
0.8911,0.02946828974823304
0.8967,0.0296339555023222
0.9021,0.02972607360504123
0.9077,0.02899557010790557
0.9133,0.029940657334678572
0.919,0.029426998470990534
0.9243,0.028896408303692167
0.9299,0.029112330453990226
0.9355,0.02932019280420567
0.9409,0.03003326610688478
0.9465,0.02994970449895687
0.9522,0.030198537063375747
0.9578,0.03000810768548809
0.9631,0.02975076295828688
0.9688,0.029561275732633313
0.9744,0.029494829725275146
0.98,0.02999148860109191
0.9854,0.03034006029143646
0.991,0.0298590066605737
0.9966,0.029634920766328815
1.0022,0.029818562991933917
1.0076,0.030241649108460028
1.0133,0.030058854390106166
1.0188,0.030555706609356054
1.0244,0.03081362433457452
1.0298,0.03066399545905954
1.0354,0.030473908284063655
1.041,0.030598362219711933
1.0467,0.030672956008068325
1.052,0.03034946450710041
1.0577,0.030340944564832745
1.0633,0.030391612911348037
1.0689,0.03066485198845051
1.0743,0.03088055066712858
1.0799,0.030897579231826455
1.0855,0.030863502491096956
1.0911,0.030798604907822602
1.0965,0.03054929911634119
1.1021,0.031345706071568946
1.1077,0.030930827638377595
1.1133,0.03026791396863987
1.1187,0.03115468056989798
1.1243,0.031304715440201525
1.1299,0.031130326779543582
1.1355,0.030823352059688558
1.1412,0.03164466259581572
1.1465,0.03142885342537999
1.1522,0.03147062066054809
1.1578,0.03216726871172465
1.1631,0.03187752402395305
1.1688,0.03206785073728638
1.1744,0.03266610860497729
1.18,0.03189415776005769
1.1854,0.03198545746519324
1.191,0.0327334443909941
1.1966,0.03248455217530549
1.2023,0.03180391012576833
1.2076,0.0317540230916461
1.2132,0.031637949386990605
1.2189,0.03143028389830774
1.2245,0.032758928874501436
1.2298,0.031712925560891114
1.2355,0.03209478292347537
1.2411,0.03211890205176096
1.2465,0.031845321201460663
1.2521,0.031795755106620305
1.2577,0.03152187956405225
1.2634,0.03202039717324717
1.2687,0.032145258953650946
1.2743,0.031820852360632784
1.2799,0.031779433832428705
1.2856,0.03162219878651737
1.291,0.03157232906140234
1.2966,0.03187974767797691
1.3022,0.032551751149555025
1.3076,0.0325441441241239
1.3132,0.03136468837524145
1.3188,0.03232024674337464
1.3245,0.0326188636613132
1.3298,0.03218669591238574
1.3354,0.03214497720920714
1.341,0.03264368075802046
1.3467,0.03225348382919968
1.352,0.03263599315028748
1.3577,0.03335804796601988
1.3633,0.0331589055530514
1.3689,0.03256050716790246
1.3743,0.03334220796022633
1.3799,0.03360823690682335
1.3855,0.032810288550679606
1.3912,0.033383926826524135
1.3965,0.032876580588296234
1.4021,0.03294359689170942
1.4077,0.03419833386817828
1.4131,0.0330014786473575
1.4187,0.03337593351165202
1.4244,0.033284721156766645
1.43,0.033009914274317764
1.4356,0.03312613865233763
1.441,0.03236234469838928
1.4466,0.032370356544306145
1.4522,0.033667211072225284
1.4578,0.0322627755812428
1.4632,0.03273637866014459
1.4688,0.03306882638370809
1.4745,0.033368073375143276
1.4798,0.03301875214645278
1.4854,0.033625520829779626
1.4911,0.03380873233457313
1.4967,0.033667527932509184
1.502,0.03357560150146971
1.5077,0.032911209536979597
1.5133,0.03405009004882695
1.5189,0.03483154618520548
1.5243,0.03444070562823426
1.5299,0.03424140509989271
1.5355,0.0347321200860764
1.5412,0.034149803372918675
1.5465,0.033476280867256264
1.5521,0.03361761650875944
1.5577,0.0341913383776514
1.5634,0.03455772983205757
1.5687,0.03405009004882695
1.5743,0.03432482744458529
1.58,0.03422498445035507
1.5856,0.034474411748958766
1.5909,0.03391731157119596
1.5966,0.034690793246621165
1.6022,0.034582735933011366
1.6078,0.03484888461125685
1.6132,0.034748895384658446
1.6188,0.0339255835325116
1.6244,0.035048567217714516
1.63,0.0344578711907573
1.6354,0.034699299994253585
1.641,0.03417515267736412
1.6466,0.03475757132640139
1.6523,0.0351485467967908
1.6576,0.035015432829218734
1.6632,0.03455780893422408
1.6688,0.03464937277470334
1.6745,0.035489842895985724
1.6798,0.03595609238714309
1.6855,0.03491555362237331
1.6911,0.03548158510504107
1.6967,0.03557310186077739
1.7021,0.03571456524006428
1.7077,0.03533174158770441
1.7133,0.03505712335521091
1.7189,0.03521527646984021
1.7243,0.035756320178081225
1.7299,0.034824166684123775
1.7355,0.03472427647908827
1.7411,0.03542334651946086
1.7465,0.035514909891794844
1.7521,0.03504051024088639
1.7578,0.035082121998822435
1.7631,0.035772906953406874
1.7687,0.03545664202063836
1.7744,0.03534843671102006
1.78,0.03639750051911628
1.7854,0.03594778349422845
1.791,0.036147657814908474
1.7966,0.03713893125225834
1.8023,0.035131932957019635
1.8076,0.03565637693971577
1.8132,0.036105987116667876
1.8189,0.03631396022026892
1.8242,0.0362558583611953
1.8299,0.03605592954831771
1.8355,0.0357977828054514
1.8411,0.03554795202165259
1.8465,0.036705434821559274
1.8521,0.03621413988466918
1.8577,0.03547301715608284
1.8634,0.0372054302613003
1.8687,0.0371721083753315
1.8744,0.036213963340407246
1.88,0.03697218576138092
1.8854,0.037171800482883516
1.891,0.0365053890281809
1.8966,0.03775530120507248
1.9022,0.037146985465858096
1.9076,0.03712169489077091
1.9132,0.037555429536223484
1.9189,0.03761360121564561
1.9245,0.03681363694326775
1.9298,0.03752128715038619
1.9355,0.036371934342393636
1.9411,0.037329978103435885
1.9465,0.03656360502546849
1.9521,0.037805019232312914
1.9577,0.03725532284857147
1.9634,0.037896887284419395
1.9687,0.0372968001784226
1.9743,0.03771313426355899
1.9799,0.03713835084103817
1.9856,0.03746289342119061
1.9909,0.036921366966197605
1.9966,0.036471488565157695
2.0022,0.03686259179746179
2.0079,0.03740429482683291
2.0132,0.036446426012259364
2.0189,0.03696269988067441
2.0245,0.037729187546953674
2.0298,0.03747091240340661
2.0354,0.037321225234887734
2.0411,0.03737119018062943
2.0467,0.03732080773919455
2.052,0.03773762827096552
2.0576,0.03679553455090312
2.0633,0.03777046330829964
2.0689,0.03753729914174836
2.0742,0.03817075611102827
2.0799,0.03824559768342389
2.0855,0.03843733112773992
2.0911,0.03755343354561386
2.0965,0.037320572891561404
2.1021,0.03770300629074633
2.1076,0.03747068453781663
2.1132,0.03854577084197991
2.1188,0.03863698830081841
2.1244,0.03902114046745106
2.1301,0.03836193910808408
2.1354,0.03818741627262118
2.141,0.03766181160099763
2.1467,0.037552523787530434
2.1523,0.036952646486799745
2.1576,0.038086339279727294
2.1632,0.03837829907352858
2.1688,0.03927086706401137
2.1744,0.03891992619794052
2.1798,0.03876112854989705
2.1854,0.03830286253533241
2.191,0.0386859850291435
2.1966,0.03887057209198866
2.2023,0.03825321114573427
2.2076,0.03918653876091033
2.2132,0.03855337722597285
2.2188,0.038752251426769024
2.2244,0.03857752938005171
2.23,0.0387270743669961
2.2354,0.03965426086817064
2.241,0.03923688213317575
2.2466,0.0393865155868586
2.2522,0.038936241577654046
2.2576,0.03930354529092345
2.2632,0.038827019514112215
2.2688,0.03930281750220352
2.2744,0.03947872111539977
2.2801,0.03871041720505422
2.2854,0.03868483913393672
2.291,0.03980277456594397
2.2966,0.03899276148814704
2.3023,0.039268697588272894
2.3076,0.038183145005218744
2.3132,0.03907689869789108
2.3188,0.03955961311031855
2.3245,0.04037713694238049
2.3298,0.03942676871355369
2.3354,0.03976002072564641
2.341,0.0395105083949365
2.3467,0.03979423128848142
2.352,0.04004378512034193
2.3576,0.04023614610397633
2.3633,0.040419049133144425
2.3689,0.04041951668212923
2.3745,0.03930970622635738
2.3799,0.03999378592101477
2.3855,0.04021091763140966
2.3911,0.040644814586375144
2.3965,0.040854804458180655
2.4021,0.04075342314715119
2.4077,0.04104498681183988
2.4133,0.04168834532277857
2.4187,0.040661945471232225
2.4243,0.04179843124073146
2.4299,0.042533229479465084
2.4356,0.04168834532277857
2.4409,0.04195527007140662
2.4465,0.04147148849190699
2.4522,0.041814198377288
2.4578,0.041788438995706834
2.4634,0.04199010560360966
2.4688,0.04290048753442666
2.4744,0.04269156697172838
2.48,0.04208065891363222
2.4854,0.041780346033162524
2.491,0.04214687321306154
2.4966,0.0426065598369301
2.5022,0.04187133718368696
2.5076,0.04255649383343435
2.5132,0.042505886120860176
2.5188,0.043050224555501865
2.5245,0.04244664159112563
2.5298,0.04255594771940907
2.5354,0.0422555921132482
2.5411,0.0428816573537783
2.5467,0.04183632787201627
2.552,0.04286439122347652
2.5577,0.04227059394832869
2.5633,0.04208529477541423
2.5689,0.04163562663894346
2.5743,0.04219272970884225
2.5799,0.042572070454695826
2.5855,0.042318790054662714
2.5911,0.041901225673813075
2.5965,0.042510274603126924
2.6021,0.04258875680745797
2.6077,0.04165850438780616
2.6133,0.042912614265500554
2.619,0.04217670388292721
2.6243,0.04194259467112657
2.6299,0.04271911491490296
2.6355,0.0433958553507984
2.6412,0.04267496741928667
2.6465,0.04374771007456421
2.6521,0.04292993290615574
2.6578,0.043095499338404314
2.6634,0.04248354277997615
2.6687,0.043595397180064444
2.6743,0.04295196961206968
2.68,0.04353805033060962
2.6856,0.04317892819727778
2.6911,0.04300201529346517
2.6965,0.04361208469492425
2.7021,0.0435453352570456
2.7077,0.043763002724898165
2.7134,0.04368681300601074
2.7187,0.044529261165347084
2.7243,0.04361932202325547
2.73,0.04414762718364673
2.7356,0.04481694824651081
2.7409,0.04309988671909831
2.7466,0.04383985846238367
2.7522,0.04409681657429182
2.7578,0.04335958458915065
2.7632,0.04354231851219589
2.7688,0.04431941243155463
2.7744,0.0436686172681556
2.7798,0.04319200838958073
2.7854,0.04338344805684441
2.7911,0.04451336433382652
2.7967,0.04430353026185649
2.8021,0.04388553148197383
2.8077,0.044186701893484115
2.8133,0.044226388990452725
2.8189,0.045011663724165096
2.8245,0.044510079040875755
2.8299,0.04497036516078473
2.8355,0.04420885828551668
2.8411,0.04363031869161224
2.8465,0.04517155705374212
2.8521,0.04455222802444378
2.8577,0.044190434969953646
2.8634,0.04404819202978713
2.8687,0.04456014509875747
2.8743,0.04492113596271116
2.8799,0.04571376588770759
2.8856,0.046066276270278234
2.8909,0.04506964821913004
2.8965,0.045145209406460024
2.9022,0.04506875331875779
2.9078,0.04643556730836376
2.9132,0.045804222005506545
2.9188,0.04647689006263489
2.9244,0.04620079667919477
2.93,0.04579633955116025
2.9354,0.04561267150565426
2.941,0.0459396604080258
2.9466,0.046406356199693355
2.9522,0.04530843449480476
2.9576,0.045768923503477776
2.9632,0.04505809569222324
2.9688,0.04603105236952415
2.9744,0.046360111995065234
2.98,0.04502279573437207
2.9854,0.04691631231745408
2.991,0.04663920838947763
2.9966,0.04590934271990363
3.0023,0.04599281281395337
3.0076,0.04614507423181835
3.0133,0.04616962411242001
3.0189,0.045547944781009875
3.0243,0.04563921641860652
3.0299,0.046091953357129706
3.0355,0.04591718437067013
3.0411,0.04599751166501956
3.0465,0.04568145720581898
3.0521,0.046994655950027525
3.0577,0.04688663939192947
3.0634,0.04575390989056785
3.0687,0.04686554619089803
3.0743,0.04633242522027681
3.08,0.0471950693296678
3.0856,0.046254567701954796
3.0909,0.046070982345584016
3.0966,0.046714158105344766
3.1022,0.04656938669330957
3.1078,0.046654007735956876
3.1132,0.04646148606732178
3.1188,0.04651931775700663
3.1244,0.0459752456210438
3.1301,0.046459136403702334
3.1354,0.04694124466874386
3.141,0.046131977907286764
3.1466,0.04628987155938874
3.1523,0.04624755332664279
3.1576,0.0464013230843035
3.1632,0.04701635604817392
3.1689,0.046307763564983534
3.1745,0.04645793547210583
3.1798,0.04676603082375319
3.1855,0.046749343304206964
3.1911,0.046549101149952976
3.1967,0.04627196457260005
3.2021,0.04766216395631978
3.2077,0.04687261174631688
3.2133,0.04581913160910858
3.2189,0.047154995610732026
3.2243,0.04708693347430862
3.2299,0.04716782119769172
3.2355,0.04744260356084706
3.2411,0.047465703127444275
3.2465,0.04813971552067717
3.2521,0.048657730769013724
3.2577,0.048159133796052606
3.2634,0.04777112768657252
3.2687,0.047902334941714586
3.2743,0.04890830103664298
3.28,0.048840157638871035
3.2856,0.0495278264602346
3.2912,0.04885048751081833
3.2966,0.04893401719399007
3.3022,0.05009877309619182
3.3078,0.049099752707310346
3.3132,0.04969219072943029
3.3188,0.04920066804854942
3.3244,0.050451841758863025
3.3298,0.0491171674387923
3.3354,0.0495390181756957
3.341,0.05012523532674973
3.3467,0.048875738627922966
3.352,0.0500449182061494
3.3577,0.05001000634487324
3.3633,0.050070722953252766
3.3689,0.04990826911006474
3.3745,0.049505926048602156
3.3799,0.04979430530804116
3.3855,0.050578030321477035
3.3911,0.04965469729890887
3.3967,0.04995215026630484
3.4021,0.049549837797421226
3.4077,0.050026494855399506
3.4133,0.04959078144393195
3.419,0.049053455053380435
3.4243,0.04988051603595517
3.4299,0.0492902924662299
3.4356,0.04914369155100004
3.4412,0.048582360769285377
3.4465,0.05106611085612739
3.4521,0.04967523032787477
3.4577,0.049319721790506366
3.4634,0.04965268976413911
3.4687,0.049937118357613136
3.4744,0.04956757966055808
3.48,0.049377261053312166
3.4856,0.049071145906108754
3.4909,0.04955840198885744
3.4966,0.04951751003461874
3.5022,0.049058573651588305
3.5078,0.05097737523249227
3.5132,0.04977983618812626
3.5188,0.050112589574864835
3.5244,0.049344333465355494
3.53,0.04942207028357917
3.5354,0.05047684437722169
3.541,0.05043602234291428
3.5466,0.050866178677133084
3.5523,0.05049533905840645
3.5576,0.05109067804642853
3.5632,0.05079193719230421
3.5689,0.05043981007126788
3.5745,0.04999488922101336
3.5799,0.05095528051969775
3.5855,0.05210195121536734
3.5911,0.050374892612025546
3.5967,0.04965200040175974
3.6021,0.05238017076531287
3.6077,0.04993923413581716
3.6133,0.05039530954124005
3.6187,0.05075132465984705
3.6243,0.05217428198577864
3.6298,0.051018199179206
3.6355,0.05099413360975544
3.6411,0.05134298022802114
3.6467,0.052887128341772366
3.6521,0.05131859224996971
3.6576,0.053533413199297025
3.6633,0.05204422673784043
3.6689,0.05420999332235238
3.6745,0.0532547366880404
3.6799,0.0521444197281469
3.6854,0.05230945067307621
3.6911,0.053115594187023524
3.6967,0.05389180212427419
3.702,0.053236066405299154
3.7077,0.053655089107242426
3.7133,0.05380956847183316
3.7189,0.05239220741384645
3.7245,0.05190477604907817
3.7298,0.052638447217787265
3.7355,0.05387541517843328
3.7411,0.052644702483035044
3.7467,0.052660298803618305
3.7523,0.05272818924393216
3.7576,0.05267809687661343
3.7633,0.052873215029326126
3.7689,0.053186362243006546
3.7745,0.052524627337242
3.7798,0.053417068042789256
3.7854,0.054381760409428936
3.7911,0.05261963491839669
3.7967,0.053489094331255704
3.8023,0.052907679416048126
3.8076,0.05510029445957351
3.8133,0.05513814743261472
3.8189,0.05479442626313602
3.8245,0.05350505507560377
3.8301,0.05366477978093517
3.8354,0.0547253928249245
3.8411,0.05521446403846733
3.8467,0.05620536990385125
3.8523,0.05543680520434832
3.8576,0.054341077130069804
3.8632,0.05568071504175065
3.8689,0.054372903721523036
3.8745,0.05561615247150492
3.8798,0.054046513808221675
3.8855,0.05324519450625406
3.8911,0.05499356261761812
3.8967,0.05388904103407138
3.9021,0.054065499533953704
3.9077,0.0542134853716027
3.9133,0.053986927770161425
3.9189,0.054182618559619145
3.9243,0.05400143192600715
3.9299,0.053979728083489525
3.9356,0.05462147203666287
3.9409,0.055695231550959706
3.9466,0.054049064873986974
3.9522,0.05509622940441103
3.9578,0.054182618559619145
3.9632,0.05531095360166799
3.9688,0.053567510209417274
3.9744,0.055117679998732655
3.98,0.05501987839897168
3.9857,0.05557588894597712
3.991,0.055867062788218125
3.9966,0.055084279353282334
4.0023,0.05640176959037321
4.0076,0.055170191255140666
4.0133,0.05671709398890859
4.0189,0.05601986282153898
4.0243,0.056743385734262214
4.0299,0.056167822311639665
4.0355,0.05706568328104086
4.0411,0.05689604118978292
4.0467,0.05763200446803787
4.0521,0.056609654732929504
4.0577,0.056600084139269785
4.0633,0.05735949558685094
4.0689,0.05730221937838165
4.0743,0.058243735239882355
4.0799,0.057177695500622516
4.0855,0.05739500553846025
4.0912,0.05881298257469994
4.0965,0.05805470991900072
4.1021,0.05888584538537364
4.1078,0.05841812045130812
4.1134,0.05785150014587065
4.1187,0.058083575041353114
4.1243,0.059546211345333666
4.1299,0.058066336583027456
4.1356,0.0589817710447631
4.1412,0.05887352861131262
4.1465,0.0587044539220998
4.1522,0.05968009242218836
4.1578,0.059540944688263764
4.1632,0.059047818720645295
4.1688,0.060280881016984034
4.1744,0.061742107446310895
4.18,0.060122290737686074
4.1854,0.05970992907223993
4.191,0.05963430085594662
4.1966,0.06043329701483813
4.2022,0.06070696854252855
4.2076,0.060374977133303365
4.2132,0.0605326071916055
4.2188,0.06039320816300514
4.2244,0.05962896926641903
4.2301,0.060559084101088206
4.2354,0.05976712941170895
4.241,0.05985504025965163
4.2466,0.060148728402343726
4.2523,0.06105567599570802
4.2576,0.060881324810563325
4.2632,0.06026209524785625
4.2689,0.06068745715473703
4.2745,0.06164724478686104
4.2798,0.06066374150631129
4.2855,0.06219574708228401
4.2911,0.06128167505925172
4.2967,0.0626508667882337
4.302,0.061566324069734724
4.3077,0.06125094900567432
4.3133,0.06233257168347467
4.3189,0.062289284125566335
4.3242,0.0624372010075008
4.3299,0.06252095393667864
4.3355,0.06335053186402037
4.3411,0.062427398480458945
4.3467,0.060884103520231214
4.3521,0.0622570504695896
4.3577,0.0619036976618417
4.3633,0.06231134432065641
4.3689,0.06237428552734886
4.3743,0.0625064525904194
4.3799,0.06301477311204717
4.3855,0.06198155502530017
4.3912,0.06318702728650327
4.3965,0.06297326450666316
4.4021,0.06374005390445536
4.4078,0.06356661733634886
4.4134,0.06351340453777476
4.4187,0.06456831723699594
4.4244,0.06391556090876366
4.43,0.06328670636741446
4.4356,0.06442134583297657
4.441,0.06397959991820792
4.4466,0.06512238804113424
4.4522,0.06349759463011573
4.4578,0.06477545454412756
4.4632,0.06360306245544797
4.4688,0.06420344827563443
4.4744,0.06414415342325286
4.48,0.06450901413227828
4.4857,0.06546901724961363
4.491,0.06504607499344733
4.4966,0.06524585423832813
4.5023,0.06618434873521051
4.5079,0.0653477957217139
4.5132,0.06474367628784347
4.5189,0.06424849876755379
4.5245,0.06473681544331258
4.5298,0.06612166553987767
4.5355,0.06497528832086613
4.5411,0.06297015720354834
4.5467,0.06568622606280897
4.5523,0.06399717295867735
4.5577,0.06597526785543151
4.5633,0.06470094396108969
4.5689,0.06577631029946632
4.5745,0.06699712204474542
4.5798,0.06482818645269325
4.5855,0.06443712482616937
4.5911,0.06486633310488024
4.5967,0.06455385144100312
4.6023,0.06434595581983374
4.6077,0.06583438713047532
4.6133,0.06496037813677141
4.6189,0.06593850690277561
4.6245,0.06626672449781912
4.6299,0.06494652889928934
4.6355,0.06627703049913908
4.6411,0.06646492889003439
4.6467,0.06690367238751363
4.6521,0.06764185127030375
4.6577,0.06546879309415132
4.6633,0.06617929290004398
4.669,0.06785257494969599
4.6743,0.066773297568233
4.6799,0.06606191312637402
4.6856,0.06805812028717645
4.6912,0.07028432696113593
4.6965,0.06799093843849649
4.7022,0.06793364136721808
4.7078,0.06833992539037223
4.7134,0.06758799426374135
4.719,0.06818887403815971
4.7244,0.06857827758940535
4.73,0.06921952144509286
4.7356,0.06766220846258753
4.7413,0.06881328720178614
4.7466,0.06958551443357541
4.7522,0.06727982194244816
4.7579,0.06806146517875494
4.7632,0.06759499391802756
4.7688,0.06824937868690248
4.7745,0.0689676724791996
4.7801,0.06922290498378883
4.7854,0.06974653127698821
4.7911,0.06965267498700181
4.7967,0.06934714884383006
4.8023,0.0709194427602709
4.8077,0.06808478440858212
4.8133,0.0691321028220798
4.8189,0.06901461531540604
4.8245,0.06860843905353245
4.8299,0.06802756931426904
4.8355,0.06850107039940254
4.8411,0.06944090323437269
4.8467,0.0681150788000787
4.8521,0.06822240476615174
4.8577,0.07017199831555279
4.8633,0.07037752962885097
4.8689,0.0706130424783038
4.8746,0.06949126058999192
4.8799,0.07072450275330427
4.8855,0.0719414569112084
4.8912,0.07114742602275764
4.8968,0.06966258931173094
4.9021,0.07012215583352152
4.9077,0.07117086119446472
4.9133,0.07168198259531017
4.919,0.07168861599528742
4.9243,0.07188670717771434
4.9299,0.07173902857516312
4.9355,0.07155804189738435
4.9412,0.07241428134131203
4.9468,0.07123694708400752
4.9521,0.07292580403506715
4.9578,0.07329024573139808
4.9634,0.07115406210426639
4.969,0.07157407043729586
4.9744,0.07477152059095285
4.98,0.07085868328066264
4.9856,0.07304349218868839
4.9912,0.07244542800565246
4.9966,0.07242087299718794
5.0022,0.07307772826139255
5.0079,0.07321225961782346
5.0133,0.07290295009509806
5.0189,0.0749523349157421
5.0245,0.0720847680969216
5.0301,0.07329204549687904
5.0354,0.07337529674760032
5.041,0.0727804034261599
5.0467,0.07509920289997252
5.0523,0.07350405624639478
5.0579,0.07392888810003392
5.0632,0.07341340228927651
5.0689,0.07442621569870222
5.0745,0.07620077717857551
5.0801,0.07528524162082845
5.0855,0.07502908183981574
5.0911,0.0742953243286259
5.0967,0.07553294422643589
5.1024,0.07519362783144048
5.1077,0.07541785734889539
5.1133,0.07621108864713833
5.119,0.07477202161543148
5.1246,0.07560129446607913
5.1299,0.07532070481298739
5.1355,0.07531690394473514
5.1412,0.07509544375822874
5.1468,0.07678625355356816
5.1521,0.074665454011095
5.1577,0.07617362684651832
5.1634,0.07673135894601038
5.169,0.07579188501686782
5.1746,0.07600528136221887
5.1799,0.07478507102995269
5.1855,0.07678625355356816
5.1912,0.07575180202589898
5.1968,0.07584763717687382
5.2021,0.07724854207926071
5.2077,0.07578033297960657
5.2133,0.07536191201547365
5.219,0.07684843122265869
5.2243,0.07754269398331029
5.2299,0.0774132233331356
5.2355,0.07685094782425783
5.2412,0.07759569183115614
5.2465,0.07816481163463643
5.2522,0.077538740320449
5.2578,0.0782716921716507
5.2633,0.07866313259108659
5.269,0.07836397230018255
5.2746,0.07675779412346587
5.2799,0.07689995345093553
5.2856,0.07923932464775335
5.2911,0.07860783432585222
5.2968,0.07867819776985019
5.3024,0.07959327981914427
5.3077,0.079301013724285
5.3133,0.07832625902647675
5.3188,0.0791138803625763
5.3244,0.07947179821086908
5.33,0.07742333762474987
5.3356,0.07968630391888862
5.3413,0.08067039040212737
5.3466,0.07675640606752196
5.3522,0.07956425047303828
5.3578,0.08021294192322156
5.3635,0.07839827537012195
5.3688,0.0791161241531822
5.3745,0.08033321344399325
5.3801,0.07952234773701411
5.3857,0.07886370396295181
5.3911,0.07974368816917315
5.3967,0.08055013806836667
5.4023,0.08030182146865433
5.4077,0.08074418065600258
5.4133,0.0820215608818092
5.419,0.07929731744472931
5.4246,0.08147133627183825
5.4299,0.08111512069306254
5.4355,0.08020693703394755
5.4412,0.08112564502573344
5.4468,0.08079476043591186
5.4521,0.0808284808071526
5.4578,0.08227027350840269
5.4635,0.0822639901303687
5.4689,0.0824200984865199
5.4745,0.08211646426796668
5.4801,0.08378498224717901
5.4854,0.08288011732959885
5.4911,0.08244325542537914
5.4967,0.08204043314867634
5.5023,0.08238402239615497
5.5079,0.08242835338513232
5.5133,0.08108765949024777
5.5189,0.08166712419968444
5.5245,0.08348574079988266
5.5302,0.08362871612898592
5.5355,0.08330119883072828
5.5411,0.08328923851927339
5.5468,0.08292189790962151
5.5524,0.08202120252311743
5.5577,0.08400685646163766
5.5634,0.08310749013046495
5.569,0.08380186187460098
5.5743,0.08337932329868136
5.58,0.08450381351203945
5.5856,0.08434568377461216
5.5912,0.08413691084663852
5.5968,0.08379227941179573
5.6022,0.08321243730577829
5.6078,0.08366522836197468
5.6134,0.08472495969492533
5.619,0.08507945608577885
5.6244,0.08335362064875718
5.63,0.08538279514604957
5.6356,0.08460680438347798
5.6413,0.08477559923944916
5.6466,0.08618292641636993
5.6522,0.08515769254026043
5.6578,0.08370791651870232
5.6635,0.08513294678518496
5.6688,0.08584220903968684
5.6744,0.08596660515319224
5.6801,0.08612934333297362
5.6857,0.08543791675496884
5.691,0.08606030178439161
5.6966,0.08741648531310087
5.7023,0.08602959240250693
5.7079,0.08611192128220083
5.7135,0.08664983230189618
5.7189,0.088073898829272
5.7245,0.08682810795608761
5.7301,0.08721206409849655
5.7358,0.08687725652595843
5.7411,0.08811100250935883
5.7467,0.08673437663057784
5.7524,0.0857916451573845
5.7577,0.08660536826855725
5.7633,0.0873073258995253
5.769,0.08858573294975447
5.7746,0.08769739008228292
5.7799,0.0896848175585194
5.7856,0.08675126870279479
5.7912,0.08891071635250644
5.7968,0.08773991875553944
5.8022,0.0890556036776382
5.8078,0.0867494261137553
5.8134,0.08845560183700951
5.8191,0.08874871338003418
5.8244,0.08815974782903957
5.83,0.08838421855780687
5.8356,0.08809472056356615
5.8413,0.08965452847693056
5.8466,0.08923070361806931
5.8522,0.09012688825660373
5.8579,0.08904955560204128
5.8635,0.09129086249718801
5.8689,0.09065611327836529
5.8745,0.090435085659448
5.8801,0.08868615843198374
5.8857,0.08918117028369923
5.8911,0.09206240461426249
5.8967,0.0917787617110705
5.9023,0.08976797300439948
5.9079,0.08951438464334974
5.9135,0.09107409424177604
5.9189,0.09071177180413115
5.9245,0.09234228644009296
5.9301,0.09004118057116528
5.9355,0.09124225415173473
5.9411,0.09102117646030972
5.9468,0.09054860914004126
5.9524,0.0916790878463907
5.9577,0.09070491156409258
5.9634,0.09170193887423012
5.969,0.0913602346947025
5.9746,0.09081733935592254
5.98,0.09072866058383858
5.9856,0.09148794882293962
5.9912,0.09201831028844618
5.9969,0.09257668581239509
6.0022,0.09182711717471778
6.0079,0.09225437243141019
6.0135,0.09230340478218013
6.0188,0.0920631553077744
6.0245,0.09119444697977167
6.0301,0.09261485726554397
6.0357,0.09321833327973017
6.0411,0.09296358101880906
6.0467,0.09270617485977953
6.0523,0.09245152885004565
6.058,0.09230155685005814
6.0633,0.09356940989046345
6.069,0.09489209641344126
6.0746,0.09460751673342677
6.0802,0.09439257736429854
6.0856,0.09435066820983376
6.0912,0.09524416795552837
6.0966,0.09600778295639206
6.1022,0.0953171700429371
6.1078,0.09617625168022936
6.1135,0.09685914174309354
6.1191,0.09693809622478769
6.1244,0.09596702378390673
6.13,0.09603536446957389
6.1356,0.09588811961368712
6.1413,0.09427466404584847
6.1466,0.09469744405931799
6.1522,0.09632639330222781
6.1579,0.09717964295556192
6.1635,0.09577532456815413
6.1688,0.09640134559462032
6.1744,0.09586641065968177
6.1801,0.09542992889108576
6.1857,0.09697300790423341
6.1913,0.09657615724410601
6.1966,0.09627312334850124
6.2023,0.09650413327445845
6.2079,0.09879212104338764
6.2135,0.09883224912338909
6.2189,0.09978847800554203
6.2245,0.09902570896851676
6.2301,0.09617188780501484
6.2357,0.09684436440427491
6.2411,0.09755024516831381
6.2467,0.09892978712956935
6.2523,0.0981943297304958
6.258,0.09772581529829774
6.2633,0.09892348278820304
6.269,0.09849389020318053
6.2746,0.09974925100131185
6.2799,0.0985677224990355
6.2856,0.09795766482440266
6.2912,0.10063763855460464
6.2968,0.09904248266077939
6.3022,0.09757919869492876
6.3078,0.09792417097245859
6.3135,0.09746626770091002
6.3191,0.10024704098777576
6.3244,0.09916675892361954
6.3301,0.10062640992969876
6.3357,0.0994100357053665
6.341,0.09928599154542589
6.3467,0.09847220934597845
6.3523,0.10153756880137285
6.3579,0.1001682012889713
6.3633,0.09994764027588976
6.3689,0.10105072486791891
6.3745,0.0994161091991701
6.3801,0.10091471355592566
6.3855,0.09889600407497742
6.3911,0.1012317094362856
6.3968,0.10096592576195709
6.4024,0.10132241229746522
6.408,0.10003242511967153
6.4134,0.10027556016868788
6.419,0.10081301847861737
6.4246,0.10083007192700644
6.43,0.09992494096555549
6.4356,0.10097122516306753
6.4412,0.10270298232966396
6.4469,0.10229544863806717
6.4522,0.10187099782705339
6.4578,0.10293033243010177
6.4635,0.10305407208890452
6.4688,0.10273071996344138
6.4745,0.10406185891760084
6.4801,0.10159334750278967
6.4857,0.10344436052952269
6.4913,0.10312678917318566
6.4967,0.10299199879888174
6.5023,0.10170702088296249
6.5079,0.10332505467085429
6.5135,0.10434636564877023
6.5189,0.10380611342542237
6.5245,0.10395947263018693
6.5301,0.10426658074248579
6.5358,0.10495793054395441
6.5411,0.10260595901362063
6.5468,0.10512195676142402
6.5524,0.10347936717841147
6.5577,0.10504630745746474
6.5634,0.10234540195352848
6.569,0.10441216632029093
6.5746,0.10619662800416288
6.58,0.10536373708796795
6.5856,0.10640812854064757
6.5912,0.10488184674917425
6.5969,0.10599806336067624
6.6022,0.10741849626052735
6.6078,0.10631020619482567
6.6135,0.10660189389281827
6.6191,0.10258214806867105
6.6244,0.10528541471079964
6.6301,0.10942159995304604
6.6357,0.10583894223355123
6.6413,0.10577022106844983
6.6467,0.10640605819760113
6.6523,0.10697952601701705
6.6579,0.10681488410699289
6.6633,0.10676652577228987
6.6689,0.10725856210819754
6.6746,0.1083707252535813
6.6802,0.10887420587973087
6.6855,0.10671209348366703
6.6911,0.10801174319894205
6.6968,0.10911340497560054
6.7024,0.10797388981642772
6.7078,0.10650022453917835
6.7134,0.10848816482690887
6.719,0.10782194487042895
6.7246,0.109768977729477
6.73,0.11004022591617305
6.7356,0.10756148122870188
6.7412,0.10958810769150887
6.7469,0.10860972257874166
6.7522,0.11037869137888157
6.7577,0.11120264968328084
6.7634,0.11033395749130517
6.769,0.10968779114135263
6.7746,0.10975727089414822
6.78,0.11095883311738411
6.7856,0.10787199583734641
6.7912,0.11034248622912443
6.7968,0.11184644078512088
6.8024,0.11075114283958037
6.8078,0.11206102450175925
6.8134,0.10910949145248397
6.819,0.11112696805477601
6.8246,0.11151628430557681
6.83,0.11141281543498865
6.8356,0.11242174220770079
6.8412,0.10983892047453078
6.8468,0.10968278592936306
6.8524,0.11197617470106347
6.8578,0.11209541787197355
6.8634,0.11296708928179125
6.869,0.11232195649936183
6.8746,0.11188575971016282
6.88,0.11280189686182579
6.8856,0.11261694736381701
6.8912,0.11281236202528752
6.8968,0.11318729210265885
6.9024,0.11078678884100834
6.9078,0.11338139122122186
6.9135,0.11273896606898026
6.9191,0.11184380653548842
6.9244,0.11101856194142354
6.93,0.11459189794031471
6.9356,0.11457484492413013
6.9412,0.11544778078186431
6.9469,0.11434942157448966
6.9522,0.1148810187446849
6.9579,0.11631445862586569
6.9635,0.11697011611565086
6.9691,0.11762558413639314
6.9745,0.115708890497412
6.9801,0.11720054447058274
6.9857,0.1177141463515143
6.9911,0.11834300608922128
6.9967,0.11624303479814269
7.0023,0.11890341152622648
7.0077,0.11637755918073334
7.0134,0.11684038473043445
7.019,0.11838230284299732
7.0246,0.11833105331692163
7.03,0.11892356803868342
7.0356,0.1171408075455688
7.0413,0.11862318572711582
7.0469,0.11670707558903869
7.0522,0.11897176947736228
7.0579,0.1202999871317337
7.0635,0.11927587304067475
7.0691,0.1177109819293238
7.0744,0.1210098812313665
7.0801,0.11739515895227205
7.0857,0.11781169301535009
7.0911,0.11962636254185448
7.0967,0.12061285755379016
7.1023,0.11838529449893462
7.1079,0.1190588342039573
7.1136,0.1182214790296251
7.1189,0.11795150362659997
7.1245,0.11960691460261146
7.1302,0.12287091253503035
7.1358,0.11985312568462855
7.1411,0.12098521007299098
7.1468,0.12096108906585408
7.1524,0.12072062496768357
7.1578,0.12079608707667663
7.1634,0.12070659385825688
7.169,0.12126461664330981
7.1746,0.12249809441406175
7.18,0.12052263105689065
7.1856,0.12285278700175208
7.1912,0.12242185375130182
7.1968,0.1223783624575749
7.2022,0.12051128534236583
7.2078,0.1210374774087006
7.2134,0.12229561301072414
7.219,0.1219728767450794
7.2244,0.12275687545716975
7.23,0.12218025085715906
7.2357,0.12386188841182179
7.2413,0.1239452021853806
7.2469,0.12419887825669187
7.2523,0.12325345794413387
7.2579,0.12453361109601865
7.2635,0.12369798128340882
7.2689,0.12563739601678747
7.2745,0.12385463432223905
7.2802,0.1227234800257254
7.2858,0.12358834334649955
7.2911,0.12469083447448237
7.2967,0.1258893773000997
7.3024,0.12610436637215397
7.308,0.12251794091586099
7.3133,0.12627118529904435
7.319,0.12418706821315098
7.3246,0.126611368690061
7.3302,0.12347093650455156
7.3355,0.12679469453880993
7.3412,0.12620488085288895
7.3468,0.12454656435221882
7.3524,0.12483008036112478
7.3578,0.12816871916764516
7.3634,0.12906520330659188
7.369,0.12877849274889205
7.3747,0.1302707059527061
7.38,0.1267187149718364
7.3856,0.12742642889589031
7.3913,0.12774455993318842
7.3969,0.12780078917869686
7.4022,0.126782400897861
7.4079,0.12887216858324146
7.4135,0.12851308949747187
7.4191,0.12755336925096833
7.4245,0.12731086351474338
7.4301,0.1272689982381054
7.4357,0.12920164588654245
7.4413,0.13077778493872633
7.4467,0.12841092147191774
7.4523,0.13047658999816208
7.4579,0.13057189240747696
7.4635,0.12932448851654832
7.4689,0.12952268269978523
7.4745,0.12920356089026241
7.4801,0.13005435413202707
7.4857,0.129510301296146
7.4911,0.1305269720876681
7.4967,0.13015726977908992
7.5023,0.13037732139789782
7.508,0.1277601610945988
7.5133,0.13004715072712097
7.5189,0.12897016299745145
7.5246,0.13190431137461783
7.5302,0.13324650205625166
7.5356,0.13334015137189353
7.5412,0.13246995930575572
7.5468,0.13326838435488053
7.5525,0.13239737786148303
7.5579,0.13038378246047794
7.5635,0.13421328976538768
7.5691,0.13321026896434884
7.5744,0.13352913047202775
7.5801,0.13319173778134302
7.5857,0.13357275179000416
7.5914,0.1339024270192472
7.5967,0.13273750099986958
7.6023,0.13259552487000853
7.608,0.13510497403172306
7.6133,0.13484447362884883
7.619,0.13252847374740645
7.6246,0.13404110347098613
7.6302,0.13420861417486976
7.6356,0.1361625683358565
7.6412,0.1362382160214343
7.6468,0.1368835906889182
7.6525,0.13130531883734053
7.6578,0.13728034051937962
7.6634,0.13467902408108984
7.669,0.13651548441844447
7.6747,0.13862719075470054
7.68,0.134684636937039
7.6857,0.13795483169839637
7.6913,0.13787453185893947
7.6969,0.13703727049649322
7.7023,0.1377667047870451
7.7079,0.13671850550358575
7.7135,0.1413329384270664
7.7191,0.1378183266417571
7.7245,0.1392722401530131
7.7301,0.13875223501171435
7.7357,0.1391780376887734
7.7413,0.13961298987253185
7.7467,0.1367540672405274
7.7523,0.13931750976750676
7.7579,0.13888181412455325
7.7636,0.13956746867315917
7.7689,0.13691446577715774
7.7745,0.14122743046135233
7.7802,0.1419279944345111
7.7858,0.144056080505843
7.7911,0.14079226629082955
7.7968,0.1426315831654171
7.8024,0.14045304050850338
7.808,0.1415292571334686
7.8134,0.14086117067539417
7.819,0.14146415474294932
7.8246,0.14217897829968412
7.83,0.1414679252994877
7.8356,0.14065650672823815
7.8413,0.14254149359920637
7.8469,0.1424630674170546
7.8522,0.1427266543198224
7.8579,0.13868889117463373
7.8635,0.14411033464313056
7.8691,0.14411840708095164
7.8745,0.14227509702105517
7.8801,0.14222340636207914
7.8858,0.14366259782577553
7.8914,0.14410623713409437
7.8967,0.1438516754227161
7.9024,0.14274334834577257
7.908,0.14250962925796667
7.9133,0.14473094228485162
7.9189,0.14462334715199904
7.9246,0.14535143105917947
7.9302,0.14684923085210946
7.9358,0.1450186377692882
7.9412,0.1454168813028467
7.9468,0.14404099852673313
7.9524,0.14661177759612692
7.958,0.14669330519180443
7.9634,0.1482478580327627
7.969,0.14635282671539412
7.9746,0.1441752101247386
7.98,0.14694384851964187
7.9856,0.1466809486055752
7.9912,0.14591276909004378
7.9969,0.14743191111710136
8.0022,0.14880529650417773
8.0079,0.1459298009320213
8.0135,0.14858913800490686
8.0191,0.14847687578467067
8.0245,0.1484596367006344
8.0301,0.14816158907555446
8.0357,0.15138192347755328
8.0414,0.14876640105559802
8.0467,0.14787664801129674
8.0523,0.14898170433334243
8.0579,0.1508407297267289
8.0636,0.1478636496255228
8.0689,0.15117776376980385
8.0746,0.14938854302344842
8.0802,0.151039421467113
8.0856,0.15073323948600442
8.0912,0.15178841752030703
8.0968,0.1520261016427174
8.1024,0.1515073129893711
8.108,0.15304714132100045
8.1134,0.1535700392231215
8.119,0.1514540067546551
8.1246,0.15107460975933584
8.1302,0.1514413891358452
8.1356,0.15389957655279318
8.1412,0.1519911146330979
8.1468,0.15305180783280636
8.1524,0.15285569174022567
8.1578,0.15360999895904806
8.1634,0.1535019157895891
8.169,0.15558927246226256
8.1747,0.1539286923959184
8.18,0.15416509934978212
8.1857,0.15442733574967654
8.1913,0.15582355485759333
8.1969,0.15442022267419753
8.2023,0.1527124835994088
8.2079,0.15578236074501317
8.2135,0.15401807421406366
8.2189,0.15383867147425911
8.2245,0.1552668365772153
8.2301,0.15829043697861436
8.2357,0.15658118853269062
8.2414,0.15811664966094743
8.2467,0.1571858611196035
8.2523,0.15403255230213955
8.258,0.15523081544403472
8.2636,0.15669439328223125
8.2689,0.15664551528534257
8.2746,0.1570062522174037
8.2802,0.15871593668439904
8.2858,0.15771393165279698
8.2911,0.157218447456089
8.2968,0.15630713468994809
8.3024,0.1591884817043374
8.308,0.1612883606224899
8.3134,0.15835657049482108
8.319,0.15906355830529975
8.3247,0.15868836376157078
8.33,0.15823840040773354
8.3356,0.15967030612358127
8.3413,0.16160243161768914
8.3469,0.16059550185123703
8.3522,0.16143969241180608
8.3578,0.16006544542245624
8.3634,0.16086804913878885
8.369,0.1633305669809059
8.3746,0.1603072647349546
8.3802,0.1578762694199606
8.3856,0.15975470803925992
8.3911,0.16227073797147443
8.3968,0.16254720147362736
8.4024,0.1633787418407642
8.408,0.16118579643412495
8.4134,0.1612403178365115
8.419,0.16444293310281552
8.4246,0.16215984518600987
8.4302,0.1623549753885726
8.4358,0.164139545290047
8.4411,0.16458983691914023
8.4468,0.1628682532035778
8.4524,0.16269561697701826
8.458,0.16421217960297405
8.4634,0.16394438470503134
8.469,0.1634110222827587
8.4746,0.16354305148529194
8.4802,0.16459154684567176
8.4856,0.1613152305221087
8.4912,0.16813483315757813
8.4968,0.1632869400901695
8.5024,0.16492793659637175
8.508,0.16510859318040397
8.5134,0.16839029254682855
8.519,0.16506100719771785
8.5246,0.16780600162652554
8.5302,0.1673476084132677
8.5356,0.16265292694306743
8.5412,0.16610810507572668
8.5468,0.16663793521847783
8.5524,0.16720447648135614
8.558,0.16632678896289643
8.5634,0.16537221688573833
8.569,0.17181933566013688
8.5746,0.16812130866373529
8.5802,0.17176775045554896
8.5856,0.16760850765407873
8.5912,0.1724334160818454
8.5968,0.16865924850890204
8.6025,0.17035346275074537
8.6078,0.1696077498777239
8.6135,0.17118939388702417
8.6191,0.17200968878423997
8.6247,0.17165329767917553
8.63,0.1706066647133296
8.6357,0.17199829689185572
8.6413,0.17167313401203724
8.6469,0.17262247469629616
8.6523,0.1719072802810183
8.6579,0.17283842954649756
8.6635,0.17233955225141215
8.6692,0.17608035927681462
8.6745,0.17248814958980271
8.6801,0.1729279771396587
8.6858,0.17141854601075884
8.6911,0.17410324097517635
8.6968,0.17403081346622665
8.7024,0.17182069965016053
8.708,0.1760616514165582
8.7134,0.17632622764264425
8.719,0.1765494726586965
8.7246,0.17626814540278185
8.7302,0.1735198674148957
8.7356,0.17456333630127305
8.7412,0.17596757699867485
8.7468,0.17391375418771338
8.7525,0.17403715823163193
8.7578,0.17257257406088675
8.7634,0.17564479295205168
8.7691,0.17259902279602884
8.7747,0.1746462756727152
8.7801,0.1762101027209594
8.7857,0.17457333008910972
8.7913,0.1784159208600993
8.7969,0.17702493203753125
8.8022,0.17774876231842862
8.8079,0.17537016204154068
8.8135,0.17762642305403722
8.8191,0.17682903690901755
8.8245,0.17873127267074526
8.8301,0.18104537137670165
8.8357,0.17754920486321216
8.8413,0.17635826532548543
8.8467,0.1790104213821035
8.8523,0.17638215120794978
8.8579,0.17853019031749476
8.8636,0.18071116909251225
8.8689,0.1794234727888893
8.8745,0.18140215369155083
8.8802,0.1793678904314521
8.8858,0.1810113994442443
8.8911,0.1845101135426471
8.8967,0.1811262517033865
8.9023,0.1778753941225959
8.908,0.1793015317865759
8.9136,0.17963941709501313
8.919,0.1821032556203467
8.9246,0.18331534439261457
8.9302,0.18066025897239657
8.9358,0.18436997554227016
8.9412,0.18534089912835225
8.9468,0.1844921190864831
8.9524,0.18641059748373365
8.9581,0.18514462008277097
8.9634,0.18461527913122103
8.9691,0.18187433057708197
8.9747,0.18482195336993948
8.98,0.18278970198583738
8.9857,0.1867862763998111
8.9913,0.18435927927208254
8.9969,0.18257289134544916
9.0023,0.18438389073694272
9.0079,0.18772683192827436
9.0135,0.1875056257457541
9.0192,0.18945514635696112
9.0245,0.1845274713470977
9.0302,0.18615120627334183
9.0358,0.1909986245016412
9.0412,0.18902295661271087
9.0468,0.1889841663941051
9.0524,0.18860144234330886
9.0578,0.19004875912200433
9.0634,0.19053730877828287
9.069,0.1884640513492776
9.0747,0.18821829123793543
9.0803,0.1902913008538368
9.0857,0.1899154131751728
9.0913,0.19073493834843974
9.0969,0.18896590953466838
9.1022,0.1916831512840064
9.1079,0.1903901212454614
9.1135,0.18998150213533968
9.1191,0.19022846550312741
9.1245,0.1926343009372817
9.1301,0.1923836491478678
9.1357,0.19194277538666818
9.1414,0.19024951909327228
9.1467,0.19013691407911704
9.1524,0.19454326560082916
9.158,0.1907136711238229
9.1636,0.196116357214905
9.169,0.1949235156874374
9.1746,0.1944441186669739
9.1802,0.19618844323775878
9.1856,0.19479148451116443
9.1912,0.19748448217681328
9.1969,0.1956172338779987
9.2025,0.19417464332561093
9.2078,0.19665667947846255
9.2135,0.1959355377254024
9.2191,0.197582314060013
9.2247,0.19584123413686197
9.2301,0.19690002949636778
9.2357,0.19815817738517744
9.2414,0.19849516452745541
9.2467,0.19601401564081525
9.2523,0.19825161280167372
9.258,0.1989168162610848
9.2633,0.20049860122831645
9.269,0.19723059262362422
9.2746,0.19948712281545852
9.2802,0.1990267714755205
9.2858,0.1999637571093844
9.2912,0.19900999312428716
9.2968,0.20146415281449206
9.3024,0.20234969210442516
9.3081,0.200745786549024
9.3134,0.1977174345135537
9.319,0.20134249287626324
9.3247,0.19888100694231872
9.33,0.20315591916416917
9.3357,0.201801483175528
9.3413,0.2011385722547477
9.3469,0.2010391607161355
9.3522,0.20218846929242315
9.3579,0.20221379871670028
9.3635,0.20055243864769948
9.3691,0.20074363301925
9.3745,0.20178972708000112
9.3801,0.20426553099837888
9.3857,0.20337035460922376
9.3914,0.20332063988136082
9.3967,0.2040013001227343
9.4023,0.2071801226095659
9.408,0.20604759013014404
9.4136,0.20630394190794224
9.4189,0.20778061338279705
9.4246,0.20597631771870728
9.4302,0.20889001368825708
9.4356,0.20764809943752913
9.4412,0.2068825249338291
9.4468,0.2084149490322241
9.4524,0.20797684078355297
9.4578,0.208509215781395
9.4634,0.20890623322756383
9.4691,0.21223804679780026
9.4747,0.20684712865430302
9.48,0.2053222272419559
9.4857,0.208574357405974
9.4913,0.21272334609365837
9.4969,0.21116460091372852
9.5025,0.20980361067710906
9.5079,0.21258030554910315
9.5135,0.21072225579369017
9.5191,0.21099771011312926
9.5247,0.21168092429293733
9.5301,0.2139717534657967
9.5357,0.20945187313740135
9.5413,0.2130791979983049
9.547,0.21175591435242783
9.5523,0.21349256957377824
9.5579,0.2140326447551077
9.5636,0.212934768834353
9.5689,0.21353962230884468
9.5745,0.21312920365824659
9.5802,0.21367850953235848
9.5858,0.21305217170841625
9.5911,0.2157883205443912
9.5967,0.21637650107915804
9.6024,0.21446876467642617
9.608,0.21574215580050368
9.6136,0.2168378988287149
9.619,0.21903432506583662
9.6246,0.21607141348844613
9.6302,0.21978492298454747
9.6356,0.2176875213043251
9.6412,0.21987929912496518
9.6468,0.21692807799021763
9.6524,0.22278680802567885
9.6581,0.21794886517370335
9.6634,0.21786228799243243
9.6691,0.22110665769277907
9.6747,0.21994108670719245
9.68,0.21837953485431702
9.6857,0.2189661844975189
9.6913,0.21986073001216958
9.6969,0.22071788475750523
9.7023,0.21826401379939167
9.7079,0.22178992692271907
9.7135,0.2195169676406257
9.7191,0.21908373130721623
9.7245,0.21798195184031427
9.7301,0.22273095886527217
9.7357,0.2214837658990297
9.7414,0.22100048546560166
9.7467,0.22138861347109692
9.7524,0.22339601513999746
9.758,0.22209550786531487
9.7636,0.22589594158214957
9.7689,0.22424608988982883
9.7746,0.22161411105825396
9.7802,0.2258125745015437
9.7858,0.226397896834643
9.7912,0.22097980609176923
9.7968,0.2241833558817311
9.8024,0.22339015810142257
9.8081,0.2248254757384989
9.8134,0.22326543484752434
9.8191,0.22216977573369515
9.8247,0.22799900399857023
9.8301,0.2267947460576473
9.8357,0.22709777282868157
9.8413,0.22884026305306737
9.8469,0.22924982043178163
9.8523,0.2269520671694332
9.8579,0.22927521345466031
9.8635,0.22846181478742475
9.8692,0.22915895177580342
9.8745,0.2308603228461092
9.8801,0.22812212372782453
9.8858,0.22636327981895918
9.8914,0.23407710796697534
9.8967,0.22753862779288406
9.9024,0.22817754357556572
9.908,0.22485842161812222
9.9134,0.22960289018835936
9.919,0.2308877443007636
9.9246,0.22853621727642146
9.9303,0.23128130822801593
9.9356,0.23358538061469564
9.9412,0.23291322178873872
9.9468,0.23345376801116544
9.9525,0.2337940467024722
9.9581,0.23540268039781242
9.9634,0.23311383448170506
9.969,0.23692599741277845
9.9746,0.23451629100550683
9.9802,0.23083033673700595
9.9856,0.23460696276796658
9.9913,0.23838834713246423
9.9968,0.23391362170133892
10.0024,0.2355997733783398
10.0078,0.23606666708584328
10.0134,0.23619653764220583
10.019,0.2345943588814585
10.0246,0.23576550462909832
10.0301,0.23541776799678396
10.0358,0.2368894078960668
10.0414,0.23772953179439552
10.0468,0.2409311298054392
10.0524,0.2359374220879155
10.058,0.23658456815546783
10.0634,0.23731318386892822
10.069,0.2414614729087221
10.0747,0.23436367015487128
10.08,0.238808792326688
10.0856,0.24038058644864216
10.0912,0.23998065480187414
10.0969,0.23705930881045836
10.1025,0.24266572380030862
10.1078,0.2406934107370177
10.1135,0.2405125698579119
10.1191,0.24357217460039782
10.1247,0.24186801549049
10.1301,0.23914247307859607
10.1357,0.24163584454167888
10.1413,0.23935396313170218
10.1469,0.24062308399046925
10.1523,0.2412406295883295
10.1579,0.2457413676836453
10.1635,0.2448308465045698
10.1691,0.248909333169638
10.1745,0.2448488385633613
10.1801,0.24637315505136173
10.1858,0.24646763088598805
10.1914,0.24620187055983725
10.1967,0.2490014139250983
10.2024,0.24303632298712657
10.208,0.24374657076485828
10.2136,0.2457818598619521
10.219,0.24583899835005593
10.2246,0.24503167269005652
10.2302,0.24485701688532777
10.2356,0.24662325090848627
10.2412,0.24697624200259397
10.2468,0.24756407246194045
10.2524,0.25056995308474705
10.2578,0.2516212970871601
10.2634,0.2473561130670485
10.2691,0.24731733027344158
10.2747,0.24945206328365335
10.28,0.25211879924364056
10.2857,0.2486484335036272
10.2913,0.2542354167250054
10.2969,0.2485246767400562
10.3023,0.2519319508040716
10.3079,0.2489409546185408
10.3135,0.25251301345278243
10.3191,0.2527102209854352
10.3245,0.251616081468839
10.3301,0.2501830530897152
10.3357,0.25307408948047194
10.3414,0.25075436841250065
10.3467,0.2537282157009723
10.3523,0.2522935418278579
10.358,0.25553042461254893
10.3636,0.2547001251201161
10.3689,0.2539309562585472
10.3745,0.2564142574149071
10.3802,0.2580292784346421
10.3858,0.25225608471156546
10.3911,0.2532105344192829
10.3968,0.25435924672569976
10.4024,0.2546972773151892
10.408,0.2591281581791025
10.4134,0.25784018510054163
10.419,0.25903499591147505
10.4246,0.2557739500889771
10.4302,0.2549237561042998
10.4359,0.2602272671333312
10.4412,0.26152192924186196
10.4469,0.25873765090395484
10.4525,0.258473887380294
10.4578,0.26177038037990064
10.4635,0.2572976746790022
10.4691,0.2621667191074736
10.4745,0.26196722455119303
10.4801,0.2603336799835668
10.4857,0.2615607384155555
10.4914,0.2600955142549326
10.4967,0.2587475911406153
10.5023,0.2623922089194094
10.508,0.2592365508570377
10.5136,0.2626720393364187
10.519,0.26052529103684113
10.5246,0.26419864996034614
10.5302,0.2635815287774601
10.5358,0.2604890555524013
10.5412,0.26350896670049573
10.5469,0.2658429633580872
10.5525,0.2684159105565566
10.5578,0.2618379069857474
10.5635,0.2659700792386095
10.5691,0.2655626238457666
10.5745,0.26362312898379947
10.5802,0.2644191179746145
10.5858,0.26979151640340393
10.5914,0.2647147298662715
10.5968,0.26638818279293963
10.6024,0.26895940633357573
10.6081,0.2701083653204569
10.6134,0.26607671869185745
10.619,0.2710168233135602
10.6247,0.26553970411956873
10.63,0.2681490340175755
10.6357,0.2718176093593526
10.6411,0.2671556705892077
10.6468,0.2682163966112574
10.6524,0.2686505245000246
10.658,0.2713874466283208
10.6634,0.27097951278374854
10.669,0.2723017952212351
10.6747,0.2708580206147668
10.6803,0.2711026491764833
10.6856,0.2725668169782419
10.6913,0.27395556677951516
10.6969,0.2746329482717168
10.7022,0.2738990728303906
10.7079,0.27374936572994213
10.7133,0.27112601358651167
10.719,0.27281597058301427
10.7246,0.2733518863015536
10.7302,0.2751646916824553
10.7359,0.27304424327488097
10.7412,0.27287215280476274
10.7468,0.27217473779433143
10.7525,0.2763726685855463
10.7581,0.2771443743375813
10.7634,0.27493104193687223
10.769,0.2773368740795742
10.7747,0.2747834280879976
10.7803,0.2733780311778863
10.7856,0.27541308494656
10.7913,0.27344519371009846
10.7969,0.277706907557571
10.8023,0.2747219527983379
10.8079,0.28091234912574625
10.8135,0.2769560299358602
10.8192,0.2763751972197016
10.8245,0.27804768915520095
10.8302,0.27635694526793186
10.8356,0.28113176729178946
10.8412,0.2813023574697796
10.8468,0.28132477108344134
10.8525,0.2788449103475042
10.8578,0.2814778646463665
10.8634,0.2808855589711027
10.8691,0.28068690228452575
10.8747,0.2829377369902355
10.8801,0.2834196204824191
10.8857,0.2807354439213464
10.8913,0.28262482028240166
10.897,0.2809929141613374
10.9023,0.2864715805758875
10.908,0.2856148540335166
10.9136,0.2854478368805945
10.9189,0.2826853765151893
10.9245,0.2848759083521525
10.9302,0.2861447998698431
10.9358,0.2887222360105045
10.9412,0.2867083606612423
10.9468,0.28830207922521
10.9524,0.29021013106653726
10.9581,0.29465457355434177
10.9634,0.28850523020144014
10.969,0.2871599832421403
10.9746,0.28848904501798756
10.9803,0.287681621727489
10.9856,0.28910039580988767
10.9913,0.2892242853802971
10.9969,0.2900656565825289
11.0025,0.2921079973556009
11.0079,0.2894877174714494
11.0135,0.29354817245195497
11.0192,0.2873592527424297
11.0245,0.29277542741958584
11.0301,0.2955002607706281
11.0358,0.2922412313358662
11.0414,0.28846365388853545
11.0467,0.2928014176061391
11.0524,0.29160126748834536
11.058,0.29327579817257987
11.0634,0.2957260381160379
11.069,0.2928431056266769
11.0746,0.2900666818513029
11.0802,0.2944117318805085
11.0856,0.2971112480429371
11.0912,0.2924738977399177
11.0969,0.29598398766405787
11.1025,0.2941194415876811
11.1078,0.2989326232404078
11.1135,0.29523381916030234
11.1191,0.29707587548698833
11.1247,0.2972783902978452
11.1303,0.2998431636052602
11.1357,0.3009747558602648
11.1413,0.3013284794809722
11.1469,0.3006448734844417
11.1523,0.29903671254685193
11.1579,0.3029471356917224
11.1635,0.3037208311625551
11.1691,0.3011198916961937
11.1745,0.30234413884567146
11.1801,0.3071173238662863
11.1858,0.30546370618355034
11.1914,0.30296494792797457
11.1967,0.30315689196424245
11.2024,0.30358221925664153
11.208,0.3022309049688331
11.2136,0.303507915538927
11.219,0.3079791711912444
11.2246,0.3050787914305291
11.2302,0.30339889309107926
11.2358,0.30682138466393905
11.2412,0.30312048071732056
11.2468,0.3137230838984869
11.2525,0.30757811901219145
11.2581,0.30455113868678574
11.2634,0.30291146802716584
11.269,0.3101256929027715
11.2746,0.3088359121152816
11.2803,0.3093432508497149
11.2856,0.3076780316687284
11.2912,0.31392963322173395
11.2969,0.3087827229725043
11.3025,0.31085643078053904
11.3078,0.3097412833366977
11.3135,0.31052991951304576
11.3191,0.30672199163113534
11.3245,0.30588914286584434
11.3301,0.3108461937897786
11.3357,0.3110384066374662
11.3413,0.31067340909469277
11.3467,0.31174989815345544
11.3523,0.31427987451137296
11.3579,0.31048637461609097
11.3635,0.31321980687475826
11.3691,0.31202912001818583
11.3745,0.3138660781436099
11.3801,0.31404281822846314
11.3858,0.3145816501660008
11.3914,0.3145079162714872
11.3967,0.31071292796189365
11.4023,0.3134886779626026
11.4078,0.3193586592639096
11.4134,0.31614757185293485
11.4191,0.31294328374316793
11.4247,0.32045629763522443
11.4301,0.3200726946688809
11.4356,0.3160271312113849
11.4413,0.3110023731090098
11.4469,0.31792747512134345
11.4525,0.3169966444400909
11.4578,0.3168283048481255
11.4634,0.3217953252775294
11.469,0.3229645624766292
11.4746,0.3196843448000015
11.4803,0.32238940015007145
11.4856,0.31851437447425635
11.4912,0.3190879269840773
11.4968,0.31867667863360183
11.5025,0.3170215333950279
11.5081,0.3150111557985368
11.5134,0.3183392880671002
11.519,0.3196582768298464
11.5246,0.31731730823280124
11.5303,0.3187414954289818
11.5356,0.31641993963411974
11.5413,0.3265630065497185
11.5468,0.32372560721661414
11.5525,0.32406878919872384
11.5581,0.3270440239745497
11.5634,0.3251693251076092
11.569,0.3294114265407335
11.5746,0.32687120975649175
11.5803,0.3290948207828145
11.5856,0.32628177884780196
11.5912,0.32860416450075325
11.5968,0.3266943258757913
11.6024,0.3272495051527615
11.6081,0.32636042103296703
11.6134,0.32715137761707047
11.619,0.3292314367602732
11.6246,0.32825071270463846
11.6302,0.32940291369314945
11.6356,0.32447027856381483
11.6412,0.3297069739232036
11.6469,0.3255758495636394
11.6525,0.3289938498959837
11.6578,0.32961534108982815
11.6635,0.32603381353785954
11.6691,0.33240825307570876
11.6747,0.33128553100731173
11.6801,0.33214170175639823
11.6857,0.3292954868406417
11.6914,0.3300273467736573
11.6967,0.3297813038711722
11.7023,0.32901014215582747
11.7079,0.3321442608030718
11.7136,0.32933632887774966
11.7189,0.3317136861041369
11.7246,0.33099714600408536
11.7302,0.33424905557647666
11.7358,0.33299626029639007
11.7414,0.33688268381113184
11.7467,0.3333250205668288
11.7524,0.3344547005427613
11.758,0.3323591100521286
11.7636,0.3373357328977096
11.769,0.3336175204249999
11.7746,0.3341777072586518
11.7802,0.33355385113970915
11.7858,0.3363644014026559
11.7912,0.3329988814242636
11.7968,0.3351927469402589
11.8024,0.3382045875488423
11.8081,0.342666495784278
11.8134,0.3401956372180155
11.819,0.3373462795938259
11.8247,0.34090333836416387
11.8303,0.3358314752141214
11.8356,0.3466358541176544
11.8413,0.3376476645479395
11.8469,0.33985996458859824
11.8523,0.3433031044443937
11.8579,0.3420590271875803
11.8635,0.33899868912998166
11.8692,0.3476526832161192
11.8745,0.3393043586536877
11.8802,0.34265634313520477
11.8858,0.3422295259708409
11.8914,0.3447137651175338
11.8967,0.34307714395183797
11.9024,0.34854378564180033
11.908,0.3390857723881089
11.9136,0.34371544371436036
11.919,0.3462412677356719
11.9246,0.3450286254980942
11.9302,0.34909540106348147
11.9356,0.34716064890198295
11.9412,0.34740228704046217
11.9469,0.34560757325827274
11.9525,0.34939095259795927
11.9579,0.34969973185080405
11.9635,0.3471594625759369
11.9691,0.34690905735614885
11.9745,0.3524566361127043
11.9801,0.3475601216275863
11.9857,0.34983197850024106
11.9914,0.3521925559389467
11.9967,0.35144610523833475
12.0024,0.3503333269918645
12.008,0.3520837435279188
12.0134,0.3508226053187341
12.019,0.35366158460161556
12.0246,0.35387786161789814
12.0303,0.35491297140320355
12.0356,0.35130547284266245
12.0413,0.35322347031457446
12.0469,0.35379647008376713
12.0525,0.3538310948200014
12.0579,0.3550215737617619
12.0635,0.3560783310358473
12.0691,0.35751124662443445
12.0747,0.35595468482706094
12.08,0.3585595718894504
12.0857,0.3610450885869443
12.0913,0.3572702027572495
12.0969,0.35728108224643207
12.1025,0.3572398144629205
12.1079,0.3529920595986621
12.1135,0.36077613100491834
12.1191,0.3595702290271868
12.1245,0.3599955368402288
12.1301,0.3592479229803833
12.1358,0.3590832115489321
12.1414,0.36255222816126
12.1467,0.3618889824464975
12.1524,0.3578833152243951
12.158,0.3617254085286947
12.1633,0.36368961850388626
12.169,0.3583769660333024
12.1746,0.36145234258481085
12.1803,0.3648521991336292
12.1856,0.3619973522160608
12.1913,0.36359812153807125
12.1969,0.3624026387519159
12.2023,0.36336965627108153
12.2079,0.3646754981733009
12.2135,0.3593162409401114
12.2192,0.36246833963974445
12.2245,0.3621019322263438
12.2301,0.3618961014079054
12.2358,0.3658626884819166
12.2414,0.36494444029035455
12.2467,0.3641738228614686
12.2524,0.36603405086232543
12.258,0.3652514883215716
12.2636,0.3703555838228535
12.269,0.3628605452401277
12.2745,0.36880858242613457
12.2801,0.36787318165804217
12.2857,0.36505093512212394
12.2914,0.3692175668530039
12.2967,0.3648294415411951
12.3023,0.3712739640299123
12.308,0.3681459665561978
12.3136,0.37137731626763726
12.3192,0.3675279607312425
12.3246,0.3723511680418883
12.3302,0.36906976725992835
12.3358,0.3734132803819189
12.3412,0.3685982856877751
12.3468,0.36801704317908845
12.3524,0.3678573589206866
12.3581,0.3719935685716692
12.3634,0.3696722494128718
12.369,0.37305167222799307
12.3747,0.37041479547500766
12.38,0.370201781491008
12.3857,0.37606964586035185
12.3913,0.37334377476765424
12.3969,0.37328641866026224
12.4022,0.37289461031489046
12.4079,0.3728192436202621
12.4135,0.37290905628287896
12.4191,0.3769738588407354
12.4248,0.37633205448079077
12.4301,0.3764897663714185
12.4358,0.3780541895258387
12.4414,0.3774363338792014
12.4468,0.38025882667478594
12.4524,0.37887258723755135
12.458,0.3783393296818842
12.4634,0.3812723878616662
12.469,0.3762244700234957
12.4746,0.38115785563196014
12.4803,0.37855855880041567
12.4859,0.37989219558439946
12.4912,0.37938272447516086
12.4969,0.381626932723949
12.5025,0.3804287038737133
12.5079,0.38268130261938604
12.5135,0.37947509945079894
12.5191,0.3794320207720697
12.5247,0.3798305621367979
12.5301,0.38171714234619114
12.5357,0.3818939625567478
12.5413,0.37953278626788667
12.5467,0.3798094358005998
12.5524,0.38273208953462945
12.558,0.3848282013788613
12.5636,0.3798592496739601
12.569,0.3844031197156309
12.5746,0.3809496009796116
12.5802,0.38796339797935886
12.5859,0.38185322183756176
12.5912,0.38415586806726265
12.5968,0.38556456687178264
12.6025,0.3884583100247381
12.6078,0.39038080826110844
12.6135,0.38766549483876156
12.6191,0.3895994083283161
12.6245,0.3906390661544846
12.6301,0.3850921126476745
12.6358,0.39073012121957074
12.6414,0.3899546858650921
12.6468,0.39218214267450624
12.6524,0.3931023365138038
12.658,0.386920392594292
12.6636,0.3935212360075011
12.669,0.38889012676603074
12.6746,0.39388972215047435
12.6803,0.3898804700691957
12.6859,0.3939895769290377
12.6912,0.3889999586325714
12.6969,0.38897730759735727
12.7025,0.39389824750624336
12.7079,0.3920025556293103
12.7134,0.39221244676973155
12.719,0.3914653632942351
12.7246,0.39108061221841073
12.7303,0.39420337782518544
12.7359,0.398374148135353
12.7412,0.39487024797648695
12.7469,0.39540435449250433
12.7525,0.39677202605542794
12.7579,0.39407853352389643
12.7635,0.39601006489096
12.7691,0.39954472633716487
12.7745,0.39599492381156187
12.7801,0.39552625713780865
12.7856,0.4020757599954947
12.7912,0.40292277384190256
12.7968,0.40015623175336834
12.8025,0.40001143279949436
12.8081,0.40300711757814367
12.8135,0.4010630073371546
12.8191,0.4032569606590469
12.8247,0.40141151133527164
12.8301,0.4020502329143988
12.8356,0.39929690124703976
12.8412,0.4006525060838967
12.8468,0.40413223670040854
12.8525,0.40200405696473196
12.8578,0.40555053392245766
12.8635,0.4069837976592213
12.8691,0.4046863733137067
12.8747,0.41003422919954546
12.8801,0.4038042124055119
12.8857,0.4056544537849762
12.8913,0.40394837138222794
12.897,0.40381531353313305
12.9023,0.40962876307731944
12.9079,0.4069927881249146
12.9136,0.4053455878201462
12.9192,0.40802988181525357
12.9245,0.40717101675366285
12.93,0.40950176892558177
12.9357,0.41142302291703725
12.9413,0.40917625424592896
12.947,0.41067127968444195
12.9523,0.4097055939232477
12.9578,0.41461859154743164
12.9634,0.4122138134983183
12.9691,0.41271542558245267
12.9747,0.41249691644681097
12.9801,0.4137412562462238
12.9856,0.4097150815461372
12.9913,0.41144477746681307
12.9969,0.4146034820644021
13.0023,0.41226097140828954
13.0079,0.41754997375461844
13.0134,0.4118992755327846
13.0191,0.4138348210690803
13.0247,0.415841041631023
13.03,0.41655813811344133
13.0357,0.41841457821777506
13.0412,0.41212554816572156
13.0469,0.4224047585966877
13.0525,0.416063031769346
13.0579,0.42127328703826017
13.0635,0.42208137942104507
13.069,0.419935013945281
13.0747,0.41709609295321903
13.0803,0.429272942166086
13.0857,0.4180660267617523
13.0913,0.4199972498180219
13.0969,0.42017335585344373
13.1025,0.42230612243300025
13.1081,0.4184815640150362
13.1134,0.4237321190428881
13.1191,0.42568120922479125
13.1247,0.4276347549364321
13.1303,0.4213680167121173
13.1357,0.4245850086193925
13.1413,0.4274871861893538
13.1469,0.42825331246631215
13.1523,0.424936373169557
13.1579,0.4282916513800691
13.1635,0.4272373235093654
13.1692,0.4284015913527113
13.1745,0.4252159560807405
13.1802,0.4257223837663079
13.1858,0.4302754454376062
13.1914,0.4315409987422333
13.1967,0.42822344319968797
13.2024,0.4265008553809466
13.208,0.42617389946101614
13.2134,0.42966330205052494
13.219,0.43100627878393105
13.2247,0.43111491740411145
13.2303,0.4357309076680286
13.2356,0.43734095281064966
13.2413,0.43374104423015303
13.2469,0.4356026841812539
13.2525,0.4318356583908102
13.2579,0.43378734847005784
13.2635,0.4327428926557694
13.2691,0.43804360596226755
13.2748,0.43127114198555827
13.2801,0.4347939228554326
13.2858,0.4342307685515834
13.2914,0.43771195489948544
13.2968,0.4383614639518467
13.3024,0.433292087046275
13.308,0.4375316825860184
13.3134,0.4372255216586147
13.319,0.43580608566490964
13.3247,0.4392595290818776
13.3303,0.4369820694209038
13.3356,0.441982599723699
13.3413,0.43679363461919074
13.3469,0.4402800776709134
13.3525,0.44110910499634515
13.3579,0.44215953727309587
13.3635,0.43940383715768494
13.3691,0.4419520341442873
13.3745,0.4429095622955087
13.3801,0.4394045953904575
13.3857,0.4465393994379758
13.3914,0.4408848779562341
13.397,0.4433812592569224
13.4024,0.44527112926917567
13.408,0.44304476709337604
13.4136,0.4483065346670394
13.419,0.4472668589528135
13.4246,0.4462142447625398
13.4302,0.44632227194113805
13.4359,0.4449349111348785
13.4412,0.4490943921960542
13.4469,0.45242733142253366
13.4525,0.4486177294436031
13.4581,0.45140457546493673
13.4635,0.4481323865291089
13.4691,0.4474416758730989
13.4747,0.44826797885793224
13.4801,0.4488054815776443
13.4857,0.4489586155316724
13.4914,0.4539351147325449
13.4967,0.45216580446296395
13.5023,0.45202148650090046
13.508,0.4525359920937937
13.5136,0.45555158578899346
13.519,0.450294784154168
13.5246,0.44913759399463216
13.5302,0.4524942150809206
13.5359,0.45374974095348364
13.5412,0.45568528717796886
13.5468,0.45416757118685147
13.5525,0.4558715235845944
13.5581,0.45395234666457795
13.5635,0.45518144783901326
13.5691,0.4550576063212015
13.5747,0.45313082265104276
13.5801,0.4565720698711163
13.5857,0.4567318473192603
13.5913,0.4551615328342966
13.5969,0.461899018639092
13.6026,0.45893055308529995
13.6079,0.4582182475126927
13.6135,0.4616117739868144
13.6192,0.46302629152638664
13.6248,0.4548179619495427
13.6301,0.45485680094174474
13.6358,0.46569845182099223
13.6414,0.4594611232064538
13.647,0.4580839934049781
13.6524,0.46030795647028966
13.658,0.4637498337923792
13.6636,0.4638972087523865
13.669,0.46097539928416276
13.6746,0.46170255493943646
13.6802,0.4690927065320416
13.6858,0.46274584967808985
13.6912,0.466083212418679
13.6968,0.4666618847644193
13.7025,0.46941449425649007
13.7081,0.46847942400725506
13.7137,0.46642724101385413
13.719,0.4691663308666606
13.7247,0.4735039493493681
13.7303,0.46768324010872064
13.7356,0.4716837561256382
13.7413,0.4756157836619793
13.7469,0.4727546138770483
13.7525,0.47236087606762545
13.7579,0.4712511184919128
13.7635,0.471787368647653
13.7691,0.47494468391248135
13.7748,0.4735476770174828
13.7801,0.47323255784531537
13.7858,0.47477441494354133
13.7914,0.47562012809786514
13.797,0.47424880559675786
13.8023,0.47274922012592513
13.808,0.4754622637935102
13.8136,0.47900900274066194
13.819,0.4724500837132818
13.8246,0.4780389458629536
13.8302,0.475619179446681
13.8359,0.4765177307172609
13.8415,0.4764532553953015
13.8469,0.4785990586555029
13.8525,0.4794054301337203
13.8581,0.4760229052607803
13.8635,0.4818239468941089
13.8691,0.4807800666395443
13.8747,0.48537667408323826
13.8801,0.47539836018672366
13.8857,0.48242562153770374
13.8913,0.48186856665127065
13.897,0.475258268750131
13.9023,0.48142925800756675
13.9079,0.4804776934247481
13.9136,0.47897740741999606
13.9192,0.4811620382548243
13.9248,0.48046925742781177
13.9301,0.48496440932726737
13.9357,0.4814564031976658
13.9414,0.48477275261739283
13.947,0.4867343784546746
13.9524,0.4856460230255467
13.958,0.4867915126331387
13.9636,0.4900053936306864
13.9692,0.4888827852940968
13.9746,0.4840326367209027
13.9802,0.48664026323771725
13.9858,0.4856258095240743
13.9915,0.4911378639189723
13.9968,0.48933821774843844
14.0023,0.48676450878314426
14.008,0.4896557861892723
14.0136,0.49013150895971724
14.0192,0.49608409700081335
14.0246,0.49462445232741614
14.0302,0.4862149954499161
14.0359,0.4935036836292307
14.0415,0.49277319399657793
14.0468,0.493838832676346
14.0525,0.4933275194102268
14.0581,0.49348644875252
14.0634,0.49581187584901343
14.0691,0.4965376164213322
14.0745,0.49495419655811634
14.0802,0.49476407811326006
14.0858,0.4926293711173403
14.0914,0.49666985739624214
14.0968,0.49637353130834294
14.1024,0.49566370537109894
14.108,0.4949351187455885
14.1136,0.5008950203467428
14.119,0.4954780449662415
14.1246,0.4993817321574695
14.1303,0.4979277755167081
14.1359,0.4972816859566619
14.1413,0.49898454798416014
14.1469,0.5023266272871273
14.1525,0.5014346596509938
14.1581,0.5036632159590615
14.1637,0.5040034812913957
14.1691,0.5053620239490579
14.1747,0.5073226734742482
14.1803,0.49857050861549645
14.1857,0.5084672242848647
14.1913,0.5027773300600531
14.1969,0.5042733843266513
14.2026,0.5051624116832286
14.2082,0.5119788340222055
14.2135,0.5065122702930066
14.2191,0.5035564997579522
14.2248,0.5100576674288008
14.2304,0.508504333413075
14.2357,0.5057793937871436
14.2414,0.5059776704823001
14.247,0.5078489236764662
14.2526,0.5056592608886186
14.2579,0.5088033157691182
14.2636,0.5077518164073296
14.2692,0.5053347066133894
14.2745,0.5114531942242124
14.2802,0.5043346169194249
14.2858,0.5110259209201233
14.2914,0.5137387197777327
14.2968,0.5095187324573653
14.3024,0.5136416909557885
14.308,0.5111387799947895
14.3136,0.509110536991361
14.3193,0.5153547201368813
14.3246,0.5148482747792766
14.3303,0.513079847754971
14.3359,0.515289995217227
14.3415,0.5147062682851522
14.3468,0.5163605428411936
14.3525,0.5162649974292537
14.3581,0.5147926837230072
14.3635,0.5207096336578286
14.3691,0.5200878289029464
14.3747,0.5206938524525404
14.3803,0.5188659306554599
14.3857,0.5176507758462527
14.3913,0.5186148431790554
14.3969,0.5232038452613467
14.4026,0.5208110146486873
14.4082,0.5192773467853519
14.4135,0.5225573955923044
14.4192,0.5219457524416112
14.4248,0.5301748827546267
14.4301,0.5222033727651867
14.4357,0.5247262609015515
14.4414,0.5268878371917037
14.447,0.5250315624849821
14.4526,0.5210774615266629
14.458,0.524000110294195
14.4636,0.5174308533347634
14.4692,0.5259545199407456
14.4748,0.5294108871673974
14.4802,0.5281899229915711
14.4858,0.527739098167329
14.4914,0.5248004317454144
14.497,0.5257650980450165
14.5024,0.5230685717275934
14.508,0.5308766401786037
14.5136,0.5303322552677961
14.5193,0.5262027576027528
14.5246,0.5272417485233847
14.5302,0.5331268273237226
14.5357,0.5301888010066754
14.5413,0.5342301006589749
14.5469,0.5319224017021477
14.5525,0.5305431494290063
14.5582,0.5311046368005863
14.5635,0.5370182657698398
14.5691,0.5339942932835557
14.5747,0.5361334811068282
14.5803,0.5356416886188504
14.5857,0.5362950625506123
14.5913,0.5349837695339106
14.5969,0.5320266782477985
14.6025,0.5341599711078033
14.6079,0.5376324377049655
14.6135,0.5361288723533015
14.6191,0.5356576685762587
14.6247,0.5366930039108063
14.6304,0.538531359004144
14.6357,0.5377525433162482
14.6413,0.536254374450654
14.6469,0.540638994319189
14.6525,0.5361088249886514
14.6581,0.5359310789530846
14.6635,0.5374004364570217
14.6691,0.5408516948096986
14.6747,0.5352067180277046
14.6801,0.542020201579061
14.6858,0.5414180161860515
14.6914,0.5448174402372887
14.697,0.5403478763733173
14.7025,0.5462577639859635
14.7081,0.5437090431007743
14.7138,0.5435919229941576
14.7191,0.5430614383167965
14.7247,0.5476273211587662
14.7303,0.5443706031502168
14.736,0.5488205149691321
14.7413,0.5482822408913379
14.7469,0.5471856683134096
14.7524,0.5476332936772041
14.758,0.5489314237627748
14.7636,0.5535015389040467
14.7692,0.5480629516245729
14.7749,0.550596857341459
14.7802,0.5493298930803558
14.7859,0.5559180759178771
14.7915,0.5487962078994866
14.7971,0.5502879080381277
14.8024,0.5551649958245494
14.8081,0.5554042340485433
14.8137,0.5524760710367659
14.8193,0.55133239326534
14.8246,0.5532221156595417
14.8303,0.5563884515101506
14.8359,0.5574604512282686
14.8413,0.5550581701706528
14.8469,0.5512257878234975
14.8525,0.55586261818059
14.8581,0.5526102081504439
14.8635,0.5583662516542576
14.8691,0.5600041606511605
14.8746,0.5542889391975311
14.8802,0.5558019914205424
14.8859,0.5557359656449744
14.8915,0.5581884808124812
14.8968,0.5584625056769209
14.9024,0.5586803872886463
14.9081,0.5647164016847305
14.9137,0.5565247914439223
14.9191,0.5611776213732266
14.9247,0.557395153628307
14.9303,0.5594617759676946
14.9359,0.5645873383130658
14.9413,0.5649049531330282
14.9469,0.5630747271275409
14.9525,0.5642971667489874
14.9581,0.5657160671982929
14.9638,0.563195625931322
14.9691,0.5632652651668142
14.9747,0.5617831713504026
14.9804,0.5641799014140634
14.986,0.5719113935072183
14.9913,0.5674912197405905
14.9968,0.5643585956629887
15.0025,0.5680647790043641
15.0081,0.5669765373319946
15.0138,0.5711141501693552
15.0191,0.5697284242825744
15.0247,0.5680785329222211
15.0303,0.5688046563351508
15.036,0.571322710868636
15.0413,0.571106442569112
15.0469,0.5680320722225592
15.0526,0.5729926010069113
15.0582,0.5676295655884073
15.0636,0.5706311243357374
15.0692,0.5739686513416116
15.0748,0.5721318221997181
15.0802,0.5707596353616796
15.0858,0.5726116834477286
15.0914,0.5736930336747755
15.0971,0.5721725532739365
15.1024,0.5722440442438173
15.108,0.5758525711865693
15.1137,0.5759151630948617
15.1193,0.5777072678471079
15.1247,0.5748312566583428
15.1303,0.5769491278134484
15.1359,0.5754661710968645
15.1415,0.5768314237274019
15.1469,0.5731115875640406
15.1525,0.575619233116121
15.1581,0.5785430568483362
15.1638,0.5772994521178406
15.1691,0.5817842818183863
15.1747,0.582250387355645
15.1804,0.5839836292252024
15.1857,0.5803279746732173
15.1914,0.5826743003874738
15.197,0.5818206511079602
15.2026,0.5808639120675354
15.208,0.578724443712728
15.2136,0.5855479380073482
15.2193,0.5844709666375804
15.2246,0.5806726215668384
15.2302,0.5855382138904514
15.2358,0.5866669209579466
15.2415,0.5856039138314254
15.2471,0.5841093147573196
15.2525,0.5864480693995576
15.2581,0.5873092428277545
15.2637,0.5804740952580306
15.2693,0.582695568833574
15.2747,0.589386105282059
15.2803,0.5888561257505635
15.2859,0.5854197071738372
15.2915,0.5821071770996886
15.2969,0.5793390984950713
15.3025,0.5903381699593412
15.3081,0.5912350433520962
15.3138,0.587885000089841
15.3191,0.5900216378633789
15.3248,0.587913955009999
15.3304,0.5913855222123103
15.3357,0.5882379554439887
15.3414,0.592767427586866
15.347,0.5903507857937701
15.3524,0.5892184613770353
15.358,0.5934921989268096
15.3636,0.5928900389988577
15.3692,0.5923364970303365
15.3749,0.5936982044602274
15.3802,0.5915511390536317
15.3859,0.5920774146974374
15.3915,0.5979525219414614
15.3971,0.5951105739193985
15.4024,0.596639054146286
15.4081,0.5938241880964221
15.4137,0.5955781515358658
15.4193,0.5972794319438874
15.4247,0.5974358979736795
15.4303,0.5954842783145956
15.4359,0.598089638487202
15.4416,0.5951299809966198
15.4469,0.5981665229170682
15.4525,0.5980960373471811
15.4582,0.6009558306440356
15.4635,0.6008442466262065
15.4692,0.6040839939939726
15.4748,0.6034940907623473
15.4804,0.603739359962386
15.4858,0.6051573499698747
15.4914,0.6010506291134861
15.497,0.6002106675927377
15.5026,0.6012958939108852
15.508,0.604009481226189
15.5136,0.603494024285
15.5192,0.6072353235309232
15.5249,0.6079865594442181
15.5302,0.6031216258344654
15.5358,0.6075439467887294
15.5415,0.6072789635082813
15.5471,0.6088684293726179
15.5524,0.6085889010932768
15.5581,0.6089708307749057
15.5637,0.608143304551057
15.5691,0.6051001804454463
15.5747,0.6104572937349014
15.5803,0.6104809234498864
15.5859,0.6085472487230621
15.5916,0.603554659894975
15.5969,0.6132897906470415
15.6026,0.6115311596225584
15.6082,0.6130315944093895
15.6136,0.608478511049046
15.6192,0.6095597878101063
15.6248,0.6104909595775797
15.6302,0.610992731477791
15.6358,0.6139759242209604
15.6414,0.6127852456816542
15.6471,0.615084019120804
15.6524,0.6101415886599387
15.6581,0.6156022442211154
15.6637,0.6142062514677754
15.6693,0.6147414453433118
15.6747,0.6155373696040823
15.6803,0.6202876036951436
15.6859,0.6122848405844102
15.6916,0.6131773621155733
15.6969,0.6169722996070376
15.7025,0.6180859282569519
15.7082,0.6177861091184296
15.7135,0.6187427767260381
15.7191,0.620819822416479
15.7247,0.6186223482013424
15.7304,0.6198260665107185
15.7357,0.6181321098118344
15.7414,0.6210541577694668
15.747,0.6218599487587646
15.7524,0.6230094355561956
15.758,0.6188853263580751
15.7637,0.6177984753756844
15.7691,0.616320525176341
15.7747,0.6233224499869952
15.7804,0.621725430246037
15.7858,0.6245831320588855
15.7915,0.6270928761673817
15.7969,0.6248639555278285
15.8025,0.6249352800157494
15.8081,0.6295948536664939
15.8135,0.6261365052520549
15.8192,0.6248136439992072
15.8248,0.6213849824935203
15.8302,0.6252203045320021
15.8359,0.6277656038326141
15.8415,0.6270694297127135
15.847,0.62713595008548
15.8526,0.6296795941347729
15.858,0.6286768445002141
15.8636,0.6298389642200093
15.8693,0.6280189518909844
15.8747,0.6320130617197967
15.8803,0.6334110834313419
15.886,0.6268475023982824
15.8914,0.634483917208463
15.897,0.6331064464000199
15.9027,0.6357453558431391
15.9081,0.6315329137851001
15.9137,0.6347377298179515
15.9193,0.6295669259313432
15.9247,0.6347087398945089
15.9303,0.6342812321956429
15.9359,0.6319483535979055
15.9413,0.6348316553402694
15.947,0.6343528013930924
15.9526,0.630753366055068
15.9582,0.6341931690020255
15.9636,0.6276571052829492
15.9692,0.6344618223707835
15.9746,0.631737148188361
15.9803,0.636085603058363
15.9859,0.6311946866755322
15.9913,0.6377913837823228
15.997,0.6371298706419757
16.0026,0.6312241140772269
16.008,0.6358668593754941
16.0137,0.6342795241087998
16.0193,0.63165755661274
16.0247,0.6372143940920628
16.0303,0.6334026846324551
16.036,0.6362064637757728
16.0414,0.6386799008749184
16.0471,0.6413094533732018
16.0525,0.6363509480798666
16.0581,0.6394194679071593
16.0638,0.6380980982828883
16.0692,0.6370711496630962
16.0749,0.6387410568981021
16.0803,0.6377655196993927
16.0858,0.6363129775749105
16.0914,0.6385304815489369
16.0971,0.6408368543719397
16.1025,0.6422524526093117
16.1081,0.6429324374137084
16.1136,0.638538827039267
16.1192,0.6435757214959319
16.1249,0.642647522573717
16.1303,0.6408289321518473
16.1359,0.6416561479221141
16.1414,0.6448142923954703
16.147,0.6417097263487258
16.1527,0.6444695588583608
16.158,0.6442343129156796
16.1636,0.6478200600044816
16.1692,0.6431624464399265
16.1749,0.6440042848719761
16.1803,0.6499700484580407
16.1859,0.6410779081218997
16.1913,0.6449150463179576
16.1969,0.6455167396422401
16.2026,0.6479072940551239
16.2082,0.648682063275722
16.2136,0.6521540104097895
16.2192,0.6514327436030884
16.2248,0.6527012382198091
16.2305,0.649321516784236
16.2358,0.650665114070788
16.2415,0.649554590236403
16.2471,0.6479940289159846
16.2525,0.6514688585765168
16.2581,0.6490596095501957
16.2635,0.6516795810536103
16.2692,0.6494414125803316
16.2748,0.651774626605716
16.2804,0.6514568890733303
16.286,0.6532033061446718
16.2914,0.6549811872321134
16.297,0.6555102730254239
16.3027,0.6534702457891739
16.3081,0.6563417239988416
16.3137,0.657196491227262
16.3193,0.6563918336254361
16.3247,0.6533496090600119
16.3303,0.6541918054566482
16.3358,0.6542340370806151
16.3414,0.6579440343695215
16.347,0.6545056163379915
16.3527,0.6508669472855145
16.3581,0.6594080282419065
16.3637,0.6589793916041056
16.3693,0.659984677449359
16.3746,0.6573242758640235
16.3803,0.6591957894039027
16.3859,0.6569903154995513
16.3915,0.6548576533333249
16.3969,0.6598626030799238
16.4025,0.6628160035899536
16.408,0.6537311384994628
16.4136,0.6633110105021556
16.4192,0.6606445708627803
16.4249,0.6599643790949422
16.4302,0.6625071808915296
16.4359,0.6600910270776122
16.4415,0.6605343320377365
16.4469,0.6610657625972969
16.4525,0.6595896871396899
16.4581,0.660113074248068
