Experiment: Apr28_cal_tst_expt vial 4, Thu Apr 28 17:02:21 2022
0.0027,0.0
0.0078,0.005845171500998447
0.0131,0.004858741653284315
0.0188,0.005594632785876075
0.0244,0.001939877439516291
0.03,0.002272630518053431
0.0354,0.013988885079879776
0.041,0.006062035824416001
0.0466,0.004641347159390852
0.052,0.008345642384725849
0.0576,0.0064524984224049176
0.0632,0.005223559057947913
0.0689,2.7455326309655526e-05
0.0742,0.0013266973945408878
0.0799,0.0056251823976559145
0.0855,-0.0035454133122513887
0.0911,0.003232821723957724
0.0964,0.004273641604597644
0.1021,0.029518622464628164
0.1077,0.026584098582282334
0.1134,0.027657474645415847
0.1187,0.029619988731600766
0.1243,0.03477861964499129
0.1299,0.021975608089548127
0.1356,0.025010111693897552
0.1409,0.024600077655955843
0.1465,0.02996694556862395
0.1521,0.03343617014280498
0.1577,0.03304198966674593
0.1633,0.03527248988533849
0.1687,0.03202698239535656
0.1743,0.038321868854267416
0.1799,0.034534453301226675
0.1855,0.027263349650518354
0.1909,0.03605628448607817
0.1965,0.03552721374754114
0.2022,0.03585866729301079
0.2078,0.033990716673483135
0.2131,0.03797491182037577
0.2188,0.031253262854225694
0.2244,0.03314430977263294
0.23,0.034204421144778174
0.2354,0.03413255119254127
0.241,0.04023860381076527
0.2467,0.0371060449718249
0.252,0.03083100579710757
0.2577,0.0299386885309173
0.2633,0.03381537406700025
0.2689,0.0403965206910778
0.2743,0.019273573683437684
0.2799,0.024787491232725445
0.2855,0.03524262316568877
0.2911,0.02629495295755624
0.2965,0.034826761180895505
0.3021,0.038926827865821856
0.3078,0.031879668354847734
0.3134,0.03626215096794144
0.3187,0.03159482513493034
0.3243,0.03511940532147656
0.33,0.034547162412171206
0.3353,0.039692715169007686
0.341,0.03741695845091075
0.3466,0.036506870443322015
0.3522,0.04488846662209611
0.3576,0.004986626844327602
0.3632,0.027427321153005557
0.3688,0.03663851892094172
0.3745,0.035077647694932323
0.3798,0.03311778453282255
0.3854,0.04011722218827868
0.391,0.037425916595453745
0.3967,0.04109252636897098
0.4023,0.04054100614028899
0.4076,0.034644431343018256
0.4133,0.03803670077876764
0.4189,0.039190046425115865
0.4243,0.036561044166701084
0.4299,0.03837400876651359
0.4355,0.03457383295446492
0.4409,-0.019014111962575686
0.4465,0.034311297651456796
0.4521,0.0368052889846604
0.4578,0.039966677226935865
0.4631,0.04067287173900325
0.4688,0.03919491365394151
0.4744,0.04245429221854197
0.48,0.032634654247748474
0.4854,0.041251679678136144
0.491,0.042674937904761845
0.4966,0.04217924180110233
0.5022,0.04123506028238466
0.5076,0.04455168506044205
0.5132,0.040884246767783294
0.5188,0.04346876262248511
0.5245,0.04649658187293537
0.5298,0.04287983450385163
0.5354,0.040398772947792316
0.541,0.04165543568852448
0.5467,0.03703363270453297
0.552,0.043624382319755795
0.5576,0.04037358820629017
0.5633,0.038853252626195656
0.5689,0.04472437012137026
0.5742,0.04490950346222511
0.5799,0.04611687641689527
0.5854,0.045278826124577676
0.591,0.04572439763832292
0.5966,0.043101294336678475
0.6022,0.046374114226876095
0.6076,0.049002487358768054
0.6132,0.04257408816255054
0.6188,0.047143969641910755
0.6244,0.047466611303971395
0.63,0.04247399672648561
0.6354,0.03920481001932097
0.641,0.044054904353519775
0.6466,0.04561460948442925
0.6522,0.04634640671067486
0.6576,0.047454602728421946
0.6632,0.04795913950116909
0.6688,0.04701811381023846
0.6744,0.04598465539091712
0.6798,0.04676250945690308
0.6854,0.0409995650941023
0.691,0.0466043719045342
0.6966,0.046562703998532906
0.7022,0.04675606249625558
0.7076,0.04806412166866125
0.7132,0.04619656729543831
0.7188,0.049066503175643095
0.7244,0.04671499347854613
0.73,0.05066532693290032
0.7354,0.04686126925242379
0.741,0.05052016521105218
0.7467,0.05205002320065649
0.7522,0.050627964980097195
0.7576,0.051363221301907125
0.7632,0.04784846817704935
0.7688,0.05183974129177393
0.7744,0.05136645278938995
0.7798,0.05136666182972982
0.7854,0.05193157002135623
0.791,0.048380662811229436
0.7966,0.05192126525763513
0.8023,0.05054811387999797
0.8076,0.05218368967543763
0.8132,0.05165560103708694
0.8188,0.05369980198755897
0.8245,0.05013375787755692
0.8298,0.051446718378783785
0.8354,0.048504768981590674
0.8411,0.053425697358810975
0.8467,0.05312144278941894
0.852,0.0502313412493437
0.8576,0.05152087988175613
0.8633,0.05271448615452978
0.8689,0.05462558066191231
0.8742,0.05488356053738497
0.8799,0.0552324329019967
0.8855,0.05536122083608064
0.8911,0.034843097557476
0.8967,0.05500721303577688
0.9021,0.0547427886501049
0.9077,0.05515815493246412
0.9133,0.055170559583476164
0.919,0.055964276184600203
0.9243,0.054940139094583396
0.9299,0.055401964667111336
0.9355,0.05576344124692073
0.9409,0.054988090437018244
0.9465,0.056242142828481
0.9522,0.05754873317187836
0.9578,0.05675865844728395
0.9631,0.056515352395786644
0.9688,0.055733052569106156
0.9744,0.05779419738606889
0.98,0.05678489060573061
0.9854,0.057930114055177784
0.991,0.0573399735504726
0.9966,0.05896168751978087
1.0022,0.058703076339247096
1.0076,0.05861388204673246
1.0133,0.0581897212964273
1.0188,0.059122854705410954
1.0244,0.05919646460593464
1.0298,0.05976212192300995
1.0354,0.0595267544529704
1.041,0.0603268188459945
1.0467,0.059888345729609105
1.052,0.060566904365532026
1.0577,0.06063994109036008
1.0633,0.061027217692914415
1.0689,0.06084601290264746
1.0743,0.06088011731806875
1.0799,0.0618075998828958
1.0855,0.06139674245123328
1.0911,0.06188574751285991
1.0965,0.061958141974506664
1.1021,0.0614436974897794
1.1077,0.061870118389923345
1.1133,0.06262361601683036
1.1187,0.062312123445248946
1.1243,0.06212618306894868
1.1299,0.06319230461638409
1.1355,0.06339459564805833
1.1412,0.06316959191045751
1.1465,0.06323527077811153
1.1522,0.06398571261133551
1.1578,0.06354065265337189
1.1631,0.06408835814764346
1.1688,0.06437736812666717
1.1744,0.06505831262070433
1.18,0.06488634979368141
1.1854,0.06491846268492357
1.191,0.06472117276815587
1.1966,0.06527429440941279
1.2023,0.06526028926462629
1.2076,0.06568312777037721
1.2132,0.06554843594196397
1.2189,0.06581039534285049
1.2245,0.06575022142983344
1.2298,0.06660024347241283
1.2355,0.06644221380616744
1.2411,0.06654151252272822
1.2465,0.06653410931262849
1.2521,0.06800616500711343
1.2577,0.06173988534483699
1.2634,-0.013775263390979453
1.2687,0.06189764055508895
1.2743,0.05774738193888346
1.2799,0.08306643735870933
1.2856,0.061075352430074836
1.291,0.06321210080064776
1.2966,0.06903901354684339
1.3022,0.06428436393379339
1.3076,0.007747596517114819
1.3132,0.06682493387129085
1.3188,0.018285895354583137
1.3245,0.07408427891400537
1.3298,0.07011534760969884
1.3354,0.06773460425734651
1.341,0.06917027433840134
1.3467,0.06782840950251162
1.352,0.06913630516377844
1.3577,0.06500216244970053
1.3633,0.06401132233540541
1.3689,0.07198221225208495
1.3743,0.06453184043558019
1.3799,0.07182441950362073
1.3855,0.06607818690608902
1.3912,0.0668056588339313
1.3965,0.06296530734111577
1.4021,0.05857666917167048
1.4077,0.06591377495054945
1.4131,0.06333907953841472
1.4187,0.06876819767638787
1.4244,0.07224209338444426
1.43,0.06726420148090295
1.4356,0.06715881438824955
1.441,0.07050440204077757
1.4466,0.0712415644935055
1.4522,0.07373457840771386
1.4578,0.07346185077427397
1.4632,0.07454798799316992
1.4688,0.07199016434129868
1.4745,0.07533110091117612
1.4798,0.07440760851356615
1.4854,0.07415119673643406
1.4911,0.07637317973244828
1.4967,0.07320565363616671
1.502,0.07220855863920767
1.5077,0.07703924541508567
1.5133,0.07768557432152212
1.5189,0.07581707470012528
1.5243,0.07713627687680985
1.5299,0.07197327474982401
1.5355,0.07546609316222908
1.5412,0.07654711890957994
1.5465,0.07862360687834663
1.5521,0.0781500687756384
1.5577,0.07396370129591312
1.5634,0.07651119353766467
1.5687,0.07959552825578509
1.5743,0.07684392710629878
1.58,0.08021007526702068
1.5856,0.07590944197887578
1.5909,0.07943716074597873
1.5966,0.07977523241804901
1.6022,0.07489637240876879
1.6078,0.07855787171172146
1.6132,0.08073103456762354
1.6188,0.08281243863727172
1.6244,0.08148164242505312
1.63,0.08216463172636074
1.6354,0.08184533433363339
1.641,0.08124966660686095
1.6466,0.0831247044425667
1.6523,0.08114007860519878
1.6576,0.08156892038251018
1.6632,0.08155684287952841
1.6688,0.08031449306588734
1.6745,0.08352346550509115
1.6798,0.08548499712053692
1.6855,0.08421437097728462
1.6911,0.08244162535681937
1.6967,0.08303272703661646
1.7021,0.08599023508037507
1.7077,0.08150891282920791
1.7133,0.0847183989001557
1.7189,0.08690957296129603
1.7243,0.08590182277816555
1.7299,0.08586315576531561
1.7355,0.08684995417421576
1.7411,0.08728452763538924
1.7465,0.08741804532266523
1.7521,0.08762757728260101
1.7578,0.08880258692019294
1.7631,0.08779131477599716
1.7687,0.08802931665420372
1.7744,0.08924788460746563
1.78,0.08840572902191002
1.7854,0.0885389166579717
1.791,0.0888703725258671
1.7966,0.09886617966964256
1.8023,0.08893827872541515
1.8076,0.09066875799698726
1.8132,0.08509941855178849
1.8189,0.08833260964224565
1.8242,0.08338578903297511
1.8299,0.08849797599206688
1.8355,0.08953213860152565
1.8411,0.09225357728211958
1.8465,0.09038545498482525
1.8521,0.09324076888174204
1.8577,0.09010826059597643
1.8634,0.08818361486941095
1.8687,0.09515489748703077
1.8744,0.09347035570219858
1.88,0.09300637043118803
1.8854,0.09206928450958884
1.891,0.09299068092135976
1.8966,0.0918204606334308
1.9022,0.09282331673203548
1.9076,0.09462175851586152
1.9132,0.09338040959618388
1.9189,0.09485551187816277
1.9245,0.09653155815573616
1.9298,0.09503061589945783
1.9355,0.09646734699002579
1.9411,0.09533048550946122
1.9465,0.09571270577770813
1.9521,0.09590984029250632
1.9577,0.09638965889978152
1.9634,0.09677408578964714
1.9687,0.098376152653528
1.9743,0.09746303912654264
1.9799,0.0977908476339569
1.9856,0.09807009336549821
1.9909,0.09841620191142858
1.9966,0.09926593463628974
2.0022,0.09856820093111662
2.0079,0.09984648458474815
2.0132,0.09993016813013339
2.0189,0.10019012402866018
2.0245,0.10064483172899685
2.0298,0.10096407247401568
2.0354,0.10183090202480355
2.0411,0.10256637293613063
2.0467,0.08533294690319698
2.052,0.10455429277325223
2.0576,0.10211941067092872
2.0633,0.09925280359280769
2.0689,0.10067698016319371
2.0742,0.10364882052313096
2.0799,0.103440837057243
2.0855,0.10413986894327532
2.0911,0.10293982004705288
2.0965,0.10436499934246507
2.1021,0.10396360729388848
2.1076,0.10487321335555838
2.1132,0.10364373077169803
2.1188,0.10064952265439053
2.1244,0.10699712203341771
2.1301,0.10432385011820322
2.1354,0.10617027719854633
2.141,0.103711809617402
2.1467,0.10671333894057738
2.1523,0.10690127555499263
2.1576,0.10794639610036866
2.1632,0.1083028090609851
2.1688,0.10890615260163239
2.1744,0.10846192353934164
2.1798,0.10848486074923747
2.1854,0.10867432386300452
2.191,0.11025327863370532
2.1966,0.1109743069224921
2.2023,0.10833142659482653
2.2076,0.10919319611703915
2.2132,0.10795590167956448
2.2188,0.11079353943664222
2.2244,0.11158500781567066
2.23,0.11028311033517801
2.2354,0.1122611042909406
2.241,0.11252457563751406
2.2466,0.11262304889145164
2.2522,0.11290901490576932
2.2576,0.11291295270324164
2.2632,0.11347161883424423
2.2688,0.11550262271211154
2.2744,0.11347317603658169
2.2801,0.11524086454143023
2.2854,0.11584359373638081
2.291,0.11566942417621351
2.2966,0.11467667282394645
2.3023,0.11419734383514457
2.3076,0.11589843775844283
2.3132,0.11551062503534526
2.3188,0.11532495958675576
2.3245,0.11535500482288585
2.3298,0.11748455798893509
2.3354,0.1162670008903387
2.341,0.11867602178690012
2.3467,0.118118496422574
2.352,0.11827268009652092
2.3576,0.11825230971663736
2.3633,0.11897922096057284
2.3689,0.12070706040184326
2.3745,0.1171556131722506
2.3799,0.11870929869801922
2.3855,0.11993529752871701
2.3911,0.11847919813207053
2.3965,0.11967701166005679
2.4021,0.12132977611376689
2.4077,0.12126610051758296
2.4133,0.12076913811399415
2.4187,0.12148744254363308
2.4243,0.12154484135931076
2.4299,0.1230544608544642
2.4356,0.12235435834448222
2.4409,0.12238888403977888
2.4465,0.12214510498810488
2.4522,0.12390724009083304
2.4578,0.12271951232005046
2.4634,0.1249854615940888
2.4688,0.12427283750732354
2.4744,0.12518713048697644
2.48,0.12449095709452462
2.4854,0.12680039998508924
2.491,0.12564191980459938
2.4966,0.1255790214831915
2.5022,0.1273452495341334
2.5076,0.1261542973488522
2.5132,0.12772999705882743
2.5188,0.1266656743007561
2.5245,0.12836537391798858
2.5298,0.12791111550497652
2.5354,0.1274999749446189
2.5411,0.12951085126380874
2.5467,0.12841919767454368
2.552,0.12969387164799323
2.5577,0.12972828758825727
2.5633,0.13013627046514786
2.5689,0.12991290729043975
2.5743,0.12962865639417145
2.5799,0.13083640802207866
2.5855,0.13052752799657064
2.5911,0.13149215883423224
2.5965,0.13125186320884347
2.6021,0.13062977450454527
2.6077,0.13194654550177487
2.6133,0.1321477337593076
2.619,0.13177026617751844
2.6243,0.13370942888938833
2.6299,0.13240487367404344
2.6355,0.1332852998797025
2.6412,0.13393998177624677
2.6465,0.13285639907541089
2.6521,0.13469871750993315
2.6578,0.1350031948987924
2.6634,0.1345151403419375
2.6687,0.1332082269202304
2.6743,0.13631164805617432
2.68,0.13724776611576986
2.6856,0.13611414030791671
2.6911,0.13652500109286295
2.6965,0.13692872060388891
2.7021,0.13653689311624223
2.7077,0.13838071100364563
2.7134,0.1374184765396786
2.7187,0.13688223862341667
2.7243,0.13906971997905793
2.73,0.13777209106476543
2.7356,0.13969595528035275
2.7409,0.14026863483466745
2.7466,0.1396106989491716
2.7522,0.14161220459701213
2.7578,0.1410935197255493
2.7632,0.14090051905714684
2.7688,0.14164195115167477
2.7744,0.1419894180191932
2.7798,0.14197640857315494
2.7854,0.14254584593600494
2.7911,0.14328539760013806
2.7967,0.1424393370813539
2.8021,0.1428096885871566
2.8077,0.14351863780660157
2.8133,0.14458926412092307
2.8189,0.14453522887919754
2.8245,0.14345957163466896
2.8299,0.14405443363965964
2.8355,0.14481122526531537
2.8411,0.14506025032980388
2.8465,0.1467876065478444
2.8521,0.1447299993406564
2.8577,0.14607185624929886
2.8634,0.14708007789224709
2.8687,0.14720040095339024
2.8743,0.14784071745694455
2.8799,0.1467171293697014
2.8856,0.14848538783366033
2.8909,0.1469738832525352
2.8965,0.14849654100584087
2.9022,0.14983079637618738
2.9078,0.1492748368630442
2.9132,0.1506070808270596
2.9188,0.14962188143883615
2.9244,0.15063332911686764
2.93,0.15076845573565004
2.9354,0.15262533653586866
2.941,0.1503435479041269
2.9466,0.1518066490201371
2.9522,0.15248313266249267
2.9576,0.15284831437762875
2.9632,0.15380216183459217
2.9688,0.15346942822820883
2.9744,0.15457223203058296
2.98,0.15463606396544013
2.9854,0.15426272970984015
2.991,0.1546767807451888
2.9966,0.1539133006366748
3.0023,0.15460639276987373
3.0076,0.15617393377675093
3.0133,0.1563508923152498
3.0189,0.15635730208783943
3.0243,0.15695711086271072
3.0299,0.15691830524783035
3.0355,0.15817642411204805
3.0411,0.15717961409775633
3.0465,0.15691062292732025
3.0521,0.15758871132307964
3.0577,0.15765773480151704
3.0634,0.15909701564101217
3.0687,0.15809032259080055
3.0743,0.1612494759133784
3.08,0.16128119031327884
3.0856,0.15963338888796047
3.0909,0.1594712856665689
3.0966,0.1599552686678617
3.1022,0.16093029488468197
3.1078,0.1622473469697531
3.1132,0.161989429301397
3.1188,0.16461659032798304
3.1244,0.16158678484351544
3.1301,0.16272563094952058
3.1354,0.16261077066080765
3.141,0.16258005166422454
3.1466,0.16289860556545693
3.1523,0.1636338918152778
3.1576,0.16578058755569727
3.1632,0.16468145851385607
3.1689,0.16588243538284395
3.1745,0.16496678678860646
3.1798,0.16537687857826855
3.1855,0.16468734261306012
3.1911,0.1650887262387161
3.1967,0.16845064719124975
3.2021,0.1655852432029873
3.2077,0.16757191210505512
3.2133,0.1675230183472451
3.2189,0.16690748932764585
3.2243,0.1681623683218482
3.2299,0.16831956079499039
3.2355,0.16915871518462822
3.2411,0.16805488313225317
3.2465,0.1701379346756529
3.2521,0.1688272727354945
3.2577,0.16923382484317484
3.2634,0.17142627877867783
3.2687,0.17050854207484767
3.2743,0.1715481986337031
3.28,0.17077869720176372
3.2856,0.17262315371221434
3.2912,0.1724791689870668
3.2966,0.17231226723437962
3.3022,0.17134376181324448
3.3078,0.1704565006306854
3.3132,0.17320933048960796
3.3188,0.1738148939023315
3.3244,0.17347780219484696
3.3298,0.17415830072619795
3.3354,0.1738052242708891
3.341,0.1756339565522091
3.3467,0.1734191730338378
3.352,0.176713086963568
3.3577,0.175460939412733
3.3633,0.17559790739968667
3.3689,0.1736455255341611
3.3745,0.17718057379507024
3.3799,0.1776851805862631
3.3855,0.17583293354983107
3.3911,0.17702443632512047
3.3967,0.1770233109917704
3.4021,0.17801816602702486
3.4077,0.1780500155995905
3.4133,0.1791894878020345
3.419,0.1779348859378016
3.4243,0.17884699832773016
3.4299,0.17876546901700202
3.4356,0.17775509564244688
3.4412,0.1800220908273356
3.4465,0.18016170006357524
3.4521,0.18023748512478407
3.4577,0.18027786172092328
3.4634,0.17996119067196906
3.4687,0.1794799314259012
3.4744,0.18236385724026288
3.48,0.18120460410503764
3.4856,0.18140581682704637
3.4909,0.18235663114033243
3.4966,0.18220518118170081
3.5022,0.18330246482697013
3.5078,0.18195311133367884
3.5132,0.1828487685414287
3.5188,0.18250329286270228
3.5244,0.1847123562871536
3.53,0.18436120434806674
3.5354,0.1843722435339727
3.541,0.18377312976003443
3.5466,0.18410212058771838
3.5523,0.18590060248069248
3.5576,0.18556543343909063
3.5632,0.18365293535965546
3.5689,0.18678795442387297
3.5745,0.18554204514369635
3.5799,0.18653443001807746
3.5855,0.18747748080773918
3.5911,0.18637254992755964
3.5967,0.1878125110563984
3.6021,0.18777221816546982
3.6077,0.18819952070028623
3.6133,0.18978158176151616
3.6187,0.18776346942150104
3.6243,0.18883096848518705
3.6298,0.18902959374084458
3.6355,0.1894819869710825
3.6411,0.18894325916013177
3.6467,0.1914771135648821
3.6521,0.19212091402679995
3.6576,0.1918485055418328
3.6633,0.19137712459835443
3.6689,0.19163873631985848
3.6745,0.19301174424720216
3.6799,0.19497356217736211
3.6854,0.19506519330086444
3.6911,0.19286485212158444
3.6967,0.19289200073713872
3.702,0.19295791830177414
3.7077,0.1937597939607944
3.7133,0.19535918037719982
3.7189,0.1941143617551704
3.7245,0.19360002549228034
3.7298,0.19624970101341616
3.7355,0.1956195948435213
3.7411,0.1950279671880649
3.7467,0.1968768086656806
3.7523,0.19608098519875494
3.7576,0.1962435333652901
3.7633,0.19608638042914953
3.7689,0.19825816919392808
3.7745,0.19776016332517976
3.7798,0.19853604364358302
3.7854,0.1992767133217509
3.7911,0.1981171119703116
3.7967,0.19656183575309874
3.8023,0.19900110846304922
3.8076,0.20271153587908936
3.8133,0.19963880759770825
3.8189,0.20030378962533707
3.8245,0.2006997832490237
3.8301,0.2000005140637175
3.8354,0.20043832469642686
3.8411,0.20217185492824916
3.8467,0.20150982294438866
3.8523,0.2035589338574334
3.8576,0.20237981831805746
3.8632,0.20261902428634046
3.8689,0.20535014514261568
3.8745,0.20135267929961173
3.8798,0.20429284646190965
3.8855,0.20475977578458163
3.8911,0.2038200743945263
3.8967,0.207662238438883
3.9021,0.20616942744007571
3.9077,0.20743893998869214
3.9133,0.2074253779731596
3.9189,0.20626111863651062
3.9243,0.20765464630301764
3.9299,0.2090180652776745
3.9356,0.2079005638886705
3.9409,0.20881638781307613
3.9466,0.21074848229556412
3.9522,0.21051407187746513
3.9578,0.21215790458605077
3.9632,0.2098275482939553
3.9688,0.21109626955398644
3.9744,0.21325584399494862
3.98,0.21239102183562567
3.9857,0.21196497940686804
3.991,0.21128769626719926
3.9966,0.2129534330654256
4.0023,0.21186086336190477
4.0076,0.21402626881277156
4.0133,0.21492075181454987
4.0189,0.21584363202101042
4.0243,0.21680009385338705
4.0299,0.2161896633648109
4.0355,0.2142466190977378
4.0411,0.2159911730446384
4.0467,0.2161680151783095
4.0521,0.21838863144593265
4.0577,0.22152220415601223
4.0633,0.21775168547994167
4.0689,0.21853143667081723
4.0743,0.22082234717405647
4.0799,0.22130318427371334
4.0855,0.2181888501000309
4.0912,0.22087680965240813
4.0965,0.220628166528629
4.1021,0.22067352043936497
4.1078,0.22160215549799406
4.1134,0.22122148789855936
4.1187,0.22157488520879715
4.1243,0.2242319702401724
4.1299,0.22416952675355833
4.1356,0.2231335046892673
4.1412,0.22655268646444554
4.1465,0.22443888924824737
4.1522,0.2228517312348987
4.1578,0.22442391358683608
4.1632,0.22671530796819228
4.1688,0.23260686515071208
4.1744,0.22482673759240884
4.18,0.2299184650985765
4.1854,0.2275896189207766
4.191,0.22588045192021317
4.1966,0.22759198331333494
4.2022,0.22677737709723234
4.2076,0.2273221416639503
4.2132,0.22750996373318805
4.2188,0.22874962017764897
4.2244,0.22888516757735408
4.2301,0.23177949253988875
4.2354,0.2294089153522075
4.241,0.23050053186374336
4.2466,0.23449196536900352
4.2523,0.22933883765493882
4.2576,0.23182610776754492
4.2632,0.23214211749318664
4.2689,0.23358568448305886
4.2745,0.23680729049723276
4.2798,0.23623267066956263
4.2855,0.2338776413198485
4.2911,0.2334492176496863
4.2967,0.23417554648600986
4.302,0.2338491717124391
4.3077,0.23647176693844166
4.3133,0.23706299055398816
4.3189,0.23629727164605702
4.3242,0.24122367868516234
4.3299,0.23733474026026397
4.3355,0.2368151058533509
4.3411,0.23687585250716053
4.3467,0.24292104956652824
4.3521,0.23747235226628327
4.3577,0.2404950264507473
4.3633,0.2397065098824519
4.3689,0.23924200246680116
4.3743,0.24251581788501636
4.3799,0.24205155540836165
4.3855,0.24377053494226683
4.3912,0.2423052444615197
4.3965,0.24205147585910497
4.4021,0.24373257344199056
4.4078,0.24329990316233074
4.4134,0.2453282737454723
4.4187,0.24497272931675607
4.4244,0.24637593831853533
4.43,0.24519749751313652
4.4356,0.24706873071272514
4.441,0.2485164965389585
4.4466,0.24897394132640843
4.4522,0.2484672677911002
4.4578,0.2465545394735121
4.4632,0.24959437007376445
4.4688,0.25145127395436284
4.4744,0.2518995439094188
4.48,0.2503515729883301
4.4857,0.25296547304770833
4.491,0.2507773586195264
4.4966,0.25275125165497636
4.5023,0.25349479596317837
4.5079,0.2564662474820536
4.5132,0.2554105620480648
4.5189,0.2535406311978728
4.5245,0.2524335762497213
4.5298,0.25642734256495076
4.5355,0.25985758234751277
4.5411,0.25761259950842297
4.5467,0.2566911565234772
4.5523,0.2555077354092614
4.5577,0.2567207111058083
4.5633,0.2586793634490506
4.5689,0.2558484721886739
4.5745,0.2589082182624576
4.5798,0.25964545040020975
4.5855,0.2607623632731458
4.5911,0.2614385376870428
4.5967,0.2633965742592506
4.6023,0.26187119289406574
4.6077,0.26146780414813464
4.6133,0.2623637816429789
4.6189,0.2655181308928158
4.6245,0.2622523139636453
4.6299,0.2649048202277828
4.6355,0.26743381001284233
4.6411,0.2630498795574072
4.6467,0.26357950417508136
4.6521,0.2634820861670353
4.6577,0.26688106598593475
4.6633,0.2686176499707382
4.669,0.26951449028834285
4.6743,0.26688492863178725
4.6799,0.2664120361658522
4.6856,0.26929658127028877
4.6912,0.2715128193971772
4.6965,0.27025088310858975
4.7022,0.2693763473911548
4.7078,0.2706321431742015
4.7134,0.2734872850754504
4.719,0.26927752580956343
4.7244,0.2752739175167094
4.73,0.2706587583751192
4.7356,0.2729790733368588
4.7413,0.27561493753016897
4.7466,0.2731314343877205
4.7522,0.27684980423667993
4.7579,0.2735508625403439
4.7632,0.2738530821651064
4.7688,0.2766794724591585
4.7745,0.27693546806492686
4.7801,0.2775073457253886
4.7854,0.2770913628523929
4.7911,0.2792375921724003
4.7967,0.2804412981689871
4.8023,0.27556527235669415
4.8077,0.2783564401970544
4.8133,0.2786557857677757
4.8189,0.282214527582359
4.8245,0.2803723342871694
4.8299,0.2821574936420642
4.8355,0.2829408953757252
4.8411,0.28219901578777323
4.8467,0.28537415711048053
4.8521,0.28349652496755706
4.8577,0.2850333024655193
4.8633,0.2858555891296366
4.8689,0.2859623634128339
4.8746,0.28949403055782025
4.8799,0.28707713551107106
4.8855,0.2901081594712158
4.8912,0.28571329778967314
4.8968,0.28866526986917274
4.9021,0.2920938893484796
4.9077,0.29123294615534756
4.9133,0.29039858931313656
4.919,0.29188278598951733
4.9243,0.29156549106970897
4.9299,0.29122010576679114
4.9355,0.29033196908272124
4.9412,0.29140828551099063
4.9468,0.29608626305053365
4.9521,0.2949291073474011
4.9578,0.29290117206748534
4.9634,0.2949076026068519
4.969,0.2945533239925142
4.9744,0.29949179587079977
4.98,0.29576773973175985
4.9856,0.2950945086398221
4.9912,0.29630739162467823
4.9966,0.2983379044479394
5.0022,0.2985846374232699
5.0079,0.3039513015620168
5.0133,0.3011498781157589
5.0189,0.3033946695419818
5.0245,0.304181742661783
5.0301,0.3064917453187527
5.0354,0.3030232883706564
5.041,0.3057029315319709
5.0467,0.3064116178640337
5.0523,0.3089833396211632
5.0579,0.3051768557185792
5.0632,0.31139227059542074
5.0689,0.30776349649323487
5.0745,0.3119067594723488
5.0801,0.30711910345636395
5.0855,0.3052426286110646
5.0911,0.31285457020478896
5.0967,0.3115081628818091
5.1024,0.3137133973310391
5.1077,0.31588923358600485
5.1133,0.31125775144701956
5.119,0.3105522305524372
5.1246,0.31148477029160315
5.1299,0.31636515106633484
5.1355,0.3125038643319341
5.1412,0.3199977522478577
5.1468,0.313616831277223
5.1521,0.31885792277415914
5.1577,0.32170563664912877
5.1634,0.3188878387574521
5.169,0.3147541113842284
5.1746,0.32412677251479616
5.1799,0.32457092833126344
5.1855,0.324039759953069
5.1912,0.3326265335077093
5.1968,0.32623564196270505
5.2021,0.32483258579354024
5.2077,0.3285899080422162
5.2133,0.3216101830337254
5.219,0.3292762231164528
5.2243,0.32536310960236703
5.2299,0.3244334672394184
5.2355,0.3361844360135825
5.2412,0.3316315412539179
5.2465,0.3291831427213855
5.2522,0.3288395180417425
5.2578,0.3285653472643857
5.2633,0.33397659066580165
5.269,0.3347976473183061
5.2746,0.32872179409347607
5.2799,0.3297220397725097
5.2856,0.33552807613094054
5.2911,0.33552084397443527
5.2968,0.3362277360465138
5.3024,0.3355914336976992
5.3077,0.3373731655551838
5.3133,0.3338433011563787
5.3188,0.33802066722334323
5.3244,0.3356732477396739
5.33,0.33593706028051307
5.3356,0.34074583930620894
5.3413,0.33681495193408445
5.3466,0.34038426301374497
5.3522,0.33854747936504986
5.3578,0.3383607780048678
5.3635,0.3421621394033176
5.3688,0.3526329704439057
5.3745,0.3476230737585373
5.3801,0.34498023431752145
5.3857,0.34807659197603585
5.3911,0.3456022527032979
5.3967,0.35176845839292803
5.4023,0.3461741401512456
5.4077,0.3918470235314802
5.4133,0.35098482140558335
5.419,0.3510230664312669
5.4246,0.3555578713560903
5.4299,0.35627555263743327
5.4355,0.35470392822048047
5.4412,0.35518249828031384
5.4468,0.3536458970798919
5.4521,0.3533816475055983
5.4578,0.36059995030200326
5.4635,0.3612627492904422
5.4689,0.3644680166233145
5.4745,0.3615087210035869
5.4801,0.3618865064032124
5.4854,0.3607830042072082
5.4911,0.36236775543688016
5.4967,0.3620926144795881
5.5023,0.3621897320181823
5.5079,0.3633264528743704
5.5133,0.3665727281426562
5.5189,0.36315402841852695
5.5245,0.36171768735963317
5.5302,0.3704406196143375
5.5355,0.3639050180595391
5.5411,0.3680337701095081
5.5468,0.3706308838963098
5.5524,0.3647711403007187
5.5577,0.36765999707771546
5.5634,0.36991775661646953
5.569,0.36945879516829094
5.5743,0.37873262961870724
5.58,0.3700435359684493
5.5856,0.3730006093146705
5.5912,0.3721541064585444
5.5968,0.37605204026208233
5.6022,0.3793190144636539
5.6078,0.37713596320892667
5.6134,0.3825305839017017
5.619,0.38986051923585313
5.6244,0.38488498185913705
5.63,0.38162942472125916
5.6356,0.3886847075387005
5.6413,0.3790931754963653
5.6466,0.39137798825170644
5.6522,0.38761156631655314
5.6578,0.38989853730747676
5.6635,0.378935673110244
5.6688,0.38400221290924363
5.6744,0.3880126639472329
5.6801,0.3874601575960436
5.6857,0.39102588158542345
5.691,0.3884195079903622
5.6966,0.3907084387745829
5.7023,0.39393958931110973
5.7079,0.39241383384074746
5.7135,0.3960158384650645
5.7189,0.392619063221607
5.7245,0.39416778663838975
5.7301,0.3921039748895686
5.7358,0.4030354674891785
5.7411,0.3986011643037469
5.7467,0.3960989264565987
5.7524,0.3962533694944263
5.7577,0.4003799006619546
5.7633,0.40378781725652
5.769,0.4105294488098042
5.7746,0.40193994263621036
5.7799,0.4015527032429739
5.7856,0.40453959581265225
5.7912,0.4040392262057134
5.7968,0.40284793269665375
5.8022,0.4014837472091378
5.8078,0.41305267982294985
5.8134,0.40120838182769986
5.8191,0.4066674506735538
5.8244,0.40567781452711216
5.83,0.4139632618273966
5.8356,0.41170056699496493
5.8413,0.4095480803106161
5.8466,0.40910604805308176
5.8522,0.4110739247082173
5.8579,0.4102580248422586
5.8635,0.4088850823994219
5.8689,0.4109164687654054
5.8745,0.42652825038353737
5.8801,0.41680780917627
5.8857,0.4129074704926846
5.8911,0.41508110457823033
5.8967,0.41739422112890845
5.9023,0.42111247220896875
5.9079,0.41700467100783356
5.9135,0.42255106340788773
5.9189,0.4219895739776598
5.9245,0.42264571199259027
5.9301,0.4197678603373089
5.9355,0.418534045139375
5.9411,0.42652825038353737
5.9468,0.4188993520918406
5.9524,0.4296937232853817
5.9577,0.4288051406491255
5.9634,0.43369197941737053
5.969,0.4263288887854554
5.9746,0.42303374858772186
5.98,0.4556984130631051
5.9856,0.427756055251216
5.9912,0.42886989613656223
5.9969,0.4278294191760019
6.0022,0.43364808397898125
6.0079,0.43575241321232416
6.0135,0.43049291633357056
6.0188,0.4381357049618442
6.0245,0.4401378830874916
6.0301,0.4394900936908275
6.0357,0.43497830032678503
6.0411,0.43846122652711084
6.0467,0.4480866324803969
6.0523,0.4444519168494224
6.058,0.4450365456387533
6.0633,0.4421728672267419
6.069,0.4423747356805715
6.0746,0.44528988220804644
6.0802,0.439931876626261
6.0856,0.4422655523191692
6.0912,0.44028058647606905
6.0966,0.44413504170069734
6.1022,0.45230059320582455
6.1078,0.4462413602939584
6.1135,0.4427612000770989
6.1191,0.4535778234171275
6.1244,0.4478259975895983
6.13,0.44855309505403435
6.1356,0.4434647006523762
6.1413,0.45052678503908383
6.1466,0.44892331083454584
6.1522,0.4521445749621088
6.1579,0.4586201442378816
6.1635,0.45414939325976844
6.1688,0.44870940451365793
6.1744,0.4528562136003216
6.1801,0.4521837786819966
6.1857,0.4549878168003477
6.1913,0.4558510288257952
6.1966,0.4537709800974149
6.2023,0.45859568200561435
6.2079,0.46111007339794186
6.2135,0.468814918668362
6.2189,0.46427044651102856
6.2245,0.46956352971497606
6.2301,0.4650306872682495
6.2357,0.4709178897758883
6.2411,0.46319922417572745
6.2467,0.4725194995109627
6.2523,0.46782972283918023
6.258,0.4690265833270785
6.2633,0.4738981554278664
6.269,0.47106399658878406
6.2746,0.4689638707629942
6.2799,0.47196829104192095
6.2856,0.46911593753081227
6.2912,0.4733297352679757
6.2968,0.47217694279209754
6.3022,0.47550522531662637
6.3078,0.4724623610189179
6.3135,0.47300171404749874
6.3191,0.4756668773938758
6.3244,0.4730851746957201
6.3301,0.4794499455424329
6.3357,0.473939223461997
6.341,0.47688534821707373
6.3467,0.496465083619594
6.3523,0.4770022029965564
6.3579,0.48388052011291965
6.3633,0.48173244178920327
6.3689,0.4774110571708044
6.3745,0.4835413965457186
6.3801,0.4853138236609326
6.3855,0.4750020656700148
6.3911,0.4815930505192384
6.3968,0.4856412754570501
6.4024,0.4889164684796864
6.408,0.48750758908961733
6.4134,0.4917674925450177
6.419,0.4871917486383406
6.4246,0.4880154653122456
6.43,0.48873199661147615
6.4356,0.49610625493854793
6.4412,0.4910945571934501
6.4469,0.4925384912579118
6.4522,0.4973440388816177
6.4578,0.4963954435348359
6.4635,0.4988465773417338
6.4688,0.4991697867036028
6.4745,0.4954637561462675
6.4801,0.502121803981379
6.4857,0.5043867362243919
6.4913,0.5046058230442
6.4967,0.5041065917533243
6.5023,0.5071706852132767
6.5079,0.5095796107908455
6.5135,0.5015652983971857
6.5189,0.4983971413890099
6.5245,0.5067820253982863
6.5301,0.5043930575257332
6.5358,0.5080388519553038
6.5411,0.5020069170093626
6.5468,0.5145706061341812
6.5524,0.5093380843347356
6.5577,0.5052424220085053
6.5634,0.5112442566216056
6.569,0.5101254252835287
6.5746,0.5106484593736196
6.58,0.5112345311574148
6.5856,0.5141253690992899
6.5912,0.5102606670268253
6.5969,0.5149403819373697
6.6022,0.514780443909456
6.6078,0.5135582099570286
6.6135,0.5157463816425365
6.6191,0.5180460416612466
6.6244,0.5159257691026704
6.6301,0.5168632520407586
6.6357,0.5236112039788657
6.6413,0.5179906057603034
6.6467,0.5230920141903932
6.6523,0.5211107714019259
6.6579,0.523873090314877
6.6633,0.5262024229843032
6.6689,0.5203369679648623
6.6746,0.5263605956992412
6.6802,0.52535019802902
6.6855,0.533131661240948
6.6911,0.5227108589140154
6.6968,0.5252258526663346
6.7024,0.5307024745401611
6.7078,0.528790577457339
6.7134,0.524079017337411
6.719,0.5222681556612745
6.7246,0.5276093011901282
6.73,0.5270448369004291
6.7356,0.5306136922428204
6.7412,0.5344049079983944
6.7469,0.5362763498894414
6.7522,0.5406966946054714
6.7577,0.532513392600752
6.7634,0.5303028733412816
6.769,0.5322695433611464
6.7746,0.5386500634870434
6.78,0.5420555965654197
6.7856,0.5380108767469032
6.7912,0.5473085257856257
6.7968,0.5414733635511296
6.8024,0.5454798325907743
6.8078,0.5369892373693623
6.8134,0.5342400481874243
6.819,0.5448818219284146
6.8246,0.5534005763869427
6.83,0.5466435651998437
6.8356,0.5377109331539094
6.8412,0.5380279108670708
6.8468,0.5446146711540929
6.8524,0.5476352331844321
6.8578,0.5486920321562839
6.8634,0.5368301203848147
6.869,0.5634539977137072
6.8746,0.5546856626756447
6.88,0.5531487461141152
6.8856,0.5528493056398623
6.8912,0.563318427422322
6.8968,0.5647348711406551
6.9024,0.5819655056465772
6.9078,0.5585085520531881
6.9135,0.5611688611288451
6.9191,0.5481648227221504
6.9244,0.5540759988345887
6.93,0.5627474392433982
6.9356,0.556254947247335
6.9412,0.5517464112820928
6.9469,0.5525897018211581
6.9522,0.5619348448687727
6.9579,0.5527088163003797
6.9635,0.5722290132454784
6.9691,0.5695767326661456
6.9745,0.562511486083811
6.9801,0.5725846992595233
6.9857,0.5797626835783442
6.9911,0.5674555575949963
6.9967,0.5643527953437716
7.0023,0.577428927537005
7.0077,0.5742704808014742
7.0134,0.5646448594916749
7.019,0.5641815925135713
7.0246,0.5689216408732826
7.03,0.5672066687731181
7.0356,0.569711759941974
7.0413,0.5693132928061714
7.0469,0.5744786911914267
7.0522,0.5710133958080317
7.0579,0.5775394792204332
7.0635,0.5647360813254171
7.0691,0.5746293303363087
7.0744,0.5815169087709576
7.0801,0.5792476469662526
7.0857,0.5771463860022203
7.0911,0.5778617665387105
7.0967,0.5696879745136872
7.1023,0.5858180488786437
7.1079,0.5828741072956193
7.1136,0.5785483263817108
7.1189,0.577373233172359
7.1245,0.5840801856786257
7.1302,0.5767950105993792
7.1358,0.5786303640648223
7.1411,0.5820123455081397
7.1468,0.5866991801917272
7.1524,0.5805635348900329
7.1578,0.583056997689681
7.1634,0.5841780410255939
7.169,0.5795977291987794
7.1746,0.5780548928757024
7.18,0.5823086196804006
7.1856,0.584193335641624
7.1912,0.591506177987644
7.1968,0.597052781454389
7.2022,0.5912876818736419
7.2078,0.5922179030820097
7.2134,0.5902292144189758
7.219,0.585727083537303
7.2244,0.5889116321974335
7.23,0.5923819071694997
7.2357,0.5809052248778778
7.2413,0.5979878494568481
7.2469,0.5909590777952031
7.2523,0.5905202463580946
7.2579,0.5922395415937556
7.2635,0.5940977841345038
7.2689,0.5996035955279344
7.2745,0.597700826981807
7.2802,0.593850042041486
7.2858,0.5960310727889778
7.2911,0.6065191413534572
7.2967,0.612610503155903
7.3024,0.6044943824145157
7.308,0.5938236160905337
7.3133,0.6046025064413855
7.319,0.6063026639806844
7.3246,0.5980953867702689
7.3302,0.6008496962440466
7.3355,0.6054872844778647
7.3412,0.6037384204210754
7.3468,0.6069402023149028
7.3524,0.5986166004076278
7.3578,0.6085523174045635
7.3634,0.6005795840434602
7.369,0.6101294249479524
7.3747,0.6106120926964305
7.38,0.6118137527394518
7.3856,0.6073782548019689
7.3913,0.6050188508190466
7.3969,0.6069817744055606
7.4022,0.609784243937754
7.4079,0.6090449385573891
7.4135,0.6117708463885567
7.4191,0.6126300538640281
7.4245,0.6135187943367975
7.4301,0.6106708333442153
7.4357,0.6076488660619346
7.4413,0.6083951806896266
7.4467,0.6095370344452329
7.4523,0.6159309661458597
7.4579,0.6309191860430815
7.4635,0.6106149230042549
7.4689,0.6191291337689656
7.4745,0.6290887802734129
7.4801,0.6192519845950599
7.4857,0.6223693151635231
7.4911,0.6232664801047115
7.4967,0.6619363578874325
7.5023,0.6259993368854718
7.508,0.6189768414562193
7.5133,0.6219926308913601
7.5189,0.6297501695646187
7.5246,0.6152215893738475
7.5302,0.6392283392216058
7.5356,0.6307666199458251
7.5412,0.6257385023501528
7.5468,0.632900323582037
7.5525,0.632836682208785
7.5579,0.6251108818872612
7.5635,0.6312101041078979
7.5691,0.6264816933032751
7.5744,0.6289262823990646
7.5801,0.6289922762985417
7.5857,0.6343204733396677
7.5914,0.632311459165007
7.5967,0.6310902151782629
7.6023,0.6269490037412341
7.608,0.6229448387810963
7.6133,0.631201755282546
7.619,0.6252869671686536
7.6246,0.6318332667062392
7.6302,0.6349794367043055
7.6356,0.6397943970034977
7.6412,0.6349613476469033
7.6468,0.6308332283586442
7.6525,0.6296694540531462
7.6578,0.6468075934017641
7.6634,0.6405306722667592
7.669,0.6374960448508827
7.6747,0.6391750855881418
7.68,0.6345121089192194
7.6857,0.6376141005996542
7.6913,0.6383162021756802
7.6969,0.6383985929767364
7.7023,0.645980404914208
7.7079,0.6384362603566986
7.7135,0.6406487400609189
7.7191,0.6370934445009698
7.7245,0.6475295740407514
7.7301,0.6387962063258108
7.7357,0.6482339968800852
7.7413,0.6451772104098137
7.7467,0.64628037555224
7.7523,0.6449885705879664
7.7579,0.6446360799213682
7.7636,0.6482863514944369
7.7689,0.6544471246042328
7.7745,0.6417899864775067
7.7802,0.6526443597230784
7.7858,0.6539134460276276
7.7911,0.6551240601971757
7.7968,0.6581784218541212
7.8024,0.6592284086941193
7.808,0.6501035517556252
7.8134,0.6561047895727679
7.819,0.666438163808839
7.8246,0.650348818278898
7.83,0.6542935131580362
7.8356,0.6633358319784728
7.8413,0.659553834055057
7.8469,0.6498117487487349
7.8522,0.656079302862467
7.8579,0.664455785661054
7.8635,0.6621419908640456
7.8691,0.6619507833391635
7.8745,0.6565057387754342
7.8801,0.6680935514167801
7.8858,0.6619478198874589
7.8914,0.6582651827216376
7.8967,0.6621148442050753
7.9024,0.662739872922554
7.908,0.6608733010632587
7.9133,0.6682246738234927
7.9189,0.6710816868081932
7.9246,0.6637551107786137
7.9302,0.670402885878157
7.9358,0.66707111012547
7.9412,0.6642971268219284
7.9468,0.702811080231007
7.9524,0.6630887336256193
7.958,0.6709811008169244
7.9634,0.6670798675244722
7.969,0.674448651455476
7.9746,0.6770260833692947
7.98,0.6665706198013753
7.9856,0.6659228033457056
7.9912,0.6862367425345567
7.9969,0.6721348143739623
8.0022,0.6757082960526524
8.0079,0.6651726946444559
8.0135,0.6611769510923391
8.0191,0.668378730602155
8.0245,0.6731756074971683
8.0301,0.6736010925843433
8.0357,0.6752969988166317
8.0414,0.6785355703218353
8.0467,0.6839600517067682
8.0523,0.6806067450885648
8.0579,0.6785789743052122
8.0636,0.6869898181912695
8.0689,0.6723810550150018
8.0746,0.6783626517881305
8.0802,0.6823180070006267
8.0856,0.6767720449130776
8.0912,0.6856735878535751
8.0968,0.6750247985457631
8.1024,0.6716777155166793
8.108,0.6743603868835711
8.1134,0.6858322709967837
8.119,0.6766754465810867
8.1246,0.6729196277188046
8.1302,0.6774873495470275
8.1356,0.6918911437633277
8.1412,0.6797462229053474
8.1468,0.6972108725654139
8.1524,0.6959561374297931
8.1578,0.6781467135204904
8.1634,0.6861226184123852
8.169,0.6793485296306775
8.1747,0.6848530244534282
8.18,0.6717922670155059
8.1857,0.6957243380068414
8.1913,0.6740958679820553
8.1969,0.6823629499095399
8.2023,0.6825794963198435
8.2079,0.6857240718164525
8.2135,0.6788703542764374
8.2189,0.686745320468704
8.2245,0.6911415886185502
8.2301,0.6885930846881945
8.2357,0.6953360313645732
8.2414,0.6856447461246892
8.2467,0.6861994664820688
8.2523,0.6808286806149949
8.258,0.6966506325471593
8.2636,0.6926058377853763
8.2689,0.7166825876268905
8.2746,0.6991137709689796
8.2802,0.6937217220600269
8.2858,0.6945082685179264
8.2911,0.6927750299299313
8.2968,0.6973128049076591
8.3024,0.700097113655489
8.308,0.6875744699901265
8.3134,0.6935046861413734
8.319,0.6997778832257389
8.3247,0.708378331980876
8.33,0.6976939570562235
8.3356,0.7054594091452306
8.3413,0.6950409549747885
8.3469,0.702672076548546
8.3522,0.707911878979459
8.3578,0.6907717133531
8.3634,0.7102941518429782
8.369,0.7013573554589009
8.3746,0.6970770765294768
8.3802,0.6952517831226581
8.3856,0.7015468255504617
8.3911,0.7018677706531301
8.3968,0.6951187925341625
8.4024,0.7038630272134386
8.408,0.6977606088040753
8.4134,0.6952575655389913
8.419,0.6947150647212542
8.4246,0.6933538554345599
8.4302,0.7097212819653633
8.4358,0.7070647824966688
8.4411,0.7008713628188099
8.4468,0.704087966093716
8.4524,0.6956644786612981
8.458,0.6996205327900211
8.4634,0.7282574948499778
8.469,0.6969101395216705
8.4746,0.7135003801808094
8.4802,0.7008734498317677
8.4856,0.7000619413066338
8.4912,0.6929127592574942
8.4968,0.6971019111939531
8.5024,0.7034764340419453
8.508,0.7179183487997581
8.5134,0.7391885388079105
8.519,0.7018053460657585
8.5246,0.7111337262253772
8.5302,0.7045632160297641
8.5356,0.702609293859628
8.5412,0.6986585309100181
8.5468,0.7048200603492949
8.5524,0.7144743504485915
8.558,0.7021351928880626
8.5634,0.7141156436850636
8.569,0.7177235952732179
8.5746,0.7111531947935643
8.5802,0.7096789725324502
8.5856,0.716898378264353
8.5912,0.7252852298796764
8.5968,0.7109352641798563
8.6025,0.710797462608267
8.6078,0.7170806384533805
8.6135,0.7102840650421294
8.6191,0.71206169951615
8.6247,0.7221987751102433
8.63,0.7129132842019366
8.6357,0.7057149223604748
8.6413,0.7181334545929241
8.6469,0.7110531395974495
8.6523,0.7157936226925881
8.6579,0.7086062660589407
8.6635,0.7183233487285337
8.6692,0.7150730832588359
8.6745,0.7129448923983666
8.6801,0.727779499824286
8.6858,0.7129969943006751
8.6911,0.7228381559608099
8.6968,0.7080295681843595
8.7024,0.7091980600465009
8.708,0.7042251797978168
8.7134,0.7177922385597737
8.719,0.7140731212024315
8.7246,0.7179851670594507
8.7302,0.715818848364439
8.7356,0.729807014474581
8.7412,0.7196050677004686
8.7468,0.7215753189809438
8.7525,0.7212723104728372
8.7578,0.7153345669674023
8.7634,0.7217755774420054
8.7691,0.7260478740048237
8.7747,0.7149719332927169
8.7801,0.732172926086387
8.7857,0.7146196095380506
8.7913,0.7090418995460537
8.7969,0.7251774004064268
8.8022,0.7215247052048476
8.8079,0.7240933306138886
8.8135,0.7219927996314277
8.8191,0.7278184579018658
8.8245,0.7196682235846354
8.8301,0.7131716241772905
8.8357,0.7190443695678309
8.8413,0.7225483471989226
8.8467,0.7156424533218466
8.8523,0.7190041995861193
8.8579,0.7162961478289688
8.8636,0.719446728495087
8.8689,0.7244639795070428
8.8745,0.7193081750265397
8.8802,0.7154725375852159
8.8858,0.7251401095669878
8.8911,0.7151906341566419
8.8967,0.7199328366373967
8.9023,0.7191470672590842
8.908,0.7233934364243907
8.9136,0.7249787573133533
8.919,0.7185592714266343
8.9246,0.7228097012077206
8.9302,0.7227647655256725
8.9358,0.7226522073976851
8.9412,0.7130814906316655
8.9468,0.7227138823113688
8.9524,0.724552700157341
8.9581,0.7249039909256041
8.9634,0.7235758778953354
8.9691,0.7504165536881613
8.9747,0.7182056072744042
8.98,0.7214918525141042
8.9857,0.7279111380389276
8.9913,0.7260366298628362
8.9969,0.7281137552997539
9.0023,0.7366909007098777
9.0079,0.7220567689670923
9.0135,0.7283355002543066
9.0192,0.7161806426476229
9.0245,0.7206918030418294
9.0302,0.7280533398576916
9.0358,0.7266128278540394
9.0412,0.7265314145712813
9.0468,0.7185495359101217
9.0524,0.7197455744151006
9.0578,0.7160877060119579
9.0634,0.7160213217077562
9.069,0.7212874283412583
9.0747,0.7202233931072147
9.0803,0.7201087533163447
9.0857,0.7328462375433682
9.0913,0.7239343055559768
9.0969,0.7207825505363156
9.1022,0.7236680967634344
9.1079,0.7260642716309643
9.1135,0.7219506029896136
9.1191,0.7196531184570557
9.1245,0.7278181670888599
9.1301,0.7242163265050532
9.1357,0.7218390866023363
9.1414,0.7273750773971867
9.1467,0.7267599729783619
9.1524,0.7224275566913889
9.158,0.7268709148601842
9.1636,0.725895723640447
9.169,0.7232161700555746
9.1746,0.726686060160438
9.1802,0.7213298714287004
9.1856,0.739935862003277
9.1912,0.726262934331771
9.1969,0.7296214824881745
9.2025,0.7215652025534821
9.2078,0.7327692199661
9.2135,0.7289410231399824
9.2191,0.7191211096443832
9.2247,0.7218694382649999
9.2301,0.7280509092141885
9.2357,0.7288560405540356
9.2414,0.7318726099996986
9.2467,0.7327859695494294
9.2523,0.7213989382167927
9.258,0.7273818476858597
9.2633,0.7169985050004746
9.269,0.7209536190532951
9.2746,0.7240500546637143
9.2802,0.7212094765016239
9.2858,0.7295287965690185
9.2912,0.7327117311624269
9.2968,0.7269054868608682
9.3024,0.7198073703190222
9.3081,0.734802701056917
9.3134,0.7426369172589389
9.319,0.7343467124919346
9.3247,0.7379314466301077
9.33,0.7294389105684511
9.3357,0.7395594306237467
9.3413,0.7308396095221261
9.3469,0.7273179283738014
9.3522,0.7289100111245299
9.3579,0.7229690279272121
9.3635,0.7330170163600492
9.3691,0.7251493893716028
9.3745,0.7235816110975839
9.3801,0.7248242403909164
9.3857,0.7210715643803938
9.3914,0.7266523049798324
9.3967,0.722655575144447
9.4023,0.7301672382509534
9.408,0.7373207905425095
9.4136,0.7425025684800526
9.4189,0.7422218377604125
9.4246,0.7405428256484764
9.4302,0.725075409809937
9.4356,0.7283867899146151
9.4412,0.7276098491554479
9.4468,0.7205101393904618
9.4524,0.7310780203510289
9.4578,0.721196490605986
9.4634,0.7287566681085833
9.4691,0.7234623093886094
9.4747,0.7316043948751391
9.48,0.7278124875909773
9.4857,0.7362663351626363
9.4913,0.7289009535889132
9.4969,0.7328424030658409
9.5025,0.7246595712161545
9.5079,0.7209795604530056
9.5135,0.7319675914269257
9.5191,0.7205643582835921
9.5247,0.7362886721857824
9.5301,0.7282832828098345
9.5357,0.732307975921598
9.5413,0.7221849702552885
9.547,0.7329885077295022
9.5523,0.7405014104919414
9.5579,0.7355620767598874
9.5636,0.7346255022156932
9.5689,0.7443150853430667
9.5745,0.7327582064899396
9.5802,0.7328023792738394
9.5858,0.7335131523671208
9.5911,0.7334900318807116
9.5967,0.7272322282045032
9.6024,0.7349690691466408
9.608,0.7331172709934987
9.6136,0.7484552995125733
9.619,0.7389398254917533
9.6246,0.7334004305090698
9.6302,0.7435059887442645
9.6356,0.741110629447572
9.6412,0.7301473523663877
9.6468,0.7308824827517905
9.6524,0.7331811269119777
9.6581,0.7356934867933638
9.6634,0.7391914210263831
9.6691,0.7208609716929448
9.6747,0.7341084156081299
9.68,0.7331464605019606
9.6857,0.7309181067737296
9.6913,0.7307744011568926
9.6969,0.7282605275579781
9.7023,0.7277585742716163
9.7079,0.7245950802582921
9.7135,0.7242875306319156
9.7191,0.7297952263395172
9.7245,0.7336421486931294
9.7301,0.7296690965684891
9.7357,0.7443883796978503
9.7414,0.7409783274091207
9.7467,0.7350606193241724
9.7524,0.7326425588524855
9.758,0.7326018688238067
9.7636,0.7170418898827517
9.7689,0.7291544761012668
9.7746,0.7267361064395823
9.7802,0.7298808537909013
9.7858,0.7264177968600142
9.7912,0.733184839672403
9.7968,0.7276614333263945
9.8024,0.741848551786028
9.8081,0.7212292038900145
9.8134,0.727371853521155
9.8191,0.7236593053462923
9.8247,0.7303442894991652
9.8301,0.7401977897476699
9.8357,0.7147643871309881
9.8413,0.7341541949511206
9.8469,0.7444383351103577
9.8523,0.7306082737552132
9.8579,0.7394757174040378
9.8635,0.7306590717683132
9.8692,0.7320812159079017
9.8745,0.735594621761354
9.8801,0.7267907203537902
9.8858,0.7339896262250918
9.8914,0.7401534573850325
9.8967,0.7390104851368279
9.9024,0.7259933984831655
9.908,0.7402670080872712
9.9134,0.7392344122389709
9.919,0.7323540036889481
9.9246,0.7354159205301505
9.9303,0.7351373465494478
9.9356,0.7335401320442339
9.9412,0.7351365787041448
9.9468,0.7297038695328502
9.9525,0.7376559434002576
9.9581,0.7260221306612141
9.9634,0.722241231236488
9.969,0.7361470989242289
9.9746,0.736847761638806
9.9802,0.734380529400823
9.9856,0.7356280919759092
9.9913,0.7429085856251498
9.9968,0.7300039141138279
10.0024,0.7312282007753206
10.0078,0.7241127784042043
10.0134,0.7267211584789219
10.019,0.7290825626047909
10.0246,0.7260186784900523
10.0301,0.7287446543626972
10.0358,0.7296979832875545
10.0414,0.7332078400477058
10.0468,0.7261073412925361
10.0524,0.725947537218961
10.058,0.7291918210151188
10.0634,0.7255864663096606
10.069,0.7222120080307698
10.0747,0.7200386446461291
10.08,0.7229357492636185
10.0856,0.7351641656124217
10.0912,0.7440657640445794
10.0969,0.7298056196703021
10.1025,0.733280886194373
10.1078,0.7235044458652361
10.1135,0.7319335836812968
10.1191,0.7207953382849513
10.1247,0.7358762953129105
10.1301,0.7255519503867208
10.1357,0.7247068286979602
10.1413,0.7312451540346009
10.1469,0.7261368103697518
10.1523,0.7305474623774011
10.1579,0.7187772882800019
10.1635,0.7258660802955972
10.1691,0.7250033605464687
10.1745,0.7265107796781622
10.1801,0.7212056074669773
10.1858,0.724116785877891
10.1914,0.727839861687446
10.1967,0.7356962079507502
10.2024,0.7372637108341857
10.208,0.7258619518908676
10.2136,0.7202705950479599
10.219,0.7280587629851056
10.2246,0.7276345125004401
10.2302,0.7244616739637743
10.2356,0.7360476810845602
10.2412,0.7400491962272364
10.2468,0.7203246634012623
10.2524,0.7291994131383922
10.2578,0.7307460912272032
10.2634,0.723145799959354
10.2691,0.7368105117339714
10.2747,0.7318390818898906
10.28,0.7188660718769507
10.2857,0.724898442768225
10.2913,0.7188899507765016
10.2969,0.7199669078940006
10.3023,0.7284723191884983
10.3079,0.7302814668826559
10.3135,0.7254539796060312
10.3191,0.7302827381614218
10.3245,0.7270541253266316
10.3301,0.7248160715513501
10.3357,0.7196686556766223
10.3414,0.7254833122897539
10.3467,0.7274386829940259
10.3523,0.7221608288187047
10.358,0.7219530261849249
10.3636,0.7381927756629294
10.3689,0.7209355397183549
10.3745,0.7361238095779647
10.3802,0.7291355950307487
10.3858,0.7264199385727061
10.3911,0.7309028411114932
10.3968,0.7251013042044714
10.4024,0.726828889616092
10.408,0.7408801685567737
10.4134,0.7292876823260731
10.419,0.7207378603514057
10.4246,0.7206859631706234
10.4302,0.7212087576689474
10.4359,0.7269976977837918
10.4412,0.7158815396812981
10.4469,0.7300947019389283
10.4525,0.7281225677878373
10.4578,0.7266649353077232
10.4635,0.7259162845740168
10.4691,0.7202404712151778
10.4745,0.7207657882178409
10.4801,0.7152625054158264
10.4857,0.7255126886603513
10.4914,0.7133941850081297
10.4967,0.7244101396662661
10.5023,0.7259965512201983
10.508,0.7170184909620998
10.5136,0.7194640165301076
10.519,0.7140903822002276
10.5246,0.7179762304025838
10.5302,0.7173805538675895
10.5358,0.7112550331157872
10.5412,0.7165535499168059
10.5469,0.7334078186628936
10.5525,0.7160684174221683
10.5578,0.7069455231652721
10.5635,0.7183818530302322
10.5691,0.7122474135651968
10.5745,0.7177561787736862
10.5802,0.7184884445556876
10.5858,0.7125299983167183
10.5914,0.7182191483408442
10.5968,0.7213590680334271
10.6024,0.7193253480066905
10.6081,0.7240401476256699
10.6134,0.7278440445024501
10.619,0.7277718782106078
10.6247,0.7130982747924735
10.63,0.7147391335033378
10.6357,0.7176121319168356
10.6411,0.7248673989711812
10.6468,0.7120536124938097
10.6524,0.7207090571776698
10.658,0.7156032096119024
10.6634,0.721898658059869
10.669,0.7212445607898337
10.6747,0.7229037277101829
10.6803,0.7164294842203465
10.6856,0.7083844701573941
10.6913,0.717925470200266
10.6969,0.7299675659492425
10.7022,0.7241759413893865
10.7079,0.7240544013821304
10.7133,0.7356677941896939
10.719,0.7334755832084042
10.7246,0.7259475461772249
10.7302,0.7331150841410562
10.7359,0.7049882431070426
10.7412,0.7147687526809516
10.7468,0.7200977022492052
10.7525,0.7188291852310408
10.7581,0.7238882824468917
10.7634,0.7158345160527004
10.769,0.7278181670888599
10.7747,0.7238721537663629
10.7803,0.7284107515068439
10.7856,0.7199220490116791
10.7913,0.7177096208404711
10.7969,0.7254605267309118
10.8023,0.7168100520380312
10.8079,0.7246939019635454
10.8135,0.7219105404064015
10.8192,0.7227907248194982
10.8245,0.7280493054113633
10.8302,0.7113137440088477
10.8356,0.7150088002642234
10.8412,0.7194015829033547
10.8468,0.7224904858892829
10.8525,0.7173021500890624
10.8578,0.7210564210892028
10.8634,0.7182902715567154
10.8691,0.7222841821735939
10.8747,0.7180117934604594
10.8801,0.7119242445107312
10.8857,0.7125136956182471
10.8913,0.7188400594427553
10.897,0.7083690118595081
10.9023,0.7206358867553685
10.908,0.7198438451275592
10.9136,0.7223813877011303
10.9189,0.7252549020555361
10.9245,0.709074468250763
10.9302,0.7033868117731514
10.9358,0.7170691723217041
10.9412,0.7206733594819715
10.9468,0.7197438339340203
10.9524,0.7207008318132853
10.9581,0.7148538217319079
10.9634,0.7222160058623259
10.969,0.7067631241138232
10.9746,0.7223158968063681
10.9803,0.7094261275548966
10.9856,0.7121700464306728
10.9913,0.7086209651051112
10.9969,0.7159467322443698
11.0025,0.7243245719029107
11.0079,0.7156051536179968
11.0135,0.713491223654432
11.0192,0.7147991554496951
11.0245,0.7260245380687596
11.0301,0.7167081391694388
11.0358,0.7162733079382791
11.0414,0.714122227151676
11.0467,0.7144743504485915
11.0524,0.7206349365999996
11.058,0.7081016597684536
11.0634,0.7146970070718636
11.069,0.7138280607609763
11.0746,0.7135277137619408
11.0802,0.7085808945396487
11.0856,0.717825096046514
11.0912,0.7174318705436084
11.0969,0.705465841983475
11.1025,0.720362353389155
11.1078,0.7218664292930728
11.1135,0.7063990274055533
11.1191,0.7146518036888574
11.1247,0.7084008592497124
11.1303,0.7091028422389266
11.1357,0.7076261805118534
11.1413,0.7011656794110775
11.1469,0.7131364953242708
11.1523,0.7075163633930774
11.1579,0.707889738848382
11.1635,0.6977182242737408
11.1691,0.714780614154031
11.1745,0.7025137650899644
11.1801,0.7120829207495407
11.1858,0.7047935418786478
11.1914,0.7087827567699738
11.1967,0.7049402006257623
11.2024,0.7127738030688192
11.208,0.709025933134576
11.2136,0.7032601815638619
11.219,0.7057384322720301
11.2246,0.7010326476599786
11.2302,0.7188169715785571
11.2358,0.7146005409021741
11.2412,0.6956494604734526
11.2468,0.7155621521732689
11.2525,0.7065256830053787
11.2581,0.707392875849846
11.2634,0.7016730398994643
11.269,0.7127766099956392
11.2746,0.7075196678317258
11.2803,0.7063825344947965
11.2856,0.7037062807245306
11.2912,0.705999002602616
11.2969,0.7179136837495764
11.3025,0.701369813143267
11.3078,0.703406162490877
11.3135,0.7038439368193888
11.3191,0.7125630814236075
11.3245,0.7046504925326642
11.3301,0.7095995498648793
11.3357,0.7013338868689241
11.3413,0.7025455618756167
11.3467,0.695206825995309
11.3523,0.7126588687854442
11.3579,0.7141853349271928
11.3635,0.7015696078873466
11.3691,0.7013647397477758
11.3745,0.7031827076946986
11.3801,0.707666504686154
11.3858,0.7148582079419474
11.3914,0.7026131458265176
11.3967,0.6989016299045793
11.4023,0.6994005487610943
11.4078,0.710556824205109
11.4134,0.7136353416861984
11.4191,0.7052036632528238
11.4247,0.7048914393602692
11.4301,0.7063112552209537
11.4356,0.7020392879049325
11.4413,0.7129268002378276
11.4469,0.7077717234706897
11.4525,0.7017495364508739
11.4578,0.7019580220660943
11.4634,0.7130379783957967
11.469,0.7024595139618661
11.4746,0.7226961851647895
11.4803,0.7071448089685342
11.4856,0.6970549188000131
11.4912,0.7019105080728655
11.4968,0.7127761002958002
11.5025,0.7013911169762281
11.5081,0.7001181482548445
11.5134,0.7033002256801849
11.519,0.7020421244392179
11.5246,0.7023286307417734
11.5303,0.705722500518663
11.5356,0.7071072957073197
11.5413,0.6991834095522039
11.5468,0.7019016066415946
11.5525,0.6998732553033788
11.5581,0.7006803336533727
11.5634,0.6977687391494389
11.569,0.6976416726702113
11.5746,0.6970004977705079
11.5803,0.7009036776055455
11.5856,0.6950700383348931
11.5912,0.7071870870319555
11.5968,0.7106342144080267
11.6024,0.7080281768092651
11.6081,0.7030278170271982
11.6134,0.7178490478610735
11.619,0.7043379914478818
11.6246,0.7079255807987854
11.6302,0.705445671985122
11.6356,0.69220241099725
11.6412,0.7031889481055292
11.6469,0.6982585397040533
11.6525,0.7047555398315798
11.6578,0.7026297802370038
11.6635,0.7031800092561615
11.6691,0.7144710051049038
11.6747,0.7079830072849743
11.6801,0.7046487958506911
11.6857,0.6877793559647518
11.6914,0.6983097039580478
11.6967,0.7063639048395177
11.7023,0.6910623120862618
11.7079,0.6834075139937068
11.7136,0.6902977540187464
11.7189,0.6930746290175266
11.7246,0.6945061927041988
11.7302,0.6939857895140641
11.7358,0.6901572438551514
11.7414,0.6897450503024918
11.7467,0.6916754997540031
11.7524,0.698268885401664
11.758,0.7032958013439381
11.7636,0.7028356703139773
11.769,0.697793241672138
11.7746,0.6975877049442444
11.7802,0.6968555854901566
11.7858,0.7037171251405743
11.7912,0.7124200408418845
11.7968,0.6937655581667196
11.8024,0.6961032960404281
11.8081,0.6925627443996005
11.8134,0.7074027586086858
11.819,0.7036361143570542
11.8247,0.7011793679100007
11.8303,0.7031680023061178
11.8356,0.697054913450057
11.8413,0.7039311216138342
11.8469,0.6863686546100577
11.8523,0.6962691694150608
11.8579,0.6886323139149257
11.8635,0.697651165984819
11.8692,0.6926944677722412
11.8745,0.6836090702054483
11.8802,0.6848173164518737
11.8858,0.6977079901443601
11.8914,0.6888781980579195
11.8967,0.6844107775731625
11.9024,0.6981087367968286
11.908,0.6995854471635868
11.9136,0.6905377314580772
11.919,0.6946548724435537
11.9246,0.6957691389994994
11.9302,0.6827059118374693
11.9356,0.6762157805446134
11.9412,0.6936799951073017
11.9469,0.6913312458373743
11.9525,0.6916356315089642
11.9579,0.6916844731945213
11.9635,0.6962933562464911
11.9691,0.698649042466793
11.9745,0.693939198612256
11.9801,0.6870134199693554
11.9857,0.695737144073957
11.9914,0.7011968718685611
11.9967,0.7007820248861534
12.0024,0.695840907306556
12.008,0.6944646265449184
12.0134,0.7069941705187126
12.019,0.6946485625475888
12.0246,0.6987735486605419
12.0303,0.6906319115274433
12.0356,0.704029407988694
12.0413,0.6994271009667266
12.0469,0.6987471444637618
12.0525,0.7017455965498999
12.0579,0.6971708099484811
12.0635,0.6961618094029803
12.0691,0.7025320585362266
12.0747,0.6864842455823833
12.08,0.7015818897197932
12.0857,0.7010926948918095
12.0913,0.696153203059823
12.0969,0.698269157427194
12.1025,0.6831251902585426
12.1079,0.7024253117679954
12.1135,0.6808676130681757
12.1191,0.6844615513324745
12.1245,0.697776001037312
12.1301,0.7014688401687957
12.1358,0.6963488118043307
12.1414,0.6986218594384247
12.1467,0.7048433893673718
12.1524,0.6827416959045949
12.158,0.6926026454248915
12.1633,0.6882576951068187
12.169,0.6924390977124035
12.1746,0.6831222600282256
12.1803,0.6978052145694604
12.1856,0.6846635266852863
12.1913,0.6942397047566937
12.1969,0.6959853420482051
12.2023,0.6954872391508506
12.2079,0.7015848650063753
12.2135,0.6937419984554778
12.2192,0.694523043474402
12.2245,0.688829255472323
12.2301,0.6887493679633734
12.2358,0.6991776307865086
12.2414,0.6955325122391612
12.2467,0.6822698915512297
12.2524,0.684150229195167
12.258,0.689477695164977
12.2636,0.6875048632994496
12.269,0.6973393827419127
12.2745,0.6967402918149977
12.2801,0.6928218730296374
12.2857,0.6832848755818447
12.2914,0.676225254558507
12.2967,0.6820400618966761
12.3023,0.6902678741899577
12.308,0.6973628007366821
12.3136,0.681209983971899
12.3192,0.679661071971047
12.3246,0.6853070335774208
12.3302,0.6836167314791834
12.3358,0.720524131220867
12.3412,0.7140580046387337
12.3468,0.6839230640400195
12.3524,0.6901415563500303
12.3581,0.6887197062533197
12.3634,0.7068272938516811
12.369,0.670774135826617
12.3747,0.6809202560853513
12.38,0.6773497230497397
12.3857,0.6883421490498042
12.3913,0.6831568968364624
12.3969,0.6865037970293095
12.4022,0.7134143175024726
12.4079,0.6907378835319489
12.4135,0.6865557414465873
12.4191,0.6961716160358867
12.4248,0.6821369311475756
12.4301,0.6883604379618925
12.4358,0.684291788203499
12.4414,0.687830250864387
12.4468,0.6864868352185136
12.4524,0.6860327337348735
12.458,0.7024439087211515
12.4634,0.6834679078030345
12.469,0.687645993423797
12.4746,0.6788786066693548
12.4803,0.6804434253539914
12.4859,0.6844423343038297
12.4912,0.6899501885847844
12.4969,0.7024001111731388
12.5025,0.6821069219801765
12.5079,0.6911709186297457
12.5135,0.6861523115187719
12.5191,0.6781154929201657
12.5247,0.6832578659494692
12.5301,0.6943881514171169
12.5357,0.6869208411516794
12.5413,0.6790154300120881
12.5467,0.6754697926613422
12.5524,0.6846930303344224
12.558,0.6738313432933863
12.5636,0.692076912782332
12.569,0.6808943106003342
12.5746,0.6720695867826417
12.5802,0.676306628761571
12.5859,0.6907631362288378
12.5912,0.692417884060291
12.5968,0.6803164758077269
12.6025,0.6897367879935914
12.6078,0.688066622827999
12.6135,0.6874698953503084
12.6191,0.6728009460565891
12.6245,0.6841928942744624
12.6301,0.6833782567052653
12.6358,0.6894217227954319
12.6414,0.6869392578749145
12.6468,0.6986958652281887
12.6524,0.692060792041984
12.658,0.6885501779868737
12.6636,0.6838115785478125
12.669,0.6866766078572215
12.6746,0.692447884043646
12.6803,0.6836269366950183
12.6859,0.6845584004303163
12.6912,0.6907272499479002
12.6969,0.6779901509117628
12.7025,0.6862376150149518
12.7079,0.6769743207661998
12.7134,0.6832562045676379
12.719,0.6818515885791687
12.7246,0.6866550354095735
12.7303,0.6920772600583012
12.7359,0.6899164859041254
12.7412,0.6829234249257253
12.7469,0.6807521292047265
12.7525,0.6845548332386892
12.7579,0.6865100666627157
12.7635,0.6798379955899232
12.7691,0.6862700079273647
12.7745,0.6769479844515678
12.7801,0.6844376568955006
12.7856,0.6811222347463679
12.7912,0.6934182236840669
12.7968,0.6933760371482751
12.8025,0.6896602144699598
12.8081,0.6800172287858578
12.8135,0.6749121625552813
12.8191,0.6993568616752073
12.8247,0.6842655146159159
12.8301,0.6826996112967529
12.8356,0.6837255044449326
12.8412,0.6730647481115779
12.8468,0.6883689705026139
12.8525,0.6775016537435927
12.8578,0.671920623247674
12.8635,0.6786144105269283
12.8691,0.6942426437150395
12.8747,0.6860258489373783
12.8801,0.685900458244448
12.8857,0.6818305075766795
12.8913,0.6864505627621935
12.897,0.6850916360782174
12.9023,0.6831264131221
12.9079,0.6847101815886565
12.9136,0.6783946323114718
12.9192,0.6876182801156556
12.9245,0.6797310432455812
12.93,0.6809913486085509
12.9357,0.6781299300712398
12.9413,0.6856683453683157
12.947,0.679332309990476
12.9523,0.6778450591580385
12.9578,0.6788244189625265
12.9634,0.6782161836028447
12.9691,0.6746634255734131
12.9747,0.6817470489500993
12.9801,0.6767293246303163
12.9856,0.689724800228307
12.9913,0.6769830451417682
12.9969,0.6840196033492056
13.0023,0.6837659254964806
13.0079,0.6803215215814125
13.0134,0.6769006186996005
13.0191,0.6772741585376354
13.0247,0.6742746367139393
13.03,0.679985814714096
13.0357,0.6742361105050683
13.0412,0.6859720593657799
13.0469,0.67455723621846
13.0525,0.6716564059074763
13.0579,0.6728031979076825
13.0635,0.6788895503703869
13.069,0.6679158021066822
13.0747,0.6684870799002778
13.0803,0.6968057099318832
13.0857,0.6863348334750213
13.0913,0.6764498103652627
13.0969,0.685918147414055
13.1025,0.6888786326328453
13.1081,0.6706409247463848
13.1134,0.6774024357884385
13.1191,0.683850298867821
13.1247,0.6831290514125123
13.1303,0.6844271876830397
13.1357,0.6695942277282289
13.1413,0.6744674717260796
13.1469,0.675754446298611
13.1523,0.6908503932570709
13.1579,0.6872489121933092
13.1635,0.6774214815310916
13.1692,0.6785161108809554
13.1745,0.6753435323338552
13.1802,0.6739659699050253
13.1858,0.6796523813005211
13.1914,0.6826930100626417
13.1967,0.6815567434195128
13.2024,0.6871343462956351
13.208,0.6783393405925899
13.2134,0.6725387809455294
13.219,0.6783158772025677
13.2247,0.6744292534615317
13.2303,0.690037366457295
13.2356,0.6831599124486992
13.2413,0.6829304459311547
13.2469,0.6675960716074698
13.2525,0.6756590567789428
13.2579,0.6703739290117038
13.2635,0.6640219566328062
13.2691,0.6663126441140613
13.2748,0.667830791105924
13.2801,0.672697038689074
13.2858,0.668980864467389
13.2914,0.6781251805560371
13.2968,0.6754888688073704
13.3024,0.6729797514347902
13.308,0.6614839340159668
13.3134,0.6697403204831935
13.319,0.6684514985460585
13.3247,0.7339881108347408
13.3303,0.6743532282304969
13.3356,0.6826605565209999
13.3413,0.6773960304653331
13.3469,0.6675352931828256
13.3525,0.672926698120887
13.3579,0.6725207319953626
13.3635,0.6695703047951805
13.3691,0.6781807154395647
13.3745,0.6842461320111478
13.3801,0.6794870792829574
13.3857,0.6789216945662552
13.3914,0.6733082095703737
13.397,0.6765887427941912
13.4024,0.6787778006281046
13.408,0.6717537318168372
13.4136,0.6789822108272344
13.419,0.6759825442672153
13.4246,0.6724627849604481
13.4302,0.6744789329778864
13.4359,0.6782911445783082
13.4412,0.6733114050248711
13.4469,0.6788232888134541
13.4525,0.6717714929263863
13.4581,0.6792830947665405
13.4635,0.6675731319858893
13.4691,0.6736692221935651
13.4747,0.6751292036674311
13.4801,0.671724826404104
13.4857,0.6718714478430905
13.4914,0.6748262974579525
13.4967,0.6633733107508645
13.5023,0.6733082095703737
13.508,0.6685895757580045
13.5136,0.663177776434936
13.519,0.6695713314600183
13.5246,0.6700703088600993
13.5302,0.6747789771643267
13.5359,0.6756977684362201
13.5412,0.6822068590010975
13.5468,0.6794645072850723
13.5525,0.681720256066672
13.5581,0.6772553788005723
13.5635,0.666692294614454
13.5691,0.6652672261024211
13.5747,0.6662813894807991
13.5801,0.661246611050096
13.5857,0.6659156417348284
13.5913,0.6682771833026644
13.5969,0.670608382104825
13.6026,0.6651332404066348
13.6079,0.6625023045995742
13.6135,0.6809044433092114
13.6192,0.6805336394995705
13.6248,0.6700565549325315
13.6301,0.6745134042536483
13.6358,0.690807989467598
13.6414,0.6677563178781232
13.647,0.6680171126689399
13.6524,0.6742322584033775
13.658,0.6684009152054309
13.6636,0.6721269664865394
13.669,0.6670252671085765
13.6746,0.6708223458180128
13.6802,0.6662736146398927
13.6858,0.6676086022975327
13.6912,0.6578477372338201
13.6968,0.6582144488409811
13.7025,0.6631473139336315
13.7081,0.6611417617771087
13.7137,0.6683712920984701
13.719,0.6641911586530351
13.7247,0.6637851446727693
13.7303,0.6588919793230592
13.7356,0.6664228927016392
13.7413,0.6607914033038048
13.7469,0.6672544400101167
13.7525,0.6721269664865394
13.7579,0.6623815123819767
13.7635,0.6684640837472766
13.7691,0.6599802819421265
13.7748,0.6625882686070856
13.7801,0.6626709496247245
13.7858,0.6608325828170866
13.7914,0.6730226210907306
13.797,0.667498377148962
13.8023,0.6547615586057586
13.808,0.662744570976136
13.8136,0.6673009304576681
13.819,0.6562034596387671
13.8246,0.6549744758215081
13.8302,0.6626330694096516
13.8359,0.6702294223676564
13.8415,0.6676753247937965
13.8469,0.6612705714398073
13.8525,0.6681384288899459
13.8581,0.6623581355744205
13.8635,0.6642018968046812
13.8691,0.6673038718008486
13.8747,0.6610865510167577
13.8801,0.6568699285765588
13.8857,0.6625420968073639
13.8913,0.662484094546177
13.897,0.6543074026713953
13.9023,0.6592915473051468
13.9079,0.6545258307851441
13.9136,0.6506200488918594
13.9192,0.6555602378861114
13.9248,0.6593387077626596
13.9301,0.6504368093158993
13.9357,0.6556373312577959
13.9414,0.655334404628373
13.947,0.6599179062961117
13.9524,0.6515006833807276
13.958,0.6506060463525118
13.9636,0.6485954677621528
13.9692,0.6554413047815302
13.9746,0.6514370300580876
13.9802,0.6583719301635714
13.9858,0.6594305837351783
13.9915,0.6504546305175081
13.9968,0.6465718285463405
14.0023,0.6671273382640175
14.008,0.6482945397610842
14.0136,0.6487476258884936
14.0192,0.6634671073376538
14.0246,0.6468596102093261
14.0302,0.6480572195174479
14.0359,0.6493489317857762
14.0415,0.6548550110122273
14.0468,0.6470524587743763
14.0525,0.6469704838589903
14.0581,0.6526530651927643
14.0634,0.6604440355999391
14.0691,0.6519955670067716
14.0745,0.6505106562534456
14.0802,0.6637421055054578
14.0858,0.6504771392151945
14.0914,0.6619265393338492
14.0968,0.6489829054921036
14.1024,0.6551258742236006
14.108,0.6475235270154885
14.1136,0.6498564355596013
14.119,0.6544865214445807
14.1246,0.6565361033598146
14.1303,0.6676112967019935
14.1359,0.6475149718166772
14.1413,0.6555248551167863
14.1469,0.6564167298537528
14.1525,0.656704838278019
14.1581,0.6590637140823905
14.1637,0.6549169732538662
14.1691,0.6554439315299081
14.1747,0.6565270600658851
14.1803,0.6617036612797662
14.1857,0.667418897494823
14.1913,0.6633271344417473
14.1969,0.6562424340456556
14.2026,0.6513327594122024
14.2082,0.6534642795812472
14.2135,0.6478128010777642
14.2191,0.6478957091420612
14.2248,0.6554632152709309
14.2304,0.6784486843717515
14.2357,0.6529939475068894
14.2414,0.6504155285814133
14.247,0.6516107735074862
14.2526,0.6525598992320477
14.2579,0.6505481576088165
14.2636,0.6481468296393498
14.2692,0.6487011201586741
14.2745,0.645468017566976
14.2802,0.6438161526152619
14.2858,0.6460129837809054
14.2914,0.6560366007416625
14.2968,0.6565851506557462
14.3024,0.6686141100685125
14.308,0.6600041567095352
14.3136,0.6554182670625424
14.3193,0.6526707327855866
14.3246,0.6467425740959022
14.3303,0.6493302123351022
14.3359,0.6551058852769305
14.3415,0.6489838742434639
14.3468,0.6545422641853604
14.3525,0.6550562696094134
14.3581,0.6538285767920681
14.3635,0.6641259036256207
14.3691,0.6530132064978491
14.3747,0.649854670134465
14.3803,0.6522331254539825
14.3857,0.6510484689264773
14.3913,0.6491829698385292
14.3969,0.6548681483409913
14.4026,0.6553478199067584
14.4082,0.6554327563772104
14.4135,0.6511760209382642
14.4192,0.645716752462993
14.4248,0.6451368982695944
14.4301,0.6466102631039663
14.4357,0.6399053283585819
14.4414,0.6551920201658152
14.447,0.6472927882798755
14.4526,0.645595645507214
14.458,0.656957123783332
14.4636,0.6458272068643744
14.4692,0.6530365370580068
14.4748,0.6488808019754103
14.4802,0.6749192156928343
14.4858,0.6496808219656593
14.4914,0.6580912615790393
14.497,0.661161770821549
14.5024,0.6551180781635554
14.508,0.6571891988987695
14.5136,0.6569770185765837
14.5193,0.6498025251570895
14.5246,0.6437801929156441
14.5302,0.6438131798997648
14.5357,0.6409020067640113
14.5413,0.6511945747540435
14.5469,0.6512550988286465
14.5525,0.6395546965163474
14.5582,0.6384150639444677
14.5635,0.6404225535567007
14.5691,0.641906267309167
14.5747,0.6473742103418261
14.5803,0.6456542263961316
14.5857,0.6632514043513347
14.5913,0.6441158265104155
14.5969,0.6367440980150063
14.6025,0.6362367222736218
14.6079,0.6542615423581635
14.6135,0.6473937633065712
14.6191,0.6414180061676834
14.6247,0.6328015307700876
14.6304,0.6398081587626772
14.6357,0.6433154691821387
14.6413,0.6411468497401047
14.6469,0.6427570453938535
14.6525,0.6426306428555215
14.6581,0.6431848349684548
14.6635,0.6441080985419574
14.6691,0.6426996163077918
14.6747,0.6363269179521472
14.6801,0.6384573125133776
14.6858,0.6353973080967303
14.6914,0.6367544537886868
14.697,0.6432064062250078
14.7025,0.6434549084812187
14.7081,0.6476392281578534
14.7138,0.6341923513243064
14.7191,0.64260110766194
14.7247,0.6375861697352474
14.7303,0.6383390397493749
14.736,0.6436400508673754
14.7413,0.6477001498257557
14.7469,0.6456685642347298
14.7524,0.6525209723829555
14.758,0.6394691503628397
14.7636,0.6462907964013587
14.7692,0.6396932151566898
14.7749,0.632884355462664
14.7802,0.6352540302830265
14.7859,0.637645714097425
14.7915,0.6346695725444286
14.7971,0.6343522436893521
14.8024,0.6300772462438845
14.8081,0.6314832436528084
14.8137,0.6354988219010396
14.8193,0.6367306219139819
14.8246,0.6356792179852073
14.8303,0.6289783470227326
14.8359,0.6390996622055497
14.8413,0.6365462389335659
14.8469,0.6234515480404024
14.8525,0.6327338421577579
14.8581,0.6486449692180477
14.8635,0.6427531032250426
14.8691,0.6291136868214265
14.8746,0.6271969345630556
14.8802,0.6226150852857018
14.8859,0.6296095064596512
14.8915,0.6320166469637607
14.8968,0.64292855035772
14.9024,0.6272944942890404
14.9081,0.6332836347895228
14.9137,0.6364455992958962
14.9191,0.6330401425930562
14.9247,0.6331208999788307
14.9303,0.6356112142578862
14.9359,0.6328752431595387
14.9413,0.6313770370357223
14.9469,0.6332183041229478
14.9525,0.6293598621499537
14.9581,0.6251873157934715
14.9638,0.6243424087759243
14.9691,0.6298175273512794
14.9747,0.632364226484099
14.9804,0.6218485388997121
14.986,0.6337031525495802
14.9913,0.6325238232147754
14.9968,0.6277095843243912
15.0025,0.6302923320045991
15.0081,0.6315813642907763
15.0138,0.6286021198253136
15.0191,0.6434564155672573
15.0247,0.6230202549169817
15.0303,0.6336152266839966
15.036,0.6331306327990659
15.0413,0.6219287680639773
15.0469,0.6289410682943805
15.0526,0.635080197722276
15.0582,0.6309623315723901
15.0636,0.6328396002534037
15.0692,0.624563720994826
15.0748,0.6298578997823526
15.0802,0.6319380060018953
15.0858,0.6347295028540187
15.0914,0.6372634726605632
15.0971,0.6414139643569889
15.1024,0.6265493853935059
15.108,0.6332117609908118
15.1137,0.6252373997068332
15.1193,0.6356516160960645
15.1247,0.6345659312725028
15.1303,0.6301445254571029
15.1359,0.6363784542408016
15.1415,0.6345451450336426
15.1469,0.6372244868016275
15.1525,0.6277490551815565
15.1581,0.6221860178470987
15.1638,0.6236613305793377
15.1691,0.6337211646023996
15.1747,0.6278779970504345
15.1804,0.631691120978279
15.1857,0.6385804100434977
15.1914,0.6280663422413554
15.197,0.6342838581775695
15.2026,0.6258677081674915
15.208,0.6265761512414373
15.2136,0.6362034946402129
15.2193,0.6288293743999747
15.2246,0.6303926678213531
15.2302,0.6298688117740328
15.2358,0.637030222648357
15.2415,0.6334983488910555
15.2471,0.6351472616615008
15.2525,0.6249213323519465
15.2581,0.6286537492117764
15.2637,0.6389422946143832
15.2693,0.6351564966345254
15.2747,0.6366082835228754
15.2803,0.6215023690449482
15.2859,0.6360459366981432
15.2915,0.6210748457135988
15.2969,0.6252945838889876
15.3025,0.6306968821509938
15.3081,0.6311969597834168
15.3138,0.618422264039498
15.3191,0.6215208323449786
15.3248,0.6200283121035078
15.3304,0.6203696463297974
15.3357,0.6163890126135361
15.3414,0.6172121323971118
15.347,0.6222140340034505
15.3524,0.6270478692508696
15.358,0.6274505201449451
15.3636,0.6234786357305637
15.3692,0.6319341853680968
15.3749,0.6323470016988384
15.3802,0.6263591593060058
15.3859,0.6267122102033893
15.3915,0.6202610939932733
15.3971,0.6181796373232387
15.4024,0.6223802104738202
15.4081,0.6261525171240643
15.4137,0.6266722094622827
15.4193,0.6313705404346439
15.4247,0.6335442769233259
15.4303,0.632834799272873
15.4359,0.6235409740717885
15.4416,0.6277530961518881
15.4469,0.6260894480211443
15.4525,0.6224470739304288
15.4582,0.6218918092246658
15.4635,0.6267332886258177
15.4692,0.6461050478231509
15.4748,0.6297706557649825
15.4804,0.618934142460576
15.4858,0.6193098462889154
15.4914,0.6205618718072822
15.497,0.625562291277958
15.5026,0.6239620224630482
15.508,0.6223222553359052
15.5136,0.63088893526748
15.5192,0.6367278989391056
15.5249,0.624064704686671
15.5302,0.6276871277922007
15.5358,0.6209248317956231
15.5415,0.6338054241999811
15.5471,0.6224248303249178
15.5524,0.6302424471731032
15.5581,0.6292448352199966
15.5637,0.6238902805898896
15.5691,0.6197067543338025
15.5747,0.6287543417423982
15.5803,0.6196502725465554
15.5859,0.6318209791477003
15.5916,0.6236343868993429
15.5969,0.619572157222176
15.6026,0.6400104957132667
15.6082,0.6145425927559278
15.6136,0.6251845444641667
15.6192,0.62907272154118
15.6248,0.6202638870257786
15.6302,0.6198141099903723
15.6358,0.6210822579114569
15.6414,0.6198994781711747
15.6471,0.6135855834974309
15.6524,0.6207998695480357
15.6581,0.6211427174478644
15.6637,0.622224729374075
15.6693,0.612884787447208
15.6747,0.617843417963449
15.6803,0.6179521428884358
15.6859,0.6262987515765936
15.6916,0.6285098489696886
15.6969,0.632441583805454
15.7025,0.6136174485377558
15.7082,0.6193001079986277
15.7135,0.6239127279465744
15.7191,0.617099479722158
15.7247,0.6295274240452107
15.7304,0.6303676981683808
15.7357,0.6217003008431836
15.7414,0.6278179109414366
15.747,0.6158741902526745
15.7524,0.6170756030206301
15.758,0.6345891928839582
15.7637,0.6273130323257112
15.7691,0.631022390841121
15.7747,0.621249656286629
15.7804,0.620863765680067
15.7858,0.6178225093809853
15.7915,0.6184863932628899
15.7969,0.6159678283059314
15.8025,0.6187229428997963
15.8081,0.6141146389309023
15.8135,0.6060752316774709
15.8192,0.6192532360196771
15.8248,0.6272988729146928
15.8302,0.6209068921641535
15.8359,0.6211038074872057
15.8415,0.6199369992978943
15.847,0.6207543255968164
15.8526,0.6193135238494016
15.858,0.6259159180360203
15.8636,0.6215414953031645
15.8693,0.6218460937174339
15.8747,0.6064586398754067
15.8803,0.6114189685107942
15.886,0.6331503480968986
15.8914,0.6140091677222136
15.897,0.6160437945971449
15.9027,0.6264352685125916
15.9081,0.6126055185839594
15.9137,0.6161349492945385
15.9193,0.6058218123113033
15.9247,0.6097251453562622
15.9303,0.6064123940567429
15.9359,0.6044332049071993
15.9413,0.6115332457280195
15.947,0.6118651182920921
15.9526,0.604348044821408
15.9582,0.6086494860534107
15.9636,0.6141595683311522
15.9692,0.6152235134851628
15.9746,0.6084989923387021
15.9803,0.614797023825216
15.9859,0.6103059032043034
15.9913,0.6127569498483169
15.997,0.6109970994884065
16.0026,0.6039721726607922
16.008,0.6094930096408427
16.0137,0.6279906295298577
16.0193,0.6116110869753499
16.0247,0.6160529091886947
16.0303,0.6102527727742619
16.036,0.5994887863750913
16.0414,0.6091796346612814
16.0471,0.6100188887181606
16.0525,0.6067719542770029
16.0581,0.6057560922506929
16.0638,0.6194704023271709
16.0692,0.6073382440777825
16.0749,0.6184710459499421
16.0803,0.6198979938786932
16.0858,0.6211429413379866
16.0914,0.6157526536060628
16.0971,0.6243211795492216
16.1025,0.6164554729568938
16.1081,0.6123709179990071
16.1136,0.6153692930677932
16.1192,0.6059588136641862
16.1249,0.6175325163892819
16.1303,0.6143061748371897
16.1359,0.6086047687808736
16.1414,0.6042600518932503
16.147,0.6192420744804282
16.1527,0.611087729322462
16.158,0.6070593828433233
16.1636,0.6066296045894648
16.1692,0.6215436271905356
16.1749,0.6132226916003441
16.1803,0.6154721504963871
16.1859,0.6133417393802223
16.1913,0.6203881226163871
16.1969,0.6094482435235498
16.2026,0.6125513079078928
16.2082,0.6094033527609558
16.2136,0.6030032324899237
16.2192,0.6051913699840296
16.2248,0.6080411738276708
16.2305,0.6094206022116242
16.2358,0.6072434996245798
16.2415,0.603879906695416
16.2471,0.6074790220378274
16.2525,0.6100712849398089
16.2581,0.6136249270400407
16.2635,0.6046963224501241
16.2692,0.6096747132469722
16.2748,0.6153383887214726
16.2804,0.6098383026191685
16.286,0.6077225252941212
16.2914,0.6007906153168726
16.297,0.6025485636755052
16.3027,0.6012622296793821
16.3081,0.6040942231389345
16.3137,0.5976900110693426
16.3193,0.6041706893854071
16.3247,0.610201756265879
16.3303,0.6086678610585194
16.3358,0.6028910743298719
16.3414,0.6051125845742238
16.347,0.6016352079033984
16.3527,0.6004950295288969
16.3581,0.5990731389796133
16.3637,0.6072105163360675
16.3693,0.5996690621029668
16.3746,0.603359828962447
16.3803,0.5978606034463267
16.3859,0.6219276459136023
16.3915,0.5990278432856335
16.3969,0.6010769205795075
16.4025,0.6025575812540308
16.408,0.629677184783346
16.4136,0.6054433795712646
16.4192,0.6092991897647559
16.4249,0.6053872784171819
16.4302,0.6070315283619467
16.4359,0.6100269021099711
16.4415,0.6060132819880574
16.4469,0.6048469812355179
16.4525,0.6066419826830797
16.4581,0.6139511616734671
