Experiment: Apr28_cal_tst_expt vial 5, Thu Apr 28 17:02:21 2022
0.0027,0.0
0.0078,0.00032574342576519033
0.0131,0.0012144720970459488
0.0188,-0.0009047484816541163
0.0244,0.0020130594262387502
0.03,-0.0030119543938725846
0.0354,-0.0007786684736547089
0.041,-0.0034539310561797487
0.0466,-0.006507206228290707
0.052,-0.005180200947742186
0.0576,-0.006380173545234569
0.0632,-0.0091346102614559
0.0689,-0.008661583499529057
0.0742,-0.00959161388324492
0.0799,-0.010720281108135832
0.0855,-0.009763434828079953
0.0911,-0.010505863748916933
0.0964,-0.007580300646968019
0.1021,-0.009336535667412993
0.1077,0.07521884952221836
0.1134,0.003458488817260852
0.1187,0.0037437358918761543
0.1243,0.00116156198118611
0.1299,-0.0007718583386780997
0.1356,-0.0014305174517754704
0.1409,-0.009536422811889489
0.1465,-0.011179352453622116
0.1521,-0.011235741258086684
0.1577,-0.012149412174778385
0.1633,-0.012345862901802507
0.1687,-0.012416469736257763
0.1743,-0.012485824239478638
0.1799,-0.011248805286244834
0.1855,-0.013944299776672775
0.1909,-0.013861027870790021
0.1965,-0.011614349234218335
0.2022,-0.01029547088226912
0.2078,-0.010897492574808432
0.2131,-0.009509678514277642
0.2188,-0.007631012372020796
0.2244,-0.007770970685486156
0.23,-0.007882850276717424
0.2354,-0.007574912454097915
0.241,-0.007546569012132465
0.2467,-0.005656829928528118
0.252,-0.007182107719403863
0.2577,-0.008862502055804744
0.2633,-0.007644400511442551
0.2689,-0.009408404716157781
0.2743,-0.00858164587559529
0.2799,-0.008175732240680023
0.2855,-0.008932086684372731
0.2911,-0.008468733492136504
0.2965,-0.007559117418306505
0.3021,-0.009351407263637923
0.3078,-0.007377313912126593
0.3134,-0.007880645842358258
0.3187,-0.0078100144882636835
0.3243,-0.007376043214611827
0.33,-0.00733446190092657
0.3353,-0.0074881378649183095
0.341,-0.007641265671237574
0.3466,-0.0061039391921187125
0.3522,-0.007389571652996918
0.3576,-0.008620362606398868
0.3632,-0.007095449413504262
0.3688,-0.00828364833739037
0.3745,-0.007445612466606688
0.3798,-0.006173383997819859
0.3854,-0.007038964764738531
0.391,-0.006913451223582112
0.3967,-0.006661551546666811
0.4023,-0.0067874871859071595
0.4076,-0.0072059090985934215
0.4133,-0.005921464760060835
0.4189,-0.003550079184011956
0.4243,-0.006255952110795104
0.4299,-0.006284296279583712
0.4355,-0.004470162109119991
0.4409,-0.005014182658845789
0.4465,-0.0051116042149046415
0.4521,-0.004135548388285004
0.4578,-0.004707107469471783
0.4631,-0.0038289965467377396
0.4688,-0.005320562667997741
0.4744,-0.00568334787028979
0.48,-0.004344623461914887
0.4854,-0.003592231801488932
0.491,-0.004469802579763593
0.4966,-0.0043305359743061045
0.5022,-0.0035086919650096915
0.5076,-0.0037454959595240034
0.5132,-0.004232979751077837
0.5188,-0.0032721595671467707
0.5245,-0.0025484816684827605
0.5298,-0.002590400272388327
0.5354,-0.001964333669704499
0.541,-0.002034103875129145
0.5467,0.0001625135107907738
0.552,-0.0014086665384228647
0.5576,-0.0003791972774688235
0.5633,-0.00015752343528119273
0.5689,-0.0012699270639360272
0.5742,-0.0004781236423758717
0.5799,0.0006192505490625333
0.5854,0.00017481904099503343
0.591,2.1807218133496065e-05
0.5966,0.0013824897249660184
0.6022,0.00031178397505460254
0.6076,0.00013186898871830888
0.6132,3.4967146525399784e-05
0.6188,-7.706417442276958e-05
0.6244,0.001296731497061332
0.63,0.0021144191726043537
0.6354,-0.00011918538235589082
0.641,0.001517767454868979
0.6466,0.0009763449148955106
0.6522,0.0008926428364571803
0.6576,0.0016411407178132942
0.6632,0.0016687550364368198
0.6688,0.002875252675015094
0.6744,0.0031083307904874458
0.6798,0.0029292036363580687
0.6854,0.002194131748442074
0.691,0.0036741332538047233
0.6966,0.0031496594117045307
0.7022,0.0034113340711193763
0.7076,0.0034652040771309123
0.7132,0.003715422583339678
0.7188,0.0042119779827359816
0.7244,0.006090229702610528
0.73,0.005606787742985397
0.7354,0.005400915064307399
0.741,0.00517813469026418
0.7467,0.004375622724051342
0.7522,0.005079049018137827
0.7576,0.006544325999681244
0.7632,0.006431196788486915
0.7688,0.0060320079692527395
0.7744,0.007342247881692243
0.7798,0.006569952440694915
0.7854,0.007467339803707063
0.791,0.009577231293225075
0.7966,0.006842112734591899
0.8023,0.008319120904825672
0.8076,0.009449705807345388
0.8132,0.007942060961576125
0.8188,0.009858778148758685
0.8245,0.009679199656283943
0.8298,0.009429161929150776
0.8354,0.010805990904510177
0.8411,0.009554169165670312
0.8467,0.010819600855561662
0.852,0.011175942945104378
0.8576,0.01067597621716121
0.8633,0.010844272600085025
0.8689,0.010471795026864128
0.8742,0.010344446830676035
0.8799,0.012254902606055773
0.8855,0.009808595781288232
0.8911,0.011456268496815913
0.8967,0.010877613569296507
0.9021,0.013473648733250188
0.9077,0.012952608758442063
0.9133,0.012341696789734846
0.919,0.013801816870331218
0.9243,0.01367991059773177
0.9299,0.014650410387034074
0.9355,0.014343278940354531
0.9409,0.014822980250626838
0.9465,0.014877056739605488
0.9522,0.012651008773519101
0.9578,0.013846902104643677
0.9631,0.015187887690571278
0.9688,0.015090075644017764
0.9744,0.013689173156328505
0.98,0.017040591839017905
0.9854,0.01714469629610138
0.991,0.01593042706248443
0.9966,0.016655267091365167
1.0022,0.01752421097305623
1.0076,0.015738225396487115
1.0133,0.01890451658595116
1.0188,0.018255692812652935
1.0244,0.019190401213607045
1.0298,0.019841403460585882
1.0354,0.019606333629098638
1.041,0.019320637644765104
1.0467,0.02047140453823204
1.052,0.020160000290735502
1.0577,0.02117184237582742
1.0633,0.018334674546057694
1.0689,0.02000328464495582
1.0743,0.022379204991780033
1.0799,0.020962058165551523
1.0855,0.023131069089889267
1.0911,0.020682280745731585
1.0965,0.020994230154760485
1.1021,0.02330908130846221
1.1077,0.021261723703456914
1.1133,0.020919000619487815
1.1187,0.02178722461681304
1.1243,0.023730772690420954
1.1299,0.022694779925100772
1.1355,0.021920794841158164
1.1412,0.023841226286856865
1.1465,0.024450666216200012
1.1522,0.023997079735329996
1.1578,0.024578819517847905
1.1631,0.0245862128522516
1.1688,0.024484601458203636
1.1744,0.02447130368605055
1.18,0.024533035988336782
1.1854,0.025186818290511448
1.191,0.025681455869155045
1.1966,0.025638343140123476
1.2023,0.024626091818907125
1.2076,0.024830220474314435
1.2132,0.026314870493517717
1.2189,0.027008884229439867
1.2245,0.02900633477844905
1.2298,0.02872904522531039
1.2355,0.02716255579541038
1.2411,0.02814651915537625
1.2465,0.027490508261445112
1.2521,0.027860754937206023
1.2577,0.029313746369319826
1.2634,0.030494242071053668
1.2687,0.029660227408106032
1.2743,0.028716791268548425
1.2799,0.02891472637878323
1.2856,0.032389769498275045
1.291,0.0292894872944926
1.2966,0.027575513427436416
1.3022,0.03139336758412653
1.3076,0.03040527666730225
1.3132,0.029075344428391103
1.3188,0.03001969680977945
1.3245,0.029673830495345277
1.3298,0.03177072655689894
1.3354,0.031043944639314702
1.341,0.03162042021552397
1.3467,0.032294402179445625
1.352,0.03048221626932146
1.3577,0.03159416044056973
1.3633,0.033681410486410046
1.3689,0.03162917710229124
1.3743,0.0329890492235449
1.3799,0.031824567557082906
1.3855,0.03205050267622972
1.3912,0.03185225150581039
1.3965,0.03169479773891082
1.4021,0.03312799862780613
1.4077,0.03508586606900049
1.4131,0.03415271608500525
1.4187,0.032755392026707464
1.4244,0.034649573485374174
1.43,0.03524241981543147
1.4356,0.03481922936569376
1.441,0.03372275142546338
1.4466,0.03363215486688381
1.4522,0.032469871314429466
1.4578,0.033138871055053865
1.4632,0.035353352572385865
1.4688,0.03603093824647585
1.4745,0.03719646195743975
1.4798,0.03696781413255845
1.4854,0.03659710414442907
1.4911,0.03752692825270343
1.4967,0.037436011574647876
1.502,0.0373316498268203
1.5077,0.037441856190889244
1.5133,0.03865028179865171
1.5189,0.03889647563115506
1.5243,0.03935669761708377
1.5299,0.03751309717430629
1.5355,0.03763624818187927
1.5412,0.03852458063705744
1.5465,0.03668829031690618
1.5521,0.03781125181439743
1.5577,0.038161325931003354
1.5634,0.038154685322126514
1.5687,0.03725959377613469
1.5743,0.03784355160602715
1.58,0.0373570566201043
1.5856,0.03828399745116301
1.5909,0.03757756389919159
1.5966,0.037499930779820945
1.6022,0.037182295542984356
1.6078,0.0393579125967769
1.6132,0.03764945751900306
1.6188,0.038807833264578595
1.6244,0.037390210497211196
1.63,0.03848442809381536
1.6354,0.03867849749112007
1.641,0.03861381645696693
1.6466,0.039492727540661965
1.6523,0.03897594535158938
1.6576,0.03865918091866882
1.6632,0.038807936795013154
1.6688,0.03908582795722659
1.6745,0.039182643774803905
1.6798,0.040002703838454334
1.6855,0.04200812921665392
1.6911,0.04059531206398015
1.6967,0.04048600787834106
1.7021,0.04143253795628882
1.7077,0.040653081191415585
1.7133,0.03952491301209904
1.7189,0.04029211007704786
1.7243,0.03920917877350194
1.7299,0.04094882458192761
1.7355,0.03951223162880352
1.7411,0.040704061301763184
1.7465,0.043145949544162676
1.7521,0.038405557737493046
1.7578,0.04262718131001991
1.7631,0.03958368660561401
1.7687,0.040986984772468926
1.7744,0.04196340464383108
1.78,0.03914115852616179
1.7854,0.04053709811134937
1.791,0.041096208518541344
1.7966,0.040550331717251364
1.8023,0.038449426013514976
1.8076,0.04063413858981674
1.8132,0.04102569628412428
1.8189,0.0416678173012624
1.8242,0.04057101317682704
1.8299,0.0404614011375834
1.8355,0.04064885728054468
1.8411,0.04051353546266845
1.8465,0.04178989553718432
1.8521,0.041002423028940915
1.8577,0.04258443163900644
1.8634,0.043659420502614565
1.8687,0.04335258537034853
1.8744,0.043984965958154154
1.88,0.042469179370864474
1.8854,0.04232899653356714
1.891,0.04268690359900673
1.8966,0.0431474783749472
1.9022,0.044802244982630524
1.9076,0.04319856391756516
1.9132,0.04309002449984761
1.9189,0.04479431688551999
1.9245,0.04272713848815379
1.9298,0.04329498731884868
1.9355,0.04486377320954382
1.9411,0.042280318187274346
1.9465,0.043888295594314564
1.9521,0.04448800978932399
1.9577,0.04541074543221252
1.9634,0.04566470544858908
1.9687,0.04616857845361738
1.9743,0.04453854271013502
1.9799,0.042977338780389895
1.9856,0.04568393570043594
1.9909,0.04393375801930677
1.9966,0.045143269971818445
2.0022,0.04367989771319669
2.0079,0.04593101881287559
2.0132,0.044450879045240976
2.0189,0.04324909072030059
2.0245,0.04496018929701967
2.0298,0.04467382251997226
2.0354,0.04487728657083062
2.0411,0.0457088893466433
2.0467,0.046552480814343045
2.052,0.04691973437876734
2.0576,0.04442005919346642
2.0633,0.04691963664052029
2.0689,0.04560235256083517
2.0742,0.04675502497007156
2.0799,0.04792603768474857
2.0855,0.04936090132910548
2.0911,0.047874624160106405
2.0965,0.047817928132466936
2.1021,0.047084245605733044
2.1076,0.0466542409552666
2.1132,0.048562494537181033
2.1188,0.04946545335450242
2.1244,0.047545899332060326
2.1301,0.050596634785679884
2.1354,0.0484612236975866
2.141,0.04933685176055136
2.1467,0.05074283185502798
2.1523,0.047142270217473636
2.1576,0.05013584856497788
2.1632,0.05114218738155213
2.1688,0.050136577937058724
2.1744,0.05161303222610525
2.1798,0.05072701617855857
2.1854,0.05064417637060609
2.191,0.05162432855447502
2.1966,0.051924963459703544
2.2023,0.05243950716771534
2.2076,0.051560557162027676
2.2132,0.05366041055381782
2.2188,0.05168971485456114
2.2244,0.051909183452877095
2.23,0.0529172717537707
2.2354,0.051970866465745114
2.241,0.05302411009134883
2.2466,0.05312955137987163
2.2522,0.052696862275185885
2.2576,0.052240192342847214
2.2632,0.053307346448739135
2.2688,0.053584261979892134
2.2744,0.055181328440344846
2.2801,0.052155854866666074
2.2854,0.053143201943297025
2.291,0.05351715790119865
2.2966,0.05339165532591966
2.3023,0.055550115375423315
2.3076,0.05542787388662568
2.3132,0.05585515229367577
2.3188,0.05558379881744452
2.3245,0.055709610363107565
2.3298,0.05559458795667649
2.3354,0.05577362414079329
2.341,0.05644435458605429
2.3467,0.054384677571696016
2.352,0.05569227880515032
2.3576,0.05554347054223069
2.3633,0.055013078028647355
2.3689,0.05635277449742626
2.3745,0.05677496055620174
2.3799,0.05576266994897633
2.3855,0.05849229958348062
2.3911,0.056097011834745636
2.3965,0.05831967230958912
2.4021,0.05862311789806807
2.4077,0.058822543883452316
2.4133,0.059873685753331574
2.4187,0.059245974673118484
2.4243,0.0575235897898313
2.4299,0.05975752410515467
2.4356,0.059944039722541476
2.4409,0.06243426132288882
2.4465,0.06190401419008856
2.4522,0.061117905708632736
2.4578,0.059708247231063105
2.4634,0.06173920744262601
2.4688,0.06161544084028914
2.4744,0.060802352389027314
2.48,0.06267142080546262
2.4854,0.06393106486947125
2.491,0.06301063752710145
2.4966,0.06372817834214045
2.5022,0.06436524322629866
2.5076,0.06263086554716896
2.5132,0.0627101981411507
2.5188,0.06367206904815459
2.5245,0.06280462875114762
2.5298,0.06459216449165572
2.5354,0.06400681071491471
2.5411,0.06241314461193398
2.5467,0.06331648060659378
2.552,0.06540172743575334
2.5577,0.06702018368238882
2.5633,0.0656967032007012
2.5689,0.06530883082263672
2.5743,0.06462200495559628
2.5799,0.06699496188518811
2.5855,0.06683828725649221
2.5911,0.0655001504920597
2.5965,0.0664352627426329
2.6021,0.0678039934403662
2.6077,0.06813686155561438
2.6133,0.0659721364425842
2.619,0.06851956231518469
2.6243,0.06887931544958142
2.6299,0.0692964036626792
2.6355,0.0679840365262751
2.6412,0.06894671552100007
2.6465,0.07021029901879117
2.6521,0.0691177275301263
2.6578,0.06964465728411873
2.6634,0.06891805043724869
2.6687,0.06933309844437524
2.6743,0.07185933512785053
2.68,0.06975655212736331
2.6856,0.06957846943247381
2.6911,0.07069136715417668
2.6965,0.0707371608980662
2.7021,0.07045838487768508
2.7077,0.0725074513916017
2.7134,0.07128404163733743
2.7187,0.07356597144217603
2.7243,0.07116952019515971
2.73,0.07205601296560343
2.7356,0.07396411969703032
2.7409,0.07189947935095348
2.7466,0.07448924843354277
2.7522,0.0751475012693717
2.7578,0.07541458879821089
2.7632,0.07410052246443155
2.7688,0.07444753002138227
2.7744,0.07575375707811521
2.7798,0.07563723072374362
2.7854,0.07699104605562368
2.7911,0.07620545404729495
2.7967,0.07713951160800148
2.8021,0.07750712615758609
2.8077,0.07759002080615907
2.8133,0.07746715985670849
2.8189,0.07807888902111298
2.8245,0.07687810633337566
2.8299,0.07894557530094526
2.8355,0.07729652602435833
2.8411,0.07707600662854563
2.8465,0.07917056343503748
2.8521,0.0803040924590967
2.8577,0.07987012604536192
2.8634,0.07831894409173068
2.8687,0.08073429661550097
2.8743,0.08120562307611262
2.8799,0.07948176817441638
2.8856,0.08076754163736077
2.8909,0.08139718707150972
2.8965,0.08208211894774792
2.9022,0.08264320379297796
2.9078,0.08020280943439018
2.9132,0.08299015993789416
2.9188,0.08253696106830682
2.9244,0.08625236585485857
2.93,0.08296237499189363
2.9354,0.08304464773999037
2.941,0.0853716062312031
2.9466,0.08549748847739225
2.9522,0.08375343105017563
2.9576,0.08560137098889065
2.9632,0.08394026851060427
2.9688,0.08840329619404175
2.9744,0.08736387093346698
2.98,0.08617648615927376
2.9854,0.08563260915535942
2.991,0.08723839339815853
2.9966,0.08861012224004933
3.0023,0.08856661514865916
3.0076,0.0891143643029303
3.0133,0.08952641410751949
3.0189,0.09024491806067719
3.0243,0.08926508701480212
3.0299,0.09065682597208474
3.0355,0.09080419121249944
3.0411,0.09102019906232495
3.0465,0.09358470807910957
3.0521,0.09123656838084249
3.0577,0.09384516181495406
3.0634,0.09205421059315833
3.0687,0.09090757750975703
3.0743,0.0929045739700809
3.08,0.09277991760119397
3.0856,0.09351602299737372
3.0909,0.09509738643261367
3.0966,0.09544766058294235
3.1022,0.09625729482855738
3.1078,0.09667264989070462
3.1132,0.09589569081578941
3.1188,0.09883868653958172
3.1244,0.09538905842035267
3.1301,0.09894737668273734
3.1354,0.09933956572174973
3.141,0.09834953855596729
3.1466,0.0986476488200812
3.1523,0.09987663081467607
3.1576,0.09910137630628829
3.1632,0.09734093893951112
3.1689,0.09868988775068993
3.1745,0.10022150632164467
3.1798,0.102071754219353
3.1855,0.10283881272222911
3.1911,0.10235435056533487
3.1967,0.10319695856063543
3.2021,0.10136342908144086
3.2077,0.10317011255637071
3.2133,0.10434282006883044
3.2189,0.10539168751029176
3.2243,0.1054214192652278
3.2299,0.10677720979854044
3.2355,0.10656126566797747
3.2411,0.10578135688394413
3.2465,0.10624929429501223
3.2521,0.10686179560614373
3.2577,0.10548566137771592
3.2634,0.10859212610184577
3.2687,0.10834320741984571
3.2743,0.10775977703336631
3.28,0.11139662196090155
3.2856,0.10938568607574306
3.2912,0.1120081276823991
3.2966,0.1112599259339756
3.3022,0.11080860427648481
3.3078,0.1105849507581183
3.3132,0.11151814798606985
3.3188,0.1149062812181521
3.3244,0.11387489839683163
3.3298,0.11085558226656295
3.3354,0.11262121866084635
3.341,0.11284830204038593
3.3467,0.11279333252205243
3.352,0.11311182826088328
3.3577,0.11831724964324736
3.3633,0.11785007244902362
3.3689,0.11639308209930616
3.3745,0.1166760986615456
3.3799,0.11743651269139055
3.3855,0.11604644280136628
3.3911,0.11635384869802318
3.3967,0.11916432902161167
3.4021,0.12125345234527424
3.4077,0.12176593046550449
3.4133,0.11977173045377709
3.419,0.11818556387005197
3.4243,0.12156496699818581
3.4299,0.12177505676037903
3.4356,0.12085128560061276
3.4412,0.1211213007586951
3.4465,0.12176327690292016
3.4521,0.1214681215713646
3.4577,0.12089960716352816
3.4634,0.12452415118298332
3.4687,0.12398165252507781
3.4744,0.12490418822405758
3.48,0.12351116686612301
3.4856,0.12644298891905842
3.4909,0.12695425505349384
3.4966,0.12525891573157427
3.5022,0.12357413704005327
3.5078,0.12578597865477809
3.5132,0.12771736279183532
3.5188,0.13019544290325208
3.5244,0.12898404881746056
3.53,0.12710531600848696
3.5354,0.12663639939576793
3.541,0.12687436588761036
3.5466,0.1280343893818574
3.5523,0.13008796118686122
3.5576,0.1298646243042278
3.5632,0.13201396036699997
3.5689,0.1293149677084559
3.5745,0.13278424845237086
3.5799,0.1328536119158093
3.5855,0.13402810163459827
3.5911,0.13155903867448904
3.5967,0.13225661087035118
3.6021,0.13678035322637855
3.6077,0.13464939664137132
3.6133,0.13426624152464278
3.6187,0.13682282398350548
3.6243,0.13638046958370165
3.6298,0.1343830948157682
3.6355,0.13680592915151574
3.6411,0.13624830950895944
3.6467,0.13856739281478758
3.6521,0.13796407128170157
3.6576,0.1391369742447321
3.6633,0.14149162074532634
3.6689,0.13977617290083832
3.6745,0.14025521230681803
3.6799,0.1395864577536049
3.6854,0.14227556567006872
3.6911,0.14418381534710673
3.6967,0.14371869990970915
3.702,0.14438235481553052
3.7077,0.14285879250680167
3.7133,0.14486494568490033
3.7189,0.14549766413959186
3.7245,0.14544974399976995
3.7298,0.14338157116698724
3.7355,0.14765929551537937
3.7411,0.1471859718225883
3.7467,0.14645800651995722
3.7523,0.1470114244434264
3.7576,0.1481325146971319
3.7633,0.1515903755783754
3.7689,0.1488041562806725
3.7745,0.15169373985619478
3.7798,0.150068301078972
3.7854,0.15171903132829467
3.7911,0.15189429318631414
3.7967,0.15504803396304156
3.8023,0.15036442924717314
3.8076,0.15236441933223532
3.8133,0.15437702467158765
3.8189,0.15465144056393038
3.8245,0.15531009122547362
3.8301,0.1539850138001413
3.8354,0.1579486521318743
3.8411,0.1569197791509644
3.8467,0.15617077651949118
3.8523,0.15789204766733161
3.8576,0.15763365925136114
3.8632,0.15785073586680293
3.8689,0.15887298749403833
3.8745,0.1610321119753611
3.8798,0.1607782322591338
3.8855,0.15988479394555322
3.8911,0.16158171872484844
3.8967,0.16096646558137895
3.9021,0.1636673795112284
3.9077,0.16325793382968934
3.9133,0.16305034859936396
3.9189,0.16481732442485653
3.9243,0.16576725179019125
3.9299,0.16474109722611585
3.9356,0.1660427354865986
3.9409,0.1670854452008662
3.9466,0.16619036449163455
3.9522,0.17054675985190954
3.9578,0.16916255816434472
3.9632,0.170329104984896
3.9688,0.16908160567438674
3.9744,0.16931004378604703
3.98,0.1699293676715692
3.9857,0.17112016033935518
3.991,0.1719368731299209
3.9966,0.17155552185180928
4.0023,0.1719909651091724
4.0076,0.17301704223545022
4.0133,0.17330387928751684
4.0189,0.17328584163973176
4.0243,0.1744775428572175
4.0299,0.17599214657027795
4.0355,0.1765545870521436
4.0411,0.17687727248286556
4.0467,0.17761263343672345
4.0521,0.17851205506978135
4.0577,0.17864125921587604
4.0633,0.17895779520371685
4.0689,0.18021215652890493
4.0743,0.1821433630878878
4.0799,0.17894268673550412
4.0855,0.18006514527323952
4.0912,0.18237354283626517
4.0965,0.1835059127653455
4.1021,0.18486182090492287
4.1078,0.1851300312719491
4.1134,0.18435298094826008
4.1187,0.1864837957060625
4.1243,0.1864010730882027
4.1299,0.18610373293951904
4.1356,0.18893639811975255
4.1412,0.18991836634861425
4.1465,0.18848312107958454
4.1522,0.19177155219615133
4.1578,0.18881886043931756
4.1632,0.1911009901254283
4.1688,0.18955060340610186
4.1744,0.19226160098891615
4.18,0.19275973701667792
4.1854,0.19307874620803067
4.191,0.19602255308401234
4.1966,0.19581318081938698
4.2022,0.19580515843638385
4.2076,0.19171310554590282
4.2132,0.1955787942309103
4.2188,0.19713562074634244
4.2244,0.198687171096384
4.2301,0.19497630871085264
4.2354,0.1984203302389035
4.241,0.19847624003573022
4.2466,0.19960734805221758
4.2523,0.19871306518178872
4.2576,0.20139492593766944
4.2632,0.19982494993096295
4.2689,0.20325431798521193
4.2745,0.20186906914970776
4.2798,0.2039135704322409
4.2855,0.20267027733455745
4.2911,0.20444235960818274
4.2967,0.2028008922267469
4.302,0.20558691172381716
4.3077,0.20763644955012983
4.3133,0.20938771866119432
4.3189,0.20821573850565822
4.3242,0.2095282623553707
4.3299,0.20862327154455212
4.3355,0.20851336782684088
4.3411,0.210260309815048
4.3467,0.21289660932127696
4.3521,0.21367857841630394
4.3577,0.21472689378348891
4.3633,0.21266099812390837
4.3689,0.2138275385933212
4.3743,0.21621833477778768
4.3799,0.2154263466434907
4.3855,0.2148597408098481
4.3912,0.21663040264468902
4.3965,0.21610942304627878
4.4021,0.21783684017268906
4.4078,0.21897946346550196
4.4134,0.2206743052479413
4.4187,0.22276628379110863
4.4244,0.22068534822840852
4.43,0.22137901431763762
4.4356,0.22152600208735823
4.441,0.22303972287051826
4.4466,0.22236098882896171
4.4522,0.22435101747593333
4.4578,0.2232005850605453
4.4632,0.22650274008826138
4.4688,0.22909228240941537
4.4744,0.2284247643294895
4.48,0.22579984910845668
4.4857,0.2303492309581271
4.491,0.22739391374949502
4.4966,0.22909802069302115
4.5023,0.23209266486557234
4.5079,0.2291249562507473
4.5132,0.23247698416852652
4.5189,0.23378416186118117
4.5245,0.2341136358142687
4.5298,0.23499450299667685
4.5355,0.2361212348136546
4.5411,0.23604590633903283
4.5467,0.23683896834207013
4.5523,0.23652137528647432
4.5577,0.23739614695768296
4.5633,0.24066419407097495
4.5689,0.24013148293557868
4.5745,0.2406247500135505
4.5798,0.2404611616491728
4.5855,0.24244454533739235
4.5911,0.24154873124049336
4.5967,0.2458193537041602
4.6023,0.24490600372820698
4.6077,0.2454186925735462
4.6133,0.24517626463257136
4.6189,0.24477577328794664
4.6245,0.2459209838727338
4.6299,0.2471551897188735
4.6355,0.2473811433307863
4.6411,0.24782104402474986
4.6467,0.2493004896924207
4.6521,0.2525476893873392
4.6577,0.25047351056795625
4.6633,0.24905738085198653
4.669,0.25198751583055334
4.6743,0.25166836266875
4.6799,0.2544355782475477
4.6856,0.2545630782364571
4.6912,0.2539604462522221
4.6965,0.25399047590165114
4.7022,0.2534979682300467
4.7078,0.25777812577948395
4.7134,0.25565257313629064
4.719,0.2546241513978846
4.7244,0.2568286786025348
4.73,0.2584010158121124
4.7356,0.25904948041873266
4.7413,0.26158530992726375
4.7466,0.26347680594115264
4.7522,0.2642780105709302
4.7579,0.26220518992460784
4.7632,0.2636375403429779
4.7688,0.2653676137760274
4.7745,0.2680162992801815
4.7801,0.2664197795540536
4.7854,0.2688458126310174
4.7911,0.2678678421006296
4.7967,0.26938780030536874
4.8023,0.2708210332998461
4.8077,0.2701410121816131
4.8133,0.27219322843719196
4.8189,0.2724069913127411
4.8245,0.27172516165947375
4.8299,0.27306159824088316
4.8355,0.2767828515429046
4.8411,0.2742929999498262
4.8467,0.2762615358533534
4.8521,0.27914949105778725
4.8577,0.2771350342243227
4.8633,0.2790575894548034
4.8689,0.27743480786808355
4.8746,0.28006245029222704
4.8799,0.27938185058766307
4.8855,0.2812091638977183
4.8912,0.2798607495428898
4.8968,0.2806209331181948
4.9021,0.28426126991014494
4.9077,0.2817590860359665
4.9133,0.28534121657730815
4.919,0.28545172820655307
4.9243,0.28709347763747034
4.9299,0.2916908896815614
4.9355,0.2896413850398192
4.9412,0.28939805256472156
4.9468,0.2922617680124726
4.9521,0.2914382665148787
4.9578,0.29375834964555364
4.9634,0.29264810829261667
4.969,0.29282991498075994
4.9744,0.29783711072481395
4.98,0.29528058507989347
4.9856,0.2957086114034062
4.9912,0.2972945805328889
4.9966,0.29704642414789434
5.0022,0.300340191939661
5.0079,0.2995356509823363
5.0133,0.29845449126478635
5.0189,0.3011319123536454
5.0245,0.30241227127460785
5.0301,0.30062055779472147
5.0354,0.3023200587167597
5.041,0.30292971486152964
5.0467,0.3063955554617223
5.0523,0.30495628042076756
5.0579,0.30792341135501444
5.0632,0.3070457536464012
5.0689,0.30853554245764137
5.0745,0.31039314171315024
5.0801,0.3086378707581913
5.0855,0.3085494141461489
5.0911,0.30729118741174255
5.0967,0.3114257899982805
5.1024,0.30972024206393617
5.1077,0.31322528577805
5.1133,0.31479098355796525
5.119,0.3167698927755069
5.1246,0.3156325666691818
5.1299,0.3142991637501281
5.1355,0.3180074063733415
5.1412,0.3171750156097663
5.1468,0.31749104232967695
5.1521,0.318745554366799
5.1577,0.32221448396504787
5.1634,0.3230703811919065
5.169,0.3225609249516296
5.1746,0.32311051107876776
5.1799,0.32259112094436593
5.1855,0.3240916221254335
5.1912,0.32267524777276835
5.1968,0.326345890680639
5.2021,0.3255241235210455
5.2077,0.3297314481124255
5.2133,0.32905323366356376
5.219,0.3294300740735694
5.2243,0.3314031941755063
5.2299,0.3297741516194546
5.2355,0.3297682595986079
5.2412,0.33277470214475086
5.2465,0.3318878667172154
5.2522,0.3342615494373933
5.2578,0.33471353714696833
5.2633,0.3336700208717649
5.269,0.3380703357711609
5.2746,0.3361950455443158
5.2799,0.3371112128499293
5.2856,0.3385652110978441
5.2911,0.3393675018203898
5.2968,0.34221376412208615
5.3024,0.3405829530740671
5.3077,0.34378452316142794
5.3133,0.3439989049271934
5.3188,0.3417668217374689
5.3244,0.3438827290231994
5.33,0.3452462986136503
5.3356,0.34654241455348095
5.3413,0.3454169271729478
5.3466,0.3437001560474599
5.3522,0.3479774014225203
5.3578,0.34929762153227484
5.3635,0.34918840792987976
5.3688,0.3477067340449695
5.3745,0.34722004066306145
5.3801,0.35271252033301614
5.3857,0.3513949786352641
5.3911,0.3523967226918769
5.3967,0.35485107067348926
5.4023,0.3547052818341036
5.4077,0.35553602989281585
5.4133,0.35601301287322784
5.419,0.35840217585892126
5.4246,0.35893231067051323
5.4299,0.3579679791587696
5.4355,0.35954190980834927
5.4412,0.35903995782885356
5.4468,0.35884002863046743
5.4521,0.3610349109926785
5.4578,0.36236606149421885
5.4635,0.36557093256291834
5.4689,0.3621076166914316
5.4745,0.3614941618992558
5.4801,0.3681061200519595
5.4854,0.3671378728089244
5.4911,0.36815832886322564
5.4967,0.36858035651090726
5.5023,0.36750932928343316
5.5079,0.3691925467662751
5.5133,0.37047436408850815
5.5189,0.370329034115754
5.5245,0.37259549721001994
5.5302,0.3732099018761932
5.5355,0.37497953827727054
5.5411,0.3750137979773997
5.5468,0.37487832284119893
5.5524,0.3771022510829224
5.5577,0.37991906970930567
5.5634,0.37869875284228083
5.569,0.379999065407333
5.5743,0.38159482170817144
5.58,0.3800723041734062
5.5856,0.38474758176953605
5.5912,0.38414368711160934
5.5968,0.38364344314596055
5.6022,0.38465183113612683
5.6078,0.3900346932580569
5.6134,0.3896610520019776
5.619,0.3892497071102289
5.6244,0.39238911489625666
5.63,0.3934612091971824
5.6356,0.39136521742003877
5.6413,0.39244341506198305
5.6466,0.3957978170563331
5.6522,0.39657083223183553
5.6578,0.39677529061321615
5.6635,0.3965704974156312
5.6688,0.3989090863913863
5.6744,0.4022967605206157
5.6801,0.39920252463348044
5.6857,0.4019451074802354
5.691,0.4009195716142292
5.6966,0.40438729848352484
5.7023,0.40490796632382703
5.7079,0.40684856926781093
5.7135,0.4049722944621011
5.7189,0.4055640346742964
5.7245,0.41117964541164126
5.7301,0.4084989121736536
5.7358,0.41278770131537235
5.7411,0.4118188443894999
5.7467,0.41321712273956346
5.7524,0.4147154798743079
5.7577,0.413875594106706
5.7633,0.41440809119833116
5.769,0.41624757774996546
5.7746,0.41791755328443464
5.7799,0.41845208867095035
5.7856,0.41836508439830883
5.7912,0.4216206585427208
5.7968,0.4199027076353844
5.8022,0.4238575999977999
5.8078,0.4242491957970582
5.8134,0.42580607699641565
5.8191,0.42428274741795496
5.8244,0.4271861194981283
5.83,0.42737722476469514
5.8356,0.4273331606858794
5.8413,0.42825369739111885
5.8466,0.4321998111448935
5.8522,0.4341090808407565
5.8579,0.43214643789299007
5.8635,0.43735429358837086
5.8689,0.43819208972676577
5.8745,0.438706489733125
5.8801,0.44516861317287665
5.8857,0.44163381556775844
5.8911,0.44393838919707657
5.8967,0.44105819236560967
5.9023,0.4428112811726308
5.9079,0.444809011356906
5.9135,0.4478822652523162
5.9189,0.4449505214359304
5.9245,0.4464103847058793
5.9301,0.4472702137744031
5.9355,0.4477486811354708
5.9411,0.44873547385744333
5.9468,0.453676269241474
5.9524,0.4515047969777812
5.9577,0.4533145740534338
5.9634,0.4522312057803852
5.969,0.4523513522292873
5.9746,0.4562120679195915
5.98,0.4578944256389292
5.9856,0.4559750833418287
5.9912,0.46014151860953384
5.9969,0.460532492446774
6.0022,0.46145033280814235
6.0079,0.46353273488814994
6.0135,0.4620639717523889
6.0188,0.46457097644196793
6.0245,0.4641246090891854
6.0301,0.4663783085600584
6.0357,0.4670504145118677
6.0411,0.46759598558331156
6.0467,0.47020711286495376
6.0523,0.46911982740497765
6.058,0.4723399964945716
6.0633,0.4749901938505677
6.069,0.4741458268967092
6.0746,0.472199624752976
6.0802,0.47433428821258744
6.0856,0.479127808259276
6.0912,0.4773164940783831
6.0966,0.4820769513747818
6.1022,0.4788178035697507
6.1078,0.4814104933945192
6.1135,0.4804706933675898
6.1191,0.4836395004839406
6.1244,0.4854247530321865
6.13,0.48250410317953535
6.1356,0.48556059506179916
6.1413,0.4879084969193229
6.1466,0.4865657204010539
6.1522,0.488090178997978
6.1579,0.48869605251595294
6.1635,0.4898214397328511
6.1688,0.4926835016718649
6.1744,0.4924467790445697
6.1801,0.49378244055085124
6.1857,0.4966122385643842
6.1913,0.4975680204135417
6.1966,0.49531749225166105
6.2023,0.5004188474228608
6.2079,0.4993645394783911
6.2135,0.5004105763666067
6.2189,0.501761241740386
6.2245,0.5028722635126888
6.2301,0.5036149312404403
6.2357,0.5077724984212847
6.2411,0.5031245199104544
6.2467,0.5043164404156049
6.2523,0.5108703129500646
6.258,0.5079213905780595
6.2633,0.5116415920629191
6.269,0.5109219553557021
6.2746,0.5125252954263129
6.2799,0.5141892566039203
6.2856,0.5161447760458727
6.2912,0.515871799104997
6.2968,0.5180542158603535
6.3022,0.5208229318994412
6.3078,0.51776493530514
6.3135,0.5232831022767191
6.3191,0.5218667362029837
6.3244,0.5209080243551397
6.3301,0.5221907200393372
6.3357,0.5257902444194965
6.341,0.5241547748793373
6.3467,0.526670249841381
6.3523,0.5277684369530194
6.3579,0.5288310577095826
6.3633,0.5325740711107191
6.3689,0.528813783882471
6.3745,0.5323445266527582
6.3801,0.533649183953877
6.3855,0.535302212594358
6.3911,0.5331742299308819
6.3968,0.5390081764574651
6.4024,0.5369676656449885
6.408,0.5339434524047528
6.4134,0.5390772864863388
6.419,0.5379187544696701
6.4246,0.5411097983238512
6.43,0.5419118951739061
6.4356,0.5404752405834273
6.4412,0.5454798509286246
6.4469,0.5421619693872842
6.4522,0.5462581719378249
6.4578,0.5519349276990103
6.4635,0.5515204032801079
6.4688,0.5492713873602176
6.4745,0.5515830193916342
6.4801,0.5519594205734307
6.4857,0.5540789222933408
6.4913,0.5529276336890884
6.4967,0.5557125956875281
6.5023,0.5589117134637104
6.5079,0.5522472777518354
6.5135,0.5556943671702955
6.5189,0.5601227832830197
6.5245,0.5601879065923817
6.5301,0.5569082151663577
6.5358,0.5617052446588658
6.5411,0.5635006421308878
6.5468,0.5658951729613367
6.5524,0.5671940861970831
6.5577,0.5681297638582711
6.5634,0.5660554819798784
6.569,0.5721108662548046
6.5746,0.5725167959571915
6.58,0.5684236846386213
6.5856,0.5723070450594784
6.5912,0.5662681309582975
6.5969,0.5741399242217947
6.6022,0.5722184402371736
6.6078,0.5727021755505338
6.6135,0.5749955736571529
6.6191,0.5797506151631401
6.6244,0.5793735937692523
6.6301,0.5798317459302548
6.6357,0.5831425080553606
6.6413,0.5824577760533376
6.6467,0.5821332810820773
6.6523,0.5855215913426962
6.6579,0.5909789760998742
6.6633,0.5841887759123717
6.6689,0.5888556799807839
6.6746,0.5877008524803067
6.6802,0.590703691445524
6.6855,0.5951975595525194
6.6911,0.5918556883509712
6.6968,0.5921133544027183
6.7024,0.5926466047691404
6.7078,0.5980078171676589
6.7134,0.5971829847091791
6.719,0.5952568818837168
6.7246,0.5979576785996382
6.73,0.5994077406972994
6.7356,0.6019661872353891
6.7412,0.5996514141883748
6.7469,0.6035375110586144
6.7522,0.6020353268792135
6.7577,0.6058657193595461
6.7634,0.6042562866287965
6.769,0.6074124043731288
6.7746,0.6057624233517284
6.78,0.6081978775172138
6.7856,0.6058087884264578
6.7912,0.611708351640904
6.7968,0.6097076879001287
6.8024,0.6121371801611287
6.8078,0.6171034526215785
6.8134,0.6133072637818067
6.819,0.6140783036679248
6.8246,0.6140932398252221
6.83,0.6159202078664319
6.8356,0.6184650600882371
6.8412,0.6212013788485685
6.8468,0.6217573265845447
6.8524,0.6202581323302937
6.8578,0.6200628177722546
6.8634,0.6235153923357861
6.869,0.622873563418027
6.8746,0.6248506546032303
6.88,0.62393650795393
6.8856,0.6290324185827939
6.8912,0.6280235843425713
6.8968,0.6342125632037309
6.9024,0.6287681784719491
6.9078,0.6273590418612573
6.9135,0.6315631037217094
6.9191,0.6327872818566073
6.9244,0.6299861990207601
6.93,0.6364212706761557
6.9356,0.6336998566973625
6.9412,0.6365937041761603
6.9469,0.6372194756490469
6.9522,0.6370683067304564
6.9579,0.6359038079912148
6.9635,0.6427168298026714
6.9691,0.6414778115848331
6.9745,0.6464245220701469
6.9801,0.642982029521913
6.9857,0.6487247420578204
6.9911,0.6475753623325596
6.9967,0.6446629374145442
7.0023,0.6439956921873333
7.0077,0.6452582546237112
7.0134,0.6478426711213842
7.019,0.6531443558674997
7.0246,0.6542044592927786
7.03,0.6568567710975729
7.0356,0.6528793731679917
7.0413,0.6481950609778119
7.0469,0.6561482779585378
7.0522,0.6583334299304694
7.0579,0.6563115022388705
7.0635,0.6556325380003593
7.0691,0.6572465762702799
7.0744,0.6600511427197816
7.0801,0.6606205953146391
7.0857,0.6640475977917155
7.0911,0.6614953430850412
7.0967,0.6651509013015223
7.1023,0.6621205547709234
7.1079,0.6659282373885855
7.1136,0.6667646436546645
7.1189,0.6683539759042078
7.1245,0.663189007450335
7.1302,0.6666636693650211
7.1358,0.6639455910556259
7.1411,0.670194296978191
7.1468,0.6701624571596967
7.1524,0.6720430028663771
7.1578,0.6717984750494223
7.1634,0.6720503915704005
7.169,0.6702874234785196
7.1746,0.6749235120612945
7.18,0.6714427577694628
7.1856,0.6740568785521447
7.1912,0.6788507549776139
7.1968,0.6758590917374087
7.2022,0.6759677170383367
7.2078,0.6806631527856929
7.2134,0.6800409425512478
7.219,0.682010993105154
7.2244,0.6824711295889937
7.23,0.6798488122963999
7.2357,0.6872017669708591
7.2413,0.683968658770797
7.2469,0.685702141266289
7.2523,0.6844398541903055
7.2579,0.6874534654502259
7.2635,0.6937359266949331
7.2689,0.6879203627391889
7.2745,0.6899907603454264
7.2802,0.6912982680173602
7.2858,0.6901571037102
7.2911,0.6888992075537327
7.2967,0.6937358037777223
7.3024,0.6936520110363303
7.308,0.6920047217580496
7.3133,0.6957471123457464
7.319,0.6931161356884482
7.3246,0.6930801141224342
7.3302,0.697134140734053
7.3355,0.6959994661661503
7.3412,0.6938729531090619
7.3468,0.6969765158162071
7.3524,0.697378578659887
7.3578,0.6975869531013887
7.3634,0.6993514983735588
7.369,0.6996809999654873
7.3747,0.7031000860304292
7.38,0.7043124094451351
7.3856,0.7038500461210758
7.3913,0.7017908973076115
7.3969,0.7069617716230173
7.4022,0.7051216802637512
7.4079,0.7038262755390713
7.4135,0.7090125464690146
7.4191,0.7093053176162919
7.4245,0.7082196232806647
7.4301,0.7071565458818867
7.4357,0.7115847725397143
7.4413,0.7107899735123155
7.4467,0.7070946793870311
7.4523,0.7110740852728697
7.4579,0.7097808727091562
7.4635,0.708645210002972
7.4689,0.7123693392717642
7.4745,0.715402545803206
7.4801,0.712853354665511
7.4857,0.7132849875920784
7.4911,0.7178580268415334
7.4967,0.7202365410476527
7.5023,0.7178529451235703
7.508,0.7176199885489395
7.5133,0.7167243337018796
7.5189,0.7185633539962132
7.5246,0.7247713978226576
7.5302,0.718006896200733
7.5356,0.7214675146833774
7.5412,0.7256952943150338
7.5468,0.7234410991723373
7.5525,0.7220498866800215
7.5579,0.7228227025646602
7.5635,0.7252615852249855
7.5691,0.7263360387906198
7.5744,0.7229322186995066
7.5801,0.7227258007174006
7.5857,0.732339123805695
7.5914,0.7250500841463768
7.5967,0.7240169466488099
7.6023,0.7286418392619897
7.608,0.7313235008842954
7.6133,0.7271961442853253
7.619,0.7286280399915769
7.6246,0.7268370059073447
7.6302,0.7274028179907225
7.6356,0.7293742073181465
7.6412,0.7305144197247007
7.6468,0.7318692052099373
7.6525,0.7314232359533613
7.6578,0.7336795262130584
7.6634,0.7334971173953814
7.669,0.7347540591557088
7.6747,0.7326175371881177
7.68,0.7336620930669703
7.6857,0.7367398253918359
7.6913,0.7338819037798264
7.6969,0.7319703812269918
7.7023,0.7401267319453034
7.7079,0.7373324175288222
7.7135,0.7408467882781823
7.7191,0.734728202497792
7.7245,0.7334199283969501
7.7301,0.7334083929199081
7.7357,0.7405043028706108
7.7413,0.7398680209230347
7.7467,0.7413181458800594
7.7523,0.7413637476405126
7.7579,0.7373853973128761
7.7636,0.7419963014696301
7.7689,0.7462712367804554
7.7745,0.7429559566729594
7.7802,0.7458916746472614
7.7858,0.7429008033483552
7.7911,0.74386185545316
7.7968,0.7462999543120493
7.8024,0.7441365442486981
7.808,0.7449826677064942
7.8134,0.7438193094754427
7.819,0.7489236827853716
7.8246,0.7454023722676208
7.83,0.7519285363520402
7.8356,0.7454515507157173
7.8413,0.7438936113458884
7.8469,0.7509396029965277
7.8522,0.7445629368036029
7.8579,0.7477191030874629
7.8635,0.7516015814078135
7.8691,0.7515127669032741
7.8745,0.7500978255019536
7.8801,0.7497352607065925
7.8858,0.7462324476444135
7.8914,0.7535312543868826
7.8967,0.7473345602701408
7.9024,0.7521185360008394
7.908,0.7507350972280328
7.9133,0.7493744390742486
7.9189,0.7503292607675117
7.9246,0.7474983724004354
7.9302,0.7566327061473089
7.9358,0.7518438037585257
7.9412,0.75660430730811
7.9468,0.7525125934414189
7.9524,0.7509275980926333
7.958,0.7537492874175528
7.9634,0.7521321324960958
7.969,0.7520175951704308
7.9746,0.7570310418798453
7.98,0.7555445888765795
7.9856,0.7545360623004113
7.9912,0.7572887363070236
7.9969,0.7558742451012742
8.0022,0.7539378546998611
8.0079,0.7556256518937294
8.0135,0.7547384656805739
8.0191,0.7546622046537331
8.0245,0.7547096099596639
8.0301,0.7533645388835074
8.0357,0.7637768893137578
8.0414,0.7565181745154952
8.0467,0.7561182407054063
8.0523,0.7582951898259335
8.0579,0.7553085051531689
8.0636,0.7587420517437701
8.0689,0.7580939346615702
8.0746,0.7607094613060941
8.0802,0.7628224851582134
8.0856,0.7622060544370193
8.0912,0.7598354199012322
8.0968,0.7605782518257443
8.1024,0.7588508786182928
8.108,0.7616556487672813
8.1134,0.7604629572993756
8.119,0.7624864837448694
8.1246,0.7583044712160608
8.1302,0.7619244235685237
8.1356,0.7541531149909969
8.1412,0.7610708311492135
8.1468,0.7628003801495792
8.1524,0.7656728342983085
8.1578,0.7626761500731796
8.1634,0.7609200014894403
8.169,0.7596225521297604
8.1747,0.7612082666680662
8.18,0.7644403129692309
8.1857,0.7655887702253266
8.1913,0.7651808518874604
8.1969,0.7618003933016113
8.2023,0.7606217417518781
8.2079,0.7679348723992722
8.2135,0.7666635545434948
8.2189,0.7629684258699828
8.2245,0.7665760623932357
8.2301,0.7633947980035017
8.2357,0.7632496003979412
8.2414,0.7644623894159183
8.2467,0.7637507272812716
8.2523,0.7614771159642547
8.258,0.765423720049469
8.2636,0.765553251095044
8.2689,0.7644178380160968
8.2746,0.7676087164280965
8.2802,0.7656526773825095
8.2858,0.7641475368898298
8.2911,0.7656733814702549
8.2968,0.768562447332949
8.3024,0.7645129168579327
8.308,0.7677141963997746
8.3134,0.7681812797449964
8.319,0.7668407125224128
8.3247,0.7694008400824623
8.33,0.7658660121634623
8.3356,0.7668333078319257
8.3413,0.7661164627895405
8.3469,0.7680460391653036
8.3522,0.7695022599660711
8.3578,0.7687139021248631
8.3634,0.7652260752487652
8.369,0.7676988396617276
8.3746,0.7730378300167557
8.3802,0.7664725033840344
8.3856,0.7702085814030786
8.3911,0.7642600043977489
8.3968,0.7635560362356487
8.4024,0.7679504115868493
8.408,0.7700486997473005
8.4134,0.7657721770228976
8.419,0.7724447077195569
8.4246,0.7692751539224821
8.4302,0.7703568028263762
8.4358,0.7696205392133607
8.4411,0.7705363989078357
8.4468,0.7717480788549205
8.4524,0.7650812896210867
8.458,0.770664470878489
8.4634,0.7649853754166066
8.469,0.7685980050121595
8.4746,0.769563014115201
8.4802,0.7691532453131437
8.4856,0.7690459083106124
8.4912,0.7729548978395565
8.4968,0.7690075720832334
8.5024,0.7698934183857361
8.508,0.7723481920887585
8.5134,0.7704331633931641
8.519,0.7700460798393017
8.5246,0.7734878268707797
8.5302,0.7730329659808696
8.5356,0.7716903249500472
8.5412,0.7688334180096953
8.5468,0.7689907593699083
8.5524,0.768470718281591
8.558,0.7708652561602677
8.5634,0.7675155447523749
8.569,0.7709887755796336
8.5746,0.7734291987029289
8.5802,0.7685174008742519
8.5856,0.7702859311945137
8.5912,0.7685775988380413
8.5968,0.771567680870325
8.6025,0.7689629664626527
8.6078,0.7703098333996683
8.6135,0.7716175298776135
8.6191,0.7738377231678318
8.6247,0.7717453847690577
8.63,0.7672355157741582
8.6357,0.7687058363067613
8.6413,0.7718105470274065
8.6469,0.7727397504351202
8.6523,0.77113600038627
8.6579,0.7710322910480106
8.6635,0.770622801728753
8.6692,0.7718140085240757
8.6745,0.7717249783447655
8.6801,0.7641130874077741
8.6858,0.772963353050795
8.6911,0.7684795048477032
8.6968,0.7691860483721529
8.7024,0.7686156992198441
8.708,0.7755150490885843
8.7134,0.7716949157593009
8.719,0.7715192025317408
8.7246,0.7719192959548042
8.7302,0.7767025383075132
8.7356,0.7722167564456491
8.7412,0.7757257116374855
8.7468,0.774546930554156
8.7525,0.775107422994992
8.7578,0.7720770650262699
8.7634,0.7737474777851113
8.7691,0.7677499031372647
8.7747,0.7701739100493369
8.7801,0.7719653447808343
8.7857,0.7710468630255294
8.7913,0.7705314661820485
8.7969,0.7673308687541005
8.8022,0.7692700690474242
8.8079,0.7701215170022719
8.8135,0.7719475673158173
8.8191,0.7693514707628294
8.8245,0.7712030659400578
8.8301,0.773537543917064
8.8357,0.7745384822146074
8.8413,0.7732134699714918
8.8467,0.767403449956292
8.8523,0.7740850756614857
8.8579,0.7725959098647954
8.8636,0.7671064433353139
8.8689,0.7691840270452103
8.8745,0.7733945150291047
8.8802,0.7722842686764948
8.8858,0.7706726678518704
8.8911,0.7718069874810275
8.8967,0.7719248181896158
8.9023,0.7710506421562427
8.908,0.7706599079966152
8.9136,0.7714786056012884
8.919,0.7719080401937247
8.9246,0.7708595093503087
8.9302,0.7690349942346099
8.9358,0.7689425733963956
8.9412,0.7679889149086506
8.9468,0.7685747013952664
8.9524,0.7704754682446339
8.9581,0.7707131973833098
8.9634,0.7714354456191805
8.9691,0.7715214031200318
8.9747,0.7719525414530621
8.98,0.7698078778662404
8.9857,0.7704975033261064
8.9913,0.7698769546055996
8.9969,0.7689682350230519
9.0023,0.7712481764688589
9.0079,0.764901362965856
9.0135,0.7754384892835723
9.0192,0.76983862185564
9.0245,0.7686406636163502
9.0302,0.7658547052164231
9.0358,0.7711329093129532
9.0412,0.770232888802472
9.0468,0.7704054845276751
9.0524,0.7717260017693827
9.0578,0.7675891189502159
9.0634,0.7651592540847983
9.069,0.7743915228816075
9.0747,0.7670994061887219
9.0803,0.769667081396315
9.0857,0.769488270646204
9.0913,0.7683391318757031
9.0969,0.764294242607835
9.1022,0.7677943980260837
9.1079,0.7682981291634344
9.1135,0.7660840442069745
9.1191,0.7677500567605356
9.1245,0.7686618844590788
9.1301,0.7657529870970127
9.1357,0.7663472746799534
9.1414,0.7715999787223877
9.1467,0.7705756240589675
9.1524,0.7693474593858801
9.158,0.7701380255156609
9.1636,0.7764214364682479
9.169,0.7685081805089494
9.1746,0.7695798495334959
9.1802,0.7652997800553154
9.1856,0.768032549096049
9.1912,0.7682968391149111
9.1969,0.7658016003522591
9.2025,0.7692656660172666
9.2078,0.7642268960012145
9.2135,0.7651134303721755
9.2191,0.7682360416455888
9.2247,0.7621144788977268
9.2301,0.7639904384702855
9.2357,0.7636988151048572
9.2414,0.7660340864129922
9.2467,0.7636980718976448
9.2523,0.7677307529361521
9.258,0.76771305064654
9.2633,0.7616005555579749
9.269,0.760114921026824
9.2746,0.7662011114478311
9.2802,0.7659903654414358
9.2858,0.7653736707750713
9.2912,0.7691813997407692
9.2968,0.767218645845969
9.3024,0.7661946667819836
9.3081,0.7646521907630965
9.3134,0.7654926977954424
9.319,0.7616560330178622
9.3247,0.7679504115868493
9.33,0.7682933175016317
9.3357,0.7649468860676241
9.3413,0.7647611976131344
9.3469,0.7618098342819191
9.3522,0.7638344717762579
9.3579,0.7637996823676168
9.3635,0.7676576859022529
9.3691,0.7695943917589677
9.3745,0.7639337552062028
9.3801,0.7622170992330907
9.3857,0.7650672697083002
9.3914,0.7640666777846877
9.3967,0.7673947773775452
9.4023,0.7651362508114409
9.408,0.7652598553738124
9.4136,0.7641907426423343
9.4189,0.7679863442063136
9.4246,0.7611597554632811
9.4302,0.7617013074439697
9.4356,0.7652865271544637
9.4412,0.7665731966025261
9.4468,0.7641110509892197
9.4524,0.7648403209172915
9.4578,0.7624749794960092
9.4634,0.7606604921157073
9.4691,0.7644894950158215
9.4747,0.7614685687200389
9.48,0.7643275694674546
9.4857,0.7660435292083273
9.4913,0.7596819355413246
9.4969,0.7682907645961657
9.5025,0.7625507119653765
9.5079,0.7704290204421015
9.5135,0.764729869631156
9.5191,0.7631596016057894
9.5247,0.7623517332936828
9.5301,0.7642815434413035
9.5357,0.7616204261368011
9.5413,0.7664031352372084
9.547,0.7674418567140123
9.5523,0.7646102526037566
9.5579,0.7631374002911754
9.5636,0.7589920460325712
9.5689,0.761431971441258
9.5745,0.7618072048427916
9.5802,0.7619120659325582
9.5858,0.7650680038113277
9.5911,0.7641873212520037
9.5967,0.7624725004041518
9.6024,0.7583093567340822
9.608,0.7607284981378708
9.6136,0.7568318849748424
9.619,0.7637754187099313
9.6246,0.7648516322722879
9.6302,0.7616650501159964
9.6356,0.7628768143436168
9.6412,0.7604259482181
9.6468,0.7573648255752163
9.6524,0.7610399375061999
9.6581,0.755837705895425
9.6634,0.7618282944259455
9.6691,0.7661862164712286
9.6747,0.7596879386913377
9.68,0.7572566513560274
9.6857,0.7607459662850172
9.6913,0.7637187613128489
9.6969,0.7612016332219443
9.7023,0.7568981144608851
9.7079,0.7566854933281494
9.7135,0.7582069968443573
9.7191,0.7622059868266741
9.7245,0.7556174183634722
9.7301,0.7582399859731036
9.7357,0.7620826313995078
9.7414,0.7586803312788998
9.7467,0.7561555773203285
9.7524,0.7612260012342986
9.758,0.7552774451510179
9.7636,0.7639675494613735
9.7689,0.7586875908408429
9.7746,0.7599637857351729
9.7802,0.7561420090758778
9.7858,0.7537545979307635
9.7912,0.7552662307552261
9.7968,0.755593401798608
9.8024,0.7591193103228131
9.8081,0.7617684970371447
9.8134,0.7530793089746118
9.8191,0.758142289689521
9.8247,0.7608159215909239
9.8301,0.7565668408154119
9.8357,0.7561151054921004
9.8413,0.7589101357817307
9.8469,0.7598862514070922
9.8523,0.7571829656266567
9.8579,0.7619032076753273
9.8635,0.7522352113525824
9.8692,0.755229421401944
9.8745,0.7559376840862592
9.8801,0.7556140109415658
9.8858,0.7521846150094825
9.8914,0.7538186495864
9.8967,0.7519348311321807
9.9024,0.752332638326321
9.908,0.7539636720044957
9.9134,0.7559077980438301
9.919,0.7532724212739353
9.9246,0.7542210235976229
9.9303,0.755961592129862
9.9356,0.753168702151542
9.9412,0.7558397930088042
9.9468,0.7495597450574948
9.9525,0.7503185222478911
9.9581,0.7541229093690369
9.9634,0.7539394709619011
9.969,0.7511549674951786
9.9746,0.7520506514124655
9.9802,0.752280609949464
9.9856,0.7551463965284831
9.9913,0.7538111341491928
9.9968,0.758035877538132
10.0024,0.7561170189869443
10.0078,0.7510642494616334
10.0134,0.7514279600806358
10.019,0.7546052930360723
10.0246,0.7534163199580849
10.0301,0.750322575879071
10.0358,0.7546884231814152
10.0414,0.7522388327400105
10.0468,0.7496916865053896
10.0524,0.752717833968478
10.058,0.7513152494831508
10.0634,0.7496498692446028
10.069,0.7500750168329705
10.0747,0.7501308161522279
10.08,0.7511536498161796
10.0856,0.745073499103086
10.0912,0.7493489483382574
10.0969,0.7517963062084289
10.1025,0.7489628587387723
10.1078,0.7475887381573311
10.1135,0.7482249351632394
10.1191,0.7509886570124159
10.1247,0.7517827672364233
10.1301,0.7481664755388685
10.1357,0.7489154651528674
10.1413,0.7533706843677526
10.1469,0.7508171012750111
10.1523,0.7486316738305373
10.1579,0.7498359120124028
10.1635,0.7466094768136624
10.1691,0.7494552506450877
10.1745,0.75238907184391
10.1801,0.747807612416861
10.1858,0.7448269388402838
10.1914,0.7496815132714545
10.1967,0.7518769442690795
10.2024,0.7484499703617452
10.208,0.7495731695414619
10.2136,0.7461451134569613
10.219,0.7486499409013236
10.2246,0.7472052403437025
10.2302,0.7441896251768697
10.2356,0.7512089714922286
10.2412,0.7477649580782676
10.2468,0.7448151681286416
10.2524,0.7481867365903
10.2578,0.7484713605561693
10.2634,0.7471236820614192
10.2691,0.7431846501966056
10.2747,0.7463370760725682
10.28,0.7485837450060636
10.2857,0.7507583026550608
10.2913,0.7386441289764921
10.2969,0.7452195277656057
10.3023,0.7477713874749191
10.3079,0.7484263274150996
10.3135,0.7472146255524877
10.3191,0.7432933056294041
10.3245,0.7443581475750113
10.3301,0.7491180870585235
10.3357,0.7420431843153387
10.3414,0.7434669800583146
10.3467,0.7442278610479398
10.3523,0.7411959666284517
10.358,0.7438240492796687
10.3636,0.7437708161428606
10.3689,0.7475087270812434
10.3745,0.7476199572888472
10.3802,0.7428543579422795
10.3858,0.7452824605551746
10.3911,0.7427673513543639
10.3968,0.7391532043177574
10.4024,0.7476210345173934
10.408,0.7440350539107109
10.4134,0.7414316798259434
10.419,0.742236869658888
10.4246,0.7411847926825742
10.4302,0.7396351106134547
10.4359,0.7402205214924517
10.4412,0.7428091171405032
10.4469,0.7375490786851887
10.4525,0.7390192071239446
10.4578,0.743291141959417
10.4635,0.7451873225541604
10.4691,0.7366000530026762
10.4745,0.7356825262819429
10.4801,0.7428269920542063
10.4857,0.7365643267953044
10.4914,0.740287052520708
10.4967,0.738789737490683
10.5023,0.734700337719556
10.508,0.7415993637953716
10.5136,0.7423384840995113
10.519,0.7419016508754267
10.5246,0.7385635196243104
10.5302,0.7355830618708068
10.5358,0.7392156433720857
10.5412,0.7361872655915264
10.5469,0.7424058461949617
10.5525,0.7437294327636296
10.5578,0.7347963758434878
10.5635,0.7370251536547893
10.5691,0.7455888231567603
10.5745,0.7369634554636705
10.5802,0.7359314319296967
10.5858,0.7374058789334464
10.5914,0.7405488727885323
10.5968,0.7337954599070889
10.6024,0.7367988652487867
10.6081,0.7394194410135272
10.6134,0.7384895131351702
10.619,0.7372006720837332
10.6247,0.7334658756224689
10.63,0.733649482096559
10.6357,0.7391220413451248
10.6411,0.7386673737385302
10.6468,0.7367092818937716
10.6524,0.7394940395951194
10.658,0.7402309219460507
10.6634,0.7358085148504078
10.669,0.7361436502939317
10.6747,0.7340293205260011
10.6803,0.7376514605071486
10.6856,0.7363611805853517
10.6913,0.738481216510241
10.6969,0.7327013141914333
10.7022,0.7367683635579109
10.7079,0.7391031726786014
10.7133,0.7365747084199402
10.719,0.7345781389220187
10.7246,0.7332728837167916
10.7302,0.7364827328714157
10.7359,0.7356451014451685
10.7412,0.7385059659544109
10.7468,0.7378436031751162
10.7525,0.7384356576357017
10.7581,0.7371395471102135
10.7634,0.7300280198525307
10.769,0.7350929061230246
10.7747,0.738100984160589
10.7803,0.7296214751553779
10.7856,0.7305918305705179
10.7913,0.734530790543327
10.7969,0.7340869054595573
10.8023,0.7391834489340295
10.8079,0.7332888886141954
10.8135,0.7346122493757196
10.8192,0.7351326004521617
10.8245,0.7364021684702748
10.8302,0.7371279559254826
10.8356,0.7291891066289952
10.8412,0.7327468566001603
10.8468,0.7328029374010272
10.8525,0.7301150411428671
10.8578,0.734044095966424
10.8634,0.7338767192546957
10.8691,0.737753692787442
10.8747,0.7359211907680446
10.8801,0.7303787169654702
10.8857,0.7326039406718217
10.8913,0.7340162758299432
10.897,0.7285287472194429
10.9023,0.7331107513859234
10.908,0.7329577288325014
10.9136,0.7366069499131429
10.9189,0.730294350694867
10.9245,0.7309449071047635
10.9302,0.7342198504131405
10.9358,0.726199112175259
10.9412,0.7354610049705118
10.9468,0.729401373898267
10.9524,0.7277622357359129
10.9581,0.7313717491613029
10.9634,0.7282605019671183
10.969,0.7288839658002232
10.9746,0.7324443893844844
10.9803,0.7283037563164402
10.9856,0.7250739138156511
10.9913,0.7330543507394462
10.9969,0.7299751008962269
11.0025,0.7338462447428865
11.0079,0.7287874824769695
11.0135,0.7230854477660501
11.0192,0.7283198668690802
11.0245,0.7276868358643434
11.0301,0.7298348145695254
11.0358,0.7281183236892156
11.0414,0.7285419935192688
11.0467,0.7259171179982561
11.0524,0.724616898584569
11.058,0.7296709001479947
11.0634,0.7328037326086051
11.069,0.7343254472613224
11.0746,0.7318490871980748
11.0802,0.7269573473548354
11.0856,0.7334944421590502
11.0912,0.7306281008369194
11.0969,0.7283995852575393
11.1025,0.7278135318431874
11.1078,0.7313157562867357
11.1135,0.7275309989439257
11.1191,0.7245553698159607
11.1247,0.7277598648700475
11.1303,0.7263299210980819
11.1357,0.7248204914883102
11.1413,0.7255199801477125
11.1469,0.7240016238817336
11.1523,0.726032904852037
11.1579,0.7289129767706314
11.1635,0.7226290202988214
11.1691,0.7230512536203685
11.1745,0.7281176173077036
11.1801,0.7230130284381733
11.1858,0.7228157254954536
11.1914,0.7288234863054287
11.1967,0.7248694832086374
11.2024,0.7215472003101057
11.208,0.7234623231497431
11.2136,0.7236313966153944
11.219,0.7229034892440811
11.2246,0.7288729321641396
11.2302,0.7263808942768339
11.2358,0.7257410454053163
11.2412,0.7208278580190449
11.2468,0.7249234903278674
11.2525,0.7189735423052189
11.2581,0.721672819866738
11.2634,0.7239963462675971
11.269,0.7244577647229903
11.2746,0.720488902169458
11.2803,0.7269153440445497
11.2856,0.7258359746128967
11.2912,0.7245605448327773
11.2969,0.7228933932410558
11.3025,0.7262575883598609
11.3078,0.7240700564548008
11.3135,0.7234969648486083
11.3191,0.7206380830408533
11.3245,0.7198022921121753
11.3301,0.7237316832754227
11.3357,0.7190149010248675
11.3413,0.7187889424556894
11.3467,0.723057338520915
11.3523,0.7209741790674115
11.3579,0.7172677168029005
11.3635,0.7195015264946006
11.3691,0.7227807692597992
11.3745,0.7168752448681773
11.3801,0.7194537695289539
11.3858,0.7180135670781397
11.3914,0.7214219016332107
11.3967,0.7206475150349638
11.4023,0.7208450341067504
11.4078,0.7216023125634045
11.4134,0.7191927971094149
11.4191,0.7212661622053483
11.4247,0.7177261341000428
11.4301,0.7201668482287715
11.4356,0.7167207844968296
11.4413,0.7210161819952815
11.4469,0.7187592109264659
11.4525,0.7182701469302356
11.4578,0.7175122380541382
11.4634,0.7213537753021012
11.469,0.7168517831903527
11.4746,0.7167052825271981
11.4803,0.7198235799818673
11.4856,0.7134729994666485
11.4912,0.7167894866354371
11.4968,0.716940079056303
11.5025,0.7179751964725035
11.5081,0.7183480232677882
11.5134,0.7128512657309675
11.519,0.7215770951595628
11.5246,0.7141849392325936
11.5303,0.7122336945890395
11.5356,0.7165793505813899
11.5413,0.7151962377477138
11.5468,0.7112324174426877
11.5525,0.7158241961614823
11.5581,0.7158526466364193
11.5634,0.7129174606151396
11.569,0.713990256935113
11.5746,0.7132464325641327
11.5803,0.7123914646668421
11.5856,0.7144429812750556
11.5912,0.7144790438059739
11.5968,0.7142543469037826
11.6024,0.7169022158116521
11.6081,0.7139347488725875
11.6134,0.7113411210055723
11.619,0.7158227419406435
11.6246,0.7178293072648975
11.6302,0.7136810750310972
11.6356,0.7171087719288324
11.6412,0.7187096362465163
11.6469,0.7154296316782606
11.6525,0.7117971530254351
11.6578,0.7083785382240536
11.6635,0.7083794531188385
11.6691,0.710501767134132
11.6747,0.7154675040415374
11.6801,0.7104140329393381
11.6857,0.7111879564898705
11.6914,0.7093915871385322
11.6967,0.7113661146830315
11.7023,0.7132001753857102
11.7079,0.7058600498986591
11.7136,0.7131307481243846
11.7189,0.7069462674630059
11.7246,0.7092388818617619
11.7302,0.7071142730101623
11.7358,0.7090921783036671
11.7414,0.7104208711022094
11.7467,0.7103003326693665
11.7524,0.715725672882261
11.758,0.7102691657266712
11.7636,0.7064425737705803
11.769,0.7083237366183878
11.7746,0.7104976176284034
11.7802,0.7069083360411202
11.7858,0.7086241639038734
11.7912,0.7078842093295753
11.7968,0.7079940410968474
11.8024,0.7091532927694314
11.8081,0.7067350534343131
11.8134,0.7054484238548654
11.819,0.7058378606634204
11.8247,0.7064242387455328
11.8303,0.7043199914195059
11.8356,0.7101882720466507
11.8413,0.7063867336385296
11.8469,0.7080344470164175
11.8523,0.7068089797692702
11.8579,0.7060988361009733
11.8635,0.7042347640143902
11.8692,0.7104154168431351
11.8745,0.7037102673402493
11.8802,0.7059235585138063
11.8858,0.7060581448475303
11.8914,0.7082322350468256
11.8967,0.700757731382427
11.9024,0.7042551782721801
11.908,0.7013928734578935
11.9136,0.7037102673402493
11.919,0.7028580362087279
11.9246,0.7046193658184444
11.9302,0.7026529538821946
11.9356,0.7097607779623216
11.9412,0.6994928652744353
11.9469,0.70578980533235
11.9525,0.7010031350565171
11.9579,0.7021772753975893
11.9635,0.7016374024273321
11.9691,0.7075943444975118
11.9745,0.7033667457282281
11.9801,0.7032065244218727
11.9857,0.7049315255415017
11.9914,0.7066287493131526
11.9967,0.7010343323709801
12.0024,0.7077969729526178
12.008,0.7061918715601165
12.0134,0.7034119488513965
12.019,0.7020524208511921
12.0246,0.6999811075611632
12.0303,0.7047830849361237
12.0356,0.6998279933944419
12.0413,0.7006159328806313
12.0469,0.7028003629557705
12.0525,0.706211562272672
12.0579,0.6992249351826957
12.0635,0.6995126389879067
12.0691,0.6957377990402426
12.0747,0.7006787149187719
12.08,0.6997396929241085
12.0857,0.6992154446141995
12.0913,0.6991353672500574
12.0969,0.6996460944966438
12.1025,0.698918703711349
12.1079,0.7015597296159496
12.1135,0.69911388573478
12.1191,0.699515373476312
12.1245,0.7003804264713728
12.1301,0.6951285598182831
12.1358,0.701089173015642
12.1414,0.6942815597711754
12.1467,0.7004608848451562
12.1524,0.695950372697057
12.158,0.6972615610760086
12.1633,0.6988507106024336
12.169,0.6951542298741856
12.1746,0.6958420731607243
12.1803,0.6955554004371253
12.1856,0.6946305153109509
12.1913,0.6941349602143123
12.1969,0.6900928932693363
12.2023,0.6950314199033113
12.2079,0.6968216240925879
12.2135,0.6940490917034231
12.2192,0.6954768928623395
12.2245,0.6973251280465028
12.2301,0.6914173569554538
12.2358,0.6929620556006983
12.2414,0.694235565281463
12.2467,0.6907439123370122
12.2524,0.6917912428912641
12.258,0.6926021187608488
12.2636,0.6893478639413683
12.269,0.6953026024762812
12.2745,0.6872814350089501
12.2801,0.691508176668831
12.2857,0.6962002366469827
12.2914,0.6881349358848
12.2967,0.6901231641417659
12.3023,0.6944222674936179
12.308,0.6926213324648954
12.3136,0.6895333697830687
12.3192,0.6908999738525917
12.3246,0.6889541673354521
12.3302,0.6882841066767335
12.3358,0.6903974673349161
12.3412,0.6896075602377744
12.3468,0.6890948505764841
12.3524,0.6918571111255095
12.3581,0.6894942703000831
12.3634,0.6882129816243755
12.369,0.6866339210337681
12.3747,0.6877671447571749
12.38,0.6854272315020865
12.3857,0.6912430963675983
12.3913,0.6926494147110939
12.3969,0.6877980053212035
12.4022,0.6883228802841793
12.4079,0.6894116102213034
12.4135,0.6878357040767166
12.4191,0.6866086265890122
12.4248,0.6830094778395003
12.4301,0.6867814791257099
12.4358,0.686966383259732
12.4414,0.6865989314994959
12.4468,0.6900485885994668
12.4524,0.6854204664671685
12.458,0.6873657027506096
12.4634,0.681767360827071
12.469,0.6860508491652004
12.4746,0.6844806709254035
12.4803,0.6840764305768104
12.4859,0.683501990008952
12.4912,0.6856756959710629
12.4969,0.6829157775923251
12.5025,0.6861057610068858
12.5079,0.68060102343579
12.5135,0.6798974181417847
12.5191,0.6850585898813631
12.5247,0.6858094449234141
12.5301,0.6792544341441168
12.5357,0.6793995420873403
12.5413,0.6840240376325394
12.5467,0.6852720698317761
12.5524,0.6837167270090206
12.558,0.6808514093588164
12.5636,0.6863767713069625
12.569,0.6861917715723919
12.5746,0.685460575974486
12.5802,0.683683720230016
12.5859,0.6825282710240845
12.5912,0.6841200765969699
12.5968,0.683811722660357
12.6025,0.6829709178502332
12.6078,0.6811869847839561
12.6135,0.6827226811627566
12.6191,0.6781529245454662
12.6245,0.680876273201913
12.6301,0.6805879073091697
12.6358,0.6813396096589457
12.6414,0.6818956555006733
12.6468,0.6782094376668061
12.6524,0.6807337215008099
12.658,0.6789951023524826
12.6636,0.6845330678471927
12.669,0.6843897710657998
12.6746,0.6758014325075327
12.6803,0.6751991098373055
12.6859,0.6773307760027769
12.6912,0.6745031285096456
12.6969,0.6809127597086327
12.7025,0.6750056440461302
12.7079,0.6743283404335875
12.7134,0.6762021233730339
12.719,0.6815649733652185
12.7246,0.6782610212938588
12.7303,0.6784277758578092
12.7359,0.6796126668107632
12.7412,0.6806773033952093
12.7469,0.6753681557253514
12.7525,0.6792312593745975
12.7579,0.6795103447124721
12.7635,0.6768223210805233
12.7691,0.6761346261791061
12.7745,0.6784879158928651
12.7801,0.676141543299745
12.7856,0.6793617803487867
12.7912,0.6764425555952963
12.7968,0.6773183651195488
12.8025,0.6767771359425443
12.8081,0.6767105965986568
12.8135,0.6769300667516677
12.8191,0.6790246074684015
12.8247,0.6733339478767939
12.8301,0.674540221637756
12.8356,0.672969142812435
12.8412,0.6778213560678753
12.8468,0.6741039858841406
12.8525,0.6753761082251801
12.8578,0.6744608929666082
12.8635,0.6711696066776204
12.8691,0.6746791890321376
12.8747,0.6754452691419058
12.8801,0.6734038548156495
12.8857,0.6711292585994514
12.8913,0.6711373862727179
12.897,0.671641416127513
12.9023,0.6748938982789566
12.9079,0.6766071516430712
12.9136,0.6741873200577972
12.9192,0.6684622923505993
12.9245,0.6706986333822064
12.93,0.6729783388824828
12.9357,0.6740552712475939
12.9413,0.6714185825432857
12.947,0.6718942519017755
12.9523,0.674815428115636
12.9578,0.6749640330851906
12.9634,0.6723292115603803
12.9691,0.6735305158452944
12.9747,0.6665803950934776
12.9801,0.6764898530827522
12.9856,0.6688580892331898
12.9913,0.6672638289547551
12.9969,0.6680439496380725
13.0023,0.6733191773504795
13.0079,0.6715242594284131
13.0134,0.6691298624130576
13.0191,0.6705107028286185
13.0247,0.6702639863815237
13.03,0.6722346437781838
13.0357,0.6667641971281452
13.0412,0.6637275401589389
13.0469,0.6653662326660792
13.0525,0.6677780301063906
13.0579,0.6640073052092182
13.0635,0.6708939869663991
13.069,0.6701460541184495
13.0747,0.6651991966650422
13.0803,0.6639085473544025
13.0857,0.6621626606528996
13.0913,0.6652675656970536
13.0969,0.6705201184962389
13.1025,0.6666091257289776
13.1081,0.6657758300970024
13.1134,0.6677239584770336
13.1191,0.6673544711587777
13.1247,0.6688774949411277
13.1303,0.6651113037448303
13.1357,0.6631130021972377
13.1413,0.6697028532032329
13.1469,0.6653125271238638
13.1523,0.6675296739323385
13.1579,0.6681388205411992
13.1635,0.6651380519036094
13.1692,0.6653685189093638
13.1745,0.6607723732282441
13.1802,0.6676000391971707
13.1858,0.6669210375031972
13.1914,0.6640231416483653
13.1967,0.6650159831227884
13.2024,0.6670479673466302
13.208,0.6651380519036094
13.2134,0.6633409923261867
13.219,0.664940791207876
13.2247,0.6635909288455374
13.2303,0.6617198972588777
13.2356,0.6613653868902792
13.2413,0.6600403082498348
13.2469,0.6654139425117146
13.2525,0.6591968202748796
13.2579,0.6618129151782439
13.2635,0.6612768617376324
13.2691,0.6656302811734753
13.2748,0.6643846825116989
13.2801,0.6607873575869821
13.2858,0.6630230069784279
13.2914,0.6590542194235157
13.2968,0.6616855881565848
13.3024,0.660102515137668
13.308,0.6630076709988085
13.3134,0.660180795459783
13.319,0.6594889840660997
13.3247,0.6607939762178463
13.3303,0.6629774286234037
13.3356,0.6577789947247678
13.3413,0.6600522508617025
13.3469,0.6600682295970747
13.3525,0.6624530863478587
13.3579,0.660762067252797
13.3635,0.6599644944262676
13.3691,0.6584138976834967
13.3745,0.6610028742696153
13.3801,0.6586779484838962
13.3857,0.6549167623186437
13.3914,0.6575776073309713
13.397,0.6602363055603255
13.4024,0.6588435097498931
13.408,0.6537340090917717
13.4136,0.6592040897497523
13.419,0.6554825124937619
13.4246,0.6573338811971158
13.4302,0.6609505601934377
13.4359,0.6586520015548241
13.4412,0.6553362547969471
13.4469,0.6570703417697908
13.4525,0.6557989558507166
13.4581,0.6579870361934256
13.4635,0.6551761598399758
13.4691,0.6569246022803427
13.4747,0.6568984777052517
13.4801,0.6563350055523892
13.4857,0.6573324113772389
13.4914,0.6581127550379208
13.4967,0.6566106729282514
13.5023,0.6528883685659527
13.508,0.6572733211744448
13.5136,0.6605613562246183
13.519,0.6568977588763397
13.5246,0.6554115103688779
13.5302,0.6570409103055407
13.5359,0.6584250578230822
13.5412,0.6561433210216885
13.5468,0.6572483782002169
13.5525,0.6590134643716186
13.5581,0.6545939606937836
13.5635,0.6551734207465846
13.5691,0.6488231267063248
13.5747,0.6575770016767524
13.5801,0.655454857545796
13.5857,0.651340365020097
13.5913,0.6543438590459248
13.5969,0.653279375377721
13.6026,0.6540801535277961
13.6079,0.6564318208714569
13.6135,0.6551739484898916
13.6192,0.6537383811009743
13.6248,0.6499803636266254
13.6301,0.6525398812261489
13.6358,0.65292439969108
13.6414,0.6537501208019149
13.647,0.6500299415985981
13.6524,0.651060419960668
13.658,0.654053023120242
13.6636,0.6512122979792515
13.669,0.6521808241588648
13.6746,0.6508187931101576
13.6802,0.6490140365275349
13.6858,0.6537281774474629
13.6912,0.6483305162918424
13.6968,0.6527080726729072
13.7025,0.6502440831689864
13.7081,0.6520733156133299
13.7137,0.6513877633452384
13.719,0.6560850145252244
13.7247,0.6512205788756444
13.7303,0.654561128641133
13.7356,0.6517750524120437
13.7413,0.6488846155276239
13.7469,0.6517035014818409
13.7525,0.6497764304770779
13.7579,0.6460443819718217
13.7635,0.6495376089668162
13.7691,0.6484538286996265
13.7748,0.6514531777738205
13.7801,0.649822225963323
13.7858,0.6481238618780972
13.7914,0.6476166455075202
13.797,0.6461564050315443
13.8023,0.6488639552061483
13.808,0.6461215084066172
13.8136,0.6429076702946904
13.819,0.649251145878079
13.8246,0.6472241370522643
13.8302,0.6464636742971703
13.8359,0.6447864935108918
13.8415,0.6461712812133846
13.8469,0.6478341430819873
13.8525,0.6427956108761753
13.8581,0.6473459385589332
13.8635,0.6428194412955067
13.8691,0.6429172337269652
13.8747,0.643943295406202
13.8801,0.6478514299518577
13.8857,0.6434234241832454
13.8913,0.6452666334010518
13.897,0.6415725294489812
13.9023,0.6436172891772952
13.9079,0.6443731957465504
13.9136,0.6428109224938696
13.9192,0.6454652116634608
13.9248,0.6454506976919264
13.9301,0.6439150134806029
13.9357,0.6426091989449669
13.9414,0.6462942756344864
13.947,0.6408660598549792
13.9524,0.6429630073773102
13.958,0.6423246686820283
13.9636,0.6422451122632505
13.9692,0.6450436951829958
13.9746,0.647161667578103
13.9802,0.6436536518364154
13.9858,0.6396625772218493
13.9915,0.6392672574069778
13.9968,0.6421623199192464
14.0023,0.6389110773637339
14.008,0.6386501850828992
14.0136,0.6403613249734491
14.0192,0.6441836970690585
14.0246,0.6384034326398277
14.0302,0.641921354156538
14.0359,0.6409623282839109
14.0415,0.6434319901572244
14.0468,0.6440663834658354
14.0525,0.6401678848171165
14.0581,0.6418950417577709
14.0634,0.6400485368253731
14.0691,0.6365915771575236
14.0745,0.6383141814851979
14.0802,0.635813112044412
14.0858,0.635845147147857
14.0914,0.6358815546536797
14.0968,0.6364908017070962
14.1024,0.6407929548530321
14.108,0.6381353837132054
14.1136,0.6393953915596612
14.119,0.645452625012118
14.1246,0.6378602677969468
14.1303,0.6370708025808669
14.1359,0.6361982045906248
14.1413,0.6388577405980779
14.1469,0.6371621678094576
14.1525,0.6390728138580651
14.1581,0.6349825883217629
14.1637,0.6367410726232473
14.1691,0.6326304403248858
14.1747,0.6368834909871183
14.1803,0.6339868668508793
14.1857,0.633615531636287
14.1913,0.6367367947479076
14.1969,0.6372723098999914
14.2026,0.6351696512971108
14.2082,0.6374716653404827
14.2135,0.6379736905138887
14.2191,0.636852645212827
14.2248,0.63498628679241
14.2304,0.6367681377929223
14.2357,0.6361260832459558
14.2414,0.6373069634635337
14.247,0.6353739088174527
14.2526,0.6362846059019086
14.2579,0.6395162887446189
14.2636,0.6359572097919773
14.2692,0.6359236890990185
14.2745,0.6353972837815054
14.2802,0.6344840669916844
14.2858,0.6387776809606417
14.2914,0.6381658822444299
14.2968,0.632009891015452
14.3024,0.6357967176732119
14.308,0.6393887047308492
14.3136,0.6318649465900145
14.3193,0.6343978617912926
14.3246,0.6365654692929811
14.3303,0.6330514746505848
14.3359,0.6324633428446168
14.3415,0.6323477506892171
14.3468,0.6353099370459453
14.3525,0.6333981364430862
14.3581,0.631854707140845
14.3635,0.6318842413936593
14.3691,0.6360024153031935
14.3747,0.6327260864158776
14.3803,0.6308580247543532
14.3857,0.6357545015839918
14.3913,0.6272432036476352
14.3969,0.6331154488048264
14.4026,0.6321432881013888
14.4082,0.63430873467264
14.4135,0.6309839190075325
14.4192,0.6328865846168467
14.4248,0.6329562958916691
14.4301,0.6313726976482784
14.4357,0.6320460482661391
14.4414,0.6315308429365761
14.447,0.6305313910122875
14.4526,0.6300818404725838
14.458,0.6329617671653153
14.4636,0.6258318500458481
14.4692,0.6296758159462025
14.4748,0.6295361300819021
14.4802,0.63117173905549
14.4858,0.6315788118919602
14.4914,0.6290534477548021
14.497,0.6291819768036181
14.5024,0.6287611269094557
14.508,0.6305996155916028
14.5136,0.6307928924531897
14.5193,0.6274245329238324
14.5246,0.6328867956697516
14.5302,0.6272320546213921
14.5357,0.632368664969253
14.5413,0.6311577546338413
14.5469,0.6269424369349542
14.5525,0.6267639102309822
14.5582,0.6307112187010933
14.5635,0.6260398459038587
14.5691,0.629161675910549
14.5747,0.6280391463621245
14.5803,0.6286095953084593
14.5857,0.6269470758143473
14.5913,0.629151927240417
14.5969,0.63136606471218
14.6025,0.6260461009596893
14.6079,0.6238405945441493
14.6135,0.6254572954183077
14.6191,0.6278410453980413
14.6247,0.6279608852373015
14.6304,0.6226844434153255
14.6357,0.6272469413471985
14.6413,0.6281932693423358
14.6469,0.6254150268889708
14.6525,0.6256061557081246
14.6581,0.6260630820921481
14.6635,0.6250412153046482
14.6691,0.6278607287973955
14.6747,0.6272035326635198
14.6801,0.6262995126533834
14.6858,0.6221850987918494
14.6914,0.6263686735614563
14.697,0.6271192307929337
14.7025,0.6209904904229934
14.7081,0.619960493169278
14.7138,0.6252026702282552
14.7191,0.6245724951903954
14.7247,0.6231982152674377
14.7303,0.6240229475782779
14.736,0.6253282389583755
14.7413,0.6271445961793362
14.7469,0.6239361521362402
14.7524,0.6298209125488222
14.758,0.6278615836311158
14.7636,0.6225536509526329
14.7692,0.6246607472682248
14.7749,0.623587330524238
14.7802,0.6217984979985146
14.7859,0.6206345428931962
14.7915,0.6218354358866631
14.7971,0.6236925863047063
14.8024,0.6200982924666941
14.8081,0.6201169939335841
14.8137,0.6176327622205735
14.8193,0.622796340504728
14.8246,0.6211509003874155
14.8303,0.6180006244771626
14.8359,0.6232805919358381
14.8413,0.6222599039665325
14.8469,0.6189256100591329
14.8525,0.6200387037689932
14.8581,0.6190047749444251
14.8635,0.6233396411827435
14.8691,0.6187151737942272
14.8746,0.6236096783263211
14.8802,0.6215567705851474
14.8859,0.6211025659726792
14.8915,0.6226262586916392
14.8968,0.622829489362816
14.9024,0.622507725625591
14.9081,0.6188591512632314
14.9137,0.6199243536494149
14.9191,0.6197377591082592
14.9247,0.6193927053413534
14.9303,0.6161282661848372
14.9359,0.6210328755018855
14.9413,0.6170037274617223
14.9469,0.6179743905037923
14.9525,0.6195690978078479
14.9581,0.6187083470828797
14.9638,0.6196106693506558
14.9691,0.6164008933132202
14.9747,0.6146364394603528
14.9804,0.6233580743679438
14.986,0.620228973315203
14.9913,0.6126300338692566
14.9968,0.6185255344937747
15.0025,0.6152369813794306
15.0081,0.6139196356617398
15.0138,0.6155554726387178
15.0191,0.6188081939302491
15.0247,0.6189917486544539
15.0303,0.6152931348976545
15.036,0.61818641323619
15.0413,0.6175050892863135
15.0469,0.6148795319123209
15.0526,0.6163775164834681
15.0582,0.6197761416057143
15.0636,0.616029994139837
15.0692,0.6190938507079312
15.0748,0.6159810874303366
15.0802,0.6160772067112611
15.0858,0.6209846956169213
15.0914,0.6159925392536499
15.0971,0.6167169556202375
15.1024,0.6180450473019278
15.108,0.6146140495251592
15.1137,0.6163470317133618
15.1193,0.6103509504093388
15.1247,0.6173705605772527
15.1303,0.6212527782576354
15.1359,0.6186069420478183
15.1415,0.6138817937784193
15.1469,0.6143922876033877
15.1525,0.6136450965861695
15.1581,0.6122536833396427
15.1638,0.6100028872758252
15.1691,0.6141482650972807
15.1747,0.6140313211230128
15.1804,0.6116598406077179
15.1857,0.613800586473531
15.1914,0.6127912380968811
15.197,0.616557314598367
15.2026,0.6146052190646952
15.208,0.611683962840069
15.2136,0.6152649537068585
15.2193,0.6133693247253399
15.2246,0.614466213492349
15.2302,0.6150602123394818
15.2358,0.6145921829522903
15.2415,0.6138352273093796
15.2471,0.6154603875542425
15.2525,0.6110834650709497
15.2581,0.6140196969971227
15.2637,0.612721751446622
15.2693,0.6133987778895428
15.2747,0.6129747845809129
15.2803,0.6122171084677784
15.2859,0.60894297617053
15.2915,0.6139502026659197
15.2969,0.6103453045506784
15.3025,0.6105390744807647
15.3081,0.6098969917223523
15.3138,0.6041882910171135
15.3191,0.6101305116315852
15.3248,0.6104759551019503
15.3304,0.6142171164119766
15.3357,0.6134740277375715
15.3414,0.6109603565670796
15.347,0.6080527396654475
15.3524,0.6103859519463537
15.358,0.6104487879980074
15.3636,0.6084502832887544
15.3692,0.6097654256806254
15.3749,0.60944986119415
15.3802,0.6073746939832426
15.3859,0.6082458524957948
15.3915,0.6076946614305866
15.3971,0.609767831179605
15.4024,0.6069972982960993
15.4081,0.6106188319951141
15.4137,0.606261130797512
15.4193,0.6104489002353636
15.4247,0.6119255968073526
15.4303,0.6092010489506093
15.4359,0.6104631452473471
15.4416,0.6111582496400331
15.4469,0.606622976703361
15.4525,0.6094442635666485
15.4582,0.6034085621917703
15.4635,0.6060430204594728
15.4692,0.6050836259240092
15.4748,0.606570017449206
15.4804,0.6087210827878772
15.4858,0.6076364291789637
15.4914,0.6059061510947737
15.497,0.6071730313741146
15.5026,0.6056652937955294
15.508,0.6065808684523425
15.5136,0.6056868402594137
15.5192,0.6084327617722206
15.5249,0.6053503499426426
15.5302,0.6067536310104726
15.5358,0.6050036101835935
15.5415,0.6052492772193344
15.5471,0.6055775863010138
15.5524,0.6081622585435204
15.5581,0.6060758659330147
15.5637,0.6049864139240817
15.5691,0.6083718390828186
15.5747,0.6028721831178486
15.5803,0.6046090746118116
15.5859,0.6061024832307614
15.5916,0.6095315024948043
15.5969,0.6022528706335178
15.6026,0.6035448307400203
15.6082,0.6032809391410235
15.6136,0.6034167857206906
15.6192,0.6019584781614552
15.6248,0.6041235162970652
15.6302,0.607786650324765
15.6358,0.6003493917473596
15.6414,0.603701561222045
15.6471,0.6079648629511928
15.6524,0.6021030325429647
15.6581,0.6025126775933618
15.6637,0.6034059661445397
15.6693,0.6057083750315728
15.6747,0.6048545590100121
15.6803,0.6050771077468355
15.6859,0.6051673846935705
15.6916,0.6056812943348894
15.6969,0.6031585568147978
15.7025,0.5998032440670155
15.7082,0.6022772311702678
15.7135,0.6029425168782249
15.7191,0.6078546695665882
15.7247,0.60208463252128
15.7304,0.6005876086919478
15.7357,0.6044459569095758
15.7414,0.5992003656336672
15.747,0.6014134275608196
15.7524,0.6018127646891146
15.758,0.5987070490541496
15.7637,0.606075783461269
15.7691,0.5992901762233439
15.7747,0.6032551455801237
15.7804,0.6064439150008191
15.7858,0.596575386492653
15.7915,0.5987434610231396
15.7969,0.6045942509423573
15.8025,0.6040468753990512
15.8081,0.6000168932316631
15.8135,0.5998206289261913
15.8192,0.6010929941138116
15.8248,0.600233996788622
15.8302,0.6006638074062323
15.8359,0.6006578250723695
15.8415,0.6026336907406119
15.847,0.6058622705231304
15.8526,0.5997504551552258
15.858,0.5981179368495558
15.8636,0.5961592520771787
15.8693,0.6059840884109092
15.8747,0.5969723267137976
15.8803,0.5979541790192733
15.886,0.6006152533508634
15.8914,0.6012081194210942
15.897,0.6027473603678648
15.9027,0.6024010103261538
15.9081,0.6000092396466191
15.9137,0.6012019717909611
15.9193,0.5999821215321939
15.9247,0.5984397961062469
15.9303,0.5943684102109184
15.9359,0.5987475760329144
15.9413,0.5956792786158281
15.947,0.5983852060496572
15.9526,0.5993853724718151
15.9582,0.5995765035038555
15.9636,0.597956119570135
15.9692,0.5951140380657606
15.9746,0.5976401780552395
15.9803,0.6015578805573474
15.9859,0.5966443067754789
15.9913,0.5984506833182259
15.997,0.5989334190398764
16.0026,0.6007269562631975
16.008,0.5994326083164763
16.0137,0.5942582782908913
16.0193,0.6001206422833701
16.0247,0.5946694178719741
16.0303,0.5987125739562004
16.036,0.5981772904507789
16.0414,0.6001856940431615
16.0471,0.5942084122590418
16.0525,0.5995375585441072
16.0581,0.5994282143411919
16.0638,0.5963097169126913
16.0692,0.5962492028204058
16.0749,0.5953216802338398
16.0803,0.5954572254854529
16.0858,0.5951115743017675
16.0914,0.5964355463434431
16.0971,0.5969622544773895
16.1025,0.5960140223675571
16.1081,0.5897659771819604
16.1136,0.5926355493959768
16.1192,0.5948162532379375
16.1249,0.5980899783909294
16.1303,0.5939318081361725
16.1359,0.5931091786241143
16.1414,0.5977914931304457
16.147,0.5959297548760302
16.1527,0.5975417251900957
16.158,0.596245507472114
16.1636,0.5935069296937697
16.1692,0.5959868964337177
16.1749,0.591260003713635
16.1803,0.5914199269903857
16.1859,0.5909148318054729
16.1913,0.5972831283278482
16.1969,0.5897304642424755
16.2026,0.5940803063771796
16.2082,0.5907762693095265
16.2136,0.5896475728008964
16.2192,0.5889221330777451
16.2248,0.5921255167893896
16.2305,0.5972870183863451
16.2358,0.5950140082972991
16.2415,0.5911960616066256
16.2471,0.5869436387360217
16.2525,0.5906761959074919
16.2581,0.5889714409407293
16.2635,0.594761693069768
16.2692,0.5945890163376598
16.2748,0.5931203940531263
16.2804,0.5889396226002866
16.286,0.5884206398167614
16.2914,0.5898004147662886
16.297,0.5904965410765527
16.3027,0.5920721653782467
16.3081,0.593790535065852
16.3137,0.5906413837763337
16.3193,0.5924518659997223
16.3247,0.5949124647298732
16.3303,0.5870218732371139
16.3358,0.5877864013649603
16.3414,0.5882747684846669
16.347,0.5873005780372395
16.3527,0.5897489947530695
16.3581,0.5882587481706314
16.3637,0.5897625282185731
16.3693,0.590375676305766
16.3746,0.5857409064601539
16.3803,0.5871134115026987
16.3859,0.5868444144395374
16.3915,0.5855383106258462
16.3969,0.5841969352155578
16.4025,0.5894485795239693
16.408,0.5839231721061025
16.4136,0.5864408456875202
16.4192,0.5870187314585328
16.4249,0.5868876242683411
16.4302,0.5817951261364936
16.4359,0.586420711018663
16.4415,0.5808966848223096
16.4469,0.5828533951200391
16.4525,0.5819955774111778
16.4581,0.5809189346700107
