Experiment: Mar_16_osmo_expt vial 9, Tue Mar 16 20:56:43 2021
0.0015,54113
0.0064,54143
0.0118,54153
0.0175,54158
0.0229,54139
0.0286,54160
0.034,54155
0.0397,54117
0.0451,54152
0.0508,54153
0.0562,54155
0.0619,54161
0.0673,54179
0.073,54159
0.0784,54151
0.0841,54153
0.0897,54162
0.0951,54160
0.1008,54144
0.1062,54142
0.1119,54156
0.1173,54132
0.123,54139
0.1284,54140
0.1341,54141
0.1395,54135
0.1452,54140
0.1505,54139
0.1562,54122
0.1619,54124
0.1673,54140
0.173,54136
0.1784,54147
0.1841,54135
0.1895,54129
0.1952,54132
0.2006,54137
0.2063,54132
0.2117,54143
0.2173,54136
0.2231,54126
0.2285,54142
0.2342,54122
0.2395,54133
0.2452,54114
0.2506,54122
0.2563,54132
0.2617,54122
0.2673,54143
0.273,54128
0.2784,54121
0.284,54124
0.2897,54141
0.2951,54119
0.3008,54128
0.3062,54131
0.3119,54129
0.3173,54129
0.3229,54121
0.3286,54127
0.334,54102
0.3397,54130
0.3451,54128
0.3507,54112
0.3561,54121
0.3618,54113
0.3673,54118
0.3729,54122
0.3785,54128
0.3839,54131
0.3897,54112
0.3951,54128
0.4007,54116
0.4061,54108
0.4118,54127
0.4172,54129
0.4229,54124
0.4283,54116
0.434,54115
0.4397,54125
0.4451,54109
0.4508,54115
0.4562,54113
0.462,54116
0.4674,54116
0.473,54124
0.4785,54118
0.4841,54115
0.4895,54110
0.4952,54112
0.5007,54119
0.5063,54122
0.5117,54121
0.5174,54138
0.5228,54116
0.5285,54116
0.5342,54122
0.5396,54109
0.5453,54123
0.5507,54113
0.5564,54100
0.5618,54112
0.5675,54118
0.5729,54117
0.5786,54110
0.584,54114
0.5897,54097
0.5951,54107
0.6008,54106
0.6062,54117
0.6119,54124
0.6173,54110
0.623,54131
0.6285,54107
0.6341,54108
0.6395,54126
0.6452,54115
0.6506,54108
0.6563,54108
0.6617,54114
0.6674,54102
0.6728,54120
0.6785,54111
0.684,54121
0.6897,54103
0.6951,54120
0.7007,54106
0.7062,54109
0.7119,54109
0.7173,54088
0.723,54103
0.7286,54132
0.7341,54111
0.7398,54111
0.7451,54100
0.7508,54100
0.7562,54122
0.7619,54120
0.7673,54098
0.773,54112
0.7784,54106
0.7841,54128
0.7895,54110
0.7952,54118
0.8006,54114
0.8063,54103
0.812,54112
0.8174,54099
0.8231,54092
0.8285,54097
0.8341,54107
0.8396,54101
0.8453,54102
0.8507,54092
0.8561,54099
0.8618,54106
0.8675,54093
0.8729,54088
0.8786,54108
0.884,54095
0.8897,54094
0.8951,54097
0.9008,54100
0.9062,54104
0.9119,54103
0.9173,54106
0.923,54108
0.9284,54102
0.9341,54107
0.9395,54106
0.9452,54103
0.9507,54116
0.9564,54095
0.9618,54111
0.9675,54109
0.9729,54106
0.9786,54108
0.984,54108
0.9897,54085
0.9951,54096
1.0008,54105
1.0062,54095
1.0119,54092
1.0173,54080
1.023,54102
1.0284,54093
1.0341,54086
1.0395,54101
1.0452,54078
1.0506,54092
1.0563,54093
1.0618,54058
1.0675,54084
1.0729,54099
1.0786,54078
1.084,54101
1.0897,54084
1.0951,54088
1.1007,54086
1.1062,54087
1.1119,54089
1.1173,54095
1.1229,54096
1.1284,54088
1.134,54086
1.1394,54091
1.1451,54109
1.1508,54097
1.1563,54091
1.1619,54092
1.1673,54090
1.173,54105
1.1784,54098
1.1841,54081
1.1895,54106
1.1952,54088
1.2006,54091
1.2063,54098
1.212,54078
1.2174,54084
1.2231,54102
1.2285,54091
1.2342,54077
1.2396,54078
1.2453,54080
1.2507,54068
1.2564,54062
1.2618,54084
1.2674,54062
1.2728,54063
1.2785,54068
1.284,54070
1.2897,54061
1.2951,54061
1.3007,54065
1.3064,54051
1.3118,54050
1.3175,54064
1.3229,54068
1.3286,54059
1.334,54061
1.3397,54064
1.3451,54060
1.3508,54056
1.3562,54067
1.3619,54060
1.3673,54069
1.373,54058
1.3784,54058
1.3841,54064
1.3895,54052
1.3952,54061
1.4006,54078
1.4063,54069
1.4117,54064
1.4174,54057
1.4228,54059
1.4285,54073
1.4339,54065
1.4396,54072
1.445,54059
1.4507,54076
1.4561,54063
1.4618,54054
1.4672,54055
1.4729,54055
1.4786,54050
1.484,54056
1.4897,54055
1.4951,54027
1.5008,54048
1.5062,54035
1.5119,54032
1.5173,54028
1.523,54028
1.5284,54047
1.5341,54044
1.5395,54041
1.5452,54045
1.5507,54036
1.5564,54043
1.5617,54055
1.5674,54050
1.5729,54062
1.5785,54057
1.584,54040
1.5897,54064
1.5951,54055
1.6008,54055
1.6062,54052
1.6119,54047
1.6173,54049
1.6229,54056
1.6286,54031
1.634,54034
1.6397,54022
1.6451,54034
1.6508,54025
1.6562,54026
1.6619,54027
1.6673,54016
1.673,54025
1.6784,54039
1.6841,54040
1.6895,54032
1.6952,54024
1.7006,54021
1.7061,54033
1.7118,54039
1.7175,54015
1.7229,54025
1.7286,54011
1.7339,54015
1.7396,54020
1.7453,54006
1.7507,54013
1.7564,54019
1.7617,54011
1.7674,53997
1.7731,54004
1.7785,54003
1.7842,53999
1.7895,54014
1.7952,54013
1.8006,54000
1.8063,54009
1.8117,54015
1.8174,54012
1.823,54004
1.8284,54009
1.8341,53998
1.8396,53997
1.8452,54005
1.8506,54024
1.8563,54008
1.8617,54005
1.8674,54018
1.873,54017
1.8784,54013
1.8841,54014
1.8897,54015
1.8951,54027
1.9008,54019
1.9062,54020
1.9119,54015
1.9173,54012
1.923,54005
1.9284,54010
1.9341,54005
1.9397,53998
1.9452,53996
1.9508,53989
1.9563,53991
1.9619,54001
1.9674,54001
1.973,53998
1.9784,53996
1.9841,53991
1.9895,54007
1.9952,54006
2.0007,53993
2.0064,53994
2.0118,53991
2.0173,53990
2.023,54000
2.0286,53999
2.0341,54009
2.0398,54003
2.0452,54009
2.0508,53998
2.0562,54014
2.0619,53997
2.0673,53995
2.073,54007
2.0784,53990
2.0841,53995
2.0895,53992
2.0952,54004
2.1009,54006
2.1063,54000
2.112,54010
2.1174,54012
2.1228,54004
2.1285,54010
2.134,54016
2.1396,54011
2.1453,53995
2.1507,54010
2.1564,54006
2.1618,53994
2.1675,53997
2.1729,53989
2.1786,53986
2.184,53985
2.1897,53965
2.1951,53984
2.2008,53980
2.2062,53967
2.2119,53968
2.2175,53970
2.223,53979
2.2286,53973
2.234,53970
2.2397,53967
2.2451,53973
2.2508,53973
2.2563,53981
2.2619,53971
2.2673,53999
2.273,53966
2.2784,53988
2.2841,53983
2.2898,53980
2.2952,53986
2.3009,53993
2.3063,53998
2.312,53993
2.3174,53985
2.3231,53990
2.3285,53985
2.3342,53995
2.3396,53996
2.3452,53991
2.3506,53991
2.3563,53997
2.3617,53977
2.3674,53993
2.3731,53994
2.3785,53989
2.3842,53979
2.3896,53979
2.3953,53980
2.4007,53987
2.4064,53966
2.4118,53966
2.4175,53968
2.4229,53972
2.4286,53972
2.434,53966
2.4397,53954
2.4451,53967
2.4508,53947
2.4562,53955
2.4619,53969
2.4673,53975
2.473,53946
2.4784,53952
2.4841,53943
2.4895,53943
2.4952,53937
2.5009,53936
2.5063,53937
2.512,53941
2.5174,53952
2.5231,53944
2.5285,53948
2.5342,53958
2.5396,53962
2.5453,53958
2.5507,53931
2.5564,53944
2.5618,53943
2.5675,53970
2.5729,53956
2.5786,53955
2.584,53970
2.5896,53947
2.5953,53939
2.6007,53946
2.6064,53952
2.6118,53947
2.6175,53953
2.6229,53942
2.6286,53939
2.6341,53938
2.6398,53938
2.6452,53956
2.6509,53938
2.6563,53935
2.6619,53939
2.6674,53944
2.6731,53948
2.6785,53920
2.6841,53911
2.6898,53936
2.6952,53949
2.7009,53932
2.7063,53927
2.712,53931
2.7174,53934
2.7231,53928
2.7285,53923
2.7342,53921
2.7396,53921
2.7453,53917
2.7507,53919
2.7564,53926
2.762,53934
2.7674,53923
2.7731,53925
2.7785,53934
2.7842,53923
2.7896,53935
2.7953,53921
2.8007,53921
2.8064,53927
2.812,53937
2.8175,53931
2.8231,53935
2.8285,53936
2.8342,53938
2.8396,53938
2.8453,53947
2.8507,53985
2.8564,53946
2.8618,53953
2.8675,53949
2.8729,53931
2.8786,53943
2.884,53949
2.8897,53944
2.8954,53941
2.9008,53948
2.9065,53952
2.9119,53949
2.9175,53946
2.923,53945
2.9286,53946
2.934,53949
2.9397,53931
2.9451,53952
2.9508,53941
2.9565,53953
2.9619,53957
2.9676,53942
2.973,53944
2.9787,53953
2.9841,53938
2.9898,53949
2.9952,53936
3.0009,53935
3.0063,53959
3.012,53933
3.0174,53928
3.0229,53928
3.0286,53923
3.0343,53936
3.0397,53944
3.0454,53929
3.0508,53941
3.0565,53926
3.0619,53927
3.0676,53945
3.073,53929
3.0787,53939
3.0841,53933
3.0898,53928
3.0952,53942
3.1008,53942
3.1063,53949
3.1119,53938
3.1174,53948
3.1231,53943
3.1284,53936
3.1341,53936
3.1398,53923
3.1452,53921
3.1509,53933
3.1563,53940
3.162,53939
3.1674,53934
3.1731,53927
3.1785,53932
3.1842,53927
3.1896,53940
3.1953,53929
3.2007,53920
3.2064,53935
3.2118,53918
3.2175,53925
3.2231,53928
3.2285,53924
3.2342,53937
3.2396,53941
3.2453,53925
3.2507,53940
3.2564,53937
3.2618,53940
3.2675,53941
3.2729,53931
3.2786,53922
3.284,53940
3.2897,53928
3.2951,53919
3.3008,53924
3.3065,53923
3.3118,53903
3.3175,53909
3.3229,53908
3.3286,53916
3.334,53914
3.3397,53911
3.3453,53914
3.3507,53898
3.3564,53900
3.3618,53892
3.3675,53899
3.3731,53885
3.3786,53887
3.3842,53898
3.3897,53903
3.3953,53905
3.401,53903
3.4064,53897
3.4118,53920
3.4175,53906
3.4231,53916
3.4285,53908
3.4342,53916
3.4396,53905
3.4453,53914
3.4507,53916
3.4564,53921
3.4621,53917
3.4675,53911
3.4729,53934
3.4786,53908
3.4843,53914
3.4897,53902
3.4954,53925
3.5008,53932
3.5065,53923
3.5119,53916
3.5176,53914
3.523,53923
3.5287,53924
3.5341,53913
3.5398,53910
3.5452,53900
3.5509,53905
3.5565,53922
3.5619,53910
3.5676,53907
3.573,53915
3.5787,53923
3.5841,53926
3.5898,53921
3.5952,53918
3.6009,53922
3.6063,53912
3.6121,53928
3.6175,53913
3.6232,53921
3.6286,53920
3.6343,53903
3.6397,53895
3.6454,53913
3.6508,53914
3.6564,53906
3.6618,53909
3.6675,53913
3.6729,53913
3.6786,53897
3.684,53898
3.6897,53885
3.6951,53894
3.7008,53902
3.7065,53898
3.7119,53896
3.7176,53898
3.723,53896
3.7287,53886
3.7341,53893
3.7398,53888
3.7453,53894
3.7509,53897
3.7563,53900
3.762,53877
3.7674,53899
3.7731,53896
3.7785,53888
3.7842,53895
3.7896,53887
3.7953,53885
3.8007,53891
3.8064,53886
3.8118,53888
3.8175,53908
3.8232,53886
3.8286,53883
3.8343,53885
3.8397,53879
3.8454,53882
3.8508,53880
3.8565,53887
3.8619,53890
3.8676,53898
3.873,53884
3.8787,53875
3.8841,53888
3.8897,53888
3.8954,53901
3.9008,53877
3.9065,53884
3.9119,53889
3.9176,53874
3.923,53873
3.9287,53897
3.9341,53898
3.9398,53898
3.9453,53883
3.951,53882
3.9563,53878
3.962,53874
3.9674,53879
3.9731,53865
3.9785,53873
3.9842,53880
3.9896,53857
3.9953,53867
4.001,53856
4.0065,53871
4.0119,53873
4.0175,53872
4.0229,53880
4.0287,53874
4.034,53867
4.0397,53870
4.0454,53880
4.0508,53871
4.0565,53874
4.062,53870
4.0674,53873
4.0731,53874
4.0788,53874
4.0842,53869
4.0899,53881
4.0953,53870
4.1009,53867
4.1064,53875
4.1121,53866
4.1175,53863
4.1232,53866
4.1286,53860
4.1343,53862
4.1397,53871
4.1454,53868
4.1509,53878
4.1565,53871
4.162,53872
4.1674,53889
4.1731,53876
4.1788,53862
4.1842,53868
4.1898,53878
4.1952,53862
4.2009,53854
4.2063,53852
4.212,53847
4.2174,53859
4.2231,53855
4.2285,53854
4.2342,53869
4.2396,53855
4.2453,53869
4.2508,53873
4.2565,53876
4.2619,53872
4.2676,53870
4.273,53869
4.2787,53865
4.2841,53853
4.2898,53875
4.2952,53872
4.3009,53868
4.3063,53865
4.312,53882
4.3174,53864
4.3231,53857
4.3288,53873
4.3342,53866
4.3399,53868
4.3453,53867
4.3509,53875
4.3564,53878
4.362,53866
4.3675,53870
4.3732,53856
4.3786,53876
4.3843,53844
4.3897,53858
4.3954,53846
4.4008,53855
4.4065,53854
4.4119,53844
4.4176,53862
4.423,53855
4.4287,53858
4.4341,53854
4.4398,53847
4.4452,53844
4.4509,53846
4.4563,53843
4.462,53836
4.4674,53837
4.4731,53837
4.4785,53834
4.4842,53835
4.4896,53836
4.4953,53832
4.5007,53834
4.5064,53822
4.5118,53835
4.5175,53856
4.5229,53842
4.5286,53822
4.5343,53854
4.5397,53834
4.5454,53834
4.5508,53838
4.5565,53820
4.562,53835
4.5677,53832
4.5731,53837
4.5788,53830
4.5842,53821
4.5899,53816
4.5953,53826
4.601,53840
4.6064,53843
4.6121,53836
4.6175,53841
4.6232,53838
4.6286,53841
4.6343,53835
4.6397,53841
4.6454,53823
4.6508,53838
4.6565,53846
4.6619,53839
4.6676,53833
4.673,53838
4.6787,53841
4.6841,53842
4.6898,53825
4.6952,53829
4.7009,53825
4.7063,53841
4.712,53826
4.7174,53832
4.7231,53822
4.7285,53810
4.7342,53825
4.7399,53806
4.7453,53821
4.751,53835
4.7564,53823
4.7621,53829
4.7713,53813
4.7785,53833
4.7786,53831
4.7841,53829
4.7898,53827
4.7952,53829
4.8009,53834
4.8063,53846
4.812,53809
4.8182,53803
4.826,53813
4.8315,53806
4.8343,53799
4.8398,53793
4.8502,53804
4.8587,53797
4.8587,53789
4.8619,53770
4.8715,53783
4.8816,53797
4.8843,53774
4.8843,53778
4.8897,53788
4.8953,53792
4.9007,53795
4.9064,53793
4.9121,53782
4.9175,53783
4.9232,53793
4.9286,53802
4.9343,53794
4.9397,53794
4.9453,53779
4.951,53783
4.9564,53784
4.9621,53780
4.9675,53797
4.9731,53774
4.9786,53770
4.9843,53789
4.9897,53789
4.9953,53796
5.0008,53780
5.0065,53785
5.0119,53794
5.0176,53797
5.023,53793
5.0287,53787
5.0341,53808
5.0398,53796
5.0454,53792
5.0509,53776
5.0565,53784
5.062,53783
5.0677,53789
5.0731,53782
5.0788,53796
5.0842,53789
5.0899,53773
5.0953,53792
5.101,53780
5.1064,53774
5.1121,53774
5.1175,53789
5.1232,53785
5.1286,53779
5.1343,53800
5.1397,53794
5.1454,53787
5.151,53788
5.1565,53796
5.1621,53786
5.1676,53774
5.1732,53793
5.1786,53787
5.1843,53787
5.1898,53789
5.1954,53800
5.2009,53813
5.2066,53786
5.212,53785
5.2177,53809
5.2231,53809
5.2288,53811
5.2342,53797
5.2399,53806
5.2453,53810
5.251,53805
5.2564,53808
5.2621,53818
5.2675,53804
5.2732,53805
5.2786,53811
5.2843,53804
5.2897,53814
5.2954,53801
5.3008,53806
5.3065,53795
5.3119,53809
5.3176,53811
5.323,53789
5.3287,53771
5.3341,53791
5.3398,53794
5.3455,53798
5.3509,53775
5.3565,53788
5.362,53793
5.3677,53792
5.373,53787
5.3787,53787
5.3842,53791
5.3899,53801
5.3953,53800
5.401,53779
5.4064,53789
5.4121,53791
5.4175,53786
5.4232,53780
5.4286,53779
5.4343,53784
5.4397,53786
5.4454,53781
5.4511,53791
5.4565,53801
5.4622,53775
5.4676,53775
5.4733,53766
5.4787,53774
5.4844,53777
5.4898,53767
5.4952,53791
5.5009,53775
5.5066,53764
5.512,53772
5.5177,53778
5.5231,53780
5.5288,53794
5.5342,53788
5.5399,53786
5.5453,53780
5.551,53785
5.5564,53785
5.5621,53783
5.5675,53796
5.5732,53774
5.5786,53792
5.5843,53768
5.5897,53781
5.5954,53780
5.6008,53784
5.6065,53777
5.6119,53760
5.6176,53779
5.623,53768
5.6287,53779
5.6341,53785
5.6398,53781
5.6455,53791
5.6509,53773
5.6565,53776
5.662,53783
5.6677,53765
5.6731,53778
5.6788,53786
5.6842,53789
5.6899,53783
5.6953,53789
5.701,53793
5.7064,53792
5.7121,53782
5.7175,53782
5.7232,53783
5.7286,53778
5.7343,53777
5.7399,53768
5.7453,53764
5.751,53768
5.7565,53756
5.7622,53758
5.7676,53776
5.7732,53755
5.7786,53772
5.7843,53763
5.7897,53784
5.7954,53754
5.8008,53770
5.8065,53749
5.8119,53752
5.8176,53773
5.823,53743
5.8287,53757
5.8341,53752
5.8398,53755
5.8455,53753
5.8509,53751
5.8566,53773
5.862,53760
5.8677,53769
5.8731,53769
5.8788,53767
5.8842,53766
5.8899,53761
5.8953,53767
5.901,53770
5.9064,53746
5.9121,53766
5.9175,53747
5.9232,53771
5.9286,53774
5.9343,53769
5.9397,53769
5.9454,53788
5.9508,53755
5.9565,53770
5.9619,53767
5.9676,53762
5.973,53759
5.9787,53755
5.9841,53767
5.9898,53759
5.9955,53767
6.0009,53753
6.0063,53753
6.012,53767
6.0174,53752
6.023,53773
6.0287,53755
6.0341,53755
6.0398,53766
6.0455,53763
6.0509,53756
6.0566,53758
6.062,53758
6.0677,53756
6.0731,53755
6.0788,53750
6.0842,53764
6.0898,53739
6.0952,53758
6.1009,53759
6.1063,53758
6.112,53758
6.1174,53766
6.1231,53786
6.1288,53762
6.1342,53757
6.1396,53759
6.1453,53770
6.151,53768
6.1564,53755
6.1621,53755
6.1675,53749
6.1732,53749
6.1786,53744
6.1843,53753
6.1897,53756
6.1954,53750
6.2009,53741
6.2065,53745
6.2119,53728
6.2176,53731
6.223,53733
6.2287,53740
6.2341,53730
6.2398,53743
6.2452,53745
6.2509,53739
6.2566,53741
6.262,53746
6.2677,53730
6.2731,53738
6.2788,53736
6.2842,53738
6.2899,53727
6.2953,53720
6.301,53723
6.3064,53721
6.3121,53719
6.3175,53716
6.3232,53711
6.3286,53712
6.3343,53739
6.34,53718
6.3453,53716
6.3511,53730
6.3564,53727
6.3621,53710
6.3675,53733
6.3732,53727
6.3785,53727
6.3842,53733
6.3899,53737
6.3953,53720
6.401,53732
6.4064,53722
6.412,53724
6.4177,53751
6.4231,53729
6.4288,53717
6.4342,53742
6.4398,53730
6.4455,53737
6.4509,53717
6.4566,53720
6.462,53724
6.4676,53714
6.473,53718
6.4787,53717
6.4844,53717
6.4898,53711
6.4954,53710
6.5008,53714
6.5065,53719
6.5119,53700
6.5176,53713
6.5231,53710
6.5287,53696
6.5341,53697
6.5398,53709
6.5452,53706
6.5509,53706
6.5566,53688
6.562,53700
6.5677,53694
6.5731,53707
6.5788,53703
6.5842,53712
6.5899,53717
6.5953,53706
6.601,53712
6.6064,53703
6.6121,53711
6.6175,53708
6.6232,53718
6.6286,53704
6.6343,53704
6.64,53715
6.6454,53703
6.651,53710
6.6565,53707
6.6621,53704
6.6676,53716
6.6732,53721
6.6787,53717
6.6843,53703
6.6897,53712
6.6954,53731
6.7009,53709
6.7065,53711
6.7119,53730
6.7176,53714
6.723,53716
6.7287,53707
6.7344,53710
6.7398,53719
6.7455,53715
6.7509,53709
6.7566,53716
6.762,53726
6.7677,53695
6.7731,53714
6.7788,53719
6.7842,53719
6.7899,53720
6.7953,53700
6.801,53707
6.8064,53710
6.8121,53723
6.8175,53717
6.8231,53719
6.8288,53730
6.8343,53714
6.8397,53723
6.8454,53699
6.8508,53706
6.8565,53708
6.8622,53703
6.8676,53715
6.8733,53716
6.8787,53704
6.8844,53697
6.8898,53718
6.8955,53699
6.9009,53712
6.9066,53703
6.912,53696
6.9177,53700
6.9231,53713
6.9287,53691
6.9341,53701
6.9398,53710
6.9452,53703
6.9509,53717
6.9563,53682
6.962,53701
6.9677,53694
6.9731,53695
6.9788,53702
6.9842,53714
6.9899,53706
6.9953,53690
7.001,53707
7.0064,53701
7.0121,53711
7.0175,53674
7.0232,53697
7.0286,53706
7.0343,53700
7.0397,53698
7.0453,53691
7.051,53695
7.0564,53708
7.0621,53696
7.0675,53722
7.0732,53692
7.0786,53702
7.0843,53687
7.0899,53693
7.0953,53693
7.101,53695
7.1064,53698
7.1121,53688
7.1175,53687
7.1232,53695
7.1286,53695
7.1343,53710
7.1397,53709
7.1454,53710
7.1508,53703
7.1565,53712
7.1622,53710
7.1676,53729
7.1732,53710
7.1786,53711
7.1843,53728
7.1897,53706
7.1954,53730
7.2008,53711
7.2065,53694
7.2122,53713
7.2176,53709
7.2232,53696
7.2286,53702
7.2343,53694
7.2397,53694
7.2454,53686
7.2508,53695
7.2565,53684
7.2622,53676
7.2676,53678
7.2732,53684
7.2786,53674
7.2843,53671
7.2897,53695
7.2954,53672
7.3008,53679
7.3065,53690
7.3119,53679
7.3176,53678
7.3232,53678
7.3287,53667
7.3344,53665
7.3398,53674
7.3454,53677
7.3509,53676
7.3565,53666
7.362,53670
7.3676,53654
7.373,53666
7.3787,53642
7.3844,53654
7.3898,53657
7.3955,53657
7.4009,53660
7.4065,53651
7.4119,53659
7.4176,53653
7.423,53644
7.4287,53650
7.4344,53660
7.4398,53655
7.4455,53654
7.4509,53650
7.4565,53652
7.462,53661
7.4676,53656
7.473,53656
7.4787,53669
7.4841,53674
7.4898,53658
7.4952,53690
7.5009,53690
7.5063,53657
7.512,53660
7.5177,53672
7.5231,53653
7.5288,53662
7.5342,53663
7.5399,53655
7.5453,53681
7.5509,53653
7.5566,53663
7.562,53663
7.5677,53662
7.5731,53661
7.5788,53682
7.5842,53668
7.5899,53669
7.5953,53662
7.601,53676
7.6064,53672
7.612,53658
7.6177,53673
7.6231,53688
7.6288,53677
7.6342,53672
7.6399,53663
7.6453,53673
7.651,53670
7.6564,53677
7.6621,53679
7.6675,53662
7.6732,53646
7.6788,53657
7.6842,53649
7.6899,53643
7.6953,53660
7.701,53659
7.7064,53663
7.7121,53660
7.7175,53661
7.7232,53660
7.7288,53657
7.7342,53658
7.7399,53664
7.7453,53655
7.751,53659
7.7564,53660
7.7621,53662
7.7675,53670
7.7732,53655
7.7786,53677
7.7843,53660
7.79,53648
7.7952,53662
7.8009,53640
7.8063,53639
7.812,53650
7.8177,53642
7.8231,53636
7.8288,53641
7.8342,53645
7.8399,53649
7.8453,53653
7.8509,53652
7.8566,53655
7.8619,53658
7.8676,53654
7.873,53653
7.8787,53630
7.8844,53637
7.8898,53659
7.8954,53656
7.9008,53637
7.9065,53642
7.9122,53645
7.9176,53648
7.9233,53644
7.9287,53630
7.9343,53645
7.9397,53633
7.9454,53612
7.951,53637
7.9564,53628
7.9621,53632
7.9675,53641
7.9732,53634
7.9786,53624
7.9843,53619
7.9899,53618
7.9953,53627
8.001,53628
8.0065,53616
8.0122,53626
8.0176,53615
8.0233,53617
8.0287,53621
8.0343,53617
8.0397,53614
8.0454,53621
8.0508,53617
8.0565,53611
8.0619,53632
8.0676,53614
8.073,53612
8.0787,53614
8.0844,53620
8.0898,53630
8.0955,53604
8.1009,53605
8.1066,53620
8.112,53598
8.1176,53606
8.1231,53621
8.1287,53592
8.1341,53605
8.1398,53603
8.1452,53588
8.1509,53600
8.1563,53606
8.162,53603
8.1677,53592
8.1731,53586
8.1788,53603
8.1842,53601
8.1899,53631
8.1953,53613
8.201,53599
8.2064,53599
8.2121,53608
8.2175,53601
8.2232,53622
8.2286,53624
8.2343,53603
8.2397,53603
8.2454,53605
8.2508,53596
8.2565,53612
8.2619,53608
8.2676,53605
8.273,53611
8.2787,53609
8.2844,53577
8.2898,53595
8.2955,53595
8.3009,53588
8.3066,53612
8.312,53604
8.3177,53609
8.3231,53605
8.3288,53592
8.3342,53605
8.3399,53590
8.3453,53592
8.351,53592
8.3564,53597
8.3621,53592
8.3676,53615
8.3732,53593
8.3787,53581
8.3844,53594
8.3898,53579
8.3955,53577
8.4009,53580
8.4066,53604
8.412,53578
8.4177,53592
8.4231,53588
8.4288,53579
8.4342,53579
8.4399,53583
8.4453,53562
8.451,53578
8.4564,53577
8.4621,53567
8.4675,53564
8.4732,53586
8.4786,53578
8.4843,53574
8.4897,53572
8.4954,53577
8.5011,53583
8.5065,53561
8.5119,53573
8.5176,53568
8.5231,53565
8.5287,53569
8.5344,53574
8.5398,53549
8.5455,53576
8.5509,53566
8.5566,53558
8.562,53575
8.5677,53577
8.5731,53572
8.5788,53569
8.5842,53575
8.5898,53568
8.5955,53558
8.6009,53581
8.6066,53599
8.612,53590
8.6177,53588
8.6231,53582
8.6288,53592
8.6342,53587
8.6399,53584
8.6453,53577
8.651,53588
8.6564,53583
8.6621,53579
8.6675,53564
8.6732,53569
8.6786,53558
8.6843,53575
8.6897,53581
8.6954,53558
8.7008,53564
8.7065,53576
8.7122,53564
8.7176,53578
8.7233,53573
8.7287,53575
8.7344,53588
8.7398,53576
8.7455,53588
8.7509,53581
8.7566,53579
8.762,53581
8.7677,53582
8.7731,53572
8.7788,53575
8.7842,53576
8.7899,53571
8.7953,53576
8.801,53568
8.8064,53575
8.8121,53561
8.8176,53566
8.8233,53554
8.8287,53574
8.8343,53547
8.8398,53567
8.8454,53581
8.8509,53586
8.8566,53562
8.862,53562
8.8677,53562
8.8731,53563
8.8788,53569
8.8842,53555
8.8899,53556
8.8956,53550
8.901,53562
8.9066,53573
8.9121,53554
8.9177,53562
8.9232,53555
8.9288,53556
8.9343,53549
8.9399,53556
8.9454,53570
8.9511,53544
8.9565,53554
8.9622,53551
8.9676,53537
8.9733,53542
8.9787,53551
8.9844,53562
8.9898,53552
8.9955,53543
9.0009,53560
9.0064,53562
9.012,53546
9.0175,53535
9.0231,53534
9.0288,53536
9.0342,53542
9.0399,53545
9.0453,53535
9.051,53532
9.0564,53535
9.0621,53520
9.0675,53528
9.0732,53531
9.0786,53540
9.0843,53548
9.0897,53545
9.0954,53532
9.1008,53540
9.1065,53541
9.1122,53517
9.1176,53532
9.1233,53504
9.1287,53518
9.1344,53527
9.1398,53548
9.1455,53532
9.1509,53535
9.1566,53533
9.162,53534
9.1677,53551
9.1731,53540
9.1788,53529
9.1842,53543
9.1899,53534
9.1953,53515
9.201,53542
9.2064,53529
9.2121,53536
9.2175,53534
9.2232,53535
9.2286,53540
9.2342,53534
9.2399,53536
9.2455,53551
9.2509,53520
9.2566,53530
9.262,53541
9.2676,53554
9.273,53525
9.2787,53537
9.2841,53510
9.2898,53523
9.2955,53521
9.3009,53506
9.3066,53539
9.312,53496
9.3176,53519
9.3233,53504
9.3287,53509
9.3344,53495
9.3398,53495
9.3454,53511
9.3511,53500
9.3565,53498
9.3622,53493
9.3676,53500
9.3732,53509
9.3786,53505
9.3843,53487
9.3897,53506
9.3954,53494
9.401,53478
9.4064,53499
9.4121,53485
9.4175,53497
9.4232,53512
9.4286,53478
9.4343,53492
9.4397,53484
9.4454,53477
9.4508,53495
9.4565,53483
9.4622,53473
9.4676,53479
9.4733,53475
9.4787,53479
9.4844,53483
9.4898,53470
9.4955,53465
9.5009,53478
9.5066,53478
9.512,53472
9.5177,53486
9.5231,53466
9.5288,53486
9.5342,53453
9.5399,53465
9.5453,53472
9.551,53450
9.5564,53463
9.5621,53469
9.5677,53457
9.5731,53437
9.5788,53452
9.5842,53451
9.5899,53450
9.5953,53446
9.601,53453
9.6065,53435
9.6121,53453
9.6176,53460
9.6233,53460
9.6287,53453
9.6343,53437
9.6398,53451
9.6455,53436
9.6509,53447
9.6565,53448
9.662,53449
9.6676,53428
9.673,53435
9.6787,53447
9.6841,53422
9.6898,53437
9.6955,53446
9.7009,53449
9.7066,53459
9.712,53434
9.7177,53429
9.7231,53418
9.7288,53432
9.7342,53438
9.7399,53453
9.7453,53458
9.751,53432
9.7564,53443
9.7621,53430
9.7675,53451
9.7732,53448
9.7788,53444
9.7842,53434
9.7899,53443
9.7953,53445
9.801,53437
9.8064,53428
9.8121,53447
9.8175,53434
9.8232,53421
9.8286,53427
9.8343,53424
9.84,53405
9.8454,53428
9.8511,53444
9.8565,53420
9.8621,53426
9.8675,53413
9.8732,53417
9.8786,53412
9.8843,53423
9.8897,53420
9.8954,53410
9.9008,53427
9.9065,53423
9.9119,53416
9.9176,53422
9.9233,53423
9.9287,53397
9.9344,53398
9.9398,53433
9.9455,53403
9.9509,53408
9.9565,53421
9.9619,53426
9.9676,53402
9.9731,53421
9.9787,53413
9.9842,53393
9.9899,53399
9.9953,53422
10.001,53424
10.0064,53428
10.0121,53417
10.0175,53400
10.0232,53418
10.0289,53415
10.0343,53405
10.04,53408
10.0454,53399
10.051,53392
10.0565,53405
10.0621,53397
10.0676,53397
10.0732,53387
10.0786,53386
10.0843,53368
10.0897,53385
10.0954,53389
10.1008,53367
10.1065,53393
10.1122,53370
10.1176,53357
10.1233,53369
10.1287,53366
10.1344,53357
10.1398,53367
10.1455,53372
10.1509,53346
10.1566,53356
10.162,53364
10.1677,53370
10.1731,53357
10.1788,53331
10.1844,53327
10.1899,53323
10.1955,53347
10.201,53346
10.2066,53312
10.212,53320
10.2177,53322
10.2231,53316
10.2288,53329
10.2342,53327
10.2399,53320
10.2453,53307
10.251,53336
10.2564,53311
10.2621,53323
10.2675,53314
10.2732,53326
10.2786,53326
10.2843,53326
10.2897,53319
10.2954,53326
10.3011,53329
10.3065,53332
10.3122,53339
10.3176,53335
10.3233,53324
10.3287,53324
10.3343,53310
10.3398,53317
10.3454,53336
10.3508,53333
10.3565,53314
10.3622,53317
10.3676,53315
10.3733,53310
10.3787,53320
10.3844,53301
10.3898,53297
10.3955,53299
10.4009,53313
10.4066,53310
10.412,53301
10.4177,53314
10.4231,53300
10.4288,53304
10.4342,53321
10.4398,53307
10.4455,53317
10.4509,53312
10.4566,53310
10.4621,53299
10.4677,53302
10.4731,53307
10.4788,53292
10.4842,53287
10.4899,53312
10.4953,53282
10.5011,53303
10.5065,53280
10.5122,53286
10.5176,53288
10.5232,53272
10.5286,53265
10.5343,53278
10.5397,53259
10.5454,53277
10.5508,53288
10.5565,53266
10.562,53279
10.5676,53273
10.573,53275
10.5787,53278
10.5842,53253
10.5898,53260
10.5955,53250
10.6009,53249
10.6066,53286
10.612,53257
10.6177,53230
10.6231,53246
10.6288,53260
10.6342,53264
10.6399,53277
10.6453,53259
10.651,53271
10.6567,53252
10.6621,53259
10.6678,53269
10.6732,53248
10.6789,53247
10.6843,53242
10.69,53229
10.6954,53231
10.7011,53236
10.7065,53257
10.7121,53245
10.7175,53258
10.7232,53217
10.7286,53236
10.7343,53242
10.7397,53229
10.7454,53230
10.7511,53188
10.7564,53235
10.7621,53176
10.7675,53203
10.7732,53205
10.7786,53209
10.7842,53249
10.7899,53206
10.7953,53205
10.801,53197
10.8064,53212
10.812,53200
10.8177,53202
10.8231,53191
10.8288,53207
10.8342,53183
10.8398,53202
10.8455,53210
10.8509,53220
10.8566,53208
10.862,53205
10.8676,53202
10.8733,53216
10.8787,53196
10.8844,53203
10.8898,53193
10.8954,53208
10.9008,53211
10.9065,53206
10.9119,53205
10.9176,53191
10.9231,53200
10.9287,53178
10.9344,53203
10.9398,53188
10.9455,53186
10.951,53209
10.9567,53159
10.9621,53193
10.9678,53167
10.9732,53168
10.9788,53186
10.9842,53181
10.9899,53185
10.9953,53181
11.001,53167
11.0065,53176
11.0121,53173
11.0178,53174
11.0232,53163
11.0287,53171
11.0344,53175
11.0398,53165
11.0455,53185
11.0509,53144
11.0566,53137
11.062,53164
11.0677,53136
11.0731,53154
11.0788,53157
11.0842,53160
11.0899,53128
11.0953,53127
11.101,53146
11.1064,53168
11.1121,53129
11.1178,53131
11.1232,53149
11.1289,53123
11.1343,53137
11.14,53123
11.1454,53106
11.1511,53143
11.1565,53126
11.1622,53125
11.1676,53136
11.1732,53126
11.1786,53120
11.1843,53138
11.1898,53139
11.1954,53140
11.2008,53134
11.2065,53132
11.2119,53148
11.2176,53133
11.2233,53160
11.2287,53111
11.2344,53115
11.2398,53114
11.2455,53145
11.2509,53145
11.2566,53122
11.262,53128
11.2677,53109
11.2731,53122
11.2788,53120
11.2842,53115
11.2899,53115
11.2956,53133
11.301,53113
11.3067,53131
11.3121,53092
11.3178,53093
11.3232,53094
11.3289,53100
11.3343,53104
11.34,53134
11.3454,53119
11.3511,53119
11.3565,53122
11.3622,53098
11.3676,53095
11.3733,53094
11.3787,53102
11.3844,53107
11.3898,53107
11.3955,53100
11.4009,53105
11.4066,53088
11.412,53079
11.4177,53096
11.4231,53099
11.4288,53077
11.4342,53076
11.4399,53075
11.4453,53069
11.451,53085
11.4567,53092
11.4621,53070
11.4678,53088
11.4732,53080
11.4789,53059
11.4843,53064
11.49,53073
11.4954,53065
11.5011,53043
11.5065,53084
11.5122,53078
11.5176,53066
11.5233,53069
11.5287,53056
11.5344,53047
11.5398,53059
11.5455,53044
11.5509,53054
11.5566,53043
11.562,53039
11.5677,53037
11.5733,53030
11.5787,53022
11.5844,53035
11.5898,53036
11.5955,53042
11.6009,53037
11.6066,53001
11.612,53035
11.6177,53019
11.6231,53022
11.6288,53025
11.6342,53022
11.6399,53007
11.6453,53045
11.651,53044
11.6567,53033
11.6621,53033
11.6678,53015
11.6731,53030
11.6788,53018
11.6842,53032
11.6899,53027
11.6953,53004
11.701,53001
11.7064,52999
11.7121,53004
11.7178,52992
11.7232,53022
11.7289,53012
11.7343,53010
11.74,53000
11.7454,53027
11.7511,53017
11.7565,53030
11.7622,53005
11.7676,53009
11.7733,53019
11.7787,53005
11.7844,52971
11.7898,53002
11.7955,52982
11.8009,52987
11.8066,52976
11.812,52988
11.8177,52984
11.8231,52998
11.8288,52984
11.8345,52980
11.8399,52985
11.8456,52956
11.851,52969
11.8567,52966
11.8621,52975
11.8678,52973
11.8732,52963
11.8789,52966
11.8843,52952
11.89,52948
11.8954,52968
11.9011,52959
11.9065,52954
11.9122,52974
11.9176,52962
11.9233,52961
11.9287,52938
11.9344,52950
11.9398,52938
11.9455,52955
11.9512,52981
11.9566,52939
11.9622,52964
11.9677,52963
11.9733,52951
11.9787,52924
11.9844,52952
11.9899,52945
11.9955,52925
12.001,52925
12.0067,52936
12.0121,52934
12.0178,52927
12.0232,52934
12.0289,52923
12.0343,52947
12.04,52924
12.0454,52922
12.0511,52918
12.0565,52913
12.0622,52925
12.0676,52925
12.0733,52910
12.0787,52900
12.0844,52905
12.0901,52897
12.0955,52915
12.1009,52888
12.1066,52907
12.1123,52941
12.1177,52909
12.1234,52927
12.1288,52915
12.1345,52887
12.1399,52903
12.1456,52923
12.151,52895
12.1567,52886
12.1621,52870
12.1677,52923
12.1734,52908
12.1788,52874
12.1845,52888
12.1899,52878
12.1956,52863
12.201,52846
12.2067,52898
12.2121,52900
12.2178,52871
12.2232,52884
12.2289,52889
12.2343,52888
12.24,52902
12.2454,52915
12.2511,52882
12.2567,52880
12.2621,52886
12.2678,52865
12.2732,52878
12.2789,52884
12.2843,52890
12.29,52901
12.2954,52889
12.3011,52896
12.3066,52905
12.3122,52885
12.3177,52866
12.3234,52895
12.3288,52880
12.3345,52883
12.3399,52892
12.3456,52877
12.351,52901
12.3567,52850
12.3621,52848
12.3678,52878
12.3732,52874
12.3789,52875
12.3843,52877
12.3898,52871
12.3955,52876
12.4012,52850
12.4066,52831
12.4123,52831
12.4176,52849
12.4233,52831
12.4287,52853
12.4344,52835
12.4398,52845
12.4454,52842
12.4511,52821
12.4565,52853
12.4622,52836
12.4677,52845
12.4733,52859
12.479,52841
12.4844,52869
12.4901,52824
12.4955,52848
12.5011,52825
12.5067,52826
12.5122,52868
12.5178,52854
12.5233,52847
12.5289,52837
12.5346,52853
12.54,52830
12.5457,52820
12.5511,52817
12.5567,52801
12.5621,52823
12.5678,52802
12.5732,52805
12.5789,52814
12.5843,52800
12.59,52815
12.5954,52813
12.6011,52803
12.6068,52774
12.6122,52792
12.6179,52793
12.6233,52792
12.629,52788
12.6344,52778
12.6401,52761
12.6455,52762
12.6512,52777
12.6566,52798
12.6623,52799
12.6677,52796
12.6734,52761
12.6788,52764
12.6845,52789
12.6899,52782
12.6955,52781
12.701,52782
12.7067,52754
12.7123,52806
12.7177,52777
12.7234,52784
12.7288,52778
12.7345,52764
12.7399,52738
12.7456,52775
12.751,52761
12.7567,52763
12.7621,52758
12.7678,52716
12.7732,52768
12.7789,52751
12.7843,52766
12.79,52747
12.7954,52737
12.8011,52758
12.8065,52744
12.8122,52751
12.8176,52734
12.8233,52727
12.8287,52742
12.8344,52755
12.8399,52716
12.8455,52736
12.8509,52708
12.8566,52736
12.8623,52746
12.8677,52730
12.8734,52744
12.8788,52735
12.8845,52718
12.8899,52727
12.8956,52751
12.901,52716
12.9067,52708
12.9121,52727
12.9178,52710
12.9232,52710
12.9289,52710
12.9345,52705
12.9399,52716
12.9454,52707
12.9511,52689
12.9565,52711
12.9622,52702
12.9677,52706
12.9734,52669
12.9788,52701
12.9845,52709
12.9901,52700
12.9955,52701
13.001,52697
13.0067,52689
13.0121,52686
13.0178,52697
13.0232,52682
13.0289,52696
13.0343,52662
13.04,52680
13.0454,52694
13.0511,52672
13.0568,52653
13.0622,52636
13.0679,52690
13.0733,52674
13.0788,52672
13.0843,52654
13.09,52654
13.0954,52662
13.1011,52660
13.1068,52651
13.1122,52651
13.1179,52633
13.1233,52648
13.129,52624
13.1344,52641
13.1399,52637
13.1456,52617
13.151,52630
13.1567,52610
13.1621,52634
13.1678,52647
13.1732,52613
13.1788,52625
13.1845,52625
13.1899,52591
13.1956,52604
13.201,52573
13.2067,52570
13.2121,52577
13.2178,52595
13.2232,52590
13.2289,52578
13.2343,52585
13.24,52578
13.2454,52590
13.2511,52577
13.2565,52591
13.2622,52567
13.2679,52609
13.2733,52581
13.279,52606
13.2844,52597
13.2901,52576
13.2955,52564
13.3012,52617
13.3066,52581
13.3123,52561
13.3177,52560
13.3234,52579
13.3288,52564
13.3345,52564
13.3399,52537
13.3456,52559
13.351,52556
13.3567,52551
13.3621,52550
13.3678,52549
13.3732,52556
13.3789,52524
13.3843,52539
13.39,52557
13.3954,52556
13.4011,52561
13.4065,52553
13.4122,52534
13.4176,52534
13.4233,52560
13.4287,52522
13.4344,52533
13.4401,52568
13.4455,52506
13.4512,52529
13.4566,52533
13.4623,52522
13.4677,52526
13.4734,52497
13.4788,52488
13.4845,52532
13.4899,52499
13.4956,52515
13.501,52515
13.5067,52527
13.5121,52484
13.5178,52496
13.5232,52517
13.5289,52512
13.5343,52525
13.54,52509
13.5454,52484
13.5511,52467
13.5565,52529
13.5622,52475
13.5676,52449
13.5733,52473
13.579,52518
13.5844,52468
13.5901,52465
13.5955,52458
13.6012,52446
13.6066,52457
13.6123,52439
13.6177,52453
13.6234,52466
13.6288,52447
13.6345,52438
13.6399,52413
13.6456,52420
13.651,52434
13.6567,52407
13.6621,52388
13.6678,52385
13.6732,52411
13.6789,52410
13.6846,52372
13.69,52390
13.6957,52352
13.7011,52376
13.7068,52386
13.7122,52374
13.7179,52366
13.7233,52376
13.7288,52359
13.7344,52373
13.7399,52339
13.7455,52366
13.7512,52351
13.7566,52343
13.7623,52354
13.7677,52338
13.7734,52358
13.7787,52381
13.7844,52372
13.7901,52344
13.7955,52323
13.8012,52355
13.8066,52336
13.8122,52333
13.8179,52351
13.8233,52360
13.829,52360
13.8344,52368
13.84,52351
13.8454,52321
13.8511,52343
13.8565,52299
13.8622,52329
13.8679,52314
13.8733,52309
13.879,52340
13.8844,52310
13.8901,52288
13.8955,52314
13.9012,52346
13.9066,52290
13.9122,52286
13.9177,52285
13.9234,52306
13.929,52316
13.9344,52286
13.9401,52261
13.9455,52263
13.9512,52270
13.9566,52234
13.9623,52239
13.9677,52310
13.9734,52275
13.9788,52217
13.9845,52278
13.9899,52251
13.9955,52245
14.0012,52282
14.0067,52258
14.0124,52259
14.0178,52241
14.0232,52235
14.0289,52253
14.0343,52241
14.04,52252
14.0455,52255
14.0511,52222
14.0568,52220
14.0622,52209
14.0679,52228
14.0733,52269
14.0789,52217
14.0843,52210
14.09,52207
14.0957,52153
14.1011,52251
14.1068,52212
14.1122,52238
14.1178,52238
14.1233,52186
14.129,52202
14.1344,52182
14.1401,52202
14.1455,52203
14.1512,52190
14.1566,52197
14.1623,52191
14.1677,52188
14.1734,52175
14.1788,52160
14.1845,52176
14.1899,52210
14.1956,52166
14.201,52177
14.2067,52155
14.2121,52168
14.2178,52180
14.2232,52155
14.2289,52144
14.2346,52171
14.24,52161
14.2457,52115
14.2511,52129
14.2568,52167
14.2622,52178
14.2679,52160
14.2733,52113
14.279,52106
14.2844,52142
14.2901,52136
14.2955,52145
14.3012,52114
14.3066,52112
14.3123,52114
14.3177,52098
14.3234,52100
14.3288,52082
14.3345,52102
14.3399,52051
14.3456,52057
14.351,52057
14.3567,52057
14.3621,52056
14.3678,52065
14.3732,52063
14.3789,52077
14.3846,52059
14.39,52067
14.3957,52054
14.4011,52027
14.4068,52032
14.4122,52034
14.4179,51995
14.4233,52020
14.429,52035
14.4344,52016
14.4401,52013
14.4455,52039
14.4512,51997
14.4566,52028
14.4623,52043
14.4677,51991
14.4734,52035
14.4791,52007
14.4845,52018
14.4902,52004
14.4956,51995
14.5012,51994
14.5067,52003
14.5124,51994
14.5178,51968
14.5234,51998
14.5289,51969
14.5345,51978
14.54,51990
14.5456,51969
14.551,51960
14.5567,51941
14.5621,51911
14.5678,51943
14.5735,51973
14.5789,51997
14.5846,51922
14.59,51959
14.5957,51979
14.6011,51947
14.6068,51960
14.6122,51883
14.6179,51947
14.6233,51883
14.629,51890
14.6344,51914
14.6401,51880
14.6455,51907
14.6512,51865
14.6566,51889
14.6623,51867
14.6677,51859
14.6734,51861
14.6788,51865
14.6845,51876
14.6902,51871
14.6956,51838
14.7012,51860
14.7066,51867
14.7123,51860
14.7177,51834
14.7234,51857
14.7288,51848
14.7345,51845
14.7399,51850
14.7456,51824
14.751,51827
14.7567,51817
14.7621,51838
14.7678,51825
14.7735,51786
14.779,51801
14.7844,51853
14.7901,51813
14.7955,51780
14.8012,51804
14.8067,51810
14.8121,51809
14.8178,51800
14.8235,51746
14.8289,51832
14.8343,51759
14.84,51777
14.8457,51798
14.8511,51725
14.8568,51784
14.8621,51779
14.8678,51767
14.8735,51761
14.8789,51710
14.8846,51733
14.89,51733
14.8956,51689
14.901,51700
14.9067,51721
14.9121,51748
14.9178,51702
14.9235,51728
14.9289,51751
14.9346,51735
14.94,51668
14.9456,51712
14.9513,51693
14.9567,51693
14.9624,51667
14.9678,51704
14.9734,51691
14.9788,51674
14.9845,51665
14.9899,51644
14.9956,51655
15.001,51714
15.0067,51657
15.0121,51688
15.0178,51613
15.0233,51606
15.029,51623
15.0344,51621
15.0401,51599
15.0455,51602
15.0511,51653
15.0568,51637
15.0622,51622
15.0679,51641
15.0733,51599
15.079,51572
15.0844,51591
15.0901,51597
15.0957,51625
15.1012,51574
15.1066,51566
15.1123,51562
15.1177,51585
15.1234,51563
15.1288,51581
15.1345,51575
15.1399,51560
15.1456,51517
15.1513,51564
15.1567,51529
15.1621,51539
15.1678,51471
15.1735,51509
15.1789,51545
15.1846,51504
15.19,51486
15.1956,51477
15.201,51479
15.2067,51448
15.2121,51450
15.2178,51460
15.2235,51438
15.2289,51442
15.2346,51424
15.24,51440
15.2457,51412
15.2511,51386
15.2568,51428
15.2622,51322
15.2679,51312
15.2733,51338
15.2789,51327
15.2846,51341
15.29,51337
15.2957,51315
15.3011,51285
15.3068,51309
15.3122,51277
15.3179,51292
15.3233,51272
15.329,51321
15.3344,51306
15.3401,51232
15.3455,51215
15.3512,51240
15.3566,51289
15.3623,51264
15.3677,51227
15.3734,51278
15.3788,51261
15.3845,51243
15.3899,51301
15.3956,51224
15.4013,51189
15.4067,51218
15.4123,51219
15.4178,51195
15.4234,51181
15.4288,51184
15.4345,51196
15.44,51204
15.4456,51199
15.4511,51152
15.4568,51166
15.4621,51121
15.4678,51173
15.4735,51163
15.4789,51119
15.4846,51164
15.4899,51149
15.4956,51160
15.501,51123
15.5067,51108
15.5121,51121
15.5177,51060
15.5234,51097
15.5288,51087
15.5345,51120
15.5402,51104
15.5455,51091
15.5512,51107
15.5567,51080
15.5623,51087
15.5677,51063
15.5733,51050
15.579,51049
15.5844,51078
15.5901,51059
15.5955,51036
15.6012,51049
15.6069,51009
15.6123,50990
15.6179,51023
15.6233,50974
15.629,50990
15.6344,50985
15.6401,50976
15.6455,50950
15.6512,50972
15.6566,51021
15.6623,50946
15.6677,50918
15.6734,50982
15.6788,50932
15.6845,50964
15.6902,50990
15.6956,50935
15.7013,50986
15.7067,50934
15.7124,50938
15.7178,50950
15.7234,50945
15.7288,50933
15.7345,50916
15.7399,50910
15.7456,50855
15.751,50899
15.7567,50833
15.7624,50825
15.7678,50871
15.7735,50851
15.7789,50873
15.7846,50880
15.79,50859
15.7957,50870
15.8011,50861
15.8067,50835
15.8121,50840
15.8178,50826
15.8232,50830
15.8289,50853
15.8346,50853
15.84,50838
15.8457,50801
15.8511,50777
15.8568,50836
15.8622,50787
15.8679,50811
15.8733,50785
15.879,50732
15.8844,50792
15.8901,50798
15.8955,50760
15.9012,50810
15.9066,50754
15.9122,50683
15.9179,50714
15.9233,50739
15.929,50732
15.9344,50725
15.9401,50674
15.9455,50725
15.9512,50712
15.9566,50678
15.9623,50686
15.9677,50669
15.9734,50695
15.9791,50683
15.9845,50610
15.9902,50627
15.9955,50623
16.0012,50615
16.0066,50603
16.0123,50623
16.0177,50656
16.0233,50632
16.029,50614
16.0344,50680
16.0401,50630
16.0455,50615
16.0511,50612
16.0568,50586
16.0622,50549
16.0679,50540
16.0733,50557
16.079,50600
16.0844,50591
16.09,50595
16.0957,50559
16.1011,50542
16.1068,50577
16.1122,50569
16.1178,50550
16.1233,50566
16.1289,50496
16.1343,50546
16.14,50543
16.1457,50505
16.1511,50562
16.1568,50523
16.1622,50532
16.1679,50542
16.1733,50528
16.179,50530
16.1844,50528
16.1901,50523
16.1955,50478
16.2011,50506
16.2068,50560
16.2122,50468
16.2179,50510
16.2233,50470
16.229,50474
16.2344,50447
16.2401,50439
16.2457,50424
16.2511,50458
16.2568,50427
16.2622,50421
16.2679,50481
16.2735,50436
16.2789,50425
16.2846,50423
16.29,50409
16.2957,50383
16.3011,50372
16.3067,50329
16.3122,50397
16.3178,50355
16.3235,50350
16.3289,50388
16.3346,50331
16.34,50333
16.3457,50308
16.3511,50324
16.3568,50294
16.3622,50301
16.3679,50285
16.3733,50249
16.379,50259
16.3846,50257
16.3901,50248
16.3955,50268
16.4012,50285
16.4069,50256
16.4123,50260
16.418,50198
16.4234,50220
16.429,50260
16.4344,50233
16.4401,50191
16.4455,50151
16.4512,50223
16.4569,50181
16.4623,50139
16.4679,50174
16.4734,50152
16.479,50152
16.4844,50140
16.4901,50170
16.4955,50172
16.5012,50138
16.5066,50145
16.5123,50140
16.5177,50152
16.5234,50158
16.5291,50115
16.5345,50134
16.5401,50117
16.5456,50129
16.5512,50143
16.5566,50115
16.5623,50086
16.5677,50062
16.5734,50114
16.5788,50095
16.5845,50089
16.5899,50077
16.5956,50084
16.6013,50041
16.6067,50020
16.6124,50020
16.6178,50055
16.6235,50054
16.6289,50044
16.6346,50022
16.64,50034
16.6457,49983
16.6511,49963
16.6567,49984
16.6624,50006
16.6678,49952
16.6735,50018
16.6789,49930
16.6846,49893
16.69,49907
16.6957,49955
16.701,49906
16.7067,49909
16.7121,49941
16.7178,49883
16.7232,49896
16.7289,49872
16.7346,49862
16.74,49862
16.7457,49844
16.7511,49823
16.7568,49846
16.7622,49872
16.7679,49784
16.7733,49849
16.779,49815
16.7844,49814
16.79,49754
16.7955,49831
16.8011,49771
16.8068,49794
16.8122,49775
16.8179,49794
16.8233,49784
16.829,49772
16.8344,49796
16.8401,49781
16.8455,49794
16.8512,49820
16.8566,49836
16.8623,49779
16.8677,49713
16.8734,49709
16.8791,49796
16.8845,49753
16.8901,49804
16.8956,49779
16.9012,49708
16.9066,49705
16.9123,49728
16.9177,49713
16.9234,49746
16.929,49709
16.9344,49724
16.9401,49720
16.9455,49715
16.9512,49697
16.9569,49687
16.9622,49725
16.9679,49692
16.9733,49646
16.979,49676
16.9844,49675
16.9901,49665
16.9958,49616
17.0012,49602
17.0066,49653
17.0123,49692
17.0177,49560
17.0234,49590
17.0289,49546
17.0346,49562
17.0399,49605
17.0456,49567
17.0511,49520
17.0568,49537
17.0622,49565
17.0678,49555
17.0732,49574
17.0789,49580
17.0843,49467
17.0901,49437
17.0956,49476
17.101,49520
17.1067,49495
17.1121,49476
17.1178,49474
17.1232,49543
17.1289,49441
17.1346,49444
17.14,49449
17.1456,49477
17.151,49453
17.1567,49405
17.1624,49413
17.1678,49403
17.1735,49368
17.1789,49392
17.1845,49367
17.1902,49345
17.1956,49356
17.2013,49340
17.2067,49375
17.2123,49334
17.2177,49323
17.2234,49335
17.2288,49312
17.2345,49283
17.2401,49315
17.2455,49299
17.2512,49243
17.2567,49281
17.2624,49292
17.2678,49290
17.2735,49303
17.2789,49263
17.2846,49270
17.29,49227
17.2957,49221
17.3011,49262
17.3068,49234
17.3122,49169
17.3179,49267
17.3233,49223
17.329,49193
17.3344,49194
17.3401,49225
17.3455,49168
17.3512,49187
17.3567,49176
17.3624,49139
17.3678,49196
17.3735,49234
17.3788,49117
17.3845,49083
17.3899,49167
17.3956,49067
17.4011,49063
17.4068,49124
17.4122,49074
17.4179,49134
17.4233,49091
17.429,49039
17.4344,49055
17.4401,49084
17.4455,48980
17.4512,49078
17.4566,49071
17.4623,49032
17.4677,49086
17.4734,49000
17.4791,49102
17.4845,49040
17.4902,48968
17.4956,49032
17.5013,49004
17.5067,48979
17.5122,48957
17.5179,48938
17.5233,48973
17.529,48988
17.5345,48977
17.5402,48943
17.5456,49015
17.5513,48885
17.5567,48922
17.5624,48840
17.5678,48771
17.5735,48835
17.5789,48862
17.5846,48784
17.59,48715
17.5957,48782
17.6011,48827
17.6068,48710
17.6122,48831
17.6179,48793
17.6236,48700
17.629,48811
17.6347,48707
17.6401,48718
17.6458,48758
17.6512,48738
17.6569,48685
17.6623,48625
17.668,48717
17.6734,48639
17.6791,48668
17.6845,48632
17.6902,48650
17.6956,48650
17.7013,48639
17.7067,48638
17.7124,48606
17.7178,48585
17.7235,48602
17.7289,48618
17.7345,48677
17.74,48564
17.7457,48629
17.7511,48520
17.7568,48603
17.7622,48589
17.7679,48494
17.7733,48577
17.779,48527
17.7844,48528
17.7901,48475
17.7955,48498
17.8012,48401
17.8066,48489
17.8123,48429
17.8177,48372
17.8234,48452
17.8288,48496
17.8345,48436
17.8399,48428
17.8456,48346
17.8513,48435
17.8567,48384
17.8624,48472
17.8678,48450
17.8735,48383
17.8789,48446
17.8846,48462
17.89,48424
17.8957,48418
17.9011,48388
17.9068,48327
17.9122,48274
17.9179,48342
17.9233,48233
17.929,48273
17.9344,48318
17.9401,48251
17.9455,48232
17.9512,48313
17.9567,48284
17.9624,48257
17.9678,48264
17.9735,48250
17.9789,48221
17.9846,48278
17.99,48199
17.9957,48241
18.0011,48165
18.0068,48182
18.0122,48209
18.018,48195
18.0234,48154
18.0291,48199
18.0345,48201
18.0402,48124
18.0456,48062
18.0513,48069
18.0567,48087
18.0624,48122
18.0679,48033
18.0733,48168
18.0791,48130
18.0845,48090
18.0902,48111
18.0956,48010
18.1013,48055
18.1067,48044
18.1124,47990
18.1178,48121
18.1235,48120
18.1289,48042
18.1346,47994
18.14,48021
18.1457,47922
18.1511,48006
18.1568,47953
18.1622,47947
18.1679,48009
18.1734,47920
18.1791,47946
18.1845,47921
18.1899,47904
18.1956,47847
18.201,47850
18.2067,47926
18.2124,47846
18.2178,47883
18.2233,47879
18.229,47831
18.2345,47885
18.2402,47829
18.2456,47834
18.2511,47843
18.2568,47843
18.2622,47860
18.2679,47825
18.2732,47739
18.279,47829
18.2847,47783
18.2901,47775
18.2958,47720
18.3012,47808
18.3069,47718
18.3123,47640
18.3178,47760
18.3235,47701
18.3289,47721
18.3346,47638
18.34,47690
18.3457,47598
18.3511,47717
18.3568,47655
18.3623,47531
18.368,47642
18.3734,47533
18.3791,47524
18.3845,47507
18.3902,47544
18.3956,47553
18.4011,47558
18.4068,47606
18.4122,47530
18.4179,47533
18.4233,47516
18.429,47457
18.4345,47538
18.4402,47447
18.4456,47442
18.4513,47405
18.4567,47395
18.4622,47344
18.4679,47481
18.4736,47335
18.479,47383
18.4844,47394
18.4901,47279
18.4955,47323
18.5012,47341
18.5066,47331
18.5123,47335
18.5178,47359
18.5235,47361
18.5289,47288
18.5346,47302
18.54,47227
18.5457,47288
18.5511,47229
18.5568,47281
18.5622,47300
18.5679,47160
18.5733,47152
18.579,47203
18.5844,47228
18.59,47138
18.5957,47112
18.6011,47122
18.6068,47070
18.6122,47073
18.6178,47183
18.6235,47139
18.6289,47076
18.6346,47059
18.64,47076
18.6456,47030
18.6513,47081
18.6567,47116
18.6624,47102
18.6678,46995
18.6734,46992
18.6791,47030
18.6845,47019
18.6902,46956
18.6956,47050
18.7012,47036
18.7066,46871
18.7123,46990
18.7177,46985
18.7234,46913
18.729,46969
18.7345,46927
18.7402,46996
18.7456,46895
18.7513,46915
18.7567,46882
18.7623,46908
18.7678,46906
18.7734,46906
18.7788,46868
18.7845,46877
18.7902,46852
18.7956,46795
18.8013,46914
18.8067,46756
18.8124,46764
18.8178,46700
18.8235,46759
18.8289,46748
18.8346,46830
18.84,46761
18.8457,46763
18.8511,46686
18.8568,46697
18.8622,46728
18.8679,46653
18.8733,46705
18.879,46658
18.8844,46624
18.8901,46667
18.8955,46656
18.9012,46645
18.9066,46684
18.9123,46650
18.9177,46551
18.9234,46579
18.9289,46528
18.9346,46607
18.94,46458
18.9457,46637
18.9511,46458
18.9567,46492
18.9624,46465
18.9678,46404
18.9735,46447
18.9789,46490
18.9846,46424
18.99,46443
18.9957,46438
19.0011,46419
19.0069,46393
19.0123,46337
19.018,46431
19.0234,46437
19.0291,46316
19.0345,46313
19.0402,46271
19.0456,46420
19.0513,46285
19.0567,46332
19.0624,46238
19.0678,46243
19.0734,46190
19.0791,46222
19.0845,46203
19.0902,46240
19.0956,46133
19.1013,46213
19.1067,46164
19.1124,46121
19.1178,46153
19.1235,46162
19.1289,46192
19.1346,46117
19.14,46183
19.1457,46101
19.1511,46111
19.1568,46075
19.1623,45984
19.1679,46060
19.1734,46095
19.1791,46077
19.1845,46107
19.1902,46037
19.1956,46195
19.2013,45921
19.2067,45903
19.2124,45979
19.2178,46002
19.2235,45966
19.2289,46002
19.2346,45885
19.24,46106
19.2457,45985
19.2511,45994
19.2568,45948
19.2622,45800
19.2679,45855
19.2734,45915
19.2791,45931
19.2845,45921
19.2902,45847
19.2955,45868
19.3012,45797
19.3069,45768
19.3123,45823
19.318,45762
19.3233,45786
19.329,45801
19.3344,45726
19.3401,45753
19.3455,45687
19.3512,45734
19.3569,45635
19.3623,45687
19.3677,45716
19.3734,45681
19.3791,45517
19.3845,45630
19.3901,45675
19.3955,45694
19.4012,45569
19.4066,45678
19.4123,45683
19.4177,45539
19.4234,45552
19.4291,45492
19.4344,45547
19.4401,45567
19.4455,45489
19.4512,45636
19.4566,45432
19.4623,45437
19.4677,45529
19.4734,45427
19.4791,45383
19.4845,45489
19.4902,45529
19.4956,45338
19.5013,45444
19.5067,45347
19.5124,45381
19.5178,45439
19.5235,45367
19.5289,45262
19.5346,45318
19.54,45247
19.5457,45326
19.5511,45302
19.5568,45294
19.5622,45334
19.5678,45186
19.5735,45331
19.5789,45159
19.5846,45128
19.59,45150
19.5957,45188
19.6011,45189
19.6068,45183
19.6122,45133
19.6179,45156
19.6233,45142
19.629,45122
19.6344,45150
19.6401,45110
19.6458,45168
19.6512,44972
19.6569,45036
19.6623,45009
19.6679,45105
19.6733,44921
19.679,44951
19.6844,44827
19.6901,44929
19.6955,44915
19.7012,44948
19.7066,44834
19.7123,44896
19.7177,44884
19.7234,44905
19.7289,44775
19.7345,44761
19.74,44785
19.7456,44720
19.7511,44822
19.7568,44846
19.7624,44774
19.7678,44726
19.7735,44699
19.7789,44725
19.7846,44609
19.79,44591
19.7957,44693
19.8011,44551
19.8067,44687
19.8124,44606
19.8178,44468
19.8235,44523
19.8289,44480
19.8346,44437
19.84,44514
19.8457,44457
19.8511,44513
19.8568,44529
19.8622,44520
19.8678,44371
19.8735,44301
19.879,44433
19.8844,44369
19.8901,44363
19.8955,44166
19.9012,44332
19.9066,44296
19.9123,44324
19.918,44250
19.9234,44186
19.9291,44229
19.9345,44246
19.9401,44239
19.9455,44188
19.9512,44144
19.9566,44162
19.9623,43959
19.968,44141
19.9734,44078
19.9788,43991
19.9845,44082
19.9902,44070
19.9956,43941
20.0013,44036
20.0067,43982
20.0124,43933
20.0178,43917
20.0234,43831
20.0288,43978
20.0345,43976
20.0399,43722
20.0456,43852
20.0513,43881
20.0567,43827
20.0624,43815
20.0678,43843
20.0734,43774
20.0789,43710
20.0846,43737
20.09,43638
20.0957,43530
20.1011,43686
20.1068,43589
20.1122,43568
20.1179,43587
20.1233,43551
20.129,43706
20.1344,43584
20.14,43599
20.1457,43617
20.1511,43781
20.1568,43562
20.1622,43568
20.1678,43598
20.1735,43723
20.1789,43477
20.1844,43468
20.1901,43529
20.1955,43455
20.2012,43475
20.2066,43546
20.2122,43545
20.2177,43435
20.2233,43573
20.229,43388
20.2344,43440
20.2401,43504
20.2455,43325
20.2511,43306
20.2566,43293
20.2622,43410
20.2678,43189
20.2733,43401
20.2789,43155
20.2844,43204
20.29,43235
20.2956,43211
20.3011,43087
20.3067,43053
20.3122,42985
20.3178,43121
20.3233,43078
20.3289,42995
20.3345,43088
20.34,43015
20.3456,43014
20.3511,42964
20.3567,43119
20.3622,42915
20.3678,42959
20.3734,43007
20.3789,42971
20.3845,42897
20.39,42853
20.3956,42875
20.4012,43031
20.4067,42837
20.4123,42747
20.4178,42839
20.4234,42775
20.4289,42889
20.4345,42794
20.4401,42753
20.4456,42769
20.4512,42732
20.4567,42718
20.4623,42807
20.4678,42662
20.4734,42699
20.479,42623
20.4845,42655
20.4901,42716
20.4956,42610
20.5012,42610
20.5067,42578
20.5123,42532
20.5179,42483
20.5234,42503
20.529,42501
20.5345,42650
20.5401,42553
20.5457,42589
20.5512,42536
20.5568,42490
20.5623,42444
20.5677,42444
20.5734,42483
20.579,42322
20.5846,42317
20.59,42443
20.5957,42339
20.6012,42335
20.6068,42319
20.6124,42391
20.6178,42376
20.6234,42311
20.6289,42174
20.6346,42331
20.64,42246
20.6457,42226
20.6511,42258
20.6568,42259
20.6624,42172
20.6678,42292
20.6735,42168
20.6789,42195
20.6846,42218
20.69,42047
20.6957,42035
20.7011,41847
20.7068,41977
20.7122,41984
20.7179,41907
20.7233,41950
20.729,42017
20.7346,42051
20.7401,41980
20.7458,41774
20.7512,41910
20.7568,41909
20.7623,41963
20.7679,41900
20.7734,41785
20.7791,41940
20.7845,41838
20.7902,41884
20.7956,41752
20.8013,41812
20.8067,41704
20.8124,41590
20.8178,41569
20.8235,41665
20.8289,41600
20.8346,41721
20.84,41543
20.8457,41577
20.8512,41449
20.8568,41487
20.8623,41535
20.8679,41533
20.8734,41580
20.8791,41517
20.8845,41505
20.8902,41609
20.8956,41420
20.9013,41455
20.9067,41657
20.9124,41439
20.918,41490
20.9234,41460
20.9291,41471
20.9345,41350
20.9402,41307
20.9457,41386
20.9514,41435
20.9568,41411
20.9625,41341
20.9679,41384
20.9736,41238
20.979,41163
20.9847,41302
20.9901,41237
20.9958,41215
21.0012,41194
21.0069,41225
21.0123,41144
21.018,40996
21.0234,41211
21.0291,40924
21.0345,41121
21.0402,41177
21.0457,41127
21.0513,41214
21.0568,41072
21.0625,41111
21.0679,41008
21.0736,41070
21.079,40963
21.0847,41039
21.0901,40904
21.0958,40931
21.1012,40815
21.1069,41089
21.1123,40883
21.118,40687
21.1234,40939
21.1291,40966
21.1345,40699
21.1402,40691
21.1456,40676
21.1513,40627
21.1569,40940
21.1623,40671
21.168,40751
21.1735,40687
21.1791,40671
21.1845,40687
21.1903,40640
21.1957,40599
21.2014,40527
21.2068,40519
21.2125,40751
21.2178,40498
21.2235,40715
21.2292,40714
21.2346,40402
21.2403,40403
21.2457,40723
21.2514,40470
21.2568,40397
21.2625,40431
21.2679,40459
21.2736,40424
21.279,40474
21.2847,40501
21.2901,40388
21.2958,40220
21.3013,40531
21.307,40425
21.3124,40263
21.3181,40349
21.3235,40164
21.3292,40218
21.3346,40188
21.3403,40358
21.3457,40064
21.3514,40214
21.3568,40096
21.3625,40086
21.3679,39996
21.3736,40066
21.379,40225
21.3847,39953
21.3901,39943
21.3958,39881
21.4012,39825
21.4069,40045
21.4123,40106
21.418,39997
21.4234,39823
21.4291,39934
21.4345,39948
21.4402,39964
21.4458,39914
21.4512,39993
21.4569,39980
21.4623,39888
21.468,39874
21.4735,39766
21.4792,39763
21.4846,39861
21.4903,39810
21.4957,39883
21.5014,39723
21.5068,39672
21.5125,39619
21.5179,39603
21.5236,39700
21.529,39632
21.5347,39594
21.5401,39592
21.5458,39703
21.5512,39514
21.5569,39663
21.5623,39549
21.568,39681
21.5734,39549
21.5791,39646
21.5848,39515
21.5902,39562
21.5959,39516
21.6013,39452
21.607,39401
21.6123,39564
21.618,39433
21.6235,39388
21.6291,39505
21.6345,39433
21.6402,39445
21.6456,39303
21.6513,39343
21.6567,39489
21.6624,39321
21.6681,39256
21.6735,39198
21.6792,39223
21.6846,39169
21.6901,39236
21.6958,39295
21.7012,39160
21.7069,39129
21.7122,39015
21.7179,39228
21.7236,39105
21.729,38923
21.7347,39057
21.7401,38973
21.7457,38916
21.7514,39053
21.7568,39048
21.7625,39078
21.7679,39035
21.7735,39044
21.7792,39077
21.7846,38868
21.7903,38945
21.7957,38914
21.8013,38797
21.8068,38882
21.8125,38893
21.8179,38828
21.8236,38766
21.829,38643
21.8347,38759
21.8403,38711
21.8457,38682
21.8514,38874
21.8568,38679
21.8625,38624
21.8679,38704
21.8736,38562
21.879,38597
21.8848,38524
21.8902,38504
21.8959,38522
21.9013,38742
21.9067,38606
21.9124,38394
21.9181,38579
21.9235,38440
21.9292,38461
21.9346,38588
21.9403,38392
21.9457,38474
21.9514,38461
21.9568,38417
21.9625,38566
21.9679,38514
21.9736,38394
21.979,38451
21.9847,38570
21.9901,38418
21.9958,38356
22.0012,38367
22.0069,38361
22.0123,38523
22.018,38302
22.0234,38320
22.0291,38241
22.0345,38094
22.0402,38206
22.0459,38327
22.0513,38233
22.057,38075
22.0624,38193
22.0681,38362
22.0735,38307
22.0792,38192
22.0846,38131
22.0903,38283
22.0957,38204
22.1014,38309
22.1068,38290
22.1125,38120
22.1179,38060
22.1236,38176
22.129,38174
22.1347,37976
22.1401,38072
22.1458,38164
22.1512,38165
22.1569,37975
22.1623,38042
22.168,38067
22.1734,38115
22.1791,37883
22.1848,38081
22.1902,38177
22.1959,38051
22.2013,38031
22.207,37980
22.2124,38016
22.218,37980
22.2234,37810
22.2291,37832
22.2345,38065
22.2402,37880
22.2456,37962
22.2513,38077
22.2567,37992
22.2624,37779
22.2679,37722
22.2736,38127
22.2792,37792
22.2847,37874
22.2904,38066
22.2958,37702
22.3015,37740
22.3069,37598
22.3126,37932
22.318,37662
22.3237,37726
22.3291,37533
22.3348,37626
22.3401,37592
22.3458,37677
22.3515,37410
22.3569,37512
22.3625,37802
22.368,37562
22.3736,37517
22.379,37559
22.3847,37577
22.3901,37517
22.3958,37491
22.4012,37443
22.4069,37499
22.4123,37360
22.418,37484
22.4237,37176
22.4291,37412
22.4348,37458
22.4402,37316
22.4459,37386
22.4513,37409
22.457,37366
22.4624,37296
22.4681,37389
22.4735,37451
22.4792,37316
22.4845,37298
22.4902,37307
22.4956,37253
22.5013,37093
22.507,37224
22.5124,36944
22.5181,37359
22.5235,37054
22.5292,37176
22.5346,36933
22.5403,37099
22.5457,37119
22.5515,37247
22.5569,37094
22.5625,37125
22.5679,37105
22.5736,37034
22.579,37049
22.5847,37049
22.5902,37035
22.5959,37001
22.6013,36936
22.607,36938
22.6124,36978
22.6181,37026
22.6235,36936
22.6292,36901
22.6346,36825
22.6403,36826
22.6457,36883
22.6514,37047
22.6568,36744
22.6625,36972
22.6679,36874
22.6736,36823
22.6792,36717
22.6846,36503
22.6903,36601
22.6957,36795
22.7014,36762
22.7069,36819
22.7125,36605
22.718,36635
22.7237,36720
22.7291,36651
22.7348,36578
22.7402,36651
22.7459,36621
22.7513,36564
22.757,36677
22.7624,36423
22.7681,36513
22.7735,36762
22.7792,36505
22.7846,36510
22.7903,36395
22.796,36586
22.8014,36632
22.8068,36448
22.8125,36457
22.8179,36371
22.8236,36392
22.829,36414
22.8347,36346
22.8401,36469
22.8458,36327
22.8512,36379
22.8569,36248
22.8623,36234
22.868,36324
22.8734,36313
22.8791,36083
22.8845,36131
22.8902,36264
22.8959,36448
22.9013,36049
22.907,36156
22.9124,36055
22.9181,36236
22.9235,36102
22.9292,35996
22.9346,36087
22.9403,36232
22.9457,36079
22.9514,36133
22.9568,36066
22.9625,36148
22.9679,36203
22.9736,36062
22.979,36058
22.9847,36171
22.9901,36049
22.9958,36116
23.0015,36035
23.0069,35891
23.0126,36071
23.018,36053
23.0237,35926
23.0291,35820
23.0348,35917
23.0402,35847
23.0459,36219
23.0513,35626
23.057,35879
23.0624,35824
23.0681,35964
23.0736,35834
23.0793,35894
23.0847,35950
23.0904,35847
23.0958,35626
23.1015,35895
23.1069,35755
23.1126,35993
23.118,35706
23.1234,35828
23.1291,35808
23.1348,35633
23.1402,35646
23.1459,35556
23.1513,35719
23.157,35621
23.1624,35616
23.1681,35672
23.1735,35668
23.1792,35614
23.1846,35620
23.1903,35517
23.1957,35515
23.2014,35401
23.2068,35531
23.2124,35715
23.2181,35409
23.2235,35636
23.2292,35466
23.2346,35525
23.2402,35379
23.2459,35507
23.2513,35462
23.257,35382
23.2624,35359
23.268,35677
23.2737,35567
23.2791,35266
23.2848,35203
23.2902,35155
23.2958,35363
23.3015,35104
23.3069,35312
23.3126,35284
23.318,35399
23.3236,35440
23.329,35275
23.3347,35165
23.3401,35253
23.3458,35348
23.3514,35235
23.3568,35141
23.3625,35280
23.3679,35278
23.3736,35277
23.379,35388
23.3847,35094
23.3902,35302
23.3959,35218
23.4013,35293
23.407,34952
23.4123,35190
23.418,35196
23.4237,35259
23.4291,35245
23.4348,35061
23.4402,35113
23.4459,35235
23.4513,35049
23.457,35115
23.4624,35154
23.4681,35076
23.4735,35101
23.4792,35199
23.4846,34951
23.4903,35085
23.4957,35164
23.5014,35002
23.5069,35129
23.5125,35135
23.518,35165
23.5237,35088
23.5291,34955
23.5348,34971
23.5402,34935
23.5459,35099
23.5513,34811
23.557,35170
23.5624,34866
23.5681,35006
23.5735,34810
23.5792,34719
23.5846,34936
23.5903,34802
23.5957,34835
23.6015,34846
23.6068,34914
23.6125,34915
23.6182,34695
23.6236,34972
23.6292,34804
23.6346,34438
23.6403,34854
23.6457,34636
23.6514,34755
23.6568,34717
23.6625,34653
23.6679,34713
23.6736,34686
23.679,34673
23.6847,34641
23.6904,34684
23.6958,34701
23.7015,34552
23.7069,34667
23.7125,34604
23.718,34636
23.7236,34600
23.729,34654
23.7347,34396
23.7401,34439
23.7458,34499
23.7512,34510
23.7569,34526
23.7626,34459
23.768,34469
23.7734,34657
23.7791,34516
23.7848,34500
23.7902,34450
23.7959,34465
23.8013,34519
23.807,34252
23.8124,34270
23.8181,34396
23.8235,34524
23.8292,34441
23.8346,34324
23.8403,34447
23.8457,34426
23.8514,34316
23.8569,34342
23.8625,34383
23.868,34348
23.8737,34249
23.8791,34319
23.8847,34439
23.8902,33910
23.8959,34364
23.9013,34322
23.907,34204
23.9124,34130
23.9181,34199
23.9237,34271
23.9291,34332
23.9348,34287
23.9402,34247
23.9459,34251
23.9513,34119
23.957,34182
23.9625,34211
23.9682,34156
23.9736,34162
23.9793,34236
23.9847,34114
23.9904,34077
23.9958,34187
24.0015,34075
24.0069,34326
24.0123,34080
24.018,34174
24.0237,34123
24.0291,34068
24.0348,34065
24.0402,34103
24.0459,33980
24.0513,34012
24.057,33838
24.0624,33999
24.0681,34083
24.0735,34188
24.0792,34005
24.0847,34067
24.0904,34078
24.0958,34041
24.1015,33816
24.1069,34051
24.1126,34052
24.118,34039
24.1237,34092
24.1291,34091
24.1348,33935
24.1402,34054
24.1459,33935
24.1513,34013
24.157,34010
24.1624,33760
24.1681,33985
24.1735,33844
24.1792,33936
24.1846,33990
24.1903,33873
24.1957,33697
24.2014,33930
24.2068,33844
24.2125,33823
24.218,33715
24.2236,33967
24.229,33984
24.2347,33890
24.2404,33839
24.2458,33598
24.2515,33881
24.2569,33769
24.2626,33732
24.268,33718
24.2737,33747
24.2791,33646
24.2848,33671
24.2902,33645
24.2959,33733
24.3013,33577
24.307,33638
24.3124,33792
24.3181,33920
24.3235,33567
24.3292,33493
24.3346,33531
24.3403,33691
24.3457,33832
24.3514,33530
24.3568,33762
24.3625,33523
24.3679,33671
24.3736,33502
24.379,33542
24.3847,33488
24.3904,33457
24.3958,33720
24.4015,33638
24.4069,33565
24.4126,33364
24.418,33436
24.4237,33444
24.4291,33496
24.4348,33543
24.4402,33465
24.4459,33566
24.4513,33632
24.457,33563
24.4624,33269
24.4681,33504
24.4735,33420
24.4792,33144
24.4846,33487
24.4903,33360
24.4957,33219
24.5014,33473
24.5071,33387
24.5125,33447
24.5179,33347
24.5236,33232
24.5293,33388
24.5347,33301
24.5404,33330
24.5458,33388
24.5515,33468
24.5569,33287
24.5626,33375
24.568,33213
24.5737,33197
24.5791,33342
24.5848,33308
24.5902,33436
24.5959,33149
24.6013,33054
24.607,33081
24.6126,33069
24.618,33278
24.6237,33190
24.6291,33220
24.6348,33060
24.6402,33322
24.6459,33071
24.6512,33194
24.657,33163
24.6624,33284
24.6681,33239
24.6735,33193
24.6791,33018
24.6847,33178
24.6902,33134
24.6958,33134
24.7013,33305
24.7069,33174
24.7126,33262
24.718,33183
24.7237,33259
24.7291,33253
24.7347,33150
24.7404,33048
24.7458,33387
24.7515,33147
24.7569,33288
24.7625,33163
24.7682,33140
24.7736,33198
24.7793,33292
24.7847,33313
24.7903,33105
24.7957,33165
24.8014,32985
24.8068,33241
24.8125,33262
24.8179,33110
24.8236,33211
24.829,33086
24.8347,33224
24.8401,33116
24.8458,33193
24.8515,33175
24.8569,33060
24.8626,33113
24.868,33190
24.8737,33237
24.8791,33076
24.8848,33129
24.8902,32899
24.8959,33170
24.9013,33226
24.907,33074
24.9124,32915
24.9181,32996
24.9235,32930
24.9292,32883
24.9347,33220
24.9403,33224
24.9457,33096
24.9514,32976
24.9569,32961
24.9623,32976
24.968,33155
24.9737,33020
24.9792,32990
24.9848,33101
24.9903,33033
24.996,32917
25.0014,32857
25.0071,32883
25.0125,33084
25.0182,33088
25.0236,32744
25.0293,32771
25.0347,32978
25.0404,32912
25.0458,32920
25.0515,32858
25.0569,32751
25.0626,32914
25.068,32960
25.0737,32829
25.0791,32864
25.0848,32766
25.0902,32731
25.0959,32818
25.1014,32940
25.1071,32786
25.1125,32812
25.1179,32708
25.1236,32815
25.129,32801
25.1347,32923
25.1404,32868
25.1459,32657
25.1516,32925
25.157,32865
25.1624,32734
25.1681,32895
25.1735,33159
25.1792,32936
25.1847,32827
25.1901,32938
25.1958,32738
25.2013,32919
25.2069,33010
25.2126,32857
25.218,32905
25.2237,32772
25.2292,32661
25.2348,32804
25.2402,32898
25.2459,32769
25.2513,32687
25.257,32701
25.2624,32836
25.2681,32875
25.2735,32604
25.2792,32694
25.2847,32608
25.2903,32560
25.2957,32593
25.3014,32848
25.3068,32870
25.3125,32873
25.3182,32677
25.3236,32695
25.3293,32749
25.3347,32899
25.3404,32681
25.3458,32612
25.3515,32722
25.3569,32735
25.3626,32739
25.368,32918
25.3737,32692
25.3791,32622
25.3848,32730
25.3902,32847
25.3959,32737
25.4013,32843
25.407,32758
25.4124,32772
25.4181,32842
25.4235,32667
25.4292,32850
25.4346,32589
25.4403,32689
25.4457,32835
25.4514,32876
25.4571,32714
25.4625,32759
25.4682,32770
25.4736,32679
25.4793,32912
25.4847,32580
25.4901,32793
25.4958,32772
25.5012,32640
25.5069,32710
25.5126,32713
25.518,32734
25.5237,32674
25.5291,32698
25.5348,32709
25.5402,32811
25.5459,32716
25.5513,32637
25.557,32849
25.5625,32567
25.5681,32604
25.5736,32600
25.5792,32657
25.5847,32702
25.5904,32874
25.5958,32761
25.6015,32732
25.6069,32766
25.6126,32578
25.618,32759
25.6237,32525
25.6291,32694
25.6348,32706
25.6402,32707
25.6459,32703
25.6513,32761
25.657,32446
25.6624,32673
25.6681,32626
25.6735,32708
25.6792,32591
25.6846,32694
25.6903,32694
25.6957,32752
25.7014,32550
25.7068,32869
25.7125,32708
25.7179,32466
25.7236,32750
25.7293,32741
25.7347,32618
25.7404,32597
25.7458,32768
25.7515,32812
25.7569,32638
25.7626,32785
25.768,32672
25.7737,32551
25.7791,32756
25.7848,32504
25.7902,32738
25.7959,32494
25.8013,32648
25.807,32684
25.8124,32690
25.8181,32827
25.8235,32702
25.8292,32834
25.8346,32802
25.8403,32721
25.846,32612
25.8514,32698
25.8571,32636
25.8624,32729
25.8681,32621
25.8737,32617
25.8791,32514
25.8849,32784
25.8903,32693
25.896,32698
25.9014,32719
25.9071,32685
25.9125,32749
25.9182,32769
25.9236,32675
25.9293,32714
25.9346,32577
25.9403,32723
25.946,32734
25.9514,32629
25.9571,32761
25.9625,32685
25.9682,32629
25.9736,32641
25.9793,32568
25.9847,32648
25.9904,32787
25.9958,33027
26.0015,32829
26.0068,32728
26.0125,32686
26.0179,32933
26.0236,32795
26.0293,32674
26.0347,32592
26.0404,32842
26.0458,32884
26.0515,32756
26.0569,32622
26.0626,32803
26.068,32896
26.0737,33042
26.0791,32791
26.0848,32771
26.0901,32761
26.0959,32839
26.1013,32830
26.1071,32814
26.1125,32841
26.118,32728
26.1237,32688
26.1291,32846
26.1347,32788
26.1404,32972
26.1458,32786
26.1515,32797
26.1569,32753
26.1626,32873
26.168,32845
26.1736,32845
26.1793,32776
26.1847,32625
26.1904,32764
26.1958,32612
26.2014,32794
26.2071,32978
26.2125,32823
26.2182,32723
26.2236,32832
26.2292,32771
26.2346,32758
26.2403,32742
26.246,32832
26.2514,32790
26.2569,32825
26.2625,33009
26.268,32960
26.2737,32658
26.2791,32760
26.2848,32780
26.2902,32897
26.2959,32859
26.3013,32758
26.307,32777
26.3124,32760
26.3181,32643
26.3236,32756
26.3292,32802
26.3347,32727
26.3403,32945
26.3458,32791
26.3515,33017
26.3569,32603
26.3626,32737
26.368,32740
26.3737,32744
26.3791,32756
26.3848,32752
26.3902,32668
26.3959,32745
26.4013,32780
26.407,32724
26.4125,32783
26.4182,32784
26.4236,32755
26.4292,32716
26.4347,32613
26.4403,32679
26.4458,32831
26.4514,32557
26.4569,32617
26.4626,32729
26.468,32923
26.4737,32670
26.4791,32502
26.4848,32748
26.4902,32865
26.4959,32660
26.5013,32881
26.507,32690
26.5124,32628
26.5181,32664
26.5235,32762
26.5292,32845
26.5346,32729
26.5403,32827
26.546,32699
26.5514,32966
26.5571,32770
26.5625,32837
26.5682,32865
26.5736,32773
26.5793,32828
26.5847,32706
26.5904,33022
26.5958,32621
26.6015,32794
26.607,32978
26.6127,32958
26.6181,32701
26.6235,32797
26.6292,32846
26.6349,32855
26.6403,32614
26.6457,32761
26.6514,32831
26.6571,32947
26.6625,32818
26.6682,32642
26.6736,32591
26.6793,32738
26.6847,32864
26.6904,32835
26.6958,32924
26.7015,32723
26.7069,32789
26.7126,32861
26.718,32908
26.7237,32699
26.7291,32802
26.7348,32867
26.7402,32779
26.7459,32811
26.7513,32980
26.757,32826
26.7624,32814
26.7681,32919
26.7735,32900
26.7792,32928
26.7849,32813
26.7903,32911
26.796,32914
26.8014,32862
26.8071,32793
26.8125,32981
26.8182,32944
26.8236,32826
26.8292,32888
26.8347,32854
26.8403,32855
26.8458,32846
26.8514,32785
26.8571,32780
26.8625,32842
26.8682,32842
26.8736,32768
26.8793,32811
26.8846,32981
26.8903,32917
26.896,33031
26.9014,33113
26.9071,32825
26.9125,32857
26.9181,32844
26.9236,33008
26.9292,32836
26.9346,32938
26.9403,32882
26.9457,32914
26.9514,32942
26.9568,32972
26.9625,33043
26.9682,32887
26.9736,33082
26.9793,33026
26.9847,32867
26.9904,32934
26.9958,32963
27.0015,33080
27.0069,33118
27.0126,33038
27.018,33014
27.0237,33208
27.0291,33157
27.0348,32983
27.0404,32848
27.0459,33071
27.0516,33120
27.057,32860
27.0626,33124
27.0681,32957
27.0738,32866
27.0792,32988
27.0849,32937
27.0903,33013
27.096,32873
27.1014,32995
27.1071,33059
27.1125,32830
27.1182,32965
27.1236,33050
27.1293,32921
27.1347,32860
27.1404,32867
27.1458,33041
27.1515,33227
27.1569,32960
27.1626,32917
27.168,32980
27.1737,32972
27.1791,33135
27.1848,33132
27.1902,33049
27.1959,33099
27.2013,33051
27.207,33055
27.2124,33027
27.2181,33073
27.2238,32964
27.2292,33065
27.2349,32968
27.2403,32968
27.246,32985
27.2514,33037
27.2571,33022
27.2625,32816
27.2682,33021
27.2735,32957
27.2792,32957
27.2849,32977
27.2903,33057
27.296,32988
27.3014,33059
27.307,33084
27.3124,32869
27.3181,33186
27.3235,33121
27.3292,33124
27.3346,33024
27.3403,33049
27.3457,33050
27.3514,33123
27.3568,32985
27.3625,33159
27.3682,32948
27.3736,33054
27.3793,33251
27.3847,33099
27.3904,33081
27.3958,33257
27.4015,33202
27.4069,33248
27.4126,33085
27.418,33120
27.4237,32948
27.4291,33102
27.4347,33056
27.4402,33025
27.4459,33132
27.4516,33257
27.457,33168
27.4627,33081
27.4681,33068
27.4738,33187
27.4792,33008
27.4849,33132
27.4903,33154
27.496,33253
27.5014,33122
27.5071,33115
27.5125,33123
27.5182,33144
27.5236,33283
27.5293,33081
27.5347,33085
27.5404,33167
27.5458,32978
27.5515,33230
27.5569,33188
27.5626,33157
27.568,33023
27.5737,33213
27.5792,33130
27.5849,33053
27.5902,33203
27.5959,33230
27.6014,33235
27.6071,33253
27.6125,33066
27.6182,33100
27.6236,33132
27.6293,33080
27.6347,33216
27.6404,33183
27.6459,33110
27.6515,33272
27.657,33232
27.6627,33228
27.6681,33259
27.6738,32988
27.6792,33237
27.6849,33234
27.6903,33225
27.6958,33329
27.7015,33242
27.7069,33254
27.7126,33192
27.718,33219
27.7236,33244
27.7293,33354
27.7347,33294
27.7404,33185
27.7458,33296
27.7514,33223
27.7571,33277
27.7625,33190
27.7682,33251
27.7736,33340
27.7792,33161
27.7846,33372
27.7903,33173
27.7958,33339
27.8014,33296
27.8069,33304
27.8126,33380
27.818,33312
27.8237,33429
27.8291,33239
27.8348,33332
27.8402,33307
27.8459,33362
27.8513,33364
27.857,33259
27.8627,33357
27.8681,33215
27.8738,33181
27.8792,33280
27.8849,33387
27.8903,33342
27.896,33443
27.9014,33324
27.9071,33408
27.9126,33299
27.918,33301
27.9237,33327
27.9291,33449
27.9348,33295
27.9402,33293
27.9459,33471
27.9513,33300
27.957,33253
27.9625,33416
27.9681,33362
27.9735,33328
27.9792,33220
27.9846,33315
27.9903,33310
27.9957,33363
28.0014,33477
28.0125,33457
28.0179,33385
28.0236,33248
28.0293,33380
28.0347,33357
28.0404,33336
28.0458,33403
28.0515,33473
28.0569,33485
28.0626,33323
28.068,33531
28.0737,33403
28.0791,33353
28.0848,33323
28.0902,33350
28.0959,33370
28.1016,33413
28.107,33422
28.1127,33414
28.1181,33388
28.1238,33303
28.1292,33373
28.1349,33323
28.1403,33557
28.146,33266
28.1514,33189
28.1571,33452
28.1625,33405
28.1682,33290
28.1736,33477
28.1793,33305
28.1847,33426
28.1904,33478
28.1958,33484
28.2015,33492
28.2071,33369
28.2125,33395
28.2182,33435
28.2235,33551
28.2292,33352
28.2346,33514
28.2403,33527
28.246,33437
28.2514,33502
28.2571,33431
28.2625,33486
28.2682,33559
28.2736,33481
28.2793,33562
28.2847,33464
28.2904,33336
28.2958,33360
28.3015,33466
28.3069,33504
28.3126,33503
28.318,33405
28.3237,33392
28.3291,33470
28.3348,33576
28.3402,33505
28.3459,33451
28.3513,33493
28.357,33412
28.3624,33504
28.3681,33475
28.3738,33514
28.3792,33513
28.3849,33479
28.3903,33470
28.396,33696
28.4014,33512
28.4071,33600
28.4125,33614
28.4182,33650
28.4236,33610
28.4293,33511
28.4347,33707
28.4404,33601
28.4458,33618
28.4515,33525
28.4569,33529
28.4626,33570
28.468,33672
28.4737,33560
28.4791,33639
28.4848,33549
28.4902,33705
28.4959,33643
28.5013,33656
28.507,33597
28.5124,33599
28.5181,33641
28.5238,33593
28.5292,33596
28.5349,33550
28.5403,33589
28.546,33666
28.5514,33643
28.5571,33536
28.5624,33553
28.5681,33441
28.5738,33638
28.5792,33679
28.5849,33747
28.5903,33714
28.596,33709
28.6014,33700
28.6071,33590
28.6125,33581
28.6182,33691
28.6236,33731
28.6293,33677
28.6346,33682
28.6403,33606
28.646,33599
28.6514,33564
28.6571,33676
28.6625,33628
28.668,33685
28.6737,33778
28.6791,33640
28.6848,33653
28.6905,33563
28.6959,33709
28.7016,33771
28.707,33742
28.7127,33677
28.7181,33605
28.7238,33662
28.7292,33871
28.7349,33750
28.7403,33763
28.746,33799
28.7514,33757
28.7571,33646
28.7625,33859
28.7682,33717
28.7736,33647
28.7793,33771
28.7847,33739
28.7904,33726
28.7958,33739
28.8015,33676
28.8069,33692
28.8126,33703
28.8181,33603
28.8238,33646
28.8292,33573
28.8349,33657
28.8403,33680
28.846,33810
28.8514,33633
28.8571,33656
28.8625,33774
28.8682,33520
28.8736,33585
28.8793,33573
28.8847,33789
28.8904,33808
28.8958,33627
28.9015,33650
28.907,33716
28.9127,33797
28.9181,33742
28.9238,33792
28.9292,33557
28.9349,33810
28.9403,33672
28.946,33615
28.9514,33621
28.9571,33741
28.9625,33731
28.9681,33690
28.9736,33796
28.9792,33611
28.9846,33731
28.9903,33640
28.996,33658
29.0014,33656
29.0125,33750
29.0182,33797
29.0236,33855
29.0293,33648
29.0347,33789
29.0404,33816
29.0458,33772
29.0515,33817
29.0569,33769
29.0626,33808
29.068,33773
29.0737,33778
29.0791,33806
29.0848,33699
29.0903,33731
29.0959,33836
29.1014,33970
29.1071,33946
29.1125,33690
29.1182,33662
29.1236,33702
29.1293,33795
29.1347,33756
29.1404,33777
29.1458,33959
29.1515,33796
29.1569,33855
29.1626,33913
29.168,33741
29.1737,33911
29.1794,33879
29.1848,33801
29.1905,33855
29.1959,33850
29.2016,33809
29.207,33890
29.2126,33983
29.218,33786
29.2237,33850
29.2294,33860
29.2347,33848
29.2404,33677
29.2458,33821
29.2515,33736
29.2569,33885
29.2626,33891
29.268,33927
29.2736,33860
29.2793,33878
29.2847,33879
29.2902,33878
29.2959,33972
29.3014,33949
29.3071,33948
29.3125,33824
29.3182,34024
29.3236,33926
29.3292,33968
29.3349,33830
29.3403,34026
29.346,33967
29.3514,33893
29.3571,33836
29.3625,33844
29.3681,33731
29.3738,33870
29.3792,33857
29.3849,33902
29.3903,33957
29.396,33872
29.4014,33909
29.4071,33894
29.4125,33923
29.4182,33951
29.4236,34045
29.4292,33868
29.4346,33892
29.4403,33900
29.446,33885
29.4514,33901
29.4571,33950
29.4625,34034
29.4682,33751
29.4736,34012
29.4793,34034
29.4847,33748
29.4905,33979
29.4959,33926
29.5016,33908
29.507,33939
29.5127,33893
29.5181,33914
29.5238,33872
29.5292,33962
29.5349,33969
29.5403,33956
29.546,33929
29.5514,33946
29.5569,33953
29.5626,33973
29.5683,33921
29.5737,33926
29.5794,33935
29.5848,33849
29.5905,34011
29.5959,33844
29.6016,33963
29.607,33911
29.6127,33853
29.6181,33855
29.6237,34009
29.6291,33901
29.6348,34090
29.6403,33907
29.6459,33900
29.6513,34109
29.6571,34072
29.6625,33881
29.6682,33953
29.6739,33972
29.6793,33959
29.685,33959
29.6904,34017
29.6961,33985
29.7014,33910
29.7071,33984
29.7126,33964
29.7183,33966
29.7237,33946
29.7294,33968
29.7348,33990
29.7404,33935
29.7459,34045
29.7515,33896
29.757,34072
29.7626,34009
29.768,33949
29.7738,34066
29.7792,33917
29.7849,34124
29.7903,33932
29.7959,33965
29.8013,33918
29.807,33972
29.8127,34117
29.8181,34034
29.8238,34148
29.8292,33874
29.8349,33987
29.8405,34077
29.8459,34135
29.8516,34000
29.8571,33925
29.8625,34033
29.8681,34053
29.8738,34019
29.8792,34087
29.8847,34044
29.8904,34062
29.8958,34049
29.9015,34125
29.9069,34008
29.9126,34141
29.9183,34062
29.9237,34136
29.9294,33986
29.9348,34017
29.9405,33989
29.9459,34120
29.9516,34043
29.957,34154
29.9627,33943
29.9681,34213
29.9738,33978
29.9792,34085
29.9849,34026
29.9903,34040
29.996,34097
30.0014,34205
30.0071,34207
30.0125,34098
30.0182,34079
30.0236,34164
30.0293,34001
30.0347,34228
30.0404,34146
30.0459,34239
30.0516,34110
30.057,34150
30.0627,34345
30.0681,34078
30.0738,34115
30.0792,34161
30.0849,34182
30.0903,34029
30.096,33969
30.1014,34113
30.1071,33967
30.1125,34151
30.1182,34057
30.1236,34220
30.1293,34303
30.1347,34297
30.1404,34054
30.1458,34188
30.1515,34202
30.1569,34123
30.1626,34105
30.168,34199
30.1737,34185
30.1791,34080
30.1848,34107
30.1902,34155
30.1959,34310
30.2016,34170
30.207,34138
30.2127,34148
30.2181,34192
30.2238,34146
30.2292,34229
30.2349,34281
30.2403,34129
30.246,34148
30.2514,34156
30.2572,34326
30.2626,34050
30.2683,34134
30.2737,34196
30.2794,34102
30.2848,34160
30.2905,34092
30.2959,34221
30.3016,34137
30.307,34062
30.3127,34174
30.3181,34094
30.3238,34241
30.3292,34181
30.3349,34182
30.3403,34133
30.346,34226
30.3514,34207
30.3571,34240
30.3626,34146
30.3682,34287
30.3736,34245
30.3793,34180
30.3847,34311
30.3905,34077
30.3959,34271
30.4015,34314
30.4069,34274
30.4126,34212
30.4183,34229
30.4237,34184
30.4294,34233
30.4348,34317
30.4405,34303
30.4459,34183
30.4516,34199
30.457,34202
30.4627,34398
30.4681,34250
30.4738,34231
30.4792,34387
30.4848,34305
30.4905,34336
30.4959,34273
30.5016,34241
30.507,34311
30.5127,34253
30.5181,34357
30.5238,34228
30.5292,34242
30.5349,34384
30.5403,34319
30.546,34234
30.5514,34345
30.5571,34266
30.5628,34211
30.5682,34126
30.5739,34207
30.5793,34382
30.585,34332
30.5904,34349
30.5961,34335
30.6015,34329
30.6072,34373
30.6126,34345
30.6183,34297
30.6237,34136
30.6294,34384
30.6348,34293
30.6405,34248
30.6461,34337
30.6515,34289
30.6572,34344
30.6627,34301
30.6683,34307
30.6736,34238
30.6793,34296
30.6847,34399
30.6904,34209
30.6958,34376
30.7015,34329
30.7069,34393
30.7125,34316
30.7183,34439
30.7237,34397
30.7294,34283
30.7348,34404
30.7404,34355
30.7461,34385
30.7515,34281
30.7572,34236
30.7626,34283
30.7682,34290
30.7739,34241
30.7793,34316
30.785,34394
30.7904,34284
30.796,34308
30.8017,34449
30.8071,34363
30.8128,34426
30.8182,34387
30.8238,34317
30.8292,34362
30.8349,34334
30.8403,34359
30.846,34396
30.8514,34395
30.8571,34287
30.8628,34388
30.8682,34432
30.8738,34371
30.8793,34410
30.8849,34405
30.8903,34328
30.896,34358
30.9014,34344
30.9071,34443
30.9125,34297
30.9182,34200
30.9236,34307
30.9293,34366
30.9347,34234
30.9405,34212
30.9459,34349
30.9516,34364
30.9572,34405
30.9626,34401
30.9683,34368
30.9737,34377
30.9794,34356
30.9848,34294
30.9905,34327
30.9959,34352
31.0016,34349
31.007,34290
31.0128,34369
31.0182,34367
31.0239,34546
31.0293,34515
31.035,34526
31.0404,34402
31.0461,34401
31.0514,34411
31.0571,34376
31.0628,34361
31.0682,34398
31.0739,34328
31.0793,34453
31.085,34452
31.0904,34236
31.0961,34502
31.1015,34318
31.1072,34497
31.1126,34315
31.1183,34372
31.1237,34506
31.1294,34323
31.1349,34435
31.1406,34460
31.146,34393
31.1514,34439
31.1571,34435
31.1625,34397
31.1682,34365
31.1736,34467
31.1793,34431
31.1847,34300
31.1904,34310
31.1958,34350
31.2016,34441
31.2073,34537
31.2127,34378
31.2183,34312
31.2238,34362
31.2295,34500
31.2349,34413
31.2406,34388
31.246,34313
31.2517,34395
31.257,34362
31.2627,34308
31.2681,34498
31.2738,34540
31.2792,34505
31.2849,34368
31.2906,34548
31.296,34481
31.3017,34397
31.3071,34471
31.3128,34347
31.3182,34400
31.3239,34344
31.3292,34510
31.3349,34363
31.3403,34453
31.346,34385
31.3517,34420
31.3571,34450
31.3628,34365
31.3682,34352
31.3739,34323
31.3793,34331
31.385,34285
31.3904,34366
31.3961,34375
31.4014,34493
31.4071,34458
31.4128,34345
31.4182,34488
31.4239,34312
31.4293,34479
31.435,34494
31.4404,34444
31.4461,34589
31.4515,34411
31.4572,34515
31.4626,34382
31.4683,34506
31.4736,34356
31.4793,34355
31.485,34536
31.4904,34570
31.4961,34477
31.5015,34557
31.5072,34493
31.5126,34478
31.5183,34562
31.5238,34641
31.5295,34521
31.5349,34534
31.5406,34627
31.5459,34529
31.5516,34466
31.557,34366
31.5627,34594
31.5684,34461
31.5738,34430
31.5795,34392
31.5849,34547
31.5906,34645
31.596,34509
31.6017,34427
31.6071,34581
31.6128,34565
31.6181,34491
31.6238,34608
31.6292,34515
31.6349,34619
31.6403,34561
31.646,34379
31.6515,34571
31.6572,34458
31.6626,34548
31.6683,34500
31.6737,34635
31.6794,34580
31.6851,34536
31.6905,34495
31.6962,34628
31.7016,34686
31.7073,34623
31.7127,34530
31.7181,34531
31.7238,34604
31.7295,34522
31.7349,34504
31.7406,34664
31.746,34607
31.7517,34536
31.7571,34535
31.7625,34598
31.7683,34453
31.7737,34404
31.7794,34532
31.7848,34549
31.7906,34482
31.796,34405
31.8016,34622
31.807,34550
31.8127,34598
31.8182,34566
31.8238,34561
31.8292,34441
31.8349,34431
31.8406,34593
31.846,34671
31.8517,34618
31.8571,34545
31.8628,34541
31.8682,34581
31.8739,34578
31.8793,34476
31.885,34713
31.8905,34611
31.8961,34644
31.9015,34532
31.9072,34648
31.9127,34608
31.9184,34654
31.9238,34702
31.9295,34702
31.9349,34389
31.9406,34497
31.946,34447
31.9517,34612
31.957,34527
31.9627,34529
31.9681,34740
31.9738,34516
31.9792,34543
31.9849,34524
31.9903,34660
31.9961,34495
32.0015,34630
32.0072,34485
32.0126,34615
32.0183,34694
32.0237,34682
32.0294,34774
32.0351,34707
32.0405,34674
32.0462,34604
32.0516,34596
32.0573,34691
32.0627,34507
32.0684,34603
32.0738,34672
32.0795,34505
32.0849,34750
32.0906,34571
32.096,34603
32.1017,34654
32.1071,34513
32.1128,34637
32.1182,34605
32.1239,34605
32.1293,34639
32.135,34769
32.1404,34606
32.1461,34623
32.1515,34601
32.1572,34648
32.1626,34459
32.1683,34667
32.1737,34666
32.1794,34584
32.1849,34507
32.1906,34749
32.196,34653
32.2016,34670
32.207,34479
32.2127,34582
32.2181,34630
32.2238,34516
32.2292,34591
32.2349,34598
32.2403,34642
32.246,34542
32.2515,34614
32.2572,34563
32.2626,34541
32.2683,34616
32.2737,34628
32.2794,34600
32.2848,34513
32.2904,34460
32.2961,34584
32.3015,34626
32.3072,34689
32.3127,34608
32.3182,34679
32.3239,34769
32.3293,34638
32.335,34731
32.3404,34674
32.346,34711
32.3514,34713
32.3572,34685
32.3628,34677
32.3682,34652
32.3739,34702
32.3793,34691
32.385,34572
32.3904,34481
32.3961,34611
32.4015,34473
32.4072,34711
32.4126,34608
32.4183,34692
32.4239,34773
32.4293,34716
32.435,34880
32.4404,34705
32.4461,34630
32.4516,34593
32.4573,34677
32.4627,34472
32.4684,34654
32.4738,34721
32.4794,34613
32.4849,34775
32.4906,34648
32.496,34708
32.5017,34627
32.5071,34585
32.5128,34672
32.5182,34772
32.5239,34724
32.5293,34781
32.5349,34598
32.5404,34761
32.5461,34608
32.5515,34690
32.5572,34644
32.5626,34711
32.5683,34710
32.574,34642
32.5793,34679
32.585,34779
32.5904,34855
32.5961,34641
32.6015,34626
32.6072,34791
32.6126,34818
32.6183,34653
32.6238,34780
32.6294,34771
32.6348,34745
32.6405,34574
32.6462,34721
32.6516,34682
32.6573,34602
32.6627,34703
32.6684,34770
32.6738,34788
32.6795,34732
32.6849,34612
32.6906,34618
32.696,34796
32.7017,34734
32.7071,34855
32.7128,34828
32.7182,34701
32.7239,34754
32.7293,34715
32.735,34687
32.7405,34773
32.7462,34897
32.7516,34730
32.7573,34703
32.7627,34635
32.7684,34759
32.7738,34756
32.7793,34956
32.785,34677
32.7904,34626
32.7961,34772
32.8017,34832
32.8072,34791
32.8129,34702
32.8183,34640
32.824,34784
32.8294,34840
32.8351,34733
32.8405,34878
32.8462,34837
32.8516,34610
32.8573,34786
32.8627,34755
32.8684,34695
32.8738,34808
32.8795,34788
32.8849,34909
32.8906,34826
32.896,34782
32.9017,34627
32.9071,34704
32.9128,34729
32.9182,34695
32.9239,34734
32.9295,34856
32.935,34717
32.9404,34673
32.9461,34649
32.9515,34680
32.9572,34772
32.9626,35011
32.9683,34783
32.974,34893
32.9794,34723
32.9851,34713
32.9904,34897
32.9961,34751
33.0015,34712
33.0072,34747
33.0127,34900
33.0184,34718
33.0238,34741
33.0295,34740
33.0349,34776
33.0406,34663
33.046,34797
33.0517,34782
33.0571,34856
33.0628,34696
33.0682,34727
33.0739,34916
33.0793,34741
33.085,34559
33.0904,34876
33.0961,34775
33.1015,34832
33.1072,34752
33.1126,34669
33.1183,34841
33.1239,34728
33.1294,34698
33.135,34763
33.1405,34741
33.1462,34843
33.1515,34864
33.1572,34861
33.1626,34667
33.1683,34575
33.1739,34581
33.1794,34702
33.1851,34926
33.1905,34939
33.1962,34754
33.2016,34792
33.2073,34724
33.2127,34775
33.2184,34737
33.2238,34847
33.2295,34821
33.2349,34760
33.2406,34745
33.246,34753
33.2517,34957
33.2572,34855
33.2628,34637
33.2683,34753
33.274,34844
33.2794,34726
33.285,34791
33.2904,34780
33.2961,34795
33.3015,34821
33.3072,34908
33.3127,34959
33.3184,34998
33.3238,34765
33.3294,34853
33.3348,34775
33.3405,34879
33.3462,34845
33.3516,34746
33.357,34919
33.3627,34716
33.3684,34799
33.3738,34815
33.3795,34860
33.3849,34729
33.3906,34977
33.396,34699
33.4017,34892
33.4071,35004
33.4128,34965
33.4182,34726
33.4239,34865
33.4293,34715
33.435,34779
33.4404,34874
33.4461,34842
33.4517,34784
33.4572,34922
33.4629,34809
33.4683,34816
33.474,34807
33.4794,34853
33.4848,34773
33.4905,34851
33.4962,34710
33.5016,34721
33.5073,34761
33.5127,34875
33.5184,34744
33.5238,34642
33.5295,34846
33.5349,34860
33.5406,34782
33.5461,34968
33.5517,34867
33.5572,34886
33.5628,34855
33.5682,34801
33.5739,34825
33.5793,34906
33.585,34965
33.5904,34835
33.5962,34802
33.6016,34743
33.6073,34949
33.6127,34893
33.6184,34894
33.6238,34852
33.6295,34832
33.6349,34816
33.6406,34815
33.646,34822
33.6517,35004
33.6571,34755
33.6628,34877
33.6682,34857
33.6739,34881
33.6793,34824
33.685,34836
33.6904,34813
33.6961,34869
33.7015,34910
33.7072,34910
33.7126,34931
33.7183,34809
33.7237,34914
33.7294,34756
33.7351,34920
33.7405,34711
33.7462,34787
33.7516,34928
33.7573,34908
33.7627,34823
33.7684,34847
33.7738,34699
33.7795,34828
33.7848,34833
33.7905,34765
33.7959,34795
33.8016,34782
33.8073,34783
33.8126,34879
33.8183,34838
33.8237,34831
33.8294,34975
33.8348,34829
33.8405,34865
33.8462,34668
33.8516,34775
33.8572,34820
33.8627,34869
33.8683,34832
33.874,34814
33.8794,34773
33.8851,34634
33.8905,34895
33.8961,34815
33.9018,34857
33.9072,34793
33.9129,34879
33.9183,34858
33.9239,34860
33.9293,34960
33.935,34664
33.9404,34811
33.9461,34802
33.9515,34881
33.9572,34823
33.9629,34985
33.9683,34895
33.974,35039
33.9794,34742
33.9851,34757
33.9905,34936
33.9962,34742
34.0016,34828
34.0073,34832
34.0127,34961
34.0184,34739
34.0238,34830
34.0295,34790
34.035,34775
34.0407,34829
34.0461,34786
34.0518,34855
34.0572,34875
34.0629,34849
34.0683,34862
34.074,34928
34.0794,34906
34.0851,34969
34.0905,35091
34.0962,34880
34.1016,34856
34.1073,34915
34.1127,34892
34.1184,34804
34.1238,34960
34.1295,34830
34.135,34843
34.1406,34859
34.1461,34875
34.1517,34834
34.1572,35029
34.1629,34872
34.1683,35054
34.174,34920
34.1794,34864
34.1851,34785
34.1905,34724
34.1962,34937
34.2016,34917
34.2073,34883
34.2127,34855
34.2184,34921
34.2238,34922
34.2295,34800
34.2349,34993
34.2406,34958
34.246,34705
34.2517,34914
34.2571,34829
34.2628,34947
34.2682,34927
34.2739,34981
34.2793,34818
34.2851,34884
34.2905,34889
34.2962,34939
34.3016,34734
34.3073,34842
34.3127,34651
34.3184,34739
34.3238,34827
34.3295,34751
34.3349,34881
34.3406,34780
34.346,34716
34.3517,34853
34.3572,34956
34.3629,34786
34.3683,34697
34.374,34798
34.3794,34709
34.3851,34774
34.3905,34723
34.3959,34686
34.4016,34610
34.407,34744
34.4127,34683
34.4181,34750
34.4239,34661
34.4296,34855
34.435,34761
34.4407,34782
34.4461,34758
34.4518,34697
34.4572,34874
34.4629,34736
34.4683,34845
34.474,34794
34.4794,34807
34.4851,34905
34.4904,34916
34.4961,34698
34.5018,34863
34.5072,34792
34.5128,34830
34.5183,34834
34.5239,34793
34.5293,34736
34.535,34997
34.5404,34864
34.5461,34879
34.5515,34869
34.5572,34755
34.5629,34787
34.5683,34957
34.574,34788
34.5794,34758
34.5851,34866
34.5905,34943
34.5962,34845
34.6016,34687
34.6073,34789
34.6127,34967
34.6184,35007
34.6238,34732
34.6295,34915
34.6349,34787
34.6406,34798
34.646,34949
34.6517,34759
34.6571,34890
34.6628,34816
34.6682,34707
34.6739,34994
34.6793,34831
34.685,34935
34.6904,34926
34.6961,34815
34.7015,34910
34.7072,34952
34.7126,35054
34.7183,34932
34.7237,34767
34.7294,34876
34.7348,34930
34.7405,35090
34.7459,35097
34.7517,34819
34.7571,34975
34.7628,35011
34.7682,34827
34.7739,34955
34.7796,35056
34.785,34935
34.7907,34990
34.7961,35005
34.8018,35019
34.8072,35071
34.8129,34921
34.8183,35024
34.824,35122
34.8293,34893
34.835,35175
34.8404,35095
34.8461,34924
34.8518,35019
34.8572,35067
34.8629,34836
34.8683,34924
34.874,35052
34.8794,34962
34.8851,34911
34.8905,34918
34.8962,34912
34.9015,34959
34.9072,34952
34.9126,34952
34.9183,35025
34.924,35006
34.9294,34834
34.9351,34883
34.9405,34943
34.9462,34975
34.9516,34869
34.9573,34896
34.9627,34982
34.9684,34919
34.9738,34822
34.9795,34895
34.9849,34757
34.9906,34848
34.996,34843
35.0017,34947
35.0072,35035
35.0126,34972
35.0183,34940
35.0237,34960
35.0294,35063
35.0351,35038
35.0405,34875
35.0462,34989
35.0516,34923
35.0573,35003
35.0627,34889
35.0684,34844
35.0738,35031
35.0795,34942
35.085,34956
35.0907,34949
35.0959,35008
35.1016,34936
35.107,35046
35.1128,34860
35.1182,34926
35.1239,34894
35.1293,34839
35.135,34760
35.1404,34913
35.1461,34951
35.1518,35055
35.1572,35067
35.1629,34859
35.1682,35021
35.1739,34782
35.1793,34868
35.185,34981
35.1904,35040
35.1961,34938
35.2015,34918
35.2072,34858
35.2126,35048
35.2183,34980
35.2237,34977
35.2294,35048
35.2351,35062
35.2404,34937
35.2461,34881
35.2515,35110
35.2572,35049
35.2626,34893
35.2683,35038
35.2737,34967
35.2793,34913
35.285,34910
35.2905,34927
35.2962,34983
35.3016,35045
35.3072,34916
35.3128,34985
35.3182,35041
35.3239,35056
35.3293,35115
35.335,35151
35.3407,34919
35.3461,35085
35.3518,35066
35.3572,34995
35.3628,34963
35.3685,34929
35.3739,35111
35.3795,35061
35.3849,34922
35.3906,35032
35.396,34980
35.4017,35101
35.4071,35251
35.4128,34932
35.4182,35069
35.4239,35025
35.4293,35131
35.435,34971
35.4404,34994
35.4461,35170
35.4518,35037
35.4572,34917
35.4626,35167
35.4683,34876
35.4738,34814
35.4795,34914
35.4849,34931
35.4906,34970
35.496,34870
35.5017,34961
35.5071,34918
35.5128,35028
35.5182,35000
35.5239,35058
35.5293,35019
35.535,35141
35.5404,34934
35.5461,34929
35.5518,34908
35.5572,34938
35.5629,35062
35.5683,35184
35.5737,34979
35.5794,35051
35.5851,34978
35.5905,34939
35.596,35210
35.6016,35002
35.6073,35081
35.6128,35061
35.6185,34949
35.6239,34942
35.6296,34979
35.635,34910
35.6407,35064
35.6461,34917
35.6518,34891
35.6571,34920
35.6628,34892
35.6685,34953
35.6739,35015
35.6796,34918
35.685,34978
35.6907,34887
35.6961,35049
35.7018,34770
35.7072,34913
35.7129,35049
35.7183,34918
35.724,34976
35.7293,35131
35.735,35011
35.7404,34903
35.7461,35012
35.7518,35016
35.7572,34932
35.7629,34930
35.7683,35057
35.774,34921
35.7794,35000
35.7851,35040
35.7905,34858
35.7962,34950
35.8015,35050
35.8072,35130
35.8129,35046
35.8183,35045
35.824,34908
35.8294,35020
35.8351,35041
35.8405,35018
35.8462,34931
35.8516,34972
35.8573,34935
35.8627,34893
35.8684,35002
35.8737,35124
35.8794,35166
35.8848,34969
35.8905,35035
35.8959,34980
35.9016,34890
35.9073,35125
35.9127,35087
35.9184,34887
35.9239,34917
35.9295,34948
35.935,34901
35.9407,34912
35.9461,35000
35.9518,34794
35.9572,34874
35.9629,34979
35.9683,34837
35.974,35048
35.9794,34936
35.9851,34946
35.9905,35082
35.9962,34950
36.0016,35000
36.0073,34892
36.0127,34957
36.0184,34978
36.0238,35056
36.0295,34833
36.0349,34897
36.0406,34961
36.046,34962
36.0517,34978
36.0571,34990
36.0628,35005
36.0682,35004
36.0739,34970
36.0794,35043
36.0851,34881
36.0905,35061
36.0962,34979
36.1016,34879
36.1073,35020
36.1127,35024
36.1184,35099
36.1238,35001
36.1295,35014
36.1349,35009
36.1406,34940
36.146,34989
36.1517,35132
36.1571,35010
36.1628,35140
36.1682,34899
36.1739,34879
36.1796,35109
36.185,34850
36.1907,35014
36.1961,35212
36.2018,34921
36.2072,34906
36.2129,34876
36.2183,35056
36.224,35096
36.2294,35028
36.2348,34940
36.2405,34884
36.246,34903
36.2517,35103
36.2571,34998
36.2628,34997
36.2682,35100
36.2739,34944
36.2793,34938
36.285,35013
36.2907,34911
36.2961,34907
36.3018,34845
36.3072,34886
36.3129,34850
36.3183,34930
36.324,34925
36.3294,34825
36.3351,34823
36.3405,34984
36.3462,34932
36.3517,34953
36.3573,34829
36.3628,34886
36.3685,34841
36.3739,34864
36.3796,35055
36.385,34902
36.3904,34923
36.3961,34855
36.4015,34972
36.4072,34986
36.4126,34882
36.4183,34992
36.4237,34990
36.4294,34954
36.4351,34999
36.4405,34964
36.4462,34986
36.4516,34976
36.4573,34965
36.4627,34911
36.4684,34987
36.4738,34951
36.4795,35070
36.485,35118
36.4906,34991
36.4961,34936
36.5018,35046
36.5072,35124
36.5129,34977
36.5183,34956
36.524,34917
36.5294,34930
36.5351,35046
36.5405,34984
36.5462,34997
36.5516,34774
36.5573,34982
36.5627,34912
36.5684,34814
36.5739,34882
36.5793,34936
36.585,34975
36.5907,34882
36.5961,34889
36.6018,35033
36.6072,34878
36.6129,34867
36.6183,35064
36.624,34921
36.6293,34800
36.635,35019
36.6404,35035
36.6461,35085
36.6515,34977
36.6572,35053
36.6629,34930
36.6683,35007
36.674,35006
36.6794,35035
36.6851,35071
36.6905,34908
36.6962,35090
36.7015,35121
36.7072,34909
36.7126,34999
36.7183,35023
36.7237,34997
36.7294,34971
36.7351,35092
36.7405,35007
36.7462,34961
36.7517,34877
36.7574,34984
36.7628,34978
36.7685,34953
36.7737,34857
36.7795,34890
36.7849,34877
36.7906,34894
36.796,34898
36.8016,34856
36.8073,35011
36.8127,34939
36.8184,34951
36.8238,34930
36.8294,34840
36.8351,34928
36.8405,34945
36.846,34952
36.8517,35035
36.8571,34988
36.8628,34986
36.8682,35082
36.8739,35123
36.8793,35038
36.885,34999
36.8907,34930
36.8961,35016
36.9018,35019
36.9072,34968
36.9128,34905
36.9182,35125
36.9239,35158
36.9296,35113
36.935,35069
36.9406,34821
36.946,34921
36.9517,35076
36.9571,35035
36.9628,34981
36.9682,34964
36.9739,34949
36.9793,34817
36.985,35133
36.9904,34976
36.9961,35020
37.0015,35087
37.0072,34839
37.0127,34902
37.0184,35117
37.0238,35000
37.0295,35036
37.0349,34911
37.0406,34912
37.0463,35074
37.0517,35006
37.0574,35116
37.0628,35062
37.0685,35005
37.0739,35002
37.0796,34975
37.085,35108
37.0907,35052
37.0961,35038
37.1018,35093
37.1072,35058
37.1129,35088
37.1183,35092
37.124,35007
37.1294,35051
37.1351,34985
37.1405,35075
37.1462,34966
37.1516,34945
37.1573,35088
37.1627,35062
37.1684,34963
37.1738,34891
37.1795,34974
37.1849,34921
37.1906,35044
37.1961,34927
37.2017,35049
37.2072,34930
37.2129,34987
37.2183,34996
37.224,34989
37.2294,34947
37.2351,34758
37.2405,35005
37.2462,35038
37.2516,34931
37.2573,35064
37.2627,34981
37.2684,35011
37.2738,34954
37.2795,34959
37.285,34958
37.2907,35000
37.2961,35017
37.3018,34825
37.3072,34926
37.3129,34878
37.3183,34861
37.3237,34965
37.3294,34912
37.3351,34851
37.3405,34985
37.3462,34862
37.3516,34876
37.3573,34901
37.3627,34922
37.3684,35057
37.3739,34921
37.3795,34941
37.3849,34968
37.3905,35075
37.396,34984
37.4017,34986
37.4073,35003
37.4128,35080
37.4185,34909
37.4239,35034
37.4296,35070
37.435,34988
37.4407,34890
37.4461,35042
37.4518,34858
37.4572,35031
37.4629,35004
37.4683,35029
37.474,34942
37.4794,34991
37.4851,34889
37.4905,35087
37.4962,34919
37.5016,35041
37.5071,35028
37.5128,35049
37.5185,35086
37.5239,35115
37.5293,35053
37.535,35047
37.5404,34969
37.5461,35021
37.5515,34852
37.5572,34981
37.5629,34977
37.5684,35077
37.5738,35081
37.5795,35118
37.5849,35034
37.5906,35043
37.596,35108
37.6017,35035
37.6071,34988
37.6128,35026
37.6182,34943
37.6239,35024
37.6293,35062
37.635,35057
37.6405,34995
37.6461,34979
37.6515,35174
37.6572,35088
37.6627,35036
37.6684,35156
37.6738,35113
37.6795,35148
37.6849,35197
37.6906,35143
37.696,35009
37.7017,35048
37.7071,35195
37.7128,34993
37.7185,35022
37.7239,35149
37.7296,35046
37.735,35014
37.7407,35173
37.7461,35265
37.7518,35179
37.7572,35289
37.7629,35105
37.7683,35035
37.774,35073
37.7794,35132
37.7851,35256
37.7905,35139
37.7962,35187
37.8016,35185
37.8073,35132
37.8127,35249
37.8184,35206
37.8238,35269
37.8296,35209
37.835,35299
37.8404,35155
37.8461,35204
37.8518,35264
37.8572,35207
37.8629,35219
37.8683,35265
37.874,35263
37.8794,35140
37.8851,35192
37.8905,35103
37.8962,35121
37.9016,35262
37.9073,35208
37.9128,35140
37.9184,35141
37.9239,35067
37.9296,35089
37.935,35016
37.9407,35014
37.9461,35069
37.9518,35200
37.9572,35086
37.9629,35134
37.9683,35129
37.974,35146
37.9794,35209
37.9851,35015
37.9905,35033
37.9962,34941
38.0016,34941
38.0073,35077
38.0128,35182
38.0184,34989
38.0239,35017
38.0296,35108
38.035,35186
38.0407,35094
38.0461,35130
38.0518,34971
38.0572,34979
38.0629,35026
38.0683,35096
38.074,35092
38.0794,35090
38.0851,35181
38.0905,35035
38.0962,34978
38.1016,35089
38.1073,35204
38.1127,35174
38.1184,35299
38.1239,35094
38.1295,35098
38.135,35054
38.1407,35173
38.1461,35281
38.1518,35084
38.1572,35175
38.1629,35078
38.1683,35051
38.174,35108
38.1794,35139
38.1851,35292
38.1905,35143
38.1962,35216
38.2016,35130
38.2073,35176
38.2127,35145
38.2184,35129
38.2238,35096
38.2295,35058
38.235,35054
38.2407,34989
38.2461,35082
38.2518,35085
38.2572,35083
38.2626,34904
38.2683,35129
38.2738,35087
38.2794,35144
38.2851,35081
38.2905,35151
38.2962,35120
38.3017,34960
38.3074,35032
38.3128,35130
38.3185,35178
38.3238,35019
38.3295,35113
38.3349,35193
38.3406,35040
38.346,34994
38.3516,34949
38.3573,35019
38.3627,35168
38.3684,35072
38.3738,35152
38.3794,35068
38.3851,35287
38.3905,35207
38.3962,35178
38.4016,35057
38.4072,35084
38.4129,35061
38.4183,35177
38.424,35232
38.4294,35314
38.435,35106
38.4407,35125
38.4461,35173
38.4518,35158
38.4572,35122
38.4628,35176
38.4682,35275
38.4739,35131
38.4793,35210
38.485,35142
38.4905,35148
38.4962,35191
38.5016,35219
38.5073,35207
38.5127,35228
38.5184,35125
38.5238,35164
38.5295,35119
38.535,35025
38.5406,35196
38.5461,35161
38.5518,35131
38.5572,35246
38.5629,35253
38.5683,35076
38.574,35030
38.5794,35085
38.5851,35122
38.5905,35251
38.5962,35208
38.6016,35135
38.6073,35209
38.6127,35133
38.6184,35190
38.6238,35098
38.6295,35216
38.6349,35239
38.6406,35295
38.646,35105
38.6517,35157
38.6571,35218
38.6628,35130
38.6685,35223
38.674,35251
38.6794,35156
38.6851,35170
38.6905,35076
38.6962,35276
38.7016,35260
38.7073,35328
38.7127,35291
38.7184,35196
38.7239,35300
38.7296,35247
38.735,35193
38.7407,35189
38.7461,35276
38.7518,35174
38.7572,35346
38.7629,35349
38.7683,35308
38.774,35140
38.7795,35222
38.7852,35217
38.7906,35315
38.7963,35410
38.8017,35231
38.8074,35279
38.8128,35262
38.8185,35319
38.8239,35172
38.8294,35301
38.8351,35278
38.8405,35356
38.8462,35458
38.8516,35281
38.8573,35220
38.8627,35252
38.8684,35259
38.8738,35162
38.8795,35177
38.885,35197
38.8907,35235
38.8961,35175
38.9018,35282
38.9072,35192
38.9127,35245
38.9184,35147
38.9238,35109
38.9295,35203
38.9349,35204
38.9406,35225
38.9461,35213
38.9517,35301
38.9572,35213
38.9629,35290
38.9683,35055
38.974,35128
38.9794,35223
38.9851,35232
38.9908,35129
38.9962,35105
39.0016,35285
39.0073,35128
39.0128,35273
39.0185,35210
39.0239,35284
39.0296,35252
39.035,35312
39.0407,35231
39.0461,35267
39.0518,35300
39.0572,35115
39.0629,35233
39.0684,35237
39.0741,35302
39.0795,35282
39.0852,35196
39.0906,35274
39.0963,35209
39.1017,35288
39.1074,35238
39.1128,35157
39.1185,35064
39.124,35234
39.1297,35147
39.1351,35302
39.1408,35234
39.1462,35327
39.1519,35174
39.1573,35284
39.1627,35274
39.1684,35138
39.1738,35120
39.1795,35154
39.185,35113
39.1907,35090
39.1961,35309
39.2018,35186
39.2072,35265
39.2129,35177
39.2183,35240
39.224,35282
39.2294,35165
39.2351,35244
39.2405,35224
39.2462,35211
39.2516,35193
39.2573,35221
39.2628,35130
39.2685,35139
39.2739,35163
39.2794,35101
39.2851,35054
39.2908,35256
39.2962,35223
39.3019,35199
39.3073,35261
39.313,35159
39.3184,35212
39.3241,35173
39.3295,35165
39.3352,35163
39.3406,35184
39.3463,35268
39.3516,35225
39.3573,35126
39.363,35150
39.3684,35144
39.3741,35140
39.3795,35029
39.3852,35263
39.3906,35189
39.3963,35171
39.4017,35219
39.4074,35334
39.4128,35236
39.4185,35141
39.4239,35220
39.4296,35404
39.435,35412
39.4407,35208
39.4462,35355
39.4519,35260
39.4573,35122
39.463,35203
39.4684,35275
39.4741,35347
39.4795,35327
39.4852,35202
39.4906,35249
39.496,35210
39.5017,35229
39.5074,35223
39.5129,35279
39.5186,35186
39.524,35169
39.5297,35245
39.5351,35129
39.5408,35119
39.5461,35362
39.5518,35297
39.5572,35087
39.5629,35183
39.5683,35259
39.574,35270
39.5794,35264
39.5851,35367
39.5908,35218
39.5962,35318
39.6016,35332
39.6073,35169
39.6128,35145
39.6183,35162
39.624,35243
39.6294,35303
39.6351,35321
39.6405,35230
39.6462,35219
39.6519,35077
39.6573,35279
39.663,35212
39.6684,35248
39.6741,35041
39.6795,35131
39.6852,35091
39.6905,35140
39.6962,35216
39.7016,35188
39.7073,35284
39.7128,35283
39.7185,35213
39.7239,35148
39.7296,35094
39.7353,35123
39.7407,35155
39.7461,35044
39.7518,35134
39.7572,35222
39.7629,35203
39.7683,35199
39.774,35266
39.7794,35235
39.7851,35145
39.7905,35140
39.7962,35113
39.8016,35210
39.8073,35175
39.8128,35279
39.8184,35168
39.8239,35201
39.8296,35228
39.835,35235
39.8407,35143
39.8461,35278
39.8518,35217
39.8572,35344
39.8629,35284
39.8686,35163
39.8739,35319
39.8796,35253
39.885,35190
39.8907,35193
39.8961,35243
39.9017,35370
39.9074,35218
39.9128,35408
39.9185,35225
39.924,35291
39.9295,35208
39.935,35399
39.9407,35364
39.9461,35287
39.9518,35271
39.9572,35396
39.9629,35160
39.9683,35257
39.974,35196
39.9794,35246
39.9851,35073
39.9905,35283
39.9962,35088
40.0016,35270
40.0073,35073
40.013,35238
40.0184,35093
40.0241,35235
40.0295,35306
40.0352,35125
40.0406,35429
40.0463,35070
40.0517,35318
40.0574,35135
40.0628,35259
40.0685,35140
40.0739,35264
40.0796,35122
40.085,35341
40.0907,35108
40.0961,35222
40.1019,35257
40.1073,35185
40.113,35290
40.1184,35248
40.1241,35246
40.1295,35279
40.1352,35292
40.1406,35146
40.1463,35176
40.1517,35116
40.1574,35374
40.1628,35364
40.1685,35316
40.1739,35335
40.1796,35286
40.185,35401
40.1907,35060
40.1961,35355
40.2018,35320
40.2073,35081
40.2129,35229
40.2184,35076
40.2241,35254
40.2295,35273
40.2352,35117
40.2406,35076
40.2463,35141
40.2518,35154
40.2575,35000
40.2629,35270
40.2686,35238
40.274,35210
40.2797,35162
40.2851,35325
40.2905,35181
40.2962,35250
40.3017,35060
40.3074,35388
40.3128,35333
40.3185,35203
40.3239,35405
40.3296,35384
40.335,35368
40.3407,35297
40.3462,35320
40.3518,35345
40.3573,35342
40.363,35294
40.3684,35434
40.3741,35340
40.3795,35192
40.3852,35397
40.3906,35423
40.3961,35445
40.4018,35409
40.4075,35364
40.4129,35265
40.4186,35325
40.424,35388
40.4297,35378
40.4352,35286
40.4408,35469
40.4462,35348
40.4519,35474
40.4573,35472
40.463,35356
40.4684,35515
40.4741,35348
40.4796,35381
40.4853,35444
40.4907,35376
40.4964,35386
40.5018,35460
40.5075,35417
40.5129,35434
40.5186,35417
40.524,35463
40.5297,35563
40.5351,35473
40.5408,35382
40.5462,35429
40.5519,35432
40.5573,35245
40.563,35271
40.5684,35359
40.5741,35402
40.5795,35393
40.5852,35365
40.5906,35319
40.5963,35354
