0.0013,33.43092284043072
0.0067,33.54614220503879
0.0121,33.7189712519509
0.0177,33.891800298863004
0.0233,34.03582450462309
0.0287,34.17984871038318
0.0343,34.41028743959932
0.04,34.61192132766345
0.0456,34.6983358511195
0.051,34.78475037457556
0.0566,35.07279878609574
0.0622,35.15921330955179
0.0676,35.36084719761592
0.0732,35.41845687991995
0.0789,35.59128592683206
0.0845,35.73531013259215
0.0899,35.87933433835224
0.0955,35.965748861808294
0.1011,36.05216338526434
0.1065,36.253797273328466
0.1121,36.397821479088556
0.1177,36.51304084369663
0.1234,36.6282602083047
0.1288,36.80108925521681
0.1344,36.973918302128915
0.14,37.031527984432955
0.1454,36.91630861982488
0.151,36.9451134609769
0.1567,37.06033282558497
0.162,37.00272314328093
0.1677,36.9451134609769
0.1733,37.00272314328093
0.1789,37.08913766673699
0.1843,36.91630861982488
0.1899,37.00272314328093
0.1955,37.06033282558497
0.2012,36.91630861982488
0.2065,36.9451134609769
0.2122,37.08913766673699
0.2178,36.973918302128915
0.2232,36.887503778672865
0.2288,37.031527984432955
0.2344,37.031527984432955
0.2401,36.887503778672865
0.2454,36.973918302128915
0.2511,37.117942507889005
0.2567,36.91630861982488
0.2621,36.887503778672865
0.2677,37.06033282558497
0.2733,37.031527984432955
0.2787,36.887503778672865
0.2844,37.06033282558497
0.29,37.06033282558497
0.2956,36.9451134609769
0.301,37.00272314328093
0.3066,37.117942507889005
0.3123,36.973918302128915
0.3176,36.973918302128915
0.3233,37.08913766673699
0.3289,36.973918302128915
0.3343,36.9451134609769
0.3399,37.08913766673699
0.3456,37.031527984432955
0.3509,36.9451134609769
0.3566,37.08913766673699
0.3622,37.14674734904102
0.3676,36.9451134609769
0.3732,37.00272314328093
0.3789,37.08913766673699
0.3845,36.9451134609769
0.3899,36.9451134609769
0.3955,37.08913766673699
0.4011,36.973918302128915
0.4065,36.973918302128915
0.4121,37.06033282558497
0.4178,37.08913766673699
0.4231,36.887503778672865
0.4288,36.973918302128915
0.4345,37.06033282558497
0.4398,36.9451134609769
0.4454,36.91630861982488
0.4511,37.08913766673699
0.4567,36.973918302128915
0.4621,36.9451134609769
0.4677,37.08913766673699
0.4733,37.06033282558497
0.4787,36.9451134609769
0.4843,36.973918302128915
0.49,37.031527984432955
0.4953,36.91630861982488
0.501,36.9451134609769
0.5066,37.117942507889005
0.5122,36.973918302128915
0.5176,36.829894096368825
0.5232,37.06033282558497
0.5289,37.06033282558497
0.5345,36.91630861982488
0.5399,36.9451134609769
0.5455,37.117942507889005
0.5512,36.91630861982488
0.5565,36.91630861982488
0.5622,37.031527984432955
0.5678,36.9451134609769
0.5732,36.9451134609769
0.5788,37.06033282558497
0.5844,37.00272314328093
0.59,36.887503778672865
0.5954,37.08913766673699
0.601,37.06033282558497
0.6067,36.9451134609769
0.6121,37.00272314328093
0.6177,37.08913766673699
0.6233,37.031527984432955
0.6289,36.973918302128915
0.6343,37.08913766673699
0.6399,36.9451134609769
0.6456,36.91630861982488
0.6509,37.031527984432955
0.6565,37.00272314328093
0.6622,36.973918302128915
0.6678,37.06033282558497
0.6732,37.08913766673699
0.6788,36.85869893752084
0.6844,36.91630861982488
0.6898,37.117942507889005
0.6954,36.973918302128915
0.7011,36.9451134609769
0.7067,37.06033282558497
0.712,36.9451134609769
0.7177,37.00272314328093
0.7233,37.031527984432955
0.7289,36.91630861982488
0.7343,36.91630861982488
0.7399,37.08913766673699
0.7456,36.91630861982488
0.7509,36.9451134609769
0.7566,37.06033282558497
0.7622,36.973918302128915
0.7678,36.973918302128915
0.7732,37.117942507889005
0.7789,37.06033282558497
0.7842,36.91630861982488
0.7899,37.06033282558497
0.7955,37.06033282558497
0.8012,36.9451134609769
0.8065,37.00272314328093
0.8121,37.00272314328093
0.8177,36.973918302128915
0.8234,36.973918302128915
0.8287,37.117942507889005
0.8343,36.973918302128915
0.8399,37.031527984432955
0.8456,37.08913766673699
0.8512,37.00272314328093
0.8566,36.9451134609769
0.8621,37.08913766673699
0.8677,37.06033282558497
0.8734,36.887503778672865
0.8787,37.06033282558497
0.8844,37.00272314328093
0.8899,36.91630861982488
0.8955,37.031527984432955
0.9012,37.08913766673699
0.9065,36.887503778672865
0.9122,36.973918302128915
0.9177,37.06033282558497
0.9233,36.9451134609769
0.9287,37.00272314328093
0.9343,37.08913766673699
0.94,36.973918302128915
0.9455,36.973918302128915
0.9511,37.08913766673699
0.9565,37.031527984432955
0.9622,36.829894096368825
0.9678,37.031527984432955
0.9732,37.14674734904102
0.9788,36.973918302128915
0.9844,36.973918302128915
0.9898,37.06033282558497
0.9954,37.031527984432955
1.0067,37.06033282558497
1.0121,37.031527984432955
1.0177,36.887503778672865
1.0234,37.08913766673699
1.0287,37.00272314328093
1.0344,36.9451134609769
1.04,37.06033282558497
1.0456,37.031527984432955
1.051,36.91630861982488
1.0566,37.06033282558497
1.0622,37.06033282558497
1.0676,36.9451134609769
1.0732,36.973918302128915
1.0788,37.031527984432955
1.0842,37.00272314328093
1.0898,36.91630861982488
1.0955,37.06033282558497
1.1011,37.031527984432955
1.1065,36.91630861982488
1.1121,36.973918302128915
1.1178,37.117942507889005
1.1231,36.9451134609769
1.1288,37.00272314328093
1.1344,37.06033282558497
1.14,37.031527984432955
1.1454,36.91630861982488
1.151,36.9451134609769
1.1566,37.08913766673699
1.1623,36.9451134609769
1.1676,37.06033282558497
1.1733,37.117942507889005
1.1789,36.9451134609769
1.1842,36.9451134609769
1.1899,37.06033282558497
1.1955,36.91630861982488
1.2011,36.973918302128915
1.2065,37.08913766673699
1.2122,37.00272314328093
1.2178,36.85869893752084
1.2231,37.00272314328093
1.2288,37.06033282558497
1.2344,36.91630861982488
1.2398,36.91630861982488
1.2454,37.117942507889005
1.2511,37.00272314328093
1.2567,36.973918302128915
1.2621,37.031527984432955
1.2677,37.08913766673699
1.2734,36.887503778672865
1.2787,37.06033282558497
1.2844,37.14674734904102
1.29,36.973918302128915
1.2954,36.91630861982488
1.301,37.06033282558497
1.3067,37.06033282558497
1.3121,36.887503778672865
1.3177,37.00272314328093
1.3234,37.08913766673699
1.3287,36.973918302128915
1.3343,36.91630861982488
1.34,37.08913766673699
1.3456,37.08913766673699
1.351,36.91630861982488
1.3566,37.00272314328093
1.3622,37.117942507889005
1.3676,37.00272314328093
1.3732,36.9451134609769
1.3789,37.06033282558497
1.3845,37.00272314328093
1.3899,36.91630861982488
1.3955,37.08913766673699
1.4011,36.973918302128915
1.4065,36.91630861982488
1.4121,37.06033282558497
1.4178,37.06033282558497
1.4234,36.9451134609769
1.4288,36.9451134609769
1.4344,37.117942507889005
1.44,36.973918302128915
1.4454,36.9451134609769
1.451,37.06033282558497
1.4567,37.00272314328093
1.462,36.973918302128915
1.4677,37.06033282558497
1.4733,37.00272314328093
1.4787,36.887503778672865
1.4844,37.031527984432955
1.49,37.06033282558497
1.4954,36.9451134609769
1.501,37.00272314328093
1.5067,37.06033282558497
1.5123,36.9451134609769
1.5177,37.031527984432955
1.5233,37.00272314328093
1.5287,36.91630861982488
1.5343,37.06033282558497
1.54,37.00272314328093
1.5454,36.9451134609769
1.551,37.08913766673699
1.5566,37.031527984432955
1.562,36.887503778672865
1.5676,37.06033282558497
1.5733,37.117942507889005
1.5789,36.973918302128915
1.5843,36.91630861982488
1.5899,37.117942507889005
1.5955,37.00272314328093
1.6012,36.91630861982488
1.6065,37.08913766673699
1.6121,36.973918302128915
1.6178,36.91630861982488
1.6231,37.031527984432955
1.6288,37.08913766673699
1.6344,36.9451134609769
1.64,36.887503778672865
1.6457,37.08913766673699
1.651,37.031527984432955
1.6566,36.91630861982488
1.6622,37.031527984432955
1.6676,37.06033282558497
1.6732,36.887503778672865
1.6788,36.973918302128915
1.6845,37.117942507889005
1.6898,37.031527984432955
1.6954,36.91630861982488
1.7011,37.06033282558497
1.7067,37.031527984432955
1.7121,36.887503778672865
1.7177,37.00272314328093
1.7233,37.08913766673699
1.729,36.91630861982488
1.7343,37.031527984432955
1.7399,37.06033282558497
1.7456,36.9451134609769
1.7509,37.00272314328093
1.7566,37.031527984432955
1.7622,36.9451134609769
1.7676,36.91630861982488
1.7732,37.08913766673699
1.7788,37.06033282558497
1.7845,36.887503778672865
1.7898,37.00272314328093
1.7955,37.08913766673699
1.8011,36.91630861982488
1.8065,36.9451134609769
1.8121,37.14674734904102
1.8178,37.031527984432955
1.8234,36.85869893752084
1.8288,37.031527984432955
1.8344,37.06033282558497
1.84,36.9451134609769
1.8454,36.9451134609769
1.851,37.031527984432955
1.8567,36.9451134609769
1.862,36.9451134609769
1.8677,37.14674734904102
1.8733,36.9451134609769
1.8787,36.91630861982488
1.8843,37.06033282558497
1.89,37.117942507889005
1.8956,36.85869893752084
1.901,37.00272314328093
1.9066,37.08913766673699
1.9122,36.9451134609769
1.9176,36.9451134609769
1.9232,37.08913766673699
1.9289,37.031527984432955
1.9343,36.9451134609769
1.9399,37.08913766673699
1.9455,37.00272314328093
1.9512,36.91630861982488
1.9565,37.08913766673699
1.9622,37.00272314328093
1.9678,36.91630861982488
1.9732,37.08913766673699
1.9788,37.08913766673699
1.9844,36.85869893752084
1.9898,37.031527984432955
1.9955,37.031527984432955
2.0065,37.031527984432955
2.0122,37.031527984432955
2.0178,36.9451134609769
2.0231,37.06033282558497
2.0288,37.00272314328093
2.0344,36.91630861982488
2.04,37.031527984432955
2.0454,37.031527984432955
2.051,36.887503778672865
2.0566,37.00272314328093
2.0623,37.06033282558497
2.0676,36.9451134609769
2.0733,37.031527984432955
2.0789,37.06033282558497
2.0843,36.91630861982488
2.0899,37.031527984432955
2.0956,37.08913766673699
2.1012,36.91630861982488
2.1065,36.973918302128915
2.1122,37.08913766673699
2.1178,36.973918302128915
2.1234,36.9451134609769
2.1288,37.08913766673699
2.1344,37.031527984432955
2.14,36.9451134609769
2.1454,37.031527984432955
2.151,37.031527984432955
2.1566,36.91630861982488
2.1623,37.08913766673699
2.1676,37.00272314328093
2.1733,36.973918302128915
2.1789,37.117942507889005
2.1843,37.06033282558497
2.1899,36.91630861982488
2.1956,37.06033282558497
2.2009,37.00272314328093
2.2066,36.9451134609769
2.2122,37.06033282558497
2.2178,36.973918302128915
2.2232,37.00272314328093
2.2288,37.08913766673699
2.2344,36.973918302128915
2.2398,36.973918302128915
2.2455,37.117942507889005
2.2511,36.9451134609769
2.2567,36.973918302128915
2.2621,37.06033282558497
2.2677,37.031527984432955
2.2734,36.91630861982488
2.2787,37.031527984432955
2.2844,37.031527984432955
2.29,36.9451134609769
2.2954,36.973918302128915
2.301,37.08913766673699
2.3066,37.00272314328093
2.3123,36.91630861982488
2.3176,37.117942507889005
2.3233,37.031527984432955
2.3289,36.9451134609769
2.3343,37.06033282558497
2.3399,36.973918302128915
2.3455,36.91630861982488
2.3512,37.031527984432955
2.3565,37.00272314328093
2.3621,36.9451134609769
2.3678,37.031527984432955
2.3731,37.00272314328093
2.3788,36.91630861982488
2.3843,37.14674734904102
2.3899,37.00272314328093
2.3955,36.91630861982488
2.4012,37.06033282558497
2.4065,37.06033282558497
2.4121,36.91630861982488
2.4177,37.00272314328093
2.4234,37.06033282558497
2.4287,36.887503778672865
2.4344,37.00272314328093
2.4398,37.031527984432955
2.4454,36.91630861982488
2.451,36.973918302128915
2.4567,37.06033282558497
2.4623,36.973918302128915
2.4677,36.91630861982488
2.4733,37.06033282558497
2.4789,37.00272314328093
2.4843,36.91630861982488
2.49,37.031527984432955
2.4955,36.973918302128915
2.5011,37.00272314328093
2.5065,37.08913766673699
2.5121,37.00272314328093
2.5178,36.887503778672865
2.5231,37.00272314328093
2.5288,37.00272314328093
2.5344,36.887503778672865
2.54,37.00272314328093
2.5454,37.00272314328093
2.551,36.91630861982488
2.5566,37.06033282558497
2.5623,37.08913766673699
2.5676,36.9451134609769
2.5733,37.00272314328093
2.5789,37.08913766673699
2.5842,37.00272314328093
2.5899,36.9451134609769
2.5955,37.08913766673699
2.6011,36.9451134609769
2.6065,36.973918302128915
2.6121,37.08913766673699
2.6177,37.00272314328093
2.6233,36.887503778672865
2.629,37.06033282558497
2.6343,36.973918302128915
2.64,36.973918302128915
2.6456,37.031527984432955
2.6509,37.06033282558497
2.6566,36.9451134609769
2.6622,37.00272314328093
2.6676,37.117942507889005
2.6732,36.9451134609769
2.6789,37.031527984432955
2.6845,37.08913766673699
2.6898,36.973918302128915
2.6955,36.973918302128915
2.7011,37.117942507889005
2.7065,37.00272314328093
2.7121,36.9451134609769
2.7178,37.06033282558497
2.7234,37.06033282558497
2.7288,36.91630861982488
2.7344,37.031527984432955
2.7401,37.031527984432955
2.7454,36.91630861982488
2.7511,37.00272314328093
2.7567,37.08913766673699
2.7621,36.91630861982488
2.7677,37.00272314328093
2.7733,37.08913766673699
2.7787,36.85869893752084
2.7843,37.00272314328093
2.79,37.14674734904102
2.7956,37.00272314328093
2.801,37.00272314328093
2.8066,37.06033282558497
2.8122,37.00272314328093
2.8176,36.887503778672865
2.8233,37.14674734904102
2.8289,37.00272314328093
2.8343,36.973918302128915
2.8399,37.08913766673699
2.8455,37.031527984432955
2.8509,36.887503778672865
2.8566,37.031527984432955
2.8622,37.08913766673699
2.8678,36.91630861982488
2.8733,36.9451134609769
2.8789,37.14674734904102
2.8842,36.973918302128915
2.8899,36.91630861982488
2.8955,37.08913766673699
2.9012,36.973918302128915
2.9065,36.9451134609769
2.9122,37.031527984432955
2.9178,37.031527984432955
2.9232,36.887503778672865
2.9288,37.00272314328093
2.9344,37.117942507889005
2.9401,36.91630861982488
2.9455,36.973918302128915
2.9511,37.06033282558497
2.9565,36.9451134609769
2.9621,36.973918302128915
2.9678,37.08913766673699
2.9734,37.00272314328093
2.9788,36.91630861982488
2.9844,37.06033282558497
2.99,36.973918302128915
2.9954,36.9451134609769
3.001,37.06033282558497
3.0067,36.91630861982488
3.0121,36.91630861982488
3.0177,37.06033282558497
3.0233,37.00272314328093
3.0287,36.9451134609769
3.0343,37.06033282558497
3.04,37.06033282558497
3.0456,36.887503778672865
3.051,37.031527984432955
3.0566,37.031527984432955
3.0622,36.887503778672865
3.0676,37.031527984432955
3.0732,37.031527984432955
3.0789,36.91630861982488
3.0845,36.887503778672865
3.0898,37.08913766673699
3.0955,36.973918302128915
3.1011,36.91630861982488
3.1067,37.06033282558497
3.1121,37.031527984432955
3.1177,36.91630861982488
3.1234,37.08913766673699
3.1287,37.06033282558497
3.1344,36.973918302128915
3.14,37.00272314328093
3.1456,37.06033282558497
3.151,36.9451134609769
3.1567,36.91630861982488
3.162,37.117942507889005
3.1676,37.00272314328093
3.1733,36.9451134609769
3.1789,37.06033282558497
3.1843,37.08913766673699
3.1899,36.887503778672865
3.1956,37.00272314328093
3.2009,37.06033282558497
3.2066,36.91630861982488
3.2122,36.9451134609769
3.2178,37.117942507889005
3.2232,37.00272314328093
3.2289,36.91630861982488
3.2345,37.00272314328093
3.2399,37.031527984432955
3.2455,36.973918302128915
3.2511,36.973918302128915
3.2565,37.06033282558497
3.2621,36.973918302128915
3.2678,36.973918302128915
3.2731,37.06033282558497
3.2788,37.00272314328093
3.2844,36.85869893752084
3.29,37.06033282558497
3.2954,37.031527984432955
3.3011,36.887503778672865
3.3067,37.00272314328093
3.3121,37.117942507889005
3.3177,36.973918302128915
3.3233,36.887503778672865
3.3287,37.08913766673699
3.3344,36.973918302128915
3.34,36.887503778672865
3.3454,36.973918302128915
3.351,37.08913766673699
3.3566,36.9451134609769
3.3623,36.91630861982488
3.3676,37.08913766673699
3.3733,37.031527984432955
3.3789,36.973918302128915
3.3843,37.06033282558497
3.3899,37.031527984432955
3.3956,36.91630861982488
3.4009,36.973918302128915
3.4066,37.117942507889005
3.4122,37.00272314328093
3.4176,36.91630861982488
3.4232,37.08913766673699
3.4289,36.973918302128915
3.4345,36.91630861982488
3.4398,37.08913766673699
3.4455,36.973918302128915
3.4511,36.9451134609769
3.4565,37.08913766673699
3.4621,36.973918302128915
3.4678,36.91630861982488
3.4731,37.06033282558497
3.4788,36.973918302128915
3.4844,37.00272314328093
3.49,37.031527984432955
3.4954,36.91630861982488
3.501,37.00272314328093
3.5067,37.06033282558497
3.512,36.973918302128915
3.5177,37.00272314328093
3.5233,37.08913766673699
3.5289,36.91630861982488
3.5343,37.031527984432955
3.5399,37.031527984432955
3.5455,36.973918302128915
3.5509,37.08913766673699
3.5566,37.06033282558497
3.5622,36.91630861982488
3.5676,37.031527984432955
3.5732,37.031527984432955
3.5788,36.91630861982488
3.5844,37.06033282558497
3.5901,37.06033282558497
3.5954,36.887503778672865
3.6011,37.117942507889005
3.6067,37.00272314328093
3.6121,36.887503778672865
3.6177,37.031527984432955
3.6233,37.06033282558497
3.6287,36.887503778672865
3.6343,37.00272314328093
3.6399,37.08913766673699
3.6456,36.9451134609769
3.6509,37.031527984432955
3.6566,37.06033282558497
3.6622,36.973918302128915
3.6676,36.91630861982488
3.6732,37.08913766673699
3.6789,37.00272314328093
3.6842,36.9451134609769
3.6899,37.06033282558497
3.6955,37.06033282558497
3.7009,36.9451134609769
3.7065,37.00272314328093
3.7122,37.08913766673699
3.7178,36.887503778672865
3.7232,37.031527984432955
3.7288,37.117942507889005
3.7344,36.91630861982488
3.7398,36.973918302128915
3.7455,37.08913766673699
3.7511,36.973918302128915
3.7565,36.973918302128915
3.7621,37.117942507889005
3.7678,36.9451134609769
3.7731,36.9451134609769
3.7788,37.031527984432955
3.7844,37.00272314328093
3.7898,36.973918302128915
3.7954,37.06033282558497
3.8011,36.973918302128915
3.8067,36.973918302128915
3.8121,37.00272314328093
3.8177,37.031527984432955
3.8231,36.9451134609769
3.8287,37.117942507889005
3.8344,37.00272314328093
3.84,36.9451134609769
3.8454,37.08913766673699
3.851,36.973918302128915
3.8567,36.887503778672865
3.862,37.06033282558497
3.8677,37.06033282558497
3.8733,36.973918302128915
3.8789,37.06033282558497
3.8843,37.00272314328093
3.8899,36.887503778672865
3.8953,37.031527984432955
3.901,37.08913766673699
3.9066,36.887503778672865
3.9122,37.06033282558497
3.9176,37.06033282558497
3.9233,36.973918302128915
3.9289,36.9451134609769
3.9343,37.17555219019304
3.9399,37.031527984432955
3.9455,36.91630861982488
3.9509,37.031527984432955
3.9565,37.031527984432955
3.9622,36.9451134609769
3.9675,37.031527984432955
3.9732,37.00272314328093
3.9788,37.00272314328093
3.9844,37.031527984432955
3.9898,37.031527984432955
3.9954,36.887503778672865
4.0011,37.08913766673699
4.0065,37.031527984432955
4.0121,36.973918302128915
4.0176,37.06033282558497
4.0232,36.973918302128915
4.0288,36.91630861982488
4.0345,37.031527984432955
4.0398,37.031527984432955
4.0454,36.887503778672865
4.051,37.08913766673699
4.0566,37.031527984432955
4.062,36.91630861982488
4.0676,37.00272314328093
4.0732,37.06033282558497
4.0788,36.9451134609769
4.0842,36.973918302128915
4.0898,37.06033282558497
4.0955,36.973918302128915
4.101,37.00272314328093
4.1066,37.06033282558497
4.112,36.91630861982488
4.1176,37.00272314328093
4.1232,37.06033282558497
4.1288,36.9451134609769
4.1344,37.00272314328093
4.1398,37.117942507889005
4.1454,36.9451134609769
4.1511,36.9451134609769
4.1564,37.06033282558497
4.1621,37.031527984432955
4.1677,36.91630861982488
4.1734,37.00272314328093
4.1787,37.08913766673699
4.1844,36.85869893752084
4.19,36.91630861982488
4.1953,37.06033282558497
4.201,37.00272314328093
4.2066,36.887503778672865
4.212,37.06033282558497
4.2176,36.973918302128915
4.2233,36.887503778672865
4.2287,37.08913766673699
4.2343,37.06033282558497
4.24,36.91630861982488
4.2453,37.00272314328093
4.251,37.08913766673699
4.2566,36.9451134609769
4.262,36.973918302128915
4.2676,37.08913766673699
4.2732,36.973918302128915
4.2789,36.9451134609769
4.2842,37.117942507889005
4.2899,37.00272314328093
4.2955,36.91630861982488
4.3009,37.06033282558497
4.3065,37.08913766673699
4.3122,36.9451134609769
4.3175,37.06033282558497
4.3232,37.031527984432955
4.3288,36.91630861982488
4.3342,37.06033282558497
4.3398,37.08913766673699
4.3455,36.91630861982488
4.3508,36.9451134609769
4.3565,37.06033282558497
4.3621,36.973918302128915
4.3678,37.00272314328093
4.3731,37.00272314328093
4.3788,36.973918302128915
4.3844,37.06033282558497
4.3898,37.06033282558497
4.3954,36.973918302128915
4.401,37.00272314328093
4.4067,36.973918302128915
4.412,36.9451134609769
4.4177,37.00272314328093
4.423,37.08913766673699
4.4287,36.973918302128915
4.4343,36.91630861982488
4.44,37.117942507889005
4.4453,37.00272314328093
4.451,36.887503778672865
4.4566,37.08913766673699
4.462,37.06033282558497
4.4676,36.85869893752084
4.4733,37.00272314328093
4.4789,37.031527984432955
4.4843,36.9451134609769
4.4899,37.031527984432955
4.4953,37.031527984432955
4.5009,36.973918302128915
4.5065,36.973918302128915
4.5122,37.00272314328093
4.5175,36.9451134609769
4.5232,37.00272314328093
4.5288,37.00272314328093
4.5344,36.973918302128915
4.5398,37.031527984432955
4.5454,37.06033282558497
4.5511,36.91630861982488
4.5564,37.00272314328093
4.5621,37.08913766673699
4.5677,36.91630861982488
4.5733,37.00272314328093
4.5787,37.06033282558497
4.5842,36.9451134609769
4.5899,36.973918302128915
4.5955,37.117942507889005
4.6009,36.9451134609769
4.6065,36.973918302128915
4.6121,37.08913766673699
4.6177,36.973918302128915
4.6231,36.9451134609769
4.6287,37.08913766673699
4.6344,37.00272314328093
4.6397,36.91630861982488
4.6454,37.08913766673699
4.651,37.08913766673699
4.6566,36.887503778672865
4.662,36.973918302128915
4.6676,37.06033282558497
4.6733,36.973918302128915
4.6787,37.00272314328093
4.6843,37.117942507889005
4.6899,36.973918302128915
4.6955,36.91630861982488
4.7009,37.06033282558497
4.7065,37.00272314328093
4.7122,36.9451134609769
4.7175,37.08913766673699
4.7232,36.9451134609769
4.7289,36.9451134609769
4.7342,37.00272314328093
4.7399,37.08913766673699
4.7455,36.9451134609769
4.7509,37.00272314328093
4.7565,37.08913766673699
4.7622,36.91630861982488
4.7676,36.9451134609769
4.7732,37.06033282558497
4.7788,36.9451134609769
4.7842,37.00272314328093
4.7898,37.08913766673699
4.7955,37.031527984432955
4.8009,36.91630861982488
4.8065,37.08913766673699
4.8121,36.973918302128915
4.8175,36.9451134609769
4.8231,37.031527984432955
4.8288,37.08913766673699
4.8344,36.85869893752084
4.8398,37.031527984432955
4.8454,37.031527984432955
4.8511,36.85869893752084
4.8564,36.973918302128915
4.8621,37.031527984432955
4.8677,36.973918302128915
4.8731,36.9451134609769
4.8787,37.08913766673699
4.8844,36.973918302128915
4.8897,36.9451134609769
4.8954,37.06033282558497
4.901,36.973918302128915
4.9067,36.91630861982488
4.912,37.06033282558497
4.9177,37.00272314328093
4.9233,36.973918302128915
4.9287,37.06033282558497
4.9343,37.06033282558497
4.94,36.9451134609769
4.9456,37.06033282558497
4.9509,37.031527984432955
4.9566,36.9451134609769
4.9622,37.00272314328093
4.9676,37.06033282558497
4.9733,36.887503778672865
4.9789,36.973918302128915
4.9843,37.08913766673699
4.9899,37.00272314328093
4.9955,36.887503778672865
5.0009,37.06033282558497
5.0066,36.973918302128915
5.012,36.91630861982488
5.0176,37.08913766673699
5.0233,37.031527984432955
5.0289,36.9451134609769
5.0343,37.031527984432955
5.0399,37.06033282558497
5.0456,36.91630861982488
5.0509,36.973918302128915
5.0566,37.06033282558497
5.0622,36.973918302128915
5.0676,36.973918302128915
5.0732,37.08913766673699
5.0789,36.973918302128915
5.0842,36.973918302128915
5.0899,37.06033282558497
5.0955,36.973918302128915
5.1012,37.00272314328093
5.1065,37.08913766673699
5.1122,36.9451134609769
5.1178,36.9451134609769
5.1232,37.06033282558497
5.1288,36.9451134609769
5.1344,36.973918302128915
5.1401,37.14674734904102
5.1454,37.06033282558497
5.151,36.9451134609769
5.1567,37.00272314328093
5.162,37.00272314328093
5.1677,36.887503778672865
5.1733,37.06033282558497
5.1787,37.117942507889005
5.1843,36.887503778672865
5.19,37.031527984432955
5.1956,37.08913766673699
5.201,36.91630861982488
5.2066,37.00272314328093
5.2123,37.06033282558497
5.2176,36.91630861982488
5.2233,37.00272314328093
5.2289,37.031527984432955
5.2343,36.9451134609769
5.2399,36.9451134609769
5.2455,37.08913766673699
5.2509,36.9451134609769
5.2566,36.91630861982488
5.2622,37.06033282558497
5.2676,37.00272314328093
5.2732,36.91630861982488
5.2788,37.00272314328093
5.2845,37.06033282558497
5.2899,36.973918302128915
5.2955,36.887503778672865
5.3011,37.06033282558497
5.3065,37.031527984432955
5.3121,36.85869893752084
5.3178,37.117942507889005
5.3231,37.031527984432955
5.3288,36.887503778672865
5.3344,37.00272314328093
5.3398,37.08913766673699
5.3454,36.9451134609769
5.3511,37.031527984432955
5.3564,37.031527984432955
5.3621,36.887503778672865
5.3677,37.06033282558497
5.3734,37.06033282558497
5.3787,36.887503778672865
5.3844,37.031527984432955
5.39,37.08913766673699
5.3954,36.887503778672865
5.401,36.973918302128915
5.4067,37.031527984432955
5.412,36.9451134609769
5.4177,37.08913766673699
5.4233,37.08913766673699
5.4287,36.91630861982488
5.4343,37.06033282558497
5.4399,37.117942507889005
5.4456,36.9451134609769
5.4509,37.00272314328093
5.4566,37.117942507889005
5.4622,36.973918302128915
5.4676,36.91630861982488
5.4732,37.06033282558497
5.4788,37.00272314328093
5.4844,36.85869893752084
5.4898,37.14674734904102
5.4954,37.06033282558497
5.5011,36.91630861982488
5.5067,37.00272314328093
5.512,37.08913766673699
5.5176,36.973918302128915
5.5232,37.00272314328093
5.5289,37.08913766673699
5.5345,36.973918302128915
5.5398,37.00272314328093
5.5454,37.06033282558497
5.5511,37.031527984432955
5.5565,36.9451134609769
5.5621,37.08913766673699
5.5676,37.00272314328093
5.5732,36.887503778672865
5.5789,37.117942507889005
5.5842,37.031527984432955
5.5899,36.887503778672865
5.5954,37.031527984432955
5.601,37.06033282558497
5.6067,36.91630861982488
5.612,37.031527984432955
5.6177,37.06033282558497
5.6232,36.9451134609769
5.6288,36.973918302128915
5.6345,37.08913766673699
5.6398,36.973918302128915
5.6455,37.06033282558497
5.651,37.117942507889005
5.6566,36.973918302128915
5.6623,36.9451134609769
5.6676,37.06033282558497
5.6733,36.9451134609769
5.6788,36.9451134609769
5.6845,37.08913766673699
5.6898,37.00272314328093
5.6955,36.973918302128915
5.7011,37.06033282558497
5.7065,36.973918302128915
5.7121,36.91630861982488
5.7178,37.06033282558497
5.7231,37.031527984432955
5.7288,36.9451134609769
5.7344,37.06033282558497
5.7398,37.031527984432955
5.7454,36.9451134609769
5.7511,37.00272314328093
5.7567,37.06033282558497
5.7621,36.85869893752084
5.7677,37.00272314328093
5.7734,37.14674734904102
5.7787,36.973918302128915
5.7844,36.91630861982488
5.79,37.031527984432955
5.7954,37.031527984432955
5.801,36.973918302128915
5.8067,37.031527984432955
5.812,37.06033282558497
5.8177,36.91630861982488
5.8233,36.9451134609769
5.8287,37.117942507889005
5.8343,37.00272314328093
5.84,36.887503778672865
5.8456,37.08913766673699
5.851,37.00272314328093
5.8566,36.887503778672865
5.8622,37.06033282558497
5.8676,37.031527984432955
5.8732,36.9451134609769
5.8789,36.973918302128915
5.8842,37.08913766673699
5.8899,36.9451134609769
5.8955,36.91630861982488
5.9011,37.06033282558497
5.9065,37.00272314328093
5.9122,36.91630861982488
5.9178,37.06033282558497
5.9232,37.031527984432955
5.9288,36.887503778672865
5.9344,37.00272314328093
5.9398,37.08913766673699
5.9454,36.887503778672865
5.9511,37.06033282558497
5.9564,37.06033282558497
5.9621,36.973918302128915
5.9677,36.9451134609769
5.9733,37.031527984432955
5.9787,37.00272314328093
5.9843,36.9451134609769
5.99,37.117942507889005
5.9956,37.00272314328093
6.0009,36.91630861982488
6.0066,37.031527984432955
6.0122,37.06033282558497
6.0176,36.9451134609769
6.0232,37.00272314328093
6.0289,37.06033282558497
6.0342,36.91630861982488
6.0399,36.887503778672865
6.0455,37.117942507889005
6.0511,37.00272314328093
6.0565,36.9451134609769
6.0621,37.00272314328093
6.0678,37.06033282558497
6.0731,36.91630861982488
6.0788,37.08913766673699
6.0844,37.117942507889005
6.09,36.973918302128915
6.0954,36.973918302128915
6.101,37.117942507889005
6.1067,36.9451134609769
6.112,36.973918302128915
6.1177,37.08913766673699
6.1233,36.973918302128915
6.1287,36.91630861982488
6.1343,37.08913766673699
6.14,37.031527984432955
6.1453,36.91630861982488
6.151,37.06033282558497
6.1566,37.06033282558497
6.162,36.9451134609769
6.1676,36.973918302128915
6.1733,37.08913766673699
6.1789,36.9451134609769
6.1843,36.973918302128915
6.1899,37.117942507889005
6.1956,36.973918302128915
6.2009,36.9451134609769
6.2066,37.06033282558497
6.2122,37.00272314328093
6.2176,36.973918302128915
6.2232,37.031527984432955
6.2288,37.00272314328093
6.2342,36.91630861982488
6.2399,37.08913766673699
6.2455,37.00272314328093
6.2511,36.973918302128915
6.2565,37.031527984432955
6.2621,37.031527984432955
6.2675,36.91630861982488
6.2732,37.06033282558497
6.2788,37.00272314328093
6.2844,36.9451134609769
6.2898,37.031527984432955
6.2954,37.06033282558497
6.3011,36.91630861982488
6.3064,37.00272314328093
6.3121,37.031527984432955
6.3177,37.00272314328093
6.3233,36.91630861982488
6.3287,37.08913766673699
6.3344,37.031527984432955
6.3397,36.91630861982488
6.3454,37.06033282558497
6.351,37.06033282558497
6.3567,36.973918302128915
6.362,36.973918302128915
6.3677,37.06033282558497
6.3733,36.973918302128915
6.3787,36.9451134609769
6.3843,37.117942507889005
6.39,37.031527984432955
6.3953,36.9451134609769
6.401,37.031527984432955
6.4066,37.00272314328093
6.412,36.91630861982488
6.4176,37.08913766673699
6.4233,36.973918302128915
6.4289,36.91630861982488
6.4343,37.06033282558497
6.4399,37.06033282558497
6.4455,36.91630861982488
6.4509,37.031527984432955
6.4565,37.06033282558497
6.4622,36.9451134609769
6.4678,36.9451134609769
6.4731,37.06033282558497
6.4788,36.9451134609769
6.4844,36.91630861982488
6.4898,37.08913766673699
6.4954,37.031527984432955
6.501,36.91630861982488
6.5067,37.06033282558497
6.5121,37.031527984432955
6.5177,36.91630861982488
6.5233,37.08913766673699
6.5287,37.00272314328093
6.5343,36.9451134609769
6.5399,37.06033282558497
6.5453,37.031527984432955
6.551,36.80108925521681
6.5566,37.031527984432955
6.562,37.06033282558497
6.5676,36.9451134609769
6.5733,37.00272314328093
6.5786,37.06033282558497
6.5843,36.9451134609769
6.5899,36.973918302128915
6.5955,37.117942507889005
6.6009,37.00272314328093
6.6065,36.973918302128915
6.6122,37.06033282558497
6.6175,36.9451134609769
6.6232,36.9451134609769
6.6288,37.06033282558497
6.6345,37.00272314328093
6.6398,36.9451134609769
6.6454,37.08913766673699
6.6508,37.00272314328093
6.6565,36.973918302128915
6.6621,37.06033282558497
6.6677,37.031527984432955
6.6731,36.887503778672865
6.6787,37.00272314328093
6.6844,37.031527984432955
6.69,36.85869893752084
6.6954,37.06033282558497
6.701,37.031527984432955
6.7066,36.887503778672865
6.712,37.00272314328093
6.7177,37.06033282558497
6.723,36.9451134609769
6.7287,37.06033282558497
6.7343,37.14674734904102
6.74,36.9451134609769
6.7453,36.973918302128915
6.751,37.117942507889005
6.7566,36.973918302128915
6.762,36.9451134609769
6.7676,37.08913766673699
6.7732,37.06033282558497
6.7786,36.9451134609769
6.7842,37.00272314328093
6.7899,37.031527984432955
6.7955,36.91630861982488
6.8009,37.031527984432955
6.8065,37.06033282558497
6.8122,36.887503778672865
6.8178,37.031527984432955
6.8231,37.08913766673699
6.8288,36.9451134609769
6.8344,36.91630861982488
6.8398,37.117942507889005
6.8454,37.08913766673699
6.851,36.887503778672865
6.8564,36.91630861982488
6.862,37.031527984432955
6.8676,36.91630861982488
6.8733,36.9451134609769
6.8786,37.08913766673699
6.8843,36.9451134609769
6.8899,36.9451134609769
6.8955,37.06033282558497
6.9009,36.973918302128915
6.9065,36.9451134609769
6.9122,37.00272314328093
6.9175,37.06033282558497
6.9232,36.91630861982488
6.9288,37.06033282558497
6.9344,37.00272314328093
6.9398,36.91630861982488
6.9454,37.117942507889005
6.9511,37.031527984432955
6.9565,36.887503778672865
6.9621,37.06033282558497
6.9677,37.08913766673699
6.9731,36.91630861982488
6.9787,37.06033282558497
6.9844,37.031527984432955
6.9897,36.91630861982488
6.9953,37.00272314328093
7.001,37.031527984432955
7.0067,36.973918302128915
7.012,36.9451134609769
7.0177,37.08913766673699
7.0233,37.031527984432955
7.0287,36.9451134609769
7.0343,37.08913766673699
7.04,36.973918302128915
7.0453,37.00272314328093
7.051,37.06033282558497
7.0567,36.9451134609769
7.062,36.91630861982488
7.0677,37.031527984432955
7.0733,36.973918302128915
7.0786,36.9451134609769
7.0843,37.08913766673699
7.0899,37.031527984432955
7.0955,36.91630861982488
7.1009,37.08913766673699
7.1065,37.031527984432955
7.1122,36.9451134609769
7.1178,37.06033282558497
7.1231,37.14674734904102
7.1288,36.91630861982488
7.1344,37.00272314328093
7.1398,37.031527984432955
7.1453,36.9451134609769
7.151,36.9451134609769
7.1566,37.06033282558497
7.1622,37.031527984432955
7.1676,36.91630861982488
7.1731,37.031527984432955
7.1788,37.06033282558497
7.1844,36.887503778672865
7.19,37.00272314328093
7.1954,37.031527984432955
7.2009,36.9451134609769
7.2066,36.973918302128915
7.2122,37.117942507889005
7.2176,36.9451134609769
7.2232,37.031527984432955
7.2287,37.031527984432955
7.2344,36.887503778672865
7.24,37.00272314328093
7.2454,37.117942507889005
7.251,36.9451134609769
7.2566,36.9451134609769
7.2622,37.06033282558497
7.2676,37.00272314328093
7.2732,36.9451134609769
7.2788,37.06033282558497
7.2844,37.06033282558497
7.29,36.9451134609769
7.2954,37.06033282558497
7.301,37.06033282558497
7.3066,36.9451134609769
7.312,37.00272314328093
7.3176,37.117942507889005
7.3233,36.91630861982488
7.3289,36.9451134609769
7.3343,37.08913766673699
7.3399,37.06033282558497
7.3455,36.91630861982488
7.3509,37.031527984432955
7.3565,37.06033282558497
7.3622,36.91630861982488
7.3678,36.91630861982488
7.3732,37.08913766673699
7.3788,36.9451134609769
7.3844,36.91630861982488
7.3898,37.031527984432955
7.3954,36.973918302128915
7.401,36.9451134609769
7.4067,37.117942507889005
7.412,37.00272314328093
7.4177,36.85869893752084
7.4233,37.08913766673699
7.4289,37.031527984432955
7.4343,36.9451134609769
7.4399,37.08913766673699
7.4455,37.00272314328093
7.4512,36.887503778672865
7.4565,37.031527984432955
7.4621,37.06033282558497
7.4678,36.91630861982488
7.4731,37.00272314328093
7.4788,37.117942507889005
7.4844,36.91630861982488
7.49,37.00272314328093
7.4954,37.08913766673699
7.501,36.973918302128915
7.5067,36.973918302128915
7.5121,37.08913766673699
7.5177,36.973918302128915
7.5233,36.9451134609769
7.5287,37.06033282558497
7.5343,37.00272314328093
7.5399,36.91630861982488
7.5456,37.06033282558497
7.5509,36.973918302128915
7.5566,36.887503778672865
7.5622,37.031527984432955
7.5676,36.973918302128915
7.5732,36.887503778672865
7.5789,37.00272314328093
7.5842,37.06033282558497
7.5899,36.9451134609769
7.5955,37.00272314328093
7.6011,37.117942507889005
7.6067,36.973918302128915
7.6121,36.91630861982488
7.6177,36.743479572912776
7.6233,37.00272314328093
7.6287,36.91630861982488
7.6343,37.031527984432955
7.6399,37.06033282558497
7.6456,36.887503778672865
7.651,36.973918302128915
7.6566,37.06033282558497
7.6622,36.91630861982488
7.6676,37.00272314328093
7.6732,37.08913766673699
7.6789,36.91630861982488
7.6842,37.00272314328093
7.6898,37.06033282558497
7.6955,36.973918302128915
7.7011,36.973918302128915
7.7065,37.06033282558497
7.7121,36.91630861982488
7.7178,36.973918302128915
7.7231,37.08913766673699
7.7288,37.00272314328093
7.7344,36.887503778672865
7.7401,37.06033282558497
7.7454,37.08913766673699
7.7511,36.887503778672865
7.7567,37.031527984432955
7.7621,37.06033282558497
7.7677,36.9451134609769
7.7733,37.00272314328093
7.7787,37.06033282558497
7.7844,36.91630861982488
7.79,36.973918302128915
7.7953,37.08913766673699
7.801,36.973918302128915
7.8066,37.00272314328093
7.8123,37.08913766673699
7.8176,36.973918302128915
7.8232,36.973918302128915
7.8289,37.031527984432955
7.8342,36.973918302128915
7.8399,36.9451134609769
7.8455,37.08913766673699
7.8511,36.973918302128915
7.8565,36.91630861982488
7.8621,37.06033282558497
7.8678,37.031527984432955
7.8734,36.887503778672865
7.8788,37.06033282558497
7.8844,37.031527984432955
7.89,36.887503778672865
7.8954,37.06033282558497
7.9011,37.031527984432955
7.9067,36.9451134609769
7.9121,37.06033282558497
7.9177,37.031527984432955
7.9234,36.91630861982488
7.9287,37.031527984432955
7.9344,37.06033282558497
7.94,36.91630861982488
7.9454,37.06033282558497
7.9511,36.973918302128915
7.9567,36.85869893752084
7.962,37.06033282558497
7.9677,37.06033282558497
7.9733,36.91630861982488
7.9787,37.031527984432955
7.9843,37.031527984432955
7.99,37.00272314328093
7.9956,36.91630861982488
8.0009,37.031527984432955
8.0066,37.00272314328093
8.0123,36.887503778672865
8.0176,37.06033282558497
8.0231,37.031527984432955
8.0287,36.9451134609769
8.0344,37.00272314328093
8.04,37.06033282558497
8.0453,36.887503778672865
8.051,37.031527984432955
8.0566,37.08913766673699
8.0622,36.9451134609769
8.0676,37.031527984432955
8.0732,37.08913766673699
8.0789,36.91630861982488
8.0845,36.973918302128915
8.0898,37.06033282558497
8.0953,36.973918302128915
8.101,36.9451134609769
8.1066,37.08913766673699
8.1122,37.031527984432955
8.1176,36.9451134609769
8.1232,37.031527984432955
8.1287,37.031527984432955
8.1343,36.973918302128915
8.1399,36.973918302128915
8.1453,37.06033282558497
8.151,36.9451134609769
8.1566,36.9451134609769
8.1622,37.117942507889005
8.1676,36.973918302128915
8.1732,36.91630861982488
8.1787,37.06033282558497
8.1843,37.031527984432955
8.19,36.887503778672865
8.1954,37.08913766673699
8.201,37.031527984432955
8.2066,36.91630861982488
8.212,37.031527984432955
8.2177,37.031527984432955
8.2233,36.9451134609769
8.2287,37.00272314328093
8.2343,37.06033282558497
8.24,36.9451134609769
8.2454,36.91630861982488
8.251,37.08913766673699
8.2566,37.031527984432955
8.262,36.91630861982488
8.2676,37.031527984432955
8.2733,37.117942507889005
8.2787,36.91630861982488
8.2844,36.9451134609769
8.29,37.117942507889005
8.2954,37.00272314328093
8.301,36.9451134609769
8.3066,37.08913766673699
8.312,37.06033282558497
8.3177,36.887503778672865
8.3233,37.00272314328093
8.3287,37.08913766673699
8.3344,36.887503778672865
8.34,36.9451134609769
8.3454,37.06033282558497
8.351,36.973918302128915
8.3566,36.91630861982488
8.362,37.08913766673699
8.3676,37.00272314328093
8.3733,36.887503778672865
8.3787,37.08913766673699
8.3843,37.031527984432955
8.3899,36.91630861982488
8.3954,37.00272314328093
8.401,37.06033282558497
8.4067,36.91630861982488
8.412,36.973918302128915
8.4177,37.08913766673699
8.4233,36.973918302128915
8.4286,36.9451134609769
8.4343,37.06033282558497
8.4399,37.00272314328093
8.4454,36.91630861982488
8.451,37.031527984432955
8.4567,37.08913766673699
8.462,36.887503778672865
8.4677,37.031527984432955
8.4733,37.06033282558497
8.4786,36.9451134609769
8.4843,37.031527984432955
8.4899,37.08913766673699
8.4954,36.9451134609769
8.501,37.031527984432955
8.5067,37.08913766673699
8.512,36.887503778672865
8.5177,36.973918302128915
8.5233,37.08913766673699
8.5287,37.00272314328093
8.5343,36.9451134609769
8.5399,37.08913766673699
8.5454,37.031527984432955
8.5511,36.887503778672865
8.5567,37.08913766673699
8.5621,37.06033282558497
8.5677,36.887503778672865
8.5733,37.031527984432955
8.5787,37.117942507889005
8.5843,36.887503778672865
8.59,36.9451134609769
8.5954,37.08913766673699
8.601,36.973918302128915
8.6066,36.9451134609769
8.6121,37.08913766673699
8.6178,37.00272314328093
8.6231,36.9451134609769
8.6288,37.117942507889005
8.6344,37.00272314328093
8.6398,36.9451134609769
8.6454,37.06033282558497
8.651,37.08913766673699
8.6567,36.91630861982488
8.662,36.973918302128915
8.6675,37.08913766673699
8.6732,36.9451134609769
8.6788,36.9451134609769
8.6844,37.031527984432955
8.6898,37.031527984432955
8.6953,36.91630861982488
8.701,37.06033282558497
8.7066,37.031527984432955
8.712,36.9451134609769
8.7176,37.06033282558497
8.7231,37.031527984432955
8.7288,36.91630861982488
8.7344,37.031527984432955
8.7398,37.08913766673699
8.7454,36.887503778672865
8.7509,37.00272314328093
8.7566,37.117942507889005
8.7621,37.00272314328093
8.7678,36.9451134609769
8.7731,37.06033282558497
8.7787,37.00272314328093
8.7844,36.973918302128915
8.79,37.06033282558497
8.7954,37.031527984432955
8.801,36.9451134609769
8.8065,37.00272314328093
8.8121,37.031527984432955
8.8178,36.91630861982488
8.8231,37.06033282558497
8.8288,37.08913766673699
8.8343,36.9451134609769
8.84,37.00272314328093
8.8453,37.08913766673699
8.851,37.00272314328093
8.8566,36.887503778672865
8.8622,37.08913766673699
8.8678,37.031527984432955
8.8731,36.91630861982488
8.8788,37.06033282558497
8.8844,37.06033282558497
8.8898,36.91630861982488
8.8954,37.00272314328093
8.901,37.06033282558497
8.9067,36.973918302128915
8.912,37.00272314328093
8.9176,37.06033282558497
8.9233,36.9451134609769
8.9286,36.9451134609769
8.9343,37.031527984432955
8.9399,36.9451134609769
8.9455,36.9451134609769
8.9511,37.06033282558497
8.9565,37.031527984432955
8.9621,36.91630861982488
8.9677,37.06033282558497
8.9733,37.06033282558497
8.9787,36.91630861982488
8.9843,37.031527984432955
8.9899,37.08913766673699
8.9955,36.9451134609769
9.0009,36.9451134609769
9.0065,37.08913766673699
9.0122,37.031527984432955
9.0177,36.91630861982488
9.0231,37.06033282558497
9.0287,37.00272314328093
9.0343,36.91630861982488
9.0399,37.00272314328093
9.0453,37.08913766673699
9.0509,36.887503778672865
9.0566,37.031527984432955
9.0622,37.06033282558497
9.0675,36.887503778672865
9.0731,36.9451134609769
9.0788,37.117942507889005
9.0844,37.031527984432955
9.0897,36.85869893752084
9.0954,37.031527984432955
9.101,37.117942507889005
9.1066,36.9451134609769
9.1119,36.9451134609769
9.1176,37.08913766673699
9.1232,37.00272314328093
9.1288,36.85869893752084
9.1342,37.06033282558497
9.1398,37.06033282558497
9.1454,36.887503778672865
9.151,37.00272314328093
9.1564,37.031527984432955
9.162,36.887503778672865
9.1677,37.08913766673699
9.1733,37.08913766673699
9.1789,36.91630861982488
9.1842,37.00272314328093
9.1898,37.117942507889005
9.1955,36.9451134609769
9.2011,36.9451134609769
9.2065,37.117942507889005
9.2121,37.00272314328093
9.2177,36.973918302128915
9.2233,37.06033282558497
9.2287,37.031527984432955
9.2343,36.85869893752084
9.2399,37.06033282558497
9.2455,37.031527984432955
9.2509,36.887503778672865
9.2565,37.00272314328093
9.2621,37.117942507889005
9.2677,36.9451134609769
9.2731,36.9451134609769
9.2787,37.06033282558497
9.2843,36.9451134609769
9.29,36.9451134609769
9.2953,37.031527984432955
9.3009,36.973918302128915
9.3066,37.00272314328093
9.3122,37.117942507889005
9.3176,37.00272314328093
9.3232,36.9451134609769
9.3288,37.117942507889005
9.3344,37.00272314328093
9.3398,37.031527984432955
9.3454,37.06033282558497
9.351,36.973918302128915
9.3567,36.973918302128915
9.362,37.00272314328093
9.3676,37.08913766673699
9.3732,36.9451134609769
9.3789,37.117942507889005
9.3842,37.031527984432955
9.3899,36.9451134609769
9.3955,37.00272314328093
9.4008,37.06033282558497
9.4065,36.91630861982488
9.4121,36.973918302128915
9.4177,37.17555219019304
9.4233,36.973918302128915
9.4287,36.9451134609769
9.4343,37.06033282558497
9.44,37.08913766673699
9.4453,36.887503778672865
9.451,37.031527984432955
9.4566,37.08913766673699
9.4622,36.887503778672865
9.4676,37.031527984432955
9.4732,37.08913766673699
9.4788,36.91630861982488
9.4844,36.91630861982488
9.4898,37.08913766673699
9.4954,36.973918302128915
9.501,36.9451134609769
9.5064,37.08913766673699
9.512,37.031527984432955
9.5176,36.887503778672865
9.5233,37.08913766673699
9.5286,37.06033282558497
9.5342,36.91630861982488
9.5399,37.031527984432955
9.5455,37.08913766673699
9.5511,36.91630861982488
9.5565,36.973918302128915
9.5621,37.08913766673699
9.5677,36.9451134609769
9.5733,37.00272314328093
9.5787,37.06033282558497
9.5843,36.91630861982488
9.5899,37.00272314328093
9.5956,37.031527984432955
9.6009,36.973918302128915
9.6065,36.85869893752084
9.6122,37.117942507889005
9.6175,37.031527984432955
9.6232,36.9451134609769
9.6288,37.06033282558497
9.6344,37.00272314328093
9.6398,36.829894096368825
9.6454,37.00272314328093
9.651,37.08913766673699
9.6566,36.91630861982488
9.662,37.06033282558497
9.6676,37.06033282558497
9.6733,36.9451134609769
9.6789,36.973918302128915
9.6842,37.06033282558497
9.6899,36.9451134609769
9.6955,37.00272314328093
9.7011,37.08913766673699
9.7065,36.9451134609769
9.7121,36.9451134609769
9.7177,37.06033282558497
9.7233,37.00272314328093
9.7287,36.91630861982488
9.7343,37.08913766673699
9.7399,37.06033282558497
9.7455,36.9451134609769
9.7509,37.031527984432955
9.7565,37.00272314328093
9.7621,36.9451134609769
9.7678,37.06033282558497
9.7731,37.06033282558497
9.7788,36.9451134609769
9.7844,37.00272314328093
9.79,37.06033282558497
9.7954,36.887503778672865
9.801,37.00272314328093
9.8066,37.06033282558497
9.812,36.9451134609769
9.8176,37.00272314328093
9.8232,37.06033282558497
9.8289,36.9451134609769
9.8342,37.031527984432955
9.8398,37.08913766673699
9.8455,36.91630861982488
9.8511,36.91630861982488
9.8564,37.08913766673699
9.862,36.973918302128915
9.8676,36.9451134609769
9.8732,37.031527984432955
9.8789,37.00272314328093
9.8842,36.887503778672865
9.8898,37.031527984432955
9.8954,37.08913766673699
9.9011,37.00272314328093
9.9067,37.00272314328093
9.912,37.117942507889005
9.9177,36.9451134609769
9.9233,36.91630861982488
9.9287,37.06033282558497
9.9343,36.91630861982488
9.9399,36.9451134609769
9.9455,37.08913766673699
9.9508,37.031527984432955
9.9565,36.91630861982488
9.9621,37.06033282558497
9.9677,37.14674734904102
9.9734,36.9451134609769
9.9787,37.06033282558497
9.9843,37.117942507889005
9.99,36.91630861982488
9.9956,36.9451134609769
10.0009,37.08913766673699
10.0066,37.031527984432955
10.0122,36.91630861982488
10.0176,37.08913766673699
10.0232,37.00272314328093
10.0288,36.91630861982488
10.0342,37.031527984432955
10.0398,37.00272314328093
10.0454,36.91630861982488
10.051,37.00272314328093
10.0567,36.9451134609769
10.062,36.85869893752084
10.0676,37.06033282558497
10.0732,37.031527984432955
10.0788,36.91630861982488
10.0842,37.06033282558497
10.0898,37.08913766673699
10.0954,36.887503778672865
10.101,37.00272314328093
10.1067,37.14674734904102
10.112,36.9451134609769
10.1176,36.973918302128915
10.1232,37.08913766673699
10.1289,37.00272314328093
10.1342,36.973918302128915
10.1399,37.06033282558497
10.1455,37.00272314328093
10.1511,36.887503778672865
10.1564,37.06033282558497
10.1621,37.08913766673699
10.1677,37.00272314328093
10.1731,36.973918302128915
10.1787,37.08913766673699
10.1843,36.9451134609769
10.1899,36.9451134609769
10.1953,37.031527984432955
10.2009,37.00272314328093
10.2066,37.031527984432955
10.2122,37.08913766673699
10.2175,36.9451134609769
10.2232,36.887503778672865
10.2288,37.14674734904102
10.2344,36.973918302128915
10.2398,36.91630861982488
10.2454,37.031527984432955
10.251,37.00272314328093
10.2566,36.91630861982488
10.262,36.973918302128915
10.2676,37.06033282558497
10.2733,36.973918302128915
10.2789,36.9451134609769
10.2842,37.06033282558497
10.2899,37.031527984432955
10.2955,36.9451134609769
10.3009,37.06033282558497
10.3065,37.00272314328093
10.3121,36.9451134609769
10.3178,37.06033282558497
10.3231,37.031527984432955
10.3287,36.9451134609769
10.3343,37.031527984432955
10.3399,37.06033282558497
10.3453,36.91630861982488
10.3509,37.08913766673699
10.3565,37.031527984432955
10.3621,36.9451134609769
10.3678,36.973918302128915
10.3731,37.06033282558497
10.3788,36.973918302128915
10.3843,36.973918302128915
10.3899,37.14674734904102
10.3953,36.973918302128915
10.4009,36.9451134609769
10.4066,37.06033282558497
10.4121,37.031527984432955
10.4177,36.9451134609769
10.4231,37.08913766673699
10.4288,37.06033282558497
10.4344,36.9451134609769
10.4399,37.00272314328093
10.4456,37.08913766673699
10.4509,36.91630861982488
10.4565,36.973918302128915
10.4622,37.117942507889005
10.4677,36.973918302128915
10.4731,36.91630861982488
10.4787,37.00272314328093
10.4843,37.06033282558497
10.49,36.829894096368825
10.4953,37.06033282558497
10.5009,37.08913766673699
10.5066,36.9451134609769
10.5122,37.00272314328093
10.5175,37.00272314328093
10.5232,36.9451134609769
10.5288,37.00272314328093
10.5344,37.06033282558497
10.5398,36.9451134609769
10.5454,37.031527984432955
10.551,37.06033282558497
10.5566,36.9451134609769
10.562,36.973918302128915
10.5676,37.031527984432955
10.5732,36.9451134609769
10.5788,37.00272314328093
10.5842,37.06033282558497
10.5899,36.973918302128915
10.5955,36.9451134609769
10.6008,37.06033282558497
10.6065,36.9451134609769
10.6121,36.91630861982488
10.6178,37.08913766673699
10.6231,37.06033282558497
10.6287,36.91630861982488
10.6344,37.00272314328093
10.64,37.08913766673699
10.6453,36.9451134609769
10.651,36.973918302128915
10.6566,37.117942507889005
10.6622,36.887503778672865
10.6676,36.973918302128915
10.6732,37.117942507889005
10.6788,36.973918302128915
10.6842,36.973918302128915
10.6898,37.117942507889005
10.6954,37.00272314328093
10.7011,36.91630861982488
10.7064,37.031527984432955
10.7121,37.031527984432955
10.7177,36.91630861982488
10.7233,37.031527984432955
10.7287,37.06033282558497
10.7343,36.9451134609769
10.7399,36.973918302128915
10.7453,37.06033282558497
10.7509,37.06033282558497
10.7565,36.9451134609769
10.7622,37.031527984432955
10.7675,37.06033282558497
10.7731,36.887503778672865
10.7788,37.031527984432955
10.7844,37.06033282558497
10.79,36.91630861982488
10.7954,36.91630861982488
10.801,37.08913766673699
10.8067,37.031527984432955
10.812,36.887503778672865
10.8176,37.031527984432955
10.8233,37.06033282558497
10.8286,36.973918302128915
10.8343,37.031527984432955
10.8399,37.06033282558497
10.8455,36.85869893752084
10.8509,36.9451134609769
10.8565,37.117942507889005
10.8621,37.00272314328093
10.8675,36.973918302128915
10.8732,37.06033282558497
10.8788,36.91630861982488
10.8844,36.973918302128915
10.8898,37.06033282558497
10.8954,37.031527984432955
10.901,36.9451134609769
10.9066,37.06033282558497
10.912,37.00272314328093
10.9176,36.973918302128915
10.9232,37.031527984432955
10.9289,37.031527984432955
10.9342,36.91630861982488
10.9399,37.00272314328093
10.9455,37.06033282558497
10.9508,36.91630861982488
10.9565,36.9451134609769
10.9621,37.08913766673699
10.9677,37.00272314328093
10.9731,36.887503778672865
10.9787,37.08913766673699
10.9843,37.08913766673699
10.9899,36.91630861982488
10.9953,37.031527984432955
11.0009,37.031527984432955
11.0066,36.9451134609769
11.0122,36.973918302128915
11.0176,37.08913766673699
11.0232,36.973918302128915
11.0288,36.91630861982488
11.0344,37.117942507889005
11.0398,37.031527984432955
11.0454,36.91630861982488
11.051,37.08913766673699
11.0566,37.06033282558497
11.062,36.91630861982488
11.0676,37.06033282558497
11.0733,37.08913766673699
11.0786,36.91630861982488
11.0843,37.00272314328093
11.0899,37.06033282558497
11.0955,36.9451134609769
11.1011,36.973918302128915
11.1065,37.08913766673699
11.1121,36.9451134609769
11.1177,36.973918302128915
11.1231,37.06033282558497
11.1287,37.00272314328093
11.1343,36.887503778672865
11.14,37.031527984432955
11.1453,37.06033282558497
11.1509,36.9451134609769
11.1566,36.973918302128915
11.1622,37.06033282558497
11.1675,36.9451134609769
11.1732,36.973918302128915
11.1788,37.08913766673699
11.1844,36.91630861982488
11.1898,37.00272314328093
11.1954,37.031527984432955
11.201,36.9451134609769
11.2066,37.00272314328093
11.212,37.031527984432955
11.2176,36.9451134609769
11.2232,36.9451134609769
11.2289,37.08913766673699
11.2342,36.973918302128915
11.2398,36.91630861982488
11.2455,37.06033282558497
11.2511,37.031527984432955
11.2564,36.887503778672865
11.262,37.06033282558497
11.2677,37.06033282558497
11.2733,36.887503778672865
11.2786,36.973918302128915
11.2843,37.08913766673699
11.2899,36.91630861982488
11.2952,36.973918302128915
11.3009,37.08913766673699
11.3065,37.00272314328093
11.3121,36.9451134609769
11.3178,37.06033282558497
11.3231,36.973918302128915
11.3287,36.9451134609769
11.3343,37.08913766673699
11.34,37.00272314328093
11.3453,36.91630861982488
11.3509,37.117942507889005
11.3565,36.973918302128915
11.3622,36.973918302128915
11.3675,37.117942507889005
11.3732,37.031527984432955
11.3788,36.887503778672865
11.3844,37.031527984432955
11.3898,37.031527984432955
11.3954,36.973918302128915
11.401,37.06033282558497
11.4064,37.08913766673699
11.412,36.887503778672865
11.4176,36.973918302128915
11.4232,37.08913766673699
11.4286,36.887503778672865
11.4342,37.00272314328093
11.4398,37.117942507889005
11.4455,36.973918302128915
11.4511,36.91630861982488
11.4564,37.14674734904102
11.4621,37.031527984432955
11.4677,36.887503778672865
11.4733,37.00272314328093
11.4787,37.08913766673699
11.4843,36.973918302128915
11.4899,37.00272314328093
11.4955,37.117942507889005
11.5009,36.973918302128915
11.5065,36.91630861982488
11.5121,37.06033282558497
11.5175,37.06033282558497
11.5231,36.887503778672865
11.5287,36.973918302128915
11.5344,37.06033282558497
11.5397,36.91630861982488
11.5454,36.9451134609769
11.551,37.14674734904102
11.5566,36.973918302128915
11.562,36.91630861982488
11.5676,37.031527984432955
11.5732,37.031527984432955
11.5788,36.887503778672865
11.5842,36.9451134609769
11.5898,37.06033282558497
11.5955,36.9451134609769
11.6011,36.887503778672865
11.6064,37.08913766673699
11.6121,37.117942507889005
11.6177,36.973918302128915
11.6233,36.85869893752084
11.6286,37.06033282558497
11.6343,36.973918302128915
11.6399,36.9451134609769
11.6455,37.08913766673699
11.6509,37.14674734904102
11.6565,36.9451134609769
11.6621,36.91630861982488
11.6678,37.117942507889005
11.6731,37.06033282558497
11.6787,36.887503778672865
11.6844,37.031527984432955
11.69,37.117942507889005
11.6953,36.973918302128915
11.701,37.06033282558497
11.7066,37.06033282558497
11.712,36.91630861982488
11.7176,37.00272314328093
11.7232,37.08913766673699
11.7288,36.9451134609769
11.7342,36.973918302128915
11.7398,37.06033282558497
11.7455,37.00272314328093
11.7511,36.91630861982488
11.7564,37.06033282558497
11.7621,37.00272314328093
11.7677,36.887503778672865
11.7733,37.08913766673699
11.7787,37.06033282558497
11.7843,36.887503778672865
11.7899,37.031527984432955
11.7953,37.031527984432955
11.8009,36.9451134609769
11.8065,37.031527984432955
11.8122,37.117942507889005
11.8175,36.973918302128915
11.8231,36.973918302128915
11.8288,37.08913766673699
11.8344,36.973918302128915
11.8397,37.00272314328093
11.8453,37.06033282558497
11.8509,36.973918302128915
11.8565,36.9451134609769
11.8621,37.06033282558497
11.8677,36.973918302128915
11.8731,36.887503778672865
11.8787,37.08913766673699
11.8843,37.031527984432955
11.8899,36.91630861982488
11.8955,37.06033282558497
11.9009,37.06033282558497
11.9065,36.9451134609769
11.9121,37.06033282558497
11.9178,37.031527984432955
11.9231,36.91630861982488
11.9287,37.00272314328093
11.9343,36.973918302128915
11.9399,36.973918302128915
11.9455,36.91630861982488
11.9509,37.08913766673699
11.9565,37.00272314328093
11.9621,36.9451134609769
11.9677,37.00272314328093
11.9731,37.117942507889005
11.9787,36.91630861982488
11.9843,36.9451134609769
11.9899,37.06033282558497
11.9955,36.9451134609769
12.0009,36.9451134609769
12.0065,37.08913766673699
12.0121,37.00272314328093
12.0177,36.887503778672865
12.0233,37.031527984432955
12.0287,37.031527984432955
12.0343,36.9451134609769
12.0399,37.031527984432955
12.0453,37.031527984432955
12.0509,36.887503778672865
12.0565,36.973918302128915
12.0621,37.031527984432955
12.0677,36.973918302128915
12.0731,37.031527984432955
12.0787,36.9451134609769
12.0843,37.00272314328093
12.09,37.031527984432955
12.0953,37.00272314328093
12.1009,36.91630861982488
12.1066,37.031527984432955
12.1122,37.06033282558497
12.1176,36.91630861982488
12.1232,36.973918302128915
12.1288,37.14674734904102
12.1344,36.973918302128915
12.1398,37.00272314328093
12.1454,37.117942507889005
12.151,37.06033282558497
12.1566,36.91630861982488
12.162,37.08913766673699
12.1676,37.031527984432955
12.1732,36.91630861982488
12.1789,37.031527984432955
12.1842,37.06033282558497
12.1898,36.973918302128915
12.1955,36.973918302128915
12.2011,37.08913766673699
12.2065,37.00272314328093
12.2121,36.887503778672865
12.2177,37.08913766673699
12.223,37.06033282558497
12.2287,36.91630861982488
12.2343,37.06033282558497
12.2399,37.08913766673699
12.2455,36.91630861982488
12.2508,37.031527984432955
12.2565,37.06033282558497
12.2621,36.9451134609769
12.2677,36.9451134609769
12.2731,37.117942507889005
12.2787,36.973918302128915
12.2843,37.00272314328093
12.29,37.06033282558497
12.2953,37.00272314328093
12.301,36.91630861982488
12.3066,37.08913766673699
12.3122,37.031527984432955
12.3176,36.91630861982488
12.3232,37.031527984432955
12.3288,37.06033282558497
12.3342,36.91630861982488
12.3398,37.00272314328093
12.3454,37.14674734904102
12.3511,36.91630861982488
12.3564,36.9451134609769
12.362,37.117942507889005
12.3677,36.973918302128915
12.3733,36.91630861982488
12.3787,37.08913766673699
12.3843,37.031527984432955
12.3899,36.85869893752084
12.3953,37.117942507889005
12.4009,37.06033282558497
12.4066,36.973918302128915
12.4122,36.973918302128915
12.4176,37.06033282558497
12.4232,36.887503778672865
12.4288,36.973918302128915
12.4344,37.08913766673699
12.4398,36.9451134609769
12.4454,36.887503778672865
12.451,37.08913766673699
12.4567,37.00272314328093
12.462,36.9451134609769
12.4676,37.06033282558497
12.4733,37.031527984432955
12.4786,36.887503778672865
12.4843,37.00272314328093
12.4899,37.117942507889005
12.4955,36.91630861982488
12.5009,36.973918302128915
12.5066,37.117942507889005
12.5122,36.91630861982488
12.5175,37.00272314328093
12.5232,37.06033282558497
12.5288,37.00272314328093
12.5344,36.887503778672865
12.5397,37.031527984432955
12.5454,37.06033282558497
12.551,36.887503778672865
12.5566,37.00272314328093
12.562,37.06033282558497
12.5676,36.9451134609769
12.5732,36.9451134609769
12.5788,37.06033282558497
12.5844,37.00272314328093
12.5898,36.91630861982488
12.5954,37.06033282558497
12.6011,37.031527984432955
12.6067,36.91630861982488
12.612,37.06033282558497
12.6177,37.06033282558497
12.6233,36.91630861982488
12.6287,36.91630861982488
12.6344,37.08913766673699
12.64,36.887503778672865
12.6453,37.00272314328093
12.651,37.06033282558497
12.6566,36.9451134609769
12.6622,36.973918302128915
12.6676,37.06033282558497
12.6732,37.08913766673699
12.6788,36.887503778672865
12.6844,37.06033282558497
12.6898,37.06033282558497
12.6954,36.9451134609769
12.701,36.973918302128915
12.7066,37.08913766673699
12.712,36.91630861982488
12.7176,37.00272314328093
12.7233,37.06033282558497
12.7286,37.031527984432955
12.7343,36.91630861982488
12.7399,37.06033282558497
12.7455,37.031527984432955
12.7509,36.9451134609769
12.7565,37.117942507889005
12.7621,37.06033282558497
12.7677,36.9451134609769
12.7731,37.00272314328093
12.7787,37.08913766673699
12.7843,36.91630861982488
12.79,36.91630861982488
12.7953,37.117942507889005
12.8009,36.973918302128915
12.8066,36.973918302128915
12.8122,37.031527984432955
12.8175,36.973918302128915
12.8232,36.9451134609769
12.8288,37.08913766673699
12.8344,37.031527984432955
12.8397,36.887503778672865
12.8454,36.973918302128915
12.851,37.117942507889005
12.8566,36.9451134609769
12.862,36.973918302128915
12.8676,37.031527984432955
12.8733,36.973918302128915
12.8789,37.00272314328093
12.8843,37.08913766673699
12.8899,36.9451134609769
12.8955,37.00272314328093
12.9009,37.117942507889005
12.9065,36.973918302128915
12.9121,36.973918302128915
12.9177,37.06033282558497
12.923,37.031527984432955
12.9287,36.85869893752084
12.9343,37.08913766673699
12.9399,37.031527984432955
12.9453,36.887503778672865
12.9509,37.00272314328093
12.9565,37.08913766673699
12.9621,36.9451134609769
12.9678,37.00272314328093
12.9731,37.117942507889005
12.9787,36.973918302128915
12.9844,36.973918302128915
12.99,37.031527984432955
12.9953,37.00272314328093
13.001,36.973918302128915
13.0066,37.08913766673699
13.0122,37.08913766673699
13.0176,36.887503778672865
13.0232,36.973918302128915
13.0288,37.08913766673699
13.0344,36.9451134609769
13.0398,36.9451134609769
13.0454,37.08913766673699
13.051,36.91630861982488
13.0567,36.829894096368825
13.062,37.117942507889005
13.0676,37.08913766673699
13.0733,36.91630861982488
13.0786,36.973918302128915
13.0843,37.08913766673699
13.0899,36.973918302128915
13.0955,36.887503778672865
13.1011,37.06033282558497
13.1065,37.00272314328093
13.1121,36.9451134609769
13.1177,37.031527984432955
13.1233,37.06033282558497
13.1287,36.973918302128915
13.1343,37.031527984432955
13.14,37.08913766673699
13.1453,36.91630861982488
13.151,37.00272314328093
13.1566,37.08913766673699
13.162,36.973918302128915
13.1676,36.85869893752084
13.1732,37.06033282558497
13.1788,37.06033282558497
13.1844,36.9451134609769
13.1898,37.00272314328093
13.1954,37.14674734904102
13.2011,36.9451134609769
13.2067,36.9451134609769
13.212,37.031527984432955
13.2176,36.973918302128915
13.2233,36.91630861982488
13.2289,37.08913766673699
13.2342,36.9451134609769
13.2398,37.031527984432955
13.2455,37.14674734904102
13.2511,36.973918302128915
13.2564,36.9451134609769
13.2621,37.031527984432955
13.2677,36.973918302128915
13.2733,36.973918302128915
13.2787,37.08913766673699
13.2843,37.031527984432955
13.2899,36.91630861982488
13.2953,37.031527984432955
13.3009,37.06033282558497
13.3066,36.91630861982488
13.3122,37.06033282558497
13.3176,37.06033282558497
13.3232,36.887503778672865
13.3288,36.9451134609769
13.3342,37.08913766673699
13.3398,37.00272314328093
13.3454,36.9451134609769
13.3511,37.06033282558497
13.3564,37.117942507889005
13.362,36.9451134609769
13.3677,36.973918302128915
13.3733,37.08913766673699
13.3786,36.973918302128915
13.3842,36.973918302128915
13.3899,37.08913766673699
13.3955,37.00272314328093
13.4011,36.91630861982488
13.4065,37.031527984432955
13.4121,37.00272314328093
13.4177,36.9451134609769
13.4233,37.031527984432955
13.4287,37.06033282558497
13.4343,36.9451134609769
13.4399,37.031527984432955
13.4455,37.06033282558497
13.4508,36.9451134609769
13.4564,37.031527984432955
13.462,37.031527984432955
13.4676,36.9451134609769
13.4733,36.91630861982488
13.4786,37.117942507889005
13.4842,37.031527984432955
13.4898,36.9451134609769
13.4955,36.973918302128915
13.5011,37.00272314328093
13.5064,36.9451134609769
13.512,37.08913766673699
13.5176,36.973918302128915
13.5232,36.9451134609769
13.5289,37.031527984432955
13.5342,37.00272314328093
13.5398,36.91630861982488
13.5454,37.031527984432955
13.5511,37.031527984432955
13.5564,36.91630861982488
13.562,37.031527984432955
13.5676,37.00272314328093
13.5732,36.9451134609769
13.5789,37.06033282558497
13.5842,37.00272314328093
13.5898,36.9451134609769
13.5954,37.031527984432955
13.6011,37.08913766673699
13.6064,36.85869893752084
13.612,36.973918302128915
13.6177,37.08913766673699
13.6232,37.031527984432955
13.6289,36.973918302128915
13.6342,37.117942507889005
13.6398,36.973918302128915
13.6455,36.973918302128915
13.651,37.08913766673699
13.6564,36.973918302128915
13.662,36.829894096368825
13.6676,37.00272314328093
13.6732,37.031527984432955
13.6786,36.91630861982488
13.6842,36.973918302128915
13.6898,37.06033282558497
13.6955,36.9451134609769
13.7011,36.9451134609769
13.7064,37.117942507889005
13.7121,36.9451134609769
13.7177,36.9451134609769
13.7233,37.117942507889005
13.7287,37.00272314328093
13.7343,36.91630861982488
13.7399,37.117942507889005
13.7453,36.973918302128915
13.7509,36.9451134609769
13.7565,37.06033282558497
13.7622,36.973918302128915
13.7675,36.85869893752084
13.7731,37.08913766673699
13.7788,37.00272314328093
13.7844,36.91630861982488
13.7898,37.08913766673699
13.7954,37.031527984432955
13.801,36.91630861982488
13.8066,37.08913766673699
13.812,37.117942507889005
13.8176,36.9451134609769
13.8233,36.9451134609769
13.8286,37.06033282558497
13.8342,36.9451134609769
13.8399,36.973918302128915
13.8455,37.117942507889005
13.8508,37.031527984432955
13.8565,36.973918302128915
13.8621,37.06033282558497
13.8677,36.973918302128915
13.873,36.91630861982488
13.8787,37.031527984432955
13.8843,37.031527984432955
13.8899,36.9451134609769
13.8953,37.06033282558497
13.9009,37.031527984432955
13.9065,36.9451134609769
13.9122,37.08913766673699
13.9175,37.00272314328093
13.9232,36.91630861982488
13.9288,37.031527984432955
13.9344,37.08913766673699
13.9398,36.9451134609769
13.9454,36.973918302128915
13.951,37.031527984432955
13.9564,36.973918302128915
13.962,36.9451134609769
13.9676,37.08913766673699
13.9733,37.00272314328093
13.9786,36.85869893752084
13.9842,37.117942507889005
13.9899,37.06033282558497
13.9955,36.85869893752084
14.0011,37.00272314328093
14.0065,37.08913766673699
14.0121,36.973918302128915
14.0177,36.973918302128915
14.0231,37.031527984432955
14.0287,36.91630861982488
14.0344,36.973918302128915
14.04,37.117942507889005
14.0453,37.031527984432955
14.051,36.91630861982488
14.0566,37.08913766673699
14.0622,37.031527984432955
14.0676,36.9451134609769
14.0732,37.00272314328093
14.0788,37.031527984432955
14.0844,36.91630861982488
14.0898,37.06033282558497
14.0954,37.06033282558497
14.101,36.9451134609769
14.1067,36.973918302128915
14.112,37.14674734904102
14.1176,37.031527984432955
14.1233,36.887503778672865
14.1289,37.06033282558497
14.1342,37.00272314328093
14.1399,36.887503778672865
14.1455,37.08913766673699
14.1508,37.031527984432955
14.1565,36.9451134609769
14.1621,37.00272314328093
14.1677,37.117942507889005
14.1731,36.9451134609769
14.1787,36.973918302128915
14.1843,37.08913766673699
14.1899,36.9451134609769
14.1955,37.00272314328093
14.2009,37.00272314328093
14.2065,36.91630861982488
14.2121,37.00272314328093
14.2178,37.00272314328093
14.2231,36.973918302128915
14.2287,37.06033282558497
14.2344,36.973918302128915
14.24,36.9451134609769
14.2453,37.06033282558497
14.2509,37.00272314328093
14.2566,36.9451134609769
14.2622,37.08913766673699
14.2675,36.9451134609769
14.2732,36.9451134609769
14.2788,37.08913766673699
14.2844,37.031527984432955
14.2898,36.9451134609769
14.2954,37.06033282558497
14.301,37.00272314328093
14.3064,36.91630861982488
14.312,37.117942507889005
14.3176,36.973918302128915
14.3233,36.91630861982488
14.3289,37.06033282558497
14.3342,37.08913766673699
14.3399,36.9451134609769
14.3455,36.91630861982488
14.3508,37.08913766673699
14.3565,36.9451134609769
14.3621,36.9451134609769
14.3677,37.08913766673699
14.3733,36.973918302128915
14.3787,36.9451134609769
14.3843,37.08913766673699
14.39,36.973918302128915
14.3953,36.887503778672865
14.401,37.08913766673699
14.4066,37.031527984432955
14.412,36.85869893752084
14.4176,37.06033282558497
14.4232,37.031527984432955
14.4289,36.91630861982488
14.4342,37.00272314328093
14.4398,37.031527984432955
14.4455,36.91630861982488
14.4511,36.973918302128915
14.4564,37.08913766673699
14.4621,36.887503778672865
14.4677,36.9451134609769
14.4733,37.08913766673699
14.4787,36.973918302128915
14.4843,36.91630861982488
14.4899,37.117942507889005
14.4955,37.00272314328093
14.5009,36.91630861982488
14.5065,37.117942507889005
14.5121,37.06033282558497
14.5178,36.91630861982488
14.5231,36.973918302128915
14.5287,37.031527984432955
14.5344,36.973918302128915
14.54,37.031527984432955
14.5454,37.031527984432955
14.551,36.973918302128915
14.5566,37.06033282558497
14.5622,37.031527984432955
14.5676,36.91630861982488
14.5732,36.973918302128915
14.5788,37.08913766673699
14.5842,36.91630861982488
14.5898,37.00272314328093
14.5955,37.08913766673699
14.6011,36.9451134609769
14.6065,36.9451134609769
14.6121,37.14674734904102
14.6177,37.00272314328093
14.6233,36.91630861982488
14.6287,37.06033282558497
14.6343,37.117942507889005
14.6399,36.91630861982488
14.6456,36.9451134609769
14.6509,37.14674734904102
14.6566,37.00272314328093
14.6622,36.91630861982488
14.6676,37.06033282558497
14.6732,37.08913766673699
14.6788,36.887503778672865
14.6842,37.00272314328093
14.6898,37.08913766673699
14.6955,36.973918302128915
14.7011,36.91630861982488
14.7067,37.00272314328093
14.712,37.08913766673699
14.7177,36.887503778672865
14.7233,36.973918302128915
14.7289,37.06033282558497
14.7342,37.00272314328093
14.7399,36.91630861982488
14.7455,37.06033282558497
14.7511,37.00272314328093
14.7565,36.887503778672865
14.7621,37.031527984432955
14.7677,37.06033282558497
14.7733,36.91630861982488
14.7787,36.973918302128915
14.7843,37.06033282558497
14.7899,36.887503778672865
14.7953,37.00272314328093
14.8009,37.06033282558497
14.8065,36.973918302128915
14.8122,36.973918302128915
14.8175,37.031527984432955
14.8232,37.00272314328093
14.8288,36.9451134609769
14.8344,37.08913766673699
14.8398,37.031527984432955
14.8454,36.887503778672865
14.851,37.06033282558497
14.8567,37.08913766673699
14.862,36.887503778672865
14.8676,36.973918302128915
14.8733,37.08913766673699
14.8786,36.973918302128915
14.8843,36.91630861982488
14.8899,37.08913766673699
14.8955,37.06033282558497
14.9011,36.887503778672865
14.9065,37.00272314328093
14.9121,37.117942507889005
14.9177,36.91630861982488
14.9233,37.031527984432955
14.9287,37.14674734904102
14.9343,36.91630861982488
14.9399,36.9451134609769
14.9455,37.117942507889005
14.9509,36.973918302128915
14.9565,36.887503778672865
14.9621,37.08913766673699
14.9678,37.06033282558497
14.9731,36.9451134609769
14.9788,36.9451134609769
14.9844,37.08913766673699
14.9897,36.9451134609769
14.9954,36.973918302128915
15.001,37.06033282558497
15.0066,36.91630861982488
15.012,37.00272314328093
15.0176,37.06033282558497
15.0233,36.9451134609769
15.0289,36.9451134609769
15.0342,37.08913766673699
15.0398,36.973918302128915
15.0455,36.973918302128915
15.0511,37.14674734904102
15.0564,37.00272314328093
15.062,36.9451134609769
15.0676,37.117942507889005
15.0733,37.06033282558497
15.0789,36.9451134609769
15.0842,37.031527984432955
15.0898,37.08913766673699
15.0955,36.973918302128915
15.1011,36.9451134609769
15.1064,37.08913766673699
15.1121,37.00272314328093
15.1176,36.887503778672865
15.1232,37.031527984432955
15.1286,36.973918302128915
15.1342,36.887503778672865
15.1399,37.06033282558497
15.1454,36.973918302128915
15.1511,36.85869893752084
15.1564,37.06033282558497
15.162,37.06033282558497
15.1676,36.9451134609769
15.1733,37.031527984432955
15.1789,37.031527984432955
15.1842,36.887503778672865
15.1899,37.08913766673699
15.1955,37.031527984432955
15.2009,36.91630861982488
15.2065,37.06033282558497
15.2121,37.08913766673699
15.2178,36.887503778672865
15.2232,36.9451134609769
15.2288,37.08913766673699
15.2344,36.91630861982488
15.2398,36.973918302128915
15.2454,37.08913766673699
15.251,36.9451134609769
15.2567,36.91630861982488
15.262,37.06033282558497
15.2676,37.031527984432955
15.2733,36.9451134609769
15.2789,37.031527984432955
15.2843,36.9451134609769
15.2899,36.973918302128915
15.2955,37.031527984432955
15.3011,36.973918302128915
15.3065,36.9451134609769
15.3121,37.06033282558497
15.3177,37.00272314328093
15.3231,36.887503778672865
15.3287,37.031527984432955
15.3343,37.06033282558497
15.34,36.887503778672865
15.3453,37.06033282558497
15.351,37.06033282558497
15.3566,36.91630861982488
15.3622,37.06033282558497
15.3675,37.06033282558497
15.3732,36.887503778672865
15.3788,37.031527984432955
15.3844,37.08913766673699
15.3898,36.9451134609769
15.3954,37.031527984432955
15.4011,37.08913766673699
15.4064,36.9451134609769
15.4121,37.00272314328093
15.4177,37.08913766673699
15.4233,37.00272314328093
15.4287,36.9451134609769
15.4343,37.08913766673699
15.4399,37.00272314328093
15.4455,36.91630861982488
15.4509,37.031527984432955
15.4565,37.00272314328093
15.4621,36.91630861982488
15.4677,37.031527984432955
15.4731,37.031527984432955
15.4787,36.887503778672865
15.4844,37.00272314328093
15.4897,37.117942507889005
15.4953,37.00272314328093
15.501,37.00272314328093
15.5066,37.08913766673699
15.5122,36.91630861982488
15.5176,36.973918302128915
15.5232,37.117942507889005
15.5288,37.06033282558497
15.5342,36.91630861982488
15.5398,37.031527984432955
15.5455,37.06033282558497
15.5511,36.91630861982488
15.5564,37.06033282558497
15.5621,37.06033282558497
15.5677,36.973918302128915
15.573,36.9451134609769
15.5787,37.06033282558497
15.5843,36.973918302128915
15.5899,36.91630861982488
15.5956,37.117942507889005
15.6009,37.00272314328093
15.6065,36.887503778672865
15.6121,37.06033282558497
15.6178,37.031527984432955
15.6231,36.91630861982488
15.6287,37.00272314328093
15.6344,37.08913766673699
15.64,36.973918302128915
15.6453,36.9451134609769
15.651,37.031527984432955
15.6566,36.9451134609769
15.6619,36.887503778672865
15.6676,37.06033282558497
15.6732,37.031527984432955
15.6788,36.91630861982488
15.6842,37.031527984432955
15.6898,37.06033282558497
15.6954,36.9451134609769
15.7011,36.973918302128915
15.7064,37.08913766673699
15.7121,36.887503778672865
15.7177,37.031527984432955
15.7231,37.08913766673699
15.7287,36.91630861982488
15.7343,37.00272314328093
15.7399,37.06033282558497
15.7453,36.973918302128915
15.7509,36.973918302128915
15.7566,37.06033282558497
15.7619,36.973918302128915
15.7676,36.9451134609769
15.7732,36.973918302128915
15.7788,36.887503778672865
15.7842,37.00272314328093
15.7899,37.031527984432955
15.7955,36.973918302128915
15.8009,37.06033282558497
15.8065,37.031527984432955
15.8121,36.9451134609769
15.8175,36.973918302128915
15.8231,37.06033282558497
15.8288,36.9451134609769
15.8344,37.031527984432955
15.8398,37.08913766673699
15.8454,37.031527984432955
15.851,37.00272314328093
15.8567,37.06033282558497
15.862,36.973918302128915
15.8676,36.973918302128915
15.8732,37.117942507889005
15.8788,37.00272314328093
15.8842,36.91630861982488
