Experiment: Feb_24_Turb_expt vial 0, Wed Feb 24 18:13:41 2021
0.0013,25864
0.0067,25891
0.0121,25919
0.0177,25929
0.0233,25943
0.0287,25954
0.0343,25973
0.04,25992
0.0456,26010
0.051,26010
0.0566,26036
0.0622,26036
0.0676,26053
0.0732,26066
0.0789,26076
0.0845,26097
0.0899,26100
0.0955,26114
0.1011,26128
0.1065,26137
0.1121,26147
0.1177,26164
0.1234,26166
0.1288,26159
0.1344,26181
0.14,26169
0.1454,26185
0.151,26201
0.1567,26200
0.162,26209
0.1677,26186
0.1733,26200
0.1789,26171
0.1843,26194
0.1899,26203
0.1955,26205
0.2012,26151
0.2065,26204
0.2122,26206
0.2178,26199
0.2232,26201
0.2288,26203
0.2344,26196
0.2401,26213
0.2454,26214
0.2511,26214
0.2567,26209
0.2621,26204
0.2677,26205
0.2733,26214
0.2787,26202
0.2844,26204
0.29,26203
0.2956,26207
0.301,26205
0.3066,26198
0.3123,26188
0.3176,26208
0.3233,26200
0.3289,26188
0.3343,26189
0.3399,26197
0.3456,26200
0.3509,26198
0.3566,26200
0.3622,26199
0.3676,26201
0.3732,26204
0.3789,26201
0.3845,26199
0.3899,26207
0.3955,26199
0.4011,26194
0.4065,26193
0.4121,26197
0.4178,26184
0.4231,26188
0.4288,26193
0.4345,26195
0.4398,26173
0.4454,26209
0.4511,26202
0.4567,26196
0.4621,26188
0.4677,26191
0.4733,26199
0.4787,26196
0.4843,26199
0.49,26196
0.4953,26200
0.501,26201
0.5066,26188
0.5122,26189
0.5176,26197
0.5232,26193
0.5289,26185
0.5345,26199
0.5399,26191
0.5455,26202
0.5512,26204
0.5565,26194
0.5622,26195
0.5678,26192
0.5732,26207
0.5788,26197
0.5844,26195
0.59,26199
0.5954,26192
0.601,26194
0.6067,26195
0.6121,26196
0.6177,26198
0.6233,26197
0.6289,26199
0.6343,26196
0.6399,26198
0.6456,26185
0.6509,26195
0.6565,26197
0.6622,26206
0.6678,26197
0.6732,26192
0.6788,26191
0.6844,26198
0.6898,26188
0.6954,26193
0.7011,26197
0.7067,26204
0.712,26192
0.7177,26203
0.7233,26201
0.7289,26197
0.7343,26198
0.7399,26199
0.7456,26196
0.7509,26203
0.7566,26191
0.7622,26197
0.7678,26196
0.7732,26193
0.7789,26200
0.7842,26211
0.7899,26212
0.7955,26205
0.8012,26205
0.8065,26200
0.8121,26202
0.8177,26198
0.8234,26204
0.8287,26202
0.8343,26203
0.8399,26213
0.8456,26204
0.8512,26198
0.8566,26198
0.8621,26216
0.8677,26206
0.8734,26207
0.8787,26213
0.8844,26219
0.8899,26219
0.8955,26213
0.9012,26208
0.9065,26209
0.9122,26214
0.9177,26221
0.9233,26197
0.9287,26198
0.9343,26205
0.94,26201
0.9455,26202
0.9511,26218
0.9565,26219
0.9622,26220
0.9678,26220
0.9732,26213
0.9788,26217
0.9844,26215
0.9898,26217
0.9954,26207
1.0067,26209
1.0121,26205
1.0177,26212
1.0234,26200
1.0287,26207
1.0344,26208
1.04,26204
1.0456,26210
1.051,26199
1.0566,26212
1.0622,26199
1.0676,26205
1.0732,26204
1.0788,26216
1.0842,26213
1.0898,26218
1.0955,26207
1.1011,26220
1.1065,26216
1.1121,26221
1.1178,26226
1.1231,26222
1.1288,26214
1.1344,26212
1.14,26217
1.1454,26218
1.151,26225
1.1566,26215
1.1623,26220
1.1676,26225
1.1733,26230
1.1789,26212
1.1842,26222
1.1899,26210
1.1955,26231
1.2011,26222
1.2065,26221
1.2122,26222
1.2178,26217
1.2231,26222
1.2288,26220
1.2344,26221
1.2398,26214
1.2454,26205
1.2511,26213
1.2567,26208
1.2621,26211
1.2677,26215
1.2734,26213
1.2787,26206
1.2844,26205
1.29,26208
1.2954,26212
1.301,26194
1.3067,26208
1.3121,26203
1.3177,26213
1.3234,26201
1.3287,26206
1.3343,26210
1.34,26217
1.3456,26216
1.351,26209
1.3566,26218
1.3622,26217
1.3676,26208
1.3732,26206
1.3789,26210
1.3845,26218
1.3899,26212
1.3955,26208
1.4011,26214
1.4065,26211
1.4121,26217
1.4178,26213
1.4234,26216
1.4288,26205
1.4344,26213
1.44,26213
1.4454,26208
1.451,26212
1.4567,26212
1.462,26213
1.4677,26209
1.4733,26212
1.4787,26202
1.4844,26218
1.49,26214
1.4954,26209
1.501,26216
1.5067,26213
1.5123,26212
1.5177,26221
1.5233,26213
1.5287,26208
1.5343,26210
1.54,26217
1.5454,26213
1.551,26211
1.5566,26220
1.562,26218
1.5676,26205
1.5733,26210
1.5789,26211
1.5843,26216
1.5899,26205
1.5955,26207
1.6012,26212
1.6065,26206
1.6121,26212
1.6178,26210
1.6231,26214
1.6288,26206
1.6344,26208
1.64,26204
1.6457,26209
1.651,26210
1.6566,26212
1.6622,26223
1.6676,26214
1.6732,26213
1.6788,26217
1.6845,26210
1.6898,26211
1.6954,26201
1.7011,26226
1.7067,26226
1.7121,26222
1.7177,26218
1.7233,26210
1.729,26205
1.7343,26209
1.7399,26217
1.7456,26207
1.7509,26210
1.7566,26207
1.7622,26200
1.7676,26196
1.7732,26205
1.7788,26204
1.7845,26195
1.7898,26209
1.7955,26214
1.8011,26218
1.8065,26221
1.8121,26220
1.8178,26219
1.8234,26223
1.8288,26220
1.8344,26212
1.84,26215
1.8454,26210
1.851,26212
1.8567,26222
1.862,26216
1.8677,26221
1.8733,26216
1.8787,26221
1.8843,26205
1.89,26205
1.8956,26220
1.901,26208
1.9066,26205
1.9122,26221
1.9176,26207
1.9232,26208
1.9289,26215
1.9343,26212
1.9399,26202
1.9455,26204
1.9512,26206
1.9565,26194
1.9622,26191
1.9678,26194
1.9732,26198
1.9788,26193
1.9844,26188
1.9898,26195
1.9955,26192
2.0065,26198
2.0122,26189
2.0178,26187
2.0231,26195
2.0288,26185
2.0344,26180
2.04,26194
2.0454,26185
2.051,26188
2.0566,26190
2.0623,26184
2.0676,26180
2.0733,26185
2.0789,26181
2.0843,26188
2.0899,26186
2.0956,26187
2.1012,26191
2.1065,26188
2.1122,26184
2.1178,26188
2.1234,26185
2.1288,26188
2.1344,26189
2.14,26177
2.1454,26180
2.151,26178
2.1566,26176
2.1623,26180
2.1676,26183
2.1733,26181
2.1789,26180
2.1843,26177
2.1899,26184
2.1956,26179
2.2009,26170
2.2066,26171
2.2122,26184
2.2178,26175
2.2232,26185
2.2288,26184
2.2344,26177
2.2398,26179
2.2455,26177
2.2511,26181
2.2567,26182
2.2621,26185
2.2677,26181
2.2734,26177
2.2787,26177
2.2844,26184
2.29,26182
2.2954,26184
2.301,26181
2.3066,26179
2.3123,26184
2.3176,26181
2.3233,26177
2.3289,26180
2.3343,26180
2.3399,26183
2.3455,26185
2.3512,26183
2.3565,26185
2.3621,26179
2.3678,26176
2.3731,26181
2.3788,26175
2.3843,26173
2.3899,26183
2.3955,26176
2.4012,26172
2.4065,26179
2.4121,26178
2.4177,26179
2.4234,26172
2.4287,26181
2.4344,26178
2.4398,26180
2.4454,26182
2.451,26184
2.4567,26176
2.4623,26170
2.4677,26171
2.4733,26180
2.4789,26176
2.4843,26184
2.49,26187
2.4955,26179
2.5011,26178
2.5065,26184
2.5121,26188
2.5178,26189
2.5231,26186
2.5288,26186
2.5344,26186
2.54,26182
2.5454,26183
2.551,26187
2.5566,26186
2.5623,26185
2.5676,26186
2.5733,26187
2.5789,26182
2.5842,26193
2.5899,26191
2.5955,26190
2.6011,26178
2.6065,26187
2.6121,26196
2.6177,26182
2.6233,26185
2.629,26189
2.6343,26191
2.64,26183
2.6456,26189
2.6509,26189
2.6566,26196
2.6622,26184
2.6676,26185
2.6732,26186
2.6789,26192
2.6845,26180
2.6898,26186
2.6955,26186
2.7011,26188
2.7065,26193
2.7121,26192
2.7178,26186
2.7234,26191
2.7288,26197
2.7344,26195
2.7401,26193
2.7454,26187
2.7511,26197
2.7567,26182
2.7621,26190
2.7677,26190
2.7733,26190
2.7787,26193
2.7843,26191
2.79,26189
2.7956,26194
2.801,26187
2.8066,26188
2.8122,26187
2.8176,26184
2.8233,26182
2.8289,26186
2.8343,26188
2.8399,26182
2.8455,26183
2.8509,26185
2.8566,26189
2.8622,26182
2.8678,26184
2.8733,26191
2.8789,26185
2.8842,26175
2.8899,26181
2.8955,26178
2.9012,26187
2.9065,26187
2.9122,26182
2.9178,26186
2.9232,26193
2.9288,26175
2.9344,26183
2.9401,26186
2.9455,26185
2.9511,26183
2.9565,26177
2.9621,26177
2.9678,26175
2.9734,26171
2.9788,26172
2.9844,26170
2.99,26169
2.9954,26176
3.001,26178
3.0067,26166
3.0121,26173
3.0177,26168
3.0233,26170
3.0287,26168
3.0343,26169
3.04,26171
3.0456,26167
3.051,26165
3.0566,26159
3.0622,26170
3.0676,26163
3.0732,26162
3.0789,26168
3.0845,26163
3.0898,26159
3.0955,26165
3.1011,26166
3.1067,26170
3.1121,26160
3.1177,26167
3.1234,26155
3.1287,26158
3.1344,26162
3.14,26164
3.1456,26150
3.151,26150
3.1567,26157
3.162,26154
3.1676,26155
3.1733,26156
3.1789,26159
3.1843,26166
3.1899,26163
3.1956,26180
3.2009,26161
3.2066,26168
3.2122,26168
3.2178,26165
3.2232,26161
3.2289,26172
3.2345,26167
3.2399,26182
3.2455,26189
3.2511,26187
3.2565,26182
3.2621,26188
3.2678,26175
3.2731,26186
3.2788,26188
3.2844,26184
3.29,26181
3.2954,26187
3.3011,26185
3.3067,26191
3.3121,26187
3.3177,26190
3.3233,26184
3.3287,26191
3.3344,26190
3.34,26188
3.3454,26189
3.351,26198
3.3566,26193
3.3623,26196
3.3676,26185
3.3733,26195
3.3789,26198
3.3843,26203
3.3899,26199
3.3956,26193
3.4009,26185
3.4066,26194
3.4122,26193
3.4176,26194
3.4232,26201
3.4289,26192
3.4345,26195
3.4398,26189
3.4455,26195
3.4511,26202
3.4565,26198
3.4621,26203
3.4678,26186
3.4731,26196
3.4788,26201
3.4844,26196
3.49,26200
3.4954,26194
3.501,26188
3.5067,26189
3.512,26199
3.5177,26186
3.5233,26199
3.5289,26197
3.5343,26194
3.5399,26192
3.5455,26199
3.5509,26191
3.5566,26202
3.5622,26206
3.5676,26206
3.5732,26198
3.5788,26210
3.5844,26201
3.5901,26195
3.5954,26205
3.6011,26209
3.6067,26199
3.6121,26193
3.6177,26196
3.6233,26194
3.6287,26200
3.6343,26193
3.6399,26196
3.6456,26204
3.6509,26207
3.6566,26211
3.6622,26206
3.6676,26201
3.6732,26204
3.6789,26212
3.6842,26200
3.6899,26203
3.6955,26208
3.7009,26203
3.7065,26207
3.7122,26192
3.7178,26202
3.7232,26201
3.7288,26203
3.7344,26195
3.7398,26199
3.7455,26195
3.7511,26184
3.7565,26200
3.7621,26196
3.7678,26194
3.7731,26203
3.7788,26195
3.7844,26194
3.7898,26188
3.7954,26199
3.8011,26189
3.8067,26195
3.8121,26195
3.8177,26193
3.8231,26193
3.8287,26200
3.8344,26193
3.84,26191
3.8454,26197
3.851,26180
3.8567,26196
3.862,26199
3.8677,26198
3.8733,26208
3.8789,26215
3.8843,26212
3.8899,26210
3.8953,26200
3.901,26208
3.9066,26216
3.9122,26199
3.9176,26202
3.9233,26208
3.9289,26213
3.9343,26211
3.9399,26207
3.9455,26200
3.9509,26206
3.9565,26199
3.9622,26194
3.9675,26199
3.9732,26201
3.9788,26197
3.9844,26190
3.9898,26199
3.9954,26201
4.0011,26202
4.0065,26201
4.0121,26198
4.0176,26195
4.0232,26199
4.0288,26193
4.0345,26199
4.0398,26209
4.0454,26203
4.051,26210
4.0566,26205
4.062,26206
4.0676,26200
4.0732,26195
4.0788,26203
4.0842,26194
4.0898,26197
4.0955,26202
4.101,26196
4.1066,26199
4.112,26200
4.1176,26197
4.1232,26205
4.1288,26203
4.1344,26207
4.1398,26205
4.1454,26205
4.1511,26206
4.1564,26203
4.1621,26198
4.1677,26197
4.1734,26214
4.1787,26210
4.1844,26207
4.19,26208
4.1953,26204
4.201,26200
4.2066,26194
4.212,26201
4.2176,26198
4.2233,26189
4.2287,26194
4.2343,26195
4.24,26200
4.2453,26195
4.251,26198
4.2566,26192
4.262,26192
4.2676,26193
4.2732,26190
4.2789,26194
4.2842,26193
4.2899,26191
4.2955,26189
4.3009,26187
4.3065,26183
4.3122,26190
4.3175,26184
4.3232,26185
4.3288,26189
4.3342,26182
4.3398,26179
4.3455,26181
4.3508,26185
4.3565,26183
4.3621,26177
4.3678,26180
4.3731,26180
4.3788,26185
4.3844,26184
4.3898,26181
4.3954,26189
4.401,26181
4.4067,26176
4.412,26178
4.4177,26186
4.423,26174
4.4287,26174
4.4343,26185
4.44,26180
4.4453,26176
4.451,26184
4.4566,26176
4.462,26176
4.4676,26177
4.4733,26177
4.4789,26176
4.4843,26181
4.4899,26171
4.4953,26178
4.5009,26169
4.5065,26173
4.5122,26178
4.5175,26178
4.5232,26171
4.5288,26174
4.5344,26176
4.5398,26176
4.5454,26176
4.5511,26178
4.5564,26177
4.5621,26178
4.5677,26174
4.5733,26187
4.5787,26184
4.5842,26183
4.5899,26182
4.5955,26180
4.6009,26180
4.6065,26185
4.6121,26186
4.6177,26185
4.6231,26177
4.6287,26175
4.6344,26180
4.6397,26183
4.6454,26170
4.651,26173
4.6566,26182
4.662,26172
4.6676,26170
4.6733,26174
4.6787,26178
4.6843,26171
4.6899,26168
4.6955,26179
4.7009,26170
4.7065,26165
4.7122,26169
4.7175,26164
4.7232,26163
4.7289,26173
4.7342,26164
4.7399,26158
4.7455,26172
4.7509,26155
4.7565,26165
4.7622,26169
4.7676,26166
4.7732,26165
4.7788,26170
4.7842,26166
4.7898,26170
4.7955,26169
4.8009,26167
4.8065,26164
4.8121,26170
4.8175,26173
4.8231,26169
4.8288,26170
4.8344,26179
4.8398,26176
4.8454,26171
4.8511,26175
4.8564,26169
4.8621,26170
4.8677,26173
4.8731,26170
4.8787,26169
4.8844,26175
4.8897,26174
4.8954,26170
4.901,26175
4.9067,26181
4.912,26174
4.9177,26170
4.9233,26177
4.9287,26174
4.9343,26165
4.94,26169
4.9456,26178
4.9509,26166
4.9566,26163
4.9622,26169
4.9676,26166
4.9733,26164
4.9789,26170
4.9843,26167
4.9899,26170
4.9955,26170
5.0009,26167
5.0066,26170
5.012,26167
5.0176,26164
5.0233,26168
5.0289,26171
5.0343,26168
5.0399,26175
5.0456,26177
5.0509,26169
5.0566,26170
5.0622,26172
5.0676,26177
5.0732,26169
5.0789,26165
5.0842,26167
5.0899,26167
5.0955,26162
5.1012,26169
5.1065,26173
5.1122,26161
5.1178,26167
5.1232,26165
5.1288,26170
5.1344,26168
5.1401,26159
5.1454,26160
5.151,26162
5.1567,26164
5.162,26164
5.1677,26157
5.1733,26159
5.1787,26157
5.1843,26160
5.19,26162
5.1956,26158
5.201,26154
5.2066,26169
5.2123,26157
5.2176,26160
5.2233,26170
5.2289,26161
5.2343,26157
5.2399,26168
5.2455,26166
5.2509,26166
5.2566,26156
5.2622,26165
5.2676,26168
5.2732,26165
5.2788,26162
5.2845,26167
5.2899,26165
5.2955,26160
5.3011,26157
5.3065,26166
5.3121,26160
5.3178,26157
5.3231,26162
5.3288,26163
5.3344,26158
5.3398,26161
5.3454,26164
5.3511,26158
5.3564,26157
5.3621,26161
5.3677,26156
5.3734,26163
5.3787,26164
5.3844,26164
5.39,26161
5.3954,26167
5.401,26170
5.4067,26160
5.412,26166
5.4177,26167
5.4233,26170
5.4287,26170
5.4343,26166
5.4399,26169
5.4456,26169
5.4509,26171
5.4566,26168
5.4622,26166
5.4676,26176
5.4732,26166
5.4788,26160
5.4844,26169
5.4898,26168
5.4954,26157
5.5011,26165
5.5067,26168
5.512,26168
5.5176,26162
5.5232,26166
5.5289,26163
5.5345,26164
5.5398,26168
5.5454,26170
5.5511,26167
5.5565,26164
5.5621,26163
5.5676,26166
5.5732,26172
5.5789,26164
5.5842,26173
5.5899,26174
5.5954,26172
5.601,26154
5.6067,26165
5.612,26168
5.6177,26169
5.6232,26166
5.6288,26170
5.6345,26165
5.6398,26172
5.6455,26172
5.651,26162
5.6566,26164
5.6623,26167
5.6676,26160
5.6733,26163
5.6788,26162
5.6845,26156
5.6898,26158
5.6955,26165
5.7011,26159
5.7065,26156
5.7121,26162
5.7178,26159
5.7231,26158
5.7288,26159
5.7344,26149
5.7398,26149
5.7454,26158
5.7511,26149
5.7567,26152
5.7621,26155
5.7677,26159
5.7734,26156
5.7787,26156
5.7844,26162
5.79,26156
5.7954,26159
5.801,26162
5.8067,26154
5.812,26156
5.8177,26158
5.8233,26159
5.8287,26156
5.8343,26152
5.84,26162
5.8456,26163
5.851,26162
5.8566,26159
5.8622,26161
5.8676,26168
5.8732,26170
5.8789,26165
5.8842,26170
5.8899,26164
5.8955,26161
5.9011,26169
5.9065,26172
5.9122,26165
5.9178,26171
5.9232,26159
5.9288,26161
5.9344,26165
5.9398,26168
5.9454,26161
5.9511,26163
5.9564,26162
5.9621,26158
5.9677,26163
5.9733,26155
5.9787,26153
5.9843,26163
5.99,26162
5.9956,26160
6.0009,26159
6.0066,26159
6.0122,26159
6.0176,26160
6.0232,26160
6.0289,26157
6.0342,26157
6.0399,26150
6.0455,26151
6.0511,26163
6.0565,26159
6.0621,26156
6.0678,26150
6.0731,26161
6.0788,26148
6.0844,26153
6.09,26156
6.0954,26162
6.101,26157
6.1067,26165
6.112,26163
6.1177,26160
6.1233,26155
6.1287,26158
6.1343,26161
6.14,26157
6.1453,26161
6.151,26161
6.1566,26159
6.162,26155
6.1676,26167
6.1733,26166
6.1789,26166
6.1843,26164
6.1899,26163
6.1956,26166
6.2009,26168
6.2066,26160
6.2122,26166
6.2176,26174
6.2232,26157
6.2288,26160
6.2342,26166
6.2399,26159
6.2455,26157
6.2511,26165
6.2565,26163
6.2621,26163
6.2675,26159
6.2732,26164
6.2788,26167
6.2844,26167
6.2898,26173
6.2954,26173
6.3011,26166
6.3064,26169
6.3121,26166
6.3177,26173
6.3233,26173
6.3287,26168
6.3344,26163
6.3397,26173
6.3454,26173
6.351,26169
6.3567,26173
6.362,26177
6.3677,26176
6.3733,26174
6.3787,26172
6.3843,26168
6.39,26175
6.3953,26172
6.401,26168
6.4066,26170
6.412,26170
6.4176,26166
6.4233,26163
6.4289,26165
6.4343,26168
6.4399,26167
6.4455,26155
6.4509,26163
6.4565,26160
6.4622,26166
6.4678,26164
6.4731,26163
6.4788,26159
6.4844,26165
6.4898,26158
6.4954,26159
6.501,26167
6.5067,26159
6.5121,26157
6.5177,26160
6.5233,26163
6.5287,26164
6.5343,26162
6.5399,26163
6.5453,26163
6.551,26159
6.5566,26157
6.562,26157
6.5676,26158
6.5733,26158
6.5786,26158
6.5843,26152
6.5899,26162
6.5955,26156
6.6009,26156
6.6065,26162
6.6122,26156
6.6175,26156
6.6232,26159
6.6288,26154
6.6345,26151
6.6398,26158
6.6454,26160
6.6508,26159
6.6565,26159
6.6621,26161
6.6677,26161
6.6731,26154
6.6787,26157
6.6844,26162
6.69,26161
6.6954,26158
6.701,26154
6.7066,26155
6.712,26155
6.7177,26151
6.723,26153
6.7287,26158
6.7343,26157
6.74,26152
6.7453,26158
6.751,26160
6.7566,26157
6.762,26156
6.7676,26163
6.7732,26162
6.7786,26160
6.7842,26163
6.7899,26161
6.7955,26154
6.8009,26162
6.8065,26159
6.8122,26156
6.8178,26158
6.8231,26157
6.8288,26160
6.8344,26162
6.8398,26161
6.8454,26155
6.851,26155
6.8564,26156
6.862,26158
6.8676,26160
6.8733,26158
6.8786,26153
6.8843,26158
6.8899,26159
6.8955,26162
6.9009,26164
6.9065,26156
6.9122,26158
6.9175,26163
6.9232,26155
6.9288,26155
6.9344,26158
6.9398,26158
6.9454,26153
6.9511,26157
6.9565,26163
6.9621,26160
6.9677,26159
6.9731,26161
6.9787,26163
6.9844,26162
6.9897,26168
6.9953,26166
7.001,26166
7.0067,26168
7.012,26164
7.0177,26168
7.0233,26164
7.0287,26169
7.0343,26168
7.04,26167
7.0453,26168
7.051,26169
7.0567,26167
7.062,26175
7.0677,26168
7.0733,26161
7.0786,26166
7.0843,26168
7.0899,26167
7.0955,26170
7.1009,26161
7.1065,26167
7.1122,26165
7.1178,26164
7.1231,26161
7.1288,26165
7.1344,26162
7.1398,26166
7.1453,26166
7.151,26163
7.1566,26168
7.1622,26173
7.1676,26171
7.1731,26175
7.1788,26167
7.1844,26170
7.19,26171
7.1954,26165
7.2009,26172
7.2066,26171
7.2122,26169
7.2176,26172
7.2232,26165
7.2287,26155
7.2344,26164
7.24,26164
7.2454,26160
7.251,26160
7.2566,26168
7.2622,26167
7.2676,26167
7.2732,26167
7.2788,26172
7.2844,26171
7.29,26162
7.2954,26166
7.301,26166
7.3066,26162
7.312,26170
7.3176,26167
7.3233,26173
7.3289,26164
7.3343,26164
7.3399,26170
7.3455,26169
7.3509,26158
7.3565,26164
7.3622,26167
7.3678,26167
7.3732,26166
7.3788,26173
7.3844,26169
7.3898,26169
7.3954,26167
7.401,26168
7.4067,26161
7.412,26166
7.4177,26174
7.4233,26160
7.4289,26161
7.4343,26166
7.4399,26169
7.4455,26165
7.4512,26167
7.4565,26169
7.4621,26174
7.4678,26179
7.4731,26170
7.4788,26176
7.4844,26173
7.49,26175
7.4954,26166
7.501,26166
7.5067,26163
7.5121,26157
7.5177,26166
7.5233,26167
7.5287,26169
7.5343,26173
7.5399,26177
7.5456,26167
7.5509,26163
7.5566,26160
7.5622,26169
7.5676,26156
7.5732,26154
7.5789,26152
7.5842,26143
7.5899,26147
7.5955,26145
7.6011,26149
7.6067,26154
7.6121,26153
7.6177,26147
7.6233,26158
7.6287,26161
7.6343,26157
7.6399,26163
7.6456,26160
7.651,26153
7.6566,26145
7.6622,26150
7.6676,26155
7.6732,26151
7.6789,26157
7.6842,26164
7.6898,26167
7.6955,26161
7.7011,26166
7.7065,26169
7.7121,26158
7.7178,26157
7.7231,26160
7.7288,26156
7.7344,26151
7.7401,26144
7.7454,26143
7.7511,26137
7.7567,26144
7.7621,26148
7.7677,26146
7.7733,26147
7.7787,26151
7.7844,26165
7.79,26162
7.7953,26157
7.801,26163
7.8066,26162
7.8123,26160
7.8176,26151
7.8232,26160
7.8289,26158
7.8342,26157
7.8399,26163
7.8455,26165
7.8511,26171
7.8565,26161
7.8621,26165
7.8678,26168
7.8734,26162
7.8788,26165
7.8844,26158
7.89,26158
7.8954,26155
7.9011,26158
7.9067,26160
7.9121,26160
7.9177,26159
7.9234,26157
7.9287,26157
7.9344,26165
7.94,26155
7.9454,26158
7.9511,26161
7.9567,26158
7.962,26160
7.9677,26154
7.9733,26156
7.9787,26153
7.9843,26151
7.99,26148
7.9956,26152
8.0009,26142
8.0066,26146
8.0123,26157
8.0176,26152
8.0231,26150
8.0287,26154
8.0344,26150
8.04,26154
8.0453,26149
8.051,26152
8.0566,26162
8.0622,26157
8.0676,26154
8.0732,26158
8.0789,26161
8.0845,26158
8.0898,26151
8.0953,26159
8.101,26158
8.1066,26153
8.1122,26153
8.1176,26156
8.1232,26153
8.1287,26152
8.1343,26161
8.1399,26145
8.1453,26153
8.151,26155
8.1566,26151
8.1622,26150
8.1676,26148
8.1732,26146
8.1787,26147
8.1843,26145
8.19,26150
8.1954,26143
8.201,26140
8.2066,26144
8.212,26144
8.2177,26141
8.2233,26148
8.2287,26144
8.2343,26153
8.24,26150
8.2454,26154
8.251,26158
8.2566,26161
8.262,26158
8.2676,26152
8.2733,26155
8.2787,26160
8.2844,26154
8.29,26154
8.2954,26152
8.301,26157
8.3066,26154
8.312,26164
8.3177,26154
8.3233,26159
8.3287,26157
8.3344,26156
8.34,26152
8.3454,26154
8.351,26159
8.3566,26158
8.362,26150
8.3676,26153
8.3733,26162
8.3787,26156
8.3843,26154
8.3899,26158
8.3954,26156
8.401,26147
8.4067,26151
8.412,26153
8.4177,26164
8.4233,26161
8.4286,26160
8.4343,26160
8.4399,26166
8.4454,26168
8.451,26164
8.4567,26161
8.462,26160
8.4677,26165
8.4733,26165
8.4786,26160
8.4843,26164
8.4899,26153
8.4954,26157
8.501,26158
8.5067,26158
8.512,26167
8.5177,26163
8.5233,26158
8.5287,26165
8.5343,26165
8.5399,26158
8.5454,26159
8.5511,26165
8.5567,26161
8.5621,26162
8.5677,26161
8.5733,26167
8.5787,26164
8.5843,26158
8.59,26158
8.5954,26159
8.601,26158
8.6066,26159
8.6121,26154
8.6178,26154
8.6231,26164
8.6288,26155
8.6344,26154
8.6398,26160
8.6454,26155
8.651,26159
8.6567,26156
8.662,26161
8.6675,26156
8.6732,26160
8.6788,26161
8.6844,26161
8.6898,26155
8.6953,26153
8.701,26157
8.7066,26152
8.712,26157
8.7176,26152
8.7231,26155
8.7288,26150
8.7344,26153
8.7398,26154
8.7454,26157
8.7509,26154
8.7566,26147
8.7621,26140
8.7678,26156
8.7731,26150
8.7787,26155
8.7844,26156
8.79,26153
8.7954,26152
8.801,26150
8.8065,26152
8.8121,26149
8.8178,26152
8.8231,26157
8.8288,26152
8.8343,26151
8.84,26143
8.8453,26150
8.851,26153
8.8566,26151
8.8622,26145
8.8678,26149
8.8731,26156
8.8788,26142
8.8844,26146
8.8898,26151
8.8954,26145
8.901,26151
8.9067,26143
8.912,26152
8.9176,26152
8.9233,26144
8.9286,26144
8.9343,26148
8.9399,26151
8.9455,26159
8.9511,26159
8.9565,26153
8.9621,26157
8.9677,26154
8.9733,26148
8.9787,26153
8.9843,26151
8.9899,26157
8.9955,26155
9.0009,26159
9.0065,26160
9.0122,26167
9.0177,26158
9.0231,26164
9.0287,26164
9.0343,26163
9.0399,26165
9.0453,26157
9.0509,26154
9.0566,26155
9.0622,26152
9.0675,26154
9.0731,26156
9.0788,26154
9.0844,26158
9.0897,26164
9.0954,26156
9.101,26165
9.1066,26158
9.1119,26155
9.1176,26158
9.1232,26155
9.1288,26151
9.1342,26157
9.1398,26147
9.1454,26150
9.151,26153
9.1564,26151
9.162,26149
9.1677,26157
9.1733,26140
9.1789,26149
9.1842,26160
9.1898,26156
9.1955,26166
9.2011,26163
9.2065,26162
9.2121,26167
9.2177,26163
9.2233,26161
9.2287,26161
9.2343,26159
9.2399,26151
9.2455,26162
9.2509,26163
9.2565,26157
9.2621,26158
9.2677,26157
9.2731,26151
9.2787,26155
9.2843,26158
9.29,26159
9.2953,26155
9.3009,26147
9.3066,26158
9.3122,26161
9.3176,26152
9.3232,26160
9.3288,26155
9.3344,26154
9.3398,26159
9.3454,26154
9.351,26158
9.3567,26164
9.362,26155
9.3676,26160
9.3732,26159
9.3789,26153
9.3842,26156
9.3899,26155
9.3955,26159
9.4008,26159
9.4065,26157
9.4121,26159
9.4177,26162
9.4233,26162
9.4287,26162
9.4343,26157
9.44,26159
9.4453,26157
9.451,26161
9.4566,26154
9.4622,26154
9.4676,26157
9.4732,26156
9.4788,26157
9.4844,26154
9.4898,26157
9.4954,26161
9.501,26155
9.5064,26154
9.512,26158
9.5176,26154
9.5233,26148
9.5286,26156
9.5342,26154
9.5399,26157
9.5455,26154
9.5511,26155
9.5565,26154
9.5621,26148
9.5677,26155
9.5733,26151
9.5787,26153
9.5843,26155
9.5899,26156
9.5956,26156
9.6009,26157
9.6065,26162
9.6122,26156
9.6175,26160
9.6232,26155
9.6288,26158
9.6344,26156
9.6398,26159
9.6454,26157
9.651,26152
9.6566,26151
9.662,26156
9.6676,26153
9.6733,26153
9.6789,26158
9.6842,26153
9.6899,26149
9.6955,26146
9.7011,26151
9.7065,26154
9.7121,26149
9.7177,26155
9.7233,26153
9.7287,26152
9.7343,26156
9.7399,26154
9.7455,26157
9.7509,26153
9.7565,26150
9.7621,26155
9.7678,26160
9.7731,26154
9.7788,26151
9.7844,26156
9.79,26156
9.7954,26147
9.801,26151
9.8066,26140
9.812,26141
9.8176,26144
9.8232,26143
9.8289,26141
9.8342,26143
9.8398,26147
9.8455,26146
9.8511,26145
9.8564,26151
9.862,26152
9.8676,26145
9.8732,26149
9.8789,26142
9.8842,26151
9.8898,26147
9.8954,26143
9.9011,26150
9.9067,26154
9.912,26142
9.9177,26141
9.9233,26146
9.9287,26146
9.9343,26148
9.9399,26146
9.9455,26143
9.9508,26150
9.9565,26141
9.9621,26135
9.9677,26143
9.9734,26139
9.9787,26151
9.9843,26152
9.99,26148
9.9956,26144
10.0009,26150
10.0066,26153
10.0122,26148
10.0176,26148
10.0232,26156
10.0288,26158
10.0342,26158
10.0398,26152
10.0454,26156
10.051,26160
10.0567,26150
10.062,26154
10.0676,26153
10.0732,26154
10.0788,26156
10.0842,26151
10.0898,26145
10.0954,26154
10.101,26157
10.1067,26149
10.112,26151
10.1176,26159
10.1232,26158
10.1289,26158
10.1342,26159
10.1399,26158
10.1455,26160
10.1511,26163
10.1564,26164
10.1621,26165
10.1677,26165
10.1731,26162
10.1787,26158
10.1843,26159
10.1899,26158
10.1953,26155
10.2009,26154
10.2066,26155
10.2122,26152
10.2175,26150
10.2232,26155
10.2288,26153
10.2344,26152
10.2398,26151
10.2454,26153
10.251,26151
10.2566,26152
10.262,26156
10.2676,26154
10.2733,26161
10.2789,26159
10.2842,26155
10.2899,26155
10.2955,26158
10.3009,26159
10.3065,26159
10.3121,26168
10.3178,26157
10.3231,26160
10.3287,26161
10.3343,26154
10.3399,26166
10.3453,26157
10.3509,26155
10.3565,26156
10.3621,26153
10.3678,26151
10.3731,26152
10.3788,26147
10.3843,26147
10.3899,26145
10.3953,26148
10.4009,26145
10.4066,26144
10.4121,26144
10.4177,26148
10.4231,26142
10.4288,26142
10.4344,26146
10.4399,26145
10.4456,26145
10.4509,26151
10.4565,26153
10.4622,26152
10.4677,26153
10.4731,26155
10.4787,26161
10.4843,26151
10.49,26160
10.4953,26157
10.5009,26160
10.5066,26164
10.5122,26161
10.5175,26155
10.5232,26150
10.5288,26144
10.5344,26145
10.5398,26151
10.5454,26150
10.551,26152
10.5566,26150
10.562,26150
10.5676,26152
10.5732,26150
10.5788,26151
10.5842,26147
10.5899,26147
10.5955,26145
10.6008,26145
10.6065,26141
10.6121,26150
10.6178,26142
10.6231,26148
10.6287,26144
10.6344,26143
10.64,26143
10.6453,26140
10.651,26154
10.6566,26149
10.6622,26149
10.6676,26157
10.6732,26156
10.6788,26153
10.6842,26159
10.6898,26157
10.6954,26152
10.7011,26158
10.7064,26157
10.7121,26150
10.7177,26158
10.7233,26146
10.7287,26152
10.7343,26145
10.7399,26148
10.7453,26149
10.7509,26150
10.7565,26146
10.7622,26152
10.7675,26150
10.7731,26152
10.7788,26142
10.7844,26140
10.79,26144
10.7954,26139
10.801,26142
10.8067,26138
10.812,26135
10.8176,26138
10.8233,26137
10.8286,26134
10.8343,26139
10.8399,26129
10.8455,26142
10.8509,26149
10.8565,26135
10.8621,26146
10.8675,26153
10.8732,26142
10.8788,26143
10.8844,26148
10.8898,26150
10.8954,26147
10.901,26143
10.9066,26142
10.912,26150
10.9176,26149
10.9232,26150
10.9289,26151
10.9342,26148
10.9399,26147
10.9455,26144
10.9508,26138
10.9565,26138
10.9621,26135
10.9677,26135
10.9731,26141
10.9787,26134
10.9843,26140
10.9899,26144
10.9953,26132
11.0009,26137
11.0066,26134
11.0122,26133
11.0176,26139
11.0232,26131
11.0288,26127
11.0344,26129
11.0398,26135
11.0454,26140
11.051,26137
11.0566,26133
11.062,26147
11.0676,26147
11.0733,26142
11.0786,26144
11.0843,26154
11.0899,26151
11.0955,26141
11.1011,26142
11.1065,26144
11.1121,26139
11.1177,26143
11.1231,26141
11.1287,26143
11.1343,26145
11.14,26141
11.1453,26144
11.1509,26142
11.1566,26145
11.1622,26146
11.1675,26143
11.1732,26135
11.1788,26137
11.1844,26144
11.1898,26147
11.1954,26137
11.201,26149
11.2066,26159
11.212,26155
11.2176,26155
11.2232,26155
11.2289,26156
11.2342,26159
11.2398,26164
11.2455,26171
11.2511,26169
11.2564,26166
11.262,26166
11.2677,26176
11.2733,26165
11.2786,26169
11.2843,26175
11.2899,26178
11.2952,26167
11.3009,26166
11.3065,26162
11.3121,26178
11.3178,26168
11.3231,26169
11.3287,26164
11.3343,26154
11.34,26155
11.3453,26150
11.3509,26154
11.3565,26152
11.3622,26145
11.3675,26156
11.3732,26152
11.3788,26159
11.3844,26156
11.3898,26161
11.3954,26164
11.401,26164
11.4064,26165
11.412,26166
11.4176,26169
11.4232,26162
11.4286,26172
11.4342,26168
11.4398,26168
11.4455,26176
11.4511,26171
11.4564,26171
11.4621,26168
11.4677,26171
11.4733,26169
11.4787,26163
11.4843,26167
11.4899,26170
11.4955,26158
11.5009,26166
11.5065,26168
11.5121,26163
11.5175,26161
11.5231,26155
11.5287,26151
11.5344,26150
11.5397,26147
11.5454,26154
11.551,26157
11.5566,26156
11.562,26153
11.5676,26156
11.5732,26156
11.5788,26160
11.5842,26162
11.5898,26157
11.5955,26168
11.6011,26167
11.6064,26163
11.6121,26170
11.6177,26171
11.6233,26171
11.6286,26170
11.6343,26170
11.6399,26170
11.6455,26176
11.6509,26170
11.6565,26168
11.6621,26174
11.6678,26167
11.6731,26174
11.6787,26176
11.6844,26175
11.69,26178
11.6953,26187
11.701,26172
11.7066,26167
11.712,26172
11.7176,26177
11.7232,26169
11.7288,26164
11.7342,26169
11.7398,26171
11.7455,26169
11.7511,26173
11.7564,26167
11.7621,26165
11.7677,26168
11.7733,26169
11.7787,26164
11.7843,26168
11.7899,26171
11.7953,26170
11.8009,26177
11.8065,26172
11.8122,26167
11.8175,26179
11.8231,26173
11.8288,26167
11.8344,26166
11.8397,26172
11.8453,26170
11.8509,26165
11.8565,26168
11.8621,26164
11.8677,26159
11.8731,26163
11.8787,26173
11.8843,26158
11.8899,26163
11.8955,26161
11.9009,26155
11.9065,26154
11.9121,26152
11.9178,26153
11.9231,26153
11.9287,26152
11.9343,26157
11.9399,26148
11.9455,26155
11.9509,26153
11.9565,26149
11.9621,26157
11.9677,26150
11.9731,26148
11.9787,26152
11.9843,26155
11.9899,26143
11.9955,26153
12.0009,26151
12.0065,26149
12.0121,26155
12.0177,26152
12.0233,26150
12.0287,26146
12.0343,26146
12.0399,26147
12.0453,26154
12.0509,26146
12.0565,26148
12.0621,26154
12.0677,26148
12.0731,26151
12.0787,26152
12.0843,26148
12.09,26152
12.0953,26154
12.1009,26155
12.1066,26157
12.1122,26157
12.1176,26162
12.1232,26165
12.1288,26160
12.1344,26160
12.1398,26160
12.1454,26168
12.151,26168
12.1566,26160
12.162,26161
12.1676,26160
12.1732,26154
12.1789,26158
12.1842,26150
12.1898,26142
12.1955,26147
12.2011,26149
12.2065,26143
12.2121,26153
12.2177,26151
12.223,26154
12.2287,26157
12.2343,26156
12.2399,26151
12.2455,26163
12.2508,26156
12.2565,26155
12.2621,26156
12.2677,26154
12.2731,26151
12.2787,26156
12.2843,26158
12.29,26158
12.2953,26155
12.301,26155
12.3066,26159
12.3122,26152
12.3176,26157
12.3232,26162
12.3288,26163
12.3342,26160
12.3398,26154
12.3454,26159
12.3511,26157
12.3564,26151
12.362,26160
12.3677,26169
12.3733,26165
12.3787,26155
12.3843,26156
12.3899,26159
12.3953,26160
12.4009,26154
12.4066,26157
12.4122,26161
12.4176,26156
12.4232,26156
12.4288,26157
12.4344,26157
12.4398,26154
12.4454,26162
12.451,26156
12.4567,26160
12.462,26161
12.4676,26163
12.4733,26158
12.4786,26152
12.4843,26159
12.4899,26164
12.4955,26160
12.5009,26164
12.5066,26160
12.5122,26161
12.5175,26167
12.5232,26150
12.5288,26157
12.5344,26151
12.5397,26154
12.5454,26156
12.551,26152
12.5566,26148
12.562,26155
12.5676,26150
12.5732,26157
12.5788,26156
12.5844,26151
12.5898,26152
12.5954,26153
12.6011,26147
12.6067,26152
12.612,26151
12.6177,26153
12.6233,26161
12.6287,26155
12.6344,26166
12.64,26159
12.6453,26156
12.651,26158
12.6566,26166
12.6622,26160
12.6676,26163
12.6732,26162
12.6788,26162
12.6844,26156
12.6898,26158
12.6954,26159
12.701,26163
12.7066,26154
12.712,26155
12.7176,26160
12.7233,26161
12.7286,26157
12.7343,26157
12.7399,26158
12.7455,26153
12.7509,26163
12.7565,26158
12.7621,26165
12.7677,26168
12.7731,26158
12.7787,26167
12.7843,26163
12.79,26170
12.7953,26162
12.8009,26155
12.8066,26167
12.8122,26175
12.8175,26175
12.8232,26191
12.8288,26178
12.8344,26185
12.8397,26179
12.8454,26183
12.851,26188
12.8566,26188
12.862,26183
12.8676,26191
12.8733,26195
12.8789,26196
12.8843,26197
12.8899,26198
12.8955,26203
12.9009,26197
12.9065,26201
12.9121,26199
12.9177,26193
12.923,26189
12.9287,26192
12.9343,26193
12.9399,26191
12.9453,26192
12.9509,26186
12.9565,26191
12.9621,26192
12.9678,26187
12.9731,26185
12.9787,26192
12.9844,26190
12.99,26187
12.9953,26183
13.001,26194
13.0066,26181
13.0122,26187
13.0176,26185
13.0232,26185
13.0288,26192
13.0344,26184
13.0398,26179
13.0454,26183
13.051,26180
13.0567,26180
13.062,26187
13.0676,26185
13.0733,26185
13.0786,26198
13.0843,26192
13.0899,26191
13.0955,26191
13.1011,26183
13.1065,26189
13.1121,26197
13.1177,26182
13.1233,26186
13.1287,26196
13.1343,26196
13.14,26192
13.1453,26195
13.151,26194
13.1566,26193
13.162,26195
13.1676,26199
13.1732,26196
13.1788,26197
13.1844,26196
13.1898,26191
13.1954,26200
13.2011,26195
13.2067,26193
13.212,26197
13.2176,26194
13.2233,26198
13.2289,26198
13.2342,26197
13.2398,26195
13.2455,26196
13.2511,26195
13.2564,26197
13.2621,26195
13.2677,26198
13.2733,26200
13.2787,26184
13.2843,26190
13.2899,26191
13.2953,26191
13.3009,26196
13.3066,26194
13.3122,26193
13.3176,26199
13.3232,26203
13.3288,26191
13.3342,26192
13.3398,26195
13.3454,26197
13.3511,26192
13.3564,26199
13.362,26199
13.3677,26202
13.3733,26203
13.3786,26204
13.3842,26200
13.3899,26201
13.3955,26192
13.4011,26202
13.4065,26206
13.4121,26200
13.4177,26196
13.4233,26199
13.4287,26202
13.4343,26193
13.4399,26196
13.4455,26193
13.4508,26200
13.4564,26198
13.462,26193
13.4676,26195
13.4733,26196
13.4786,26190
13.4842,26193
13.4898,26204
13.4955,26203
13.5011,26199
13.5064,26198
13.512,26188
13.5176,26196
13.5232,26201
13.5289,26207
13.5342,26204
13.5398,26198
13.5454,26197
13.5511,26202
13.5564,26197
13.562,26201
13.5676,26204
13.5732,26209
13.5789,26197
13.5842,26195
13.5898,26201
13.5954,26204
13.6011,26191
13.6064,26191
13.612,26192
13.6177,26189
13.6232,26192
13.6289,26194
13.6342,26191
13.6398,26183
13.6455,26193
13.651,26188
13.6564,26191
13.662,26192
13.6676,26191
13.6732,26193
13.6786,26202
13.6842,26199
13.6898,26201
13.6955,26196
13.7011,26185
13.7064,26192
13.7121,26202
13.7177,26200
13.7233,26202
13.7287,26193
13.7343,26188
13.7399,26194
13.7453,26198
13.7509,26198
13.7565,26201
13.7622,26197
13.7675,26198
13.7731,26207
13.7788,26201
13.7844,26206
13.7898,26209
13.7954,26209
13.801,26207
13.8066,26202
13.812,26205
13.8176,26207
13.8233,26203
13.8286,26197
13.8342,26203
13.8399,26200
13.8455,26195
13.8508,26208
13.8565,26208
13.8621,26201
13.8677,26207
13.873,26189
13.8787,26207
13.8843,26204
13.8899,26197
13.8953,26204
13.9009,26206
13.9065,26195
13.9122,26206
13.9175,26210
13.9232,26211
13.9288,26218
13.9344,26210
13.9398,26216
13.9454,26211
13.951,26205
13.9564,26199
13.962,26207
13.9676,26207
13.9733,26210
13.9786,26208
13.9842,26204
13.9899,26206
13.9955,26203
14.0011,26200
14.0065,26196
14.0121,26200
14.0177,26201
14.0231,26191
14.0287,26195
14.0344,26201
14.04,26194
14.0453,26196
14.051,26198
14.0566,26208
14.0622,26209
14.0676,26196
14.0732,26203
14.0788,26206
14.0844,26202
14.0898,26201
14.0954,26211
14.101,26212
14.1067,26215
14.112,26215
14.1176,26212
14.1233,26214
14.1289,26205
14.1342,26202
14.1399,26208
14.1455,26208
14.1508,26219
14.1565,26219
14.1621,26208
14.1677,26209
14.1731,26194
14.1787,26205
14.1843,26211
14.1899,26206
14.1955,26206
14.2009,26205
14.2065,26204
14.2121,26204
14.2178,26203
14.2231,26199
14.2287,26199
14.2344,26211
14.24,26216
14.2453,26202
14.2509,26215
14.2566,26214
14.2622,26213
14.2675,26207
14.2732,26219
14.2788,26210
14.2844,26214
14.2898,26212
14.2954,26206
14.301,26217
14.3064,26214
14.312,26203
14.3176,26216
14.3233,26207
14.3289,26201
14.3342,26197
14.3399,26198
14.3455,26198
14.3508,26199
14.3565,26202
14.3621,26200
14.3677,26200
14.3733,26195
14.3787,26194
14.3843,26189
14.39,26163
14.3953,26172
14.401,26196
14.4066,26191
14.412,26156
14.4176,26161
14.4232,26152
14.4289,26154
14.4342,26161
14.4398,26163
14.4455,26169
14.4511,26170
14.4564,26169
14.4621,26145
14.4677,26153
14.4733,26160
14.4787,26156
14.4843,26182
14.4899,26158
14.4955,26160
14.5009,26155
14.5065,26161
14.5121,26189
14.5178,26154
14.5231,26150
14.5287,26148
14.5344,26131
14.54,26141
14.5454,26072
14.551,26053
14.5566,26069
14.5622,26092
14.5676,26113
14.5732,26132
14.5788,26127
14.5842,26127
14.5898,26148
14.5955,26153
14.6011,26152
14.6065,26154
14.6121,26148
14.6177,26152
14.6233,26160
14.6287,26149
14.6343,26156
14.6399,26162
14.6456,26153
14.6509,26156
14.6566,26151
14.6622,26148
14.6676,26153
14.6732,26164
14.6788,26165
14.6842,26174
14.6898,26175
14.6955,26128
14.7011,26134
14.7067,26130
14.712,26144
14.7177,26143
14.7233,26153
14.7289,26156
14.7342,26165
14.7399,26155
14.7455,26149
14.7511,26141
14.7565,26148
14.7621,26135
14.7677,26136
14.7733,26141
14.7787,26151
14.7843,26146
14.7899,26147
14.7953,26144
14.8009,26150
14.8065,26164
14.8122,26171
14.8175,26170
14.8232,26159
14.8288,26154
14.8344,26164
14.8398,26178
14.8454,26178
14.851,26175
14.8567,26169
14.862,26174
14.8676,26157
14.8733,26162
14.8786,26164
14.8843,26167
14.8899,26172
14.8955,26187
14.9011,26203
14.9065,26184
14.9121,26191
14.9177,26196
14.9233,26180
14.9287,26182
14.9343,26179
14.9399,26186
14.9455,26177
14.9509,26174
14.9565,26173
14.9621,26171
14.9678,26178
14.9731,26177
14.9788,26172
14.9844,26167
14.9897,26176
14.9954,26180
15.001,26168
15.0066,26185
15.012,26182
15.0176,26185
15.0233,26170
15.0289,26173
15.0342,26195
15.0398,26183
15.0455,26174
15.0511,26174
15.0564,26187
15.062,26198
15.0676,26180
15.0733,26177
15.0789,26184
15.0842,26188
15.0898,26192
15.0955,26198
15.1011,26195
15.1064,26188
15.1121,26182
15.1176,26179
15.1232,26187
15.1286,26187
15.1342,26188
15.1399,26184
15.1454,26177
15.1511,26182
15.1564,26168
15.162,26176
15.1676,26175
15.1733,26163
15.1789,26165
15.1842,26180
15.1899,26178
15.1955,26180
15.2009,26179
15.2065,26177
15.2121,26182
15.2178,26173
15.2232,26174
15.2288,26168
15.2344,26162
15.2398,26163
15.2454,26147
15.251,26153
15.2567,26158
15.262,26163
15.2676,26157
15.2733,26162
15.2789,26157
15.2843,26170
15.2899,26157
15.2955,26158
15.3011,26151
15.3065,26153
15.3121,26144
15.3177,26160
15.3231,26172
15.3287,26165
15.3343,26163
15.34,26157
15.3453,26166
15.351,26133
15.3566,26152
15.3622,26159
15.3675,26146
15.3732,26150
15.3788,26159
15.3844,26139
15.3898,26148
15.3954,26162
15.4011,26161
15.4064,26161
15.4121,26147
15.4177,26168
15.4233,26156
15.4287,26157
15.4343,26167
15.4399,26174
15.4455,26152
15.4509,26147
15.4565,26146
15.4621,26157
15.4677,26147
15.4731,26154
15.4787,26168
15.4844,26177
15.4897,26160
15.4953,26173
15.501,26164
15.5066,26163
15.5122,26169
15.5176,26159
15.5232,26184
15.5288,26194
15.5342,26187
15.5398,26183
15.5455,26177
15.5511,26169
15.5564,26178
15.5621,26170
15.5677,26177
15.573,26192
15.5787,26185
15.5843,26188
15.5899,26194
15.5956,26203
15.6009,26193
15.6065,26180
15.6121,26177
15.6178,26177
15.6231,26184
15.6287,26193
15.6344,26183
15.64,26189
15.6453,26184
15.651,26181
15.6566,26185
15.6619,26183
15.6676,26189
15.6732,26177
15.6788,26175
15.6842,26165
15.6898,26176
15.6954,26185
15.7011,26180
15.7064,26185
15.7121,26181
15.7177,26182
15.7231,26181
15.7287,26178
15.7343,26182
15.7399,26180
15.7453,26177
15.7509,26180
15.7566,26180
15.7619,26176
15.7676,26185
15.7732,26189
15.7788,26175
15.7842,26193
15.7899,26192
15.7955,26195
15.8009,26190
15.8065,26181
15.8121,26185
15.8175,26190
15.8231,26187
15.8288,26194
15.8344,26196
15.8398,26182
15.8454,26190
15.851,26197
15.8567,26180
15.862,26189
15.8676,26197
15.8732,26199
15.8788,26208
15.8842,26177
