Experiment: Feb_24_Turb_expt vial 13, Wed Feb 24 18:13:41 2021
0.0013,28560
0.0067,28560
0.0121,28566
0.0177,28566
0.0233,28577
0.0287,28579
0.0343,28588
0.04,28604
0.0456,28626
0.051,28627
0.0566,28650
0.0622,28632
0.0676,28642
0.0732,28661
0.0789,28656
0.0845,28649
0.0899,28645
0.0955,28650
0.1011,28659
0.1065,28672
0.1121,28689
0.1177,28716
0.1234,28731
0.1288,28748
0.1344,28747
0.14,28743
0.1454,28739
0.151,28733
0.1567,28749
0.162,28738
0.1677,28737
0.1733,28756
0.1789,28785
0.1843,28780
0.1899,28795
0.1955,28802
0.2012,28800
0.2065,28793
0.2122,28798
0.2178,28776
0.2232,28762
0.2288,28779
0.2344,28795
0.2401,28808
0.2454,28804
0.2511,28776
0.2567,28778
0.2621,28791
0.2677,28763
0.2733,28777
0.2787,28757
0.2844,28761
0.29,28765
0.2956,28776
0.301,28782
0.3066,28784
0.3123,28797
0.3176,28789
0.3233,28781
0.3289,28796
0.3343,28762
0.3399,28775
0.3456,28788
0.3509,28809
0.3566,28814
0.3622,28780
0.3676,28797
0.3732,28798
0.3789,28788
0.3845,28781
0.3899,28790
0.3955,28784
0.4011,28777
0.4065,28796
0.4121,28797
0.4178,28785
0.4231,28771
0.4288,28765
0.4345,28786
0.4398,28793
0.4454,28818
0.4511,28807
0.4567,28791
0.4621,28787
0.4677,28791
0.4733,28788
0.4787,28776
0.4843,28763
0.49,28742
0.4953,28767
0.501,28768
0.5066,28755
0.5122,28775
0.5176,28771
0.5232,28760
0.5289,28754
0.5345,28767
0.5399,28760
0.5455,28786
0.5512,28776
0.5565,28799
0.5622,28783
0.5678,28770
0.5732,28797
0.5788,28769
0.5844,28749
0.59,28781
0.5954,28770
0.601,28766
0.6067,28764
0.6121,28758
0.6177,28751
0.6233,28768
0.6289,28757
0.6343,28756
0.6399,28778
0.6456,28761
0.6509,28782
0.6565,28770
0.6622,28779
0.6678,28784
0.6732,28778
0.6788,28775
0.6844,28776
0.6898,28770
0.6954,28775
0.7011,28774
0.7067,28769
0.712,28776
0.7177,28796
0.7233,28813
0.7289,28795
0.7343,28786
0.7399,28781
0.7456,28782
0.7509,28810
0.7566,28800
0.7622,28803
0.7678,28809
0.7732,28787
0.7789,28783
0.7842,28810
0.7899,28805
0.7955,28770
0.8012,28798
0.8065,28776
0.8121,28798
0.8177,28774
0.8234,28766
0.8287,28781
0.8343,28797
0.8399,28786
0.8456,28790
0.8512,28781
0.8566,28777
0.8621,28791
0.8677,28799
0.8734,28808
0.8787,28797
0.8844,28818
0.8899,28820
0.8955,28798
0.9012,28778
0.9065,28772
0.9122,28794
0.9177,28813
0.9233,28789
0.9287,28807
0.9343,28822
0.94,28833
0.9455,28833
0.9511,28837
0.9565,28826
0.9622,28809
0.9678,28818
0.9732,28821
0.9788,28801
0.9844,28800
0.9898,28800
0.9954,28795
1.0067,28770
1.0121,28794
1.0177,28790
1.0234,28807
1.0287,28790
1.0344,28789
1.04,28796
1.0456,28793
1.051,28791
1.0566,28800
1.0622,28810
1.0676,28812
1.0732,28823
1.0788,28813
1.0842,28787
1.0898,28772
1.0955,28790
1.1011,28813
1.1065,28787
1.1121,28802
1.1178,28809
1.1231,28788
1.1288,28799
1.1344,28815
1.14,28801
1.1454,28804
1.151,28796
1.1566,28775
1.1623,28802
1.1676,28795
1.1733,28791
1.1789,28781
1.1842,28810
1.1899,28815
1.1955,28793
1.2011,28809
1.2065,28807
1.2122,28775
1.2178,28809
1.2231,28796
1.2288,28805
1.2344,28793
1.2398,28796
1.2454,28783
1.2511,28789
1.2567,28803
1.2621,28769
1.2677,28774
1.2734,28758
1.2787,28775
1.2844,28781
1.29,28781
1.2954,28790
1.301,28790
1.3067,28802
1.3121,28822
1.3177,28790
1.3234,28795
1.3287,28792
1.3343,28810
1.34,28798
1.3456,28820
1.351,28814
1.3566,28815
1.3622,28829
1.3676,28824
1.3732,28832
1.3789,28842
1.3845,28840
1.3899,28831
1.3955,28838
1.4011,28804
1.4065,28801
1.4121,28827
1.4178,28824
1.4234,28806
1.4288,28808
1.4344,28793
1.44,28781
1.4454,28779
1.451,28786
1.4567,28787
1.462,28794
1.4677,28786
1.4733,28796
1.4787,28797
1.4844,28767
1.49,28786
1.4954,28804
1.501,28799
1.5067,28797
1.5123,28796
1.5177,28806
1.5233,28821
1.5287,28811
1.5343,28809
1.54,28790
1.5454,28780
1.551,28804
1.5566,28819
1.562,28809
1.5676,28790
1.5733,28808
1.5789,28831
1.5843,28834
1.5899,28816
1.5955,28815
1.6012,28827
1.6065,28788
1.6121,28810
1.6178,28830
1.6231,28812
1.6288,28798
1.6344,28809
1.64,28785
1.6457,28792
1.651,28799
1.6566,28802
1.6622,28801
1.6676,28802
1.6732,28810
1.6788,28798
1.6845,28816
1.6898,28828
1.6954,28818
1.7011,28828
1.7067,28839
1.7121,28839
1.7177,28843
1.7233,28828
1.729,28833
1.7343,28794
1.7399,28809
1.7456,28810
1.7509,28831
1.7566,28815
1.7622,28797
1.7676,28789
1.7732,28804
1.7788,28811
1.7845,28795
1.7898,28800
1.7955,28804
1.8011,28822
1.8065,28793
1.8121,28796
1.8178,28781
1.8234,28798
1.8288,28787
1.8344,28801
1.84,28818
1.8454,28804
1.851,28820
1.8567,28824
1.862,28832
1.8677,28816
1.8733,28832
1.8787,28802
1.8843,28792
1.89,28813
1.8956,28827
1.901,28818
1.9066,28834
1.9122,28841
1.9176,28811
1.9232,28805
1.9289,28795
1.9343,28790
1.9399,28766
1.9455,28753
1.9512,28753
1.9565,28748
1.9622,28731
1.9678,28743
1.9732,28742
1.9788,28745
1.9844,28746
1.9898,28744
1.9955,28758
2.0065,28759
2.0122,28764
2.0178,28748
2.0231,28758
2.0288,28759
2.0344,28770
2.04,28760
2.0454,28772
2.051,28768
2.0566,28771
2.0623,28772
2.0676,28769
2.0733,28771
2.0789,28779
2.0843,28762
2.0899,28763
2.0956,28769
2.1012,28768
2.1065,28763
2.1122,28771
2.1178,28771
2.1234,28778
2.1288,28770
2.1344,28773
2.14,28770
2.1454,28768
2.151,28770
2.1566,28763
2.1623,28755
2.1676,28760
2.1733,28762
2.1789,28756
2.1843,28756
2.1899,28760
2.1956,28764
2.2009,28763
2.2066,28771
2.2122,28775
2.2178,28759
2.2232,28772
2.2288,28772
2.2344,28772
2.2398,28778
2.2455,28762
2.2511,28761
2.2567,28763
2.2621,28753
2.2677,28762
2.2734,28751
2.2787,28750
2.2844,28759
2.29,28764
2.2954,28755
2.301,28751
2.3066,28742
2.3123,28755
2.3176,28748
2.3233,28753
2.3289,28759
2.3343,28753
2.3399,28752
2.3455,28758
2.3512,28752
2.3565,28755
2.3621,28752
2.3678,28755
2.3731,28755
2.3788,28764
2.3843,28754
2.3899,28769
2.3955,28766
2.4012,28765
2.4065,28767
2.4121,28775
2.4177,28767
2.4234,28761
2.4287,28752
2.4344,28748
2.4398,28753
2.4454,28754
2.451,28754
2.4567,28749
2.4623,28752
2.4677,28760
2.4733,28752
2.4789,28760
2.4843,28760
2.49,28774
2.4955,28771
2.5011,28773
2.5065,28785
2.5121,28777
2.5178,28780
2.5231,28772
2.5288,28781
2.5344,28781
2.54,28781
2.5454,28769
2.551,28771
2.5566,28776
2.5623,28773
2.5676,28768
2.5733,28773
2.5789,28772
2.5842,28775
2.5899,28776
2.5955,28785
2.6011,28778
2.6065,28788
2.6121,28795
2.6177,28792
2.6233,28791
2.629,28798
2.6343,28787
2.64,28787
2.6456,28781
2.6509,28774
2.6566,28778
2.6622,28785
2.6676,28786
2.6732,28781
2.6789,28778
2.6845,28768
2.6898,28770
2.6955,28771
2.7011,28779
2.7065,28777
2.7121,28767
2.7178,28770
2.7234,28772
2.7288,28772
2.7344,28767
2.7401,28775
2.7454,28768
2.7511,28766
2.7567,28770
2.7621,28769
2.7677,28765
2.7733,28764
2.7787,28764
2.7843,28766
2.79,28760
2.7956,28766
2.801,28759
2.8066,28755
2.8122,28764
2.8176,28764
2.8233,28766
2.8289,28765
2.8343,28751
2.8399,28760
2.8455,28765
2.8509,28766
2.8566,28761
2.8622,28765
2.8678,28760
2.8733,28770
2.8789,28765
2.8842,28763
2.8899,28768
2.8955,28759
2.9012,28768
2.9065,28766
2.9122,28755
2.9178,28759
2.9232,28763
2.9288,28754
2.9344,28752
2.9401,28755
2.9455,28758
2.9511,28757
2.9565,28756
2.9621,28753
2.9678,28761
2.9734,28760
2.9788,28762
2.9844,28767
2.99,28753
2.9954,28766
3.001,28758
3.0067,28752
3.0121,28760
3.0177,28760
3.0233,28754
3.0287,28757
3.0343,28758
3.04,28761
3.0456,28766
3.051,28765
3.0566,28763
3.0622,28768
3.0676,28767
3.0732,28758
3.0789,28759
3.0845,28759
3.0898,28753
3.0955,28750
3.1011,28755
3.1067,28741
3.1121,28737
3.1177,28738
3.1234,28736
3.1287,28736
3.1344,28746
3.14,28739
3.1456,28725
3.151,28721
3.1567,28724
3.162,28722
3.1676,28722
3.1733,28726
3.1789,28727
3.1843,28722
3.1899,28714
3.1956,28726
3.2009,28722
3.2066,28715
3.2122,28726
3.2178,28747
3.2232,28733
3.2289,28736
3.2345,28730
3.2399,28736
3.2455,28736
3.2511,28726
3.2565,28724
3.2621,28713
3.2678,28710
3.2731,28713
3.2788,28708
3.2844,28701
3.29,28718
3.2954,28727
3.3011,28733
3.3067,28745
3.3121,28739
3.3177,28757
3.3233,28748
3.3287,28764
3.3344,28767
3.34,28755
3.3454,28748
3.351,28761
3.3566,28770
3.3623,28758
3.3676,28741
3.3733,28733
3.3789,28755
3.3843,28768
3.3899,28775
3.3956,28755
3.4009,28741
3.4066,28752
3.4122,28757
3.4176,28751
3.4232,28758
3.4289,28749
3.4345,28765
3.4398,28766
3.4455,28767
3.4511,28779
3.4565,28763
3.4621,28765
3.4678,28768
3.4731,28759
3.4788,28754
3.4844,28760
3.49,28760
3.4954,28781
3.501,28746
3.5067,28759
3.512,28756
3.5177,28751
3.5233,28770
3.5289,28773
3.5343,28754
3.5399,28757
3.5455,28756
3.5509,28747
3.5566,28752
3.5622,28761
3.5676,28761
3.5732,28741
3.5788,28773
3.5844,28764
3.5901,28750
3.5954,28759
3.6011,28769
3.6067,28748
3.6121,28749
3.6177,28744
3.6233,28740
3.6287,28759
3.6343,28748
3.6399,28762
3.6456,28768
3.6509,28759
3.6566,28769
3.6622,28762
3.6676,28739
3.6732,28738
3.6789,28750
3.6842,28754
3.6899,28750
3.6955,28740
3.7009,28737
3.7065,28740
3.7122,28735
3.7178,28754
3.7232,28743
3.7288,28746
3.7344,28753
3.7398,28768
3.7455,28753
3.7511,28733
3.7565,28746
3.7621,28738
3.7678,28734
3.7731,28737
3.7788,28751
3.7844,28746
3.7898,28762
3.7954,28763
3.8011,28762
3.8067,28762
3.8121,28743
3.8177,28771
3.8231,28779
3.8287,28786
3.8344,28768
3.84,28768
3.8454,28758
3.851,28746
3.8567,28751
3.862,28760
3.8677,28756
3.8733,28768
3.8789,28775
3.8843,28764
3.8899,28767
3.8953,28762
3.901,28767
3.9066,28784
3.9122,28775
3.9176,28787
3.9233,28773
3.9289,28793
3.9343,28804
3.9399,28794
3.9455,28803
3.9509,28794
3.9565,28794
3.9622,28773
3.9675,28758
3.9732,28755
3.9788,28757
3.9844,28763
3.9898,28757
3.9954,28750
4.0011,28745
4.0065,28733
4.0121,28738
4.0176,28739
4.0232,28732
4.0288,28738
4.0345,28737
4.0398,28739
4.0454,28759
4.051,28773
4.0566,28760
4.062,28775
4.0676,28750
4.0732,28746
4.0788,28745
4.0842,28771
4.0898,28789
4.0955,28774
4.101,28768
4.1066,28792
4.112,28767
4.1176,28794
4.1232,28789
4.1288,28804
4.1344,28796
4.1398,28808
4.1454,28808
4.1511,28795
4.1564,28807
4.1621,28819
4.1677,28804
4.1734,28797
4.1787,28775
4.1844,28768
4.19,28764
4.1953,28764
4.201,28767
4.2066,28759
4.212,28764
4.2176,28769
4.2233,28763
4.2287,28766
4.2343,28763
4.24,28759
4.2453,28764
4.251,28765
4.2566,28758
4.262,28761
4.2676,28750
4.2732,28755
4.2789,28765
4.2842,28764
4.2899,28762
4.2955,28761
4.3009,28764
4.3065,28755
4.3122,28766
4.3175,28769
4.3232,28774
4.3288,28767
4.3342,28758
4.3398,28754
4.3455,28753
4.3508,28754
4.3565,28753
4.3621,28744
4.3678,28753
4.3731,28749
4.3788,28743
4.3844,28747
4.3898,28746
4.3954,28748
4.401,28746
4.4067,28744
4.412,28751
4.4177,28754
4.423,28742
4.4287,28750
4.4343,28749
4.44,28753
4.4453,28757
4.451,28747
4.4566,28760
4.462,28758
4.4676,28753
4.4733,28757
4.4789,28763
4.4843,28753
4.4899,28749
4.4953,28758
4.5009,28744
4.5065,28757
4.5122,28753
4.5175,28755
4.5232,28746
4.5288,28757
4.5344,28772
4.5398,28760
4.5454,28765
4.5511,28762
4.5564,28764
4.5621,28764
4.5677,28766
4.5733,28773
4.5787,28776
4.5842,28771
4.5899,28770
4.5955,28775
4.6009,28770
4.6065,28778
4.6121,28771
4.6177,28782
4.6231,28776
4.6287,28779
4.6344,28781
4.6397,28784
4.6454,28780
4.651,28776
4.6566,28785
4.662,28781
4.6676,28780
4.6733,28787
4.6787,28790
4.6843,28775
4.6899,28777
4.6955,28788
4.7009,28790
4.7065,28790
4.7122,28801
4.7175,28791
4.7232,28798
4.7289,28790
4.7342,28796
4.7399,28787
4.7455,28796
4.7509,28786
4.7565,28790
4.7622,28791
4.7676,28786
4.7732,28778
4.7788,28768
4.7842,28771
4.7898,28769
4.7955,28769
4.8009,28770
4.8065,28774
4.8121,28774
4.8175,28770
4.8231,28776
4.8288,28767
4.8344,28771
4.8398,28768
4.8454,28760
4.8511,28757
4.8564,28761
4.8621,28765
4.8677,28777
4.8731,28766
4.8787,28766
4.8844,28763
4.8897,28769
4.8954,28766
4.901,28771
4.9067,28771
4.912,28771
4.9177,28765
4.9233,28759
4.9287,28766
4.9343,28754
4.94,28757
4.9456,28768
4.9509,28768
4.9566,28757
4.9622,28756
4.9676,28749
4.9733,28742
4.9789,28747
4.9843,28751
4.9899,28756
4.9955,28756
5.0009,28761
5.0066,28754
5.012,28754
5.0176,28741
5.0233,28754
5.0289,28760
5.0343,28752
5.0399,28746
5.0456,28747
5.0509,28749
5.0566,28748
5.0622,28744
5.0676,28757
5.0732,28746
5.0789,28741
5.0842,28745
5.0899,28751
5.0955,28749
5.1012,28753
5.1065,28761
5.1122,28751
5.1178,28745
5.1232,28744
5.1288,28760
5.1344,28764
5.1401,28754
5.1454,28754
5.151,28761
5.1567,28759
5.162,28765
5.1677,28760
5.1733,28760
5.1787,28751
5.1843,28746
5.19,28750
5.1956,28745
5.201,28752
5.2066,28752
5.2123,28740
5.2176,28741
5.2233,28751
5.2289,28739
5.2343,28733
5.2399,28740
5.2455,28742
5.2509,28733
5.2566,28735
5.2622,28733
5.2676,28742
5.2732,28746
5.2788,28735
5.2845,28739
5.2899,28738
5.2955,28745
5.3011,28742
5.3065,28746
5.3121,28749
5.3178,28737
5.3231,28739
5.3288,28738
5.3344,28742
5.3398,28738
5.3454,28748
5.3511,28740
5.3564,28748
5.3621,28758
5.3677,28749
5.3734,28757
5.3787,28759
5.3844,28755
5.39,28763
5.3954,28757
5.401,28754
5.4067,28753
5.412,28755
5.4177,28750
5.4233,28750
5.4287,28752
5.4343,28751
5.4399,28743
5.4456,28746
5.4509,28747
5.4566,28736
5.4622,28735
5.4676,28741
5.4732,28739
5.4788,28733
5.4844,28739
5.4898,28737
5.4954,28735
5.5011,28739
5.5067,28733
5.512,28742
5.5176,28746
5.5232,28742
5.5289,28751
5.5345,28739
5.5398,28750
5.5454,28752
5.5511,28743
5.5565,28744
5.5621,28743
5.5676,28744
5.5732,28739
5.5789,28746
5.5842,28747
5.5899,28755
5.5954,28760
5.601,28764
5.6067,28760
5.612,28762
5.6177,28767
5.6232,28770
5.6288,28780
5.6345,28776
5.6398,28785
5.6455,28784
5.651,28781
5.6566,28770
5.6623,28770
5.6676,28770
5.6733,28778
5.6788,28772
5.6845,28769
5.6898,28763
5.6955,28747
5.7011,28761
5.7065,28774
5.7121,28776
5.7178,28766
5.7231,28766
5.7288,28768
5.7344,28767
5.7398,28756
5.7454,28764
5.7511,28761
5.7567,28763
5.7621,28760
5.7677,28765
5.7734,28750
5.7787,28757
5.7844,28761
5.79,28758
5.7954,28749
5.801,28763
5.8067,28767
5.812,28755
5.8177,28751
5.8233,28752
5.8287,28742
5.8343,28751
5.84,28758
5.8456,28760
5.851,28760
5.8566,28750
5.8622,28766
5.8676,28763
5.8732,28751
5.8789,28750
5.8842,28766
5.8899,28759
5.8955,28750
5.9011,28751
5.9065,28750
5.9122,28738
5.9178,28743
5.9232,28749
5.9288,28754
5.9344,28752
5.9398,28753
5.9454,28741
5.9511,28737
5.9564,28744
5.9621,28747
5.9677,28745
5.9733,28745
5.9787,28740
5.9843,28745
5.99,28746
5.9956,28736
6.0009,28750
6.0066,28743
6.0122,28748
6.0176,28756
6.0232,28753
6.0289,28752
6.0342,28760
6.0399,28753
6.0455,28743
6.0511,28747
6.0565,28742
6.0621,28751
6.0678,28746
6.0731,28739
6.0788,28737
6.0844,28732
6.09,28752
6.0954,28746
6.101,28741
6.1067,28736
6.112,28734
6.1177,28738
6.1233,28740
6.1287,28737
6.1343,28743
6.14,28740
6.1453,28743
6.151,28736
6.1566,28735
6.162,28742
6.1676,28750
6.1733,28749
6.1789,28744
6.1843,28740
6.1899,28735
6.1956,28745
6.2009,28729
6.2066,28720
6.2122,28728
6.2176,28728
6.2232,28721
6.2288,28729
6.2342,28742
6.2399,28739
6.2455,28729
6.2511,28718
6.2565,28717
6.2621,28724
6.2675,28734
6.2732,28735
6.2788,28734
6.2844,28738
6.2898,28736
6.2954,28729
6.3011,28740
6.3064,28728
6.3121,28726
6.3177,28740
6.3233,28735
6.3287,28738
6.3344,28735
6.3397,28730
6.3454,28727
6.351,28719
6.3567,28716
6.362,28739
6.3677,28726
6.3733,28727
6.3787,28735
6.3843,28726
6.39,28739
6.3953,28734
6.401,28736
6.4066,28723
6.412,28731
6.4176,28719
6.4233,28732
6.4289,28721
6.4343,28732
6.4399,28718
6.4455,28721
6.4509,28717
6.4565,28726
6.4622,28720
6.4678,28705
6.4731,28714
6.4788,28716
6.4844,28725
6.4898,28721
6.4954,28719
6.501,28726
6.5067,28709
6.5121,28711
6.5177,28706
6.5233,28702
6.5287,28710
6.5343,28709
6.5399,28714
6.5453,28716
6.551,28707
6.5566,28706
6.562,28707
6.5676,28708
6.5733,28720
6.5786,28704
6.5843,28703
6.5899,28710
6.5955,28715
6.6009,28712
6.6065,28716
6.6122,28717
6.6175,28724
6.6232,28732
6.6288,28728
6.6345,28731
6.6398,28739
6.6454,28744
6.6508,28739
6.6565,28742
6.6621,28743
6.6677,28732
6.6731,28744
6.6787,28740
6.6844,28747
6.69,28747
6.6954,28738
6.701,28740
6.7066,28734
6.712,28736
6.7177,28744
6.723,28737
6.7287,28746
6.7343,28736
6.74,28734
6.7453,28725
6.751,28726
6.7566,28729
6.762,28733
6.7676,28744
6.7732,28732
6.7786,28733
6.7842,28738
6.7899,28742
6.7955,28738
6.8009,28735
6.8065,28733
6.8122,28738
6.8178,28740
6.8231,28738
6.8288,28736
6.8344,28738
6.8398,28735
6.8454,28731
6.851,28734
6.8564,28734
6.862,28737
6.8676,28732
6.8733,28732
6.8786,28730
6.8843,28738
6.8899,28733
6.8955,28726
6.9009,28731
6.9065,28734
6.9122,28739
6.9175,28735
6.9232,28727
6.9288,28727
6.9344,28738
6.9398,28738
6.9454,28733
6.9511,28727
6.9565,28733
6.9621,28729
6.9677,28719
6.9731,28720
6.9787,28726
6.9844,28719
6.9897,28725
6.9953,28716
7.001,28722
7.0067,28714
7.012,28725
7.0177,28716
7.0233,28722
7.0287,28718
7.0343,28717
7.04,28715
7.0453,28716
7.051,28715
7.0567,28721
7.062,28718
7.0677,28706
7.0733,28702
7.0786,28721
7.0843,28727
7.0899,28721
7.0955,28723
7.1009,28727
7.1065,28712
7.1122,28722
7.1178,28715
7.1231,28712
7.1288,28710
7.1344,28716
7.1398,28716
7.1453,28716
7.151,28711
7.1566,28716
7.1622,28718
7.1676,28719
7.1731,28712
7.1788,28717
7.1844,28715
7.19,28714
7.1954,28706
7.2009,28710
7.2066,28714
7.2122,28706
7.2176,28709
7.2232,28701
7.2287,28698
7.2344,28701
7.24,28706
7.2454,28704
7.251,28695
7.2566,28701
7.2622,28709
7.2676,28708
7.2732,28695
7.2788,28699
7.2844,28709
7.29,28704
7.2954,28700
7.301,28701
7.3066,28705
7.312,28713
7.3176,28719
7.3233,28710
7.3289,28704
7.3343,28703
7.3399,28716
7.3455,28700
7.3509,28698
7.3565,28714
7.3622,28711
7.3678,28719
7.3732,28702
7.3788,28700
7.3844,28711
7.3898,28714
7.3954,28720
7.401,28726
7.4067,28729
7.412,28725
7.4177,28730
7.4233,28739
7.4289,28742
7.4343,28730
7.4399,28739
7.4455,28731
7.4512,28730
7.4565,28738
7.4621,28732
7.4678,28734
7.4731,28729
7.4788,28727
7.4844,28728
7.49,28725
7.4954,28723
7.501,28716
7.5067,28709
7.5121,28716
7.5177,28713
7.5233,28706
7.5287,28690
7.5343,28679
7.5399,28681
7.5456,28684
7.5509,28690
7.5566,28688
7.5622,28701
7.5676,28709
7.5732,28710
7.5789,28700
7.5842,28700
7.5899,28713
7.5955,28722
7.6011,28722
7.6067,28729
7.6121,28721
7.6177,28712
7.6233,28703
7.6287,28717
7.6343,28712
7.6399,28722
7.6456,28734
7.651,28743
7.6566,28740
7.6622,28748
7.6676,28752
7.6732,28761
7.6789,28763
7.6842,28772
7.6898,28753
7.6955,28736
7.7011,28741
7.7065,28744
7.7121,28756
7.7178,28759
7.7231,28774
7.7288,28767
7.7344,28770
7.7401,28773
7.7454,28769
7.7511,28770
7.7567,28776
7.7621,28779
7.7677,28778
7.7733,28770
7.7787,28743
7.7844,28760
7.79,28764
7.7953,28762
7.801,28762
7.8066,28762
7.8123,28772
7.8176,28764
7.8232,28768
7.8289,28762
7.8342,28765
7.8399,28767
7.8455,28758
7.8511,28756
7.8565,28739
7.8621,28745
7.8678,28741
7.8734,28727
7.8788,28736
7.8844,28742
7.89,28750
7.8954,28747
7.9011,28751
7.9067,28753
7.9121,28748
7.9177,28744
7.9234,28734
7.9287,28737
7.9344,28739
7.94,28732
7.9454,28732
7.9511,28738
7.9567,28727
7.962,28730
7.9677,28732
7.9733,28733
7.9787,28732
7.9843,28736
7.99,28732
7.9956,28727
8.0009,28728
8.0066,28729
8.0123,28725
8.0176,28714
8.0231,28706
8.0287,28715
8.0344,28713
8.04,28717
8.0453,28716
8.051,28709
8.0566,28719
8.0622,28722
8.0676,28728
8.0732,28722
8.0789,28720
8.0845,28714
8.0898,28715
8.0953,28712
8.101,28719
8.1066,28711
8.1122,28708
8.1176,28721
8.1232,28718
8.1287,28716
8.1343,28723
8.1399,28719
8.1453,28711
8.151,28725
8.1566,28724
8.1622,28723
8.1676,28733
8.1732,28733
8.1787,28740
8.1843,28736
8.19,28736
8.1954,28724
8.201,28736
8.2066,28730
8.212,28731
8.2177,28737
8.2233,28733
8.2287,28738
8.2343,28741
8.24,28732
8.2454,28736
8.251,28730
8.2566,28732
8.262,28729
8.2676,28730
8.2733,28712
8.2787,28716
8.2844,28718
8.29,28710
8.2954,28700
8.301,28708
8.3066,28712
8.312,28723
8.3177,28719
8.3233,28720
8.3287,28714
8.3344,28717
8.34,28703
8.3454,28715
8.351,28732
8.3566,28729
8.362,28728
8.3676,28719
8.3733,28725
8.3787,28733
8.3843,28742
8.3899,28747
8.3954,28744
8.401,28737
8.4067,28736
8.412,28745
8.4177,28747
8.4233,28741
8.4286,28736
8.4343,28742
8.4399,28742
8.4454,28735
8.451,28739
8.4567,28727
8.462,28719
8.4677,28728
8.4733,28727
8.4786,28727
8.4843,28739
8.4899,28727
8.4954,28735
8.501,28742
8.5067,28738
8.512,28740
8.5177,28738
8.5233,28727
8.5287,28739
8.5343,28742
8.5399,28740
8.5454,28729
8.5511,28729
8.5567,28734
8.5621,28731
8.5677,28730
8.5733,28725
8.5787,28732
8.5843,28726
8.59,28732
8.5954,28733
8.601,28735
8.6066,28734
8.6121,28730
8.6178,28732
8.6231,28736
8.6288,28721
8.6344,28716
8.6398,28726
8.6454,28734
8.651,28721
8.6567,28731
8.662,28738
8.6675,28739
8.6732,28723
8.6788,28725
8.6844,28722
8.6898,28718
8.6953,28724
8.701,28736
8.7066,28737
8.712,28736
8.7176,28736
8.7231,28742
8.7288,28748
8.7344,28758
8.7398,28754
8.7454,28760
8.7509,28761
8.7566,28765
8.7621,28764
8.7678,28768
8.7731,28775
8.7787,28772
8.7844,28776
8.79,28766
8.7954,28774
8.801,28766
8.8065,28769
8.8121,28774
8.8178,28777
8.8231,28770
8.8288,28775
8.8343,28770
8.84,28770
8.8453,28771
8.851,28772
8.8566,28782
8.8622,28770
8.8678,28772
8.8731,28777
8.8788,28773
8.8844,28767
8.8898,28768
8.8954,28766
8.901,28768
8.9067,28758
8.912,28771
8.9176,28770
8.9233,28768
8.9286,28759
8.9343,28766
8.9399,28763
8.9455,28766
8.9511,28760
8.9565,28758
8.9621,28755
8.9677,28766
8.9733,28761
8.9787,28762
8.9843,28752
8.9899,28748
8.9955,28752
9.0009,28748
9.0065,28757
9.0122,28755
9.0177,28754
9.0231,28756
9.0287,28756
9.0343,28746
9.0399,28737
9.0453,28750
9.0509,28763
9.0566,28755
9.0622,28747
9.0675,28745
9.0731,28743
9.0788,28750
9.0844,28747
9.0897,28753
9.0954,28740
9.101,28744
9.1066,28745
9.1119,28746
9.1176,28746
9.1232,28744
9.1288,28753
9.1342,28749
9.1398,28746
9.1454,28753
9.151,28756
9.1564,28754
9.162,28758
9.1677,28759
9.1733,28746
9.1789,28740
9.1842,28747
9.1898,28749
9.1955,28755
9.2011,28752
9.2065,28744
9.2121,28747
9.2177,28751
9.2233,28742
9.2287,28744
9.2343,28740
9.2399,28742
9.2455,28748
9.2509,28743
9.2565,28744
9.2621,28743
9.2677,28741
9.2731,28741
9.2787,28740
9.2843,28740
9.29,28737
9.2953,28728
9.3009,28732
9.3066,28745
9.3122,28736
9.3176,28736
9.3232,28747
9.3288,28733
9.3344,28735
9.3398,28744
9.3454,28740
9.351,28747
9.3567,28754
9.362,28748
9.3676,28751
9.3732,28755
9.3789,28745
9.3842,28750
9.3899,28753
9.3955,28759
9.4008,28756
9.4065,28758
9.4121,28756
9.4177,28751
9.4233,28750
9.4287,28743
9.4343,28742
9.44,28748
9.4453,28749
9.451,28730
9.4566,28735
9.4622,28744
9.4676,28747
9.4732,28745
9.4788,28729
9.4844,28737
9.4898,28735
9.4954,28732
9.501,28730
9.5064,28732
9.512,28739
9.5176,28735
9.5233,28730
9.5286,28729
9.5342,28735
9.5399,28733
9.5455,28725
9.5511,28731
9.5565,28738
9.5621,28732
9.5677,28742
9.5733,28737
9.5787,28738
9.5843,28734
9.5899,28745
9.5956,28742
9.6009,28738
9.6065,28740
9.6122,28746
9.6175,28750
9.6232,28750
9.6288,28744
9.6344,28751
9.6398,28758
9.6454,28747
9.651,28748
9.6566,28746
9.662,28747
9.6676,28748
9.6733,28746
9.6789,28747
9.6842,28748
9.6899,28746
9.6955,28740
9.7011,28737
9.7065,28750
9.7121,28746
9.7177,28742
9.7233,28747
9.7287,28743
9.7343,28733
9.7399,28739
9.7455,28733
9.7509,28737
9.7565,28733
9.7621,28740
9.7678,28749
9.7731,28755
9.7788,28758
9.7844,28763
9.79,28753
9.7954,28763
9.801,28770
9.8066,28761
9.812,28760
9.8176,28756
9.8232,28769
9.8289,28769
9.8342,28766
9.8398,28760
9.8455,28771
9.8511,28777
9.8564,28772
9.862,28776
9.8676,28772
9.8732,28766
9.8789,28773
9.8842,28787
9.8898,28765
9.8954,28774
9.9011,28774
9.9067,28771
9.912,28775
9.9177,28775
9.9233,28775
9.9287,28782
9.9343,28767
9.9399,28761
9.9455,28776
9.9508,28785
9.9565,28765
9.9621,28775
9.9677,28762
9.9734,28761
9.9787,28762
9.9843,28752
9.99,28746
9.9956,28748
10.0009,28757
10.0066,28758
10.0122,28753
10.0176,28758
10.0232,28761
10.0288,28759
10.0342,28750
10.0398,28746
10.0454,28740
10.051,28740
10.0567,28738
10.062,28733
10.0676,28734
10.0732,28741
10.0788,28739
10.0842,28742
10.0898,28735
10.0954,28744
10.101,28739
10.1067,28733
10.112,28730
10.1176,28743
10.1232,28740
10.1289,28737
10.1342,28744
10.1399,28741
10.1455,28751
10.1511,28748
10.1564,28741
10.1621,28754
10.1677,28750
10.1731,28738
10.1787,28746
10.1843,28738
10.1899,28734
10.1953,28742
10.2009,28736
10.2066,28747
10.2122,28736
10.2175,28739
10.2232,28731
10.2288,28726
10.2344,28726
10.2398,28723
10.2454,28729
10.251,28727
10.2566,28726
10.262,28722
10.2676,28725
10.2733,28737
10.2789,28739
10.2842,28733
10.2899,28733
10.2955,28734
10.3009,28730
10.3065,28731
10.3121,28716
10.3178,28720
10.3231,28724
10.3287,28737
10.3343,28735
10.3399,28736
10.3453,28747
10.3509,28729
10.3565,28731
10.3621,28732
10.3678,28739
10.3731,28734
10.3788,28732
10.3843,28732
10.3899,28740
10.3953,28730
10.4009,28726
10.4066,28724
10.4121,28730
10.4177,28731
10.4231,28730
10.4288,28740
10.4344,28736
10.4399,28722
10.4456,28734
10.4509,28734
10.4565,28742
10.4622,28738
10.4677,28739
10.4731,28731
10.4787,28741
10.4843,28744
10.49,28740
10.4953,28731
10.5009,28740
10.5066,28731
10.5122,28731
10.5175,28739
10.5232,28736
10.5288,28741
10.5344,28738
10.5398,28739
10.5454,28734
10.551,28733
10.5566,28729
10.562,28726
10.5676,28737
10.5732,28738
10.5788,28729
10.5842,28730
10.5899,28731
10.5955,28730
10.6008,28735
10.6065,28734
10.6121,28732
10.6178,28738
10.6231,28745
10.6287,28745
10.6344,28735
10.64,28742
10.6453,28735
10.651,28750
10.6566,28751
10.6622,28750
10.6676,28736
10.6732,28742
10.6788,28744
10.6842,28745
10.6898,28748
10.6954,28735
10.7011,28738
10.7064,28731
10.7121,28736
10.7177,28737
10.7233,28735
10.7287,28743
10.7343,28732
10.7399,28734
10.7453,28730
10.7509,28730
10.7565,28731
10.7622,28729
10.7675,28732
10.7731,28743
10.7788,28733
10.7844,28733
10.79,28739
10.7954,28744
10.801,28744
10.8067,28756
10.812,28749
10.8176,28752
10.8233,28751
10.8286,28763
10.8343,28765
10.8399,28764
10.8455,28774
10.8509,28775
10.8565,28763
10.8621,28771
10.8675,28766
10.8732,28755
10.8788,28758
10.8844,28770
10.8898,28764
10.8954,28768
10.901,28763
10.9066,28774
10.912,28774
10.9176,28768
10.9232,28763
10.9289,28770
10.9342,28769
10.9399,28753
10.9455,28765
10.9508,28767
10.9565,28772
10.9621,28758
10.9677,28771
10.9731,28780
10.9787,28775
10.9843,28772
10.9899,28780
10.9953,28776
11.0009,28774
11.0066,28780
11.0122,28763
11.0176,28772
11.0232,28757
11.0288,28758
11.0344,28757
11.0398,28759
11.0454,28762
11.051,28741
11.0566,28746
11.062,28748
11.0676,28759
11.0733,28746
11.0786,28748
11.0843,28743
11.0899,28746
11.0955,28750
11.1011,28754
11.1065,28735
11.1121,28728
11.1177,28741
11.1231,28731
11.1287,28721
11.1343,28734
11.14,28734
11.1453,28741
11.1509,28741
11.1566,28735
11.1622,28745
11.1675,28735
11.1732,28724
11.1788,28733
11.1844,28734
11.1898,28740
11.1954,28715
11.201,28719
11.2066,28723
11.212,28723
11.2176,28733
11.2232,28727
11.2289,28720
11.2342,28734
11.2398,28734
11.2455,28739
11.2511,28734
11.2564,28724
11.262,28725
11.2677,28731
11.2733,28730
11.2786,28724
11.2843,28731
11.2899,28722
11.2952,28725
11.3009,28730
11.3065,28729
11.3121,28727
11.3178,28726
11.3231,28727
11.3287,28736
11.3343,28732
11.34,28720
11.3453,28726
11.3509,28728
11.3565,28725
11.3622,28728
11.3675,28734
11.3732,28726
11.3788,28738
11.3844,28725
11.3898,28722
11.3954,28727
11.401,28732
11.4064,28726
11.412,28736
11.4176,28727
11.4232,28737
11.4286,28739
11.4342,28735
11.4398,28737
11.4455,28725
11.4511,28732
11.4564,28734
11.4621,28731
11.4677,28736
11.4733,28741
11.4787,28738
11.4843,28740
11.4899,28732
11.4955,28727
11.5009,28727
11.5065,28726
11.5121,28728
11.5175,28725
11.5231,28718
11.5287,28740
11.5344,28729
11.5397,28723
11.5454,28720
11.551,28730
11.5566,28727
11.562,28725
11.5676,28729
11.5732,28733
11.5788,28722
11.5842,28729
11.5898,28721
11.5955,28718
11.6011,28726
11.6064,28728
11.6121,28729
11.6177,28734
11.6233,28727
11.6286,28729
11.6343,28729
11.6399,28724
11.6455,28723
11.6509,28726
11.6565,28723
11.6621,28727
11.6678,28725
11.6731,28729
11.6787,28725
11.6844,28720
11.69,28723
11.6953,28728
11.701,28726
11.7066,28719
11.712,28724
11.7176,28731
11.7232,28732
11.7288,28717
11.7342,28719
11.7398,28719
11.7455,28711
11.7511,28723
11.7564,28727
11.7621,28728
11.7677,28729
11.7733,28727
11.7787,28720
11.7843,28722
11.7899,28732
11.7953,28730
11.8009,28738
11.8065,28718
11.8122,28716
11.8175,28715
11.8231,28716
11.8288,28714
11.8344,28716
11.8397,28720
11.8453,28727
11.8509,28720
11.8565,28723
11.8621,28734
11.8677,28733
11.8731,28728
11.8787,28745
11.8843,28734
11.8899,28733
11.8955,28727
11.9009,28734
11.9065,28740
11.9121,28740
11.9178,28752
11.9231,28743
11.9287,28742
11.9343,28750
11.9399,28750
11.9455,28757
11.9509,28759
11.9565,28752
11.9621,28756
11.9677,28746
11.9731,28742
11.9787,28735
11.9843,28735
11.9899,28736
11.9955,28741
12.0009,28742
12.0065,28738
12.0121,28747
12.0177,28754
12.0233,28743
12.0287,28744
12.0343,28742
12.0399,28751
12.0453,28750
12.0509,28746
12.0565,28746
12.0621,28740
12.0677,28750
12.0731,28734
12.0787,28733
12.0843,28731
12.09,28741
12.0953,28729
12.1009,28737
12.1066,28735
12.1122,28733
12.1176,28743
12.1232,28735
12.1288,28731
12.1344,28728
12.1398,28728
12.1454,28738
12.151,28738
12.1566,28731
12.162,28727
12.1676,28717
12.1732,28716
12.1789,28726
12.1842,28721
12.1898,28724
12.1955,28721
12.2011,28716
12.2065,28721
12.2121,28730
12.2177,28729
12.223,28724
12.2287,28731
12.2343,28739
12.2399,28732
12.2455,28741
12.2508,28730
12.2565,28727
12.2621,28728
12.2677,28728
12.2731,28722
12.2787,28728
12.2843,28733
12.29,28734
12.2953,28738
12.301,28740
12.3066,28735
12.3122,28723
12.3176,28730
12.3232,28735
12.3288,28742
12.3342,28729
12.3398,28721
12.3454,28724
12.3511,28723
12.3564,28718
12.362,28718
12.3677,28729
12.3733,28727
12.3787,28725
12.3843,28733
12.3899,28745
12.3953,28737
12.4009,28731
12.4066,28731
12.4122,28738
12.4176,28733
12.4232,28726
12.4288,28727
12.4344,28731
12.4398,28727
12.4454,28734
12.451,28738
12.4567,28739
12.462,28736
12.4676,28727
12.4733,28738
12.4786,28731
12.4843,28733
12.4899,28727
12.4955,28724
12.5009,28733
12.5066,28726
12.5122,28720
12.5175,28731
12.5232,28721
12.5288,28724
12.5344,28725
12.5397,28723
12.5454,28733
12.551,28732
12.5566,28727
12.562,28732
12.5676,28732
12.5732,28733
12.5788,28741
12.5844,28734
12.5898,28732
12.5954,28732
12.6011,28729
12.6067,28745
12.612,28742
12.6177,28747
12.6233,28746
12.6287,28736
12.6344,28742
12.64,28746
12.6453,28734
12.651,28730
12.6566,28747
12.6622,28728
12.6676,28737
12.6732,28732
12.6788,28736
12.6844,28728
12.6898,28720
12.6954,28717
12.701,28732
12.7066,28719
12.712,28724
12.7176,28728
12.7233,28739
12.7286,28724
12.7343,28735
12.7399,28737
12.7455,28723
12.7509,28721
12.7565,28722
12.7621,28730
12.7677,28733
12.7731,28754
12.7787,28728
12.7843,28753
12.79,28764
12.7953,28758
12.8009,28761
12.8066,28733
12.8122,28745
12.8175,28747
12.8232,28747
12.8288,28756
12.8344,28760
12.8397,28755
12.8454,28740
12.851,28741
12.8566,28746
12.862,28732
12.8676,28748
12.8733,28775
12.8789,28753
12.8843,28778
12.8899,28752
12.8955,28774
12.9009,28764
12.9065,28761
12.9121,28772
12.9177,28782
12.923,28786
12.9287,28795
12.9343,28808
12.9399,28807
12.9453,28811
12.9509,28821
12.9565,28824
12.9621,28822
12.9678,28822
12.9731,28830
12.9787,28827
12.9844,28841
12.99,28821
12.9953,28830
13.001,28823
13.0066,28814
13.0122,28820
13.0176,28820
13.0232,28821
13.0288,28824
13.0344,28826
13.0398,28839
13.0454,28843
13.051,28843
13.0567,28834
13.062,28833
13.0676,28831
13.0733,28840
13.0786,28841
13.0843,28842
13.0899,28856
13.0955,28856
13.1011,28839
13.1065,28852
13.1121,28861
13.1177,28845
13.1233,28846
13.1287,28811
13.1343,28819
13.14,28831
13.1453,28832
13.151,28832
13.1566,28829
13.162,28836
13.1676,28841
13.1732,28839
13.1788,28840
13.1844,28827
13.1898,28828
13.1954,28833
13.2011,28838
13.2067,28843
13.212,28841
13.2176,28844
13.2233,28834
13.2289,28820
13.2342,28836
13.2398,28840
13.2455,28842
13.2511,28844
13.2564,28830
13.2621,28838
13.2677,28848
13.2733,28833
13.2787,28833
13.2843,28843
13.2899,28842
13.2953,28836
13.3009,28836
13.3066,28823
13.3122,28839
13.3176,28837
13.3232,28829
13.3288,28829
13.3342,28822
13.3398,28825
13.3454,28843
13.3511,28843
13.3564,28847
13.362,28844
13.3677,28832
13.3733,28827
13.3786,28838
13.3842,28844
13.3899,28841
13.3955,28842
13.4011,28845
13.4065,28856
13.4121,28843
13.4177,28828
13.4233,28831
13.4287,28835
13.4343,28833
13.4399,28830
13.4455,28833
13.4508,28835
13.4564,28817
13.462,28804
13.4676,28799
13.4733,28816
13.4786,28818
13.4842,28823
13.4898,28818
13.4955,28808
13.5011,28801
13.5064,28823
13.512,28802
13.5176,28815
13.5232,28811
13.5289,28807
13.5342,28819
13.5398,28820
13.5454,28802
13.5511,28818
13.5564,28817
13.562,28821
13.5676,28824
13.5732,28827
13.5789,28827
13.5842,28824
13.5898,28809
13.5954,28822
13.6011,28812
13.6064,28797
13.612,28795
13.6177,28784
13.6232,28798
13.6289,28795
13.6342,28778
13.6398,28773
13.6455,28766
13.651,28787
13.6564,28781
13.662,28766
13.6676,28781
13.6732,28795
13.6786,28806
13.6842,28798
13.6898,28806
13.6955,28789
13.7011,28766
13.7064,28770
13.7121,28752
13.7177,28772
13.7233,28783
13.7287,28776
13.7343,28779
13.7399,28765
13.7453,28769
13.7509,28763
13.7565,28751
13.7622,28763
13.7675,28786
13.7731,28801
13.7788,28786
13.7844,28780
13.7898,28793
13.7954,28802
13.801,28810
13.8066,28799
13.812,28800
13.8176,28809
13.8233,28820
13.8286,28803
13.8342,28790
13.8399,28807
13.8455,28796
13.8508,28780
13.8565,28795
13.8621,28815
13.8677,28805
13.873,28793
13.8787,28785
13.8843,28787
13.8899,28790
13.8953,28806
13.9009,28822
13.9065,28793
13.9122,28792
13.9175,28798
13.9232,28784
13.9288,28795
13.9344,28807
13.9398,28798
13.9454,28779
13.951,28780
13.9564,28779
13.962,28791
13.9676,28791
13.9733,28778
13.9786,28786
13.9842,28793
13.9899,28789
13.9955,28791
14.0011,28765
14.0065,28779
14.0121,28789
14.0177,28801
14.0231,28779
14.0287,28796
14.0344,28799
14.04,28796
14.0453,28778
14.051,28808
14.0566,28792
14.0622,28785
14.0676,28790
14.0732,28808
14.0788,28813
14.0844,28797
14.0898,28800
14.0954,28784
14.101,28793
14.1067,28784
14.112,28793
14.1176,28787
14.1233,28788
14.1289,28793
14.1342,28785
14.1399,28789
14.1455,28815
14.1508,28809
14.1565,28819
14.1621,28805
14.1677,28794
14.1731,28808
14.1787,28816
14.1843,28805
14.1899,28794
14.1955,28814
14.2009,28801
14.2065,28810
14.2121,28811
14.2178,28805
14.2231,28792
14.2287,28778
14.2344,28804
14.24,28809
14.2453,28817
14.2509,28811
14.2566,28801
14.2622,28793
14.2675,28805
14.2732,28808
14.2788,28809
14.2844,28804
14.2898,28806
14.2954,28798
14.301,28786
14.3064,28811
14.312,28810
14.3176,28812
14.3233,28814
14.3289,28783
14.3342,28779
14.3399,28795
14.3455,28789
14.3508,28810
14.3565,28812
14.3621,28803
14.3677,28802
14.3733,28764
14.3787,28799
14.3843,28815
14.39,28788
14.3953,28786
14.401,28810
14.4066,28804
14.412,28805
14.4176,28789
14.4232,28788
14.4289,28769
14.4342,28787
14.4398,28795
14.4455,28793
14.4511,28798
14.4564,28815
14.4621,28806
14.4677,28819
14.4733,28823
14.4787,28824
14.4843,28831
14.4899,28829
14.4955,28820
14.5009,28825
14.5065,28807
14.5121,28834
14.5178,28828
14.5231,28832
14.5287,28842
14.5344,28839
14.54,28850
14.5454,28845
14.551,28844
14.5566,28816
14.5622,28839
14.5676,28830
14.5732,28836
14.5788,28844
14.5842,28842
14.5898,28850
14.5955,28840
14.6011,28837
14.6065,28839
14.6121,28841
14.6177,28843
14.6233,28849
14.6287,28842
14.6343,28828
14.6399,28827
14.6456,28828
14.6509,28829
14.6566,28824
14.6622,28828
14.6676,28828
14.6732,28823
14.6788,28829
14.6842,28835
14.6898,28851
14.6955,28793
14.7011,28811
14.7067,28823
14.712,28827
14.7177,28832
14.7233,28827
14.7289,28828
14.7342,28841
14.7399,28834
14.7455,28841
14.7511,28843
14.7565,28829
14.7621,28843
14.7677,28833
14.7733,28842
14.7787,28834
14.7843,28841
14.7899,28846
14.7953,28834
14.8009,28837
14.8065,28846
14.8122,28855
14.8175,28853
14.8232,28832
14.8288,28852
14.8344,28853
14.8398,28848
14.8454,28839
14.851,28845
14.8567,28851
14.862,28831
14.8676,28850
14.8733,28852
14.8786,28853
14.8843,28861
14.8899,28851
14.8955,28848
14.9011,28865
14.9065,28867
14.9121,28856
14.9177,28860
14.9233,28864
14.9287,28858
14.9343,28856
14.9399,28854
14.9455,28860
14.9509,28856
14.9565,28852
14.9621,28857
14.9678,28850
14.9731,28855
14.9788,28859
14.9844,28823
14.9897,28842
14.9954,28841
15.001,28834
15.0066,28825
15.012,28837
15.0176,28836
15.0233,28843
15.0289,28842
15.0342,28850
15.0398,28847
15.0455,28852
15.0511,28851
15.0564,28852
15.062,28850
15.0676,28855
15.0733,28852
15.0789,28845
15.0842,28844
15.0898,28855
15.0955,28854
15.1011,28857
15.1064,28847
15.1121,28846
15.1176,28851
15.1232,28857
15.1286,28855
15.1342,28860
15.1399,28865
15.1454,28861
15.1511,28862
15.1564,28854
15.162,28848
15.1676,28850
15.1733,28857
15.1789,28854
15.1842,28859
15.1899,28854
15.1955,28844
15.2009,28844
15.2065,28847
15.2121,28857
15.2178,28853
15.2232,28867
15.2288,28860
15.2344,28853
15.2398,28859
15.2454,28858
15.251,28851
15.2567,28844
15.262,28849
15.2676,28849
15.2733,28848
15.2789,28841
15.2843,28849
15.2899,28848
15.2955,28847
15.3011,28846
15.3065,28858
15.3121,28850
15.3177,28843
15.3231,28852
15.3287,28848
15.3343,28854
15.34,28845
15.3453,28846
15.351,28851
15.3566,28854
15.3622,28847
15.3675,28850
15.3732,28857
15.3788,28855
15.3844,28853
15.3898,28854
15.3954,28859
15.4011,28860
15.4064,28863
15.4121,28863
15.4177,28861
15.4233,28858
15.4287,28850
15.4343,28863
15.4399,28859
15.4455,28857
15.4509,28852
15.4565,28840
15.4621,28850
15.4677,28848
15.4731,28848
15.4787,28852
15.4844,28862
15.4897,28849
15.4953,28852
15.501,28848
15.5066,28845
15.5122,28852
15.5176,28847
15.5232,28855
15.5288,28844
15.5342,28841
15.5398,28851
15.5455,28856
15.5511,28856
15.5564,28857
15.5621,28828
15.5677,28834
15.573,28821
15.5787,28827
15.5843,28818
15.5899,28833
15.5956,28840
15.6009,28848
15.6065,28847
15.6121,28829
15.6178,28833
15.6231,28840
15.6287,28845
15.6344,28842
15.64,28821
15.6453,28850
15.651,28849
15.6566,28847
15.6619,28853
15.6676,28853
15.6732,28852
15.6788,28833
15.6842,28822
15.6898,28833
15.6954,28841
15.7011,28841
15.7064,28826
15.7121,28846
15.7177,28846
15.7231,28848
15.7287,28836
15.7343,28799
15.7399,28811
15.7453,28822
15.7509,28824
15.7566,28835
15.7619,28786
15.7676,28793
15.7732,28785
15.7788,28801
15.7842,28819
15.7899,28831
15.7955,28823
15.8009,28809
15.8065,28752
15.8121,28793
15.8175,28801
15.8231,28807
15.8288,28801
15.8344,28782
15.8398,28779
15.8454,28794
15.851,28801
15.8567,28785
15.862,28775
15.8676,28790
15.8732,28798
15.8788,28810
15.8842,28818
