Experiment: Mar_23_T2_osmo_expt vial 12, Tue Mar 23 18:19:48 2021
0.0016,170
0.0069,167
0.0125,169
0.0179,170
0.0235,170
0.0292,170
0.0348,170
0.0401,169
0.0458,165
0.0514,170
0.057,166
0.0624,169
0.068,167
0.0736,169
0.0793,169
0.0846,169
0.0902,167
0.0959,170
0.1015,171
0.1068,171
0.1124,168
0.1181,170
0.1234,168
0.129,168
0.1346,169
0.1403,171
0.1459,171
0.1512,169
0.1569,170
0.1625,169
0.1681,169
0.1735,166
0.1791,169
0.1847,170
0.1904,167
0.1957,169
0.2013,169
0.207,166
0.2123,169
0.2179,172
0.2236,169
0.2292,169
0.2346,170
0.2401,168
0.2457,168
0.2514,168
0.257,169
0.2623,171
0.2679,169
0.2735,171
0.2792,172
0.2848,168
0.2901,169
0.2957,171
0.3014,169
0.307,170
0.3123,172
0.318,169
0.3235,169
0.3292,169
0.3348,170
0.3401,169
0.3458,170
0.3513,169
0.357,169
0.3623,170
0.368,168
0.3736,167
0.3792,170
0.3848,171
0.3901,167
0.3958,170
0.4014,168
0.407,168
0.4126,169
0.4179,168
0.4236,169
0.4292,170
0.4348,170
0.4401,170
0.4458,169
0.4514,170
0.4568,170
0.4624,171
0.468,170
0.4737,170
0.479,169
0.4846,170
0.4903,169
0.4959,171
0.5012,169
0.5069,168
0.5125,166
0.5181,171
0.5234,168
0.5291,172
0.5347,171
0.5401,170
0.5458,169
0.5514,170
0.557,172
0.5623,170
0.568,170
0.5736,170
0.5792,170
0.5846,174
0.5902,170
0.5959,170
0.6015,170
0.6068,168
0.6125,169
0.6181,170
0.6237,169
0.629,170
0.6347,169
0.6403,169
0.6457,170
0.6513,169
0.6569,167
0.6625,171
0.6679,168
0.6735,170
0.6791,171
0.6847,171
0.6901,172
0.6957,170
0.7013,171
0.7069,171
0.7125,171
0.7179,173
0.7235,170
0.7291,173
0.7348,169
0.7401,169
0.7457,172
0.7514,170
0.757,169
0.7623,170
0.768,170
0.7736,169
0.7792,172
0.7846,170
0.7902,170
0.7958,170
0.8015,171
0.8068,170
0.8124,168
0.8181,171
0.8234,167
0.829,169
0.8347,169
0.8403,168
0.8459,169
0.8513,169
0.8569,171
0.8625,169
0.8679,170
0.8735,170
0.8792,171
0.8848,169
0.8902,171
0.8958,168
0.9014,168
0.9068,171
0.9124,170
0.9181,173
0.9237,170
0.929,170
0.9347,170
0.9403,170
0.9459,169
0.9513,169
0.9569,172
0.9625,169
0.9681,169
0.9735,170
0.9791,168
0.9847,170
0.9903,172
0.9957,170
1.0013,165
1.007,170
1.0126,169
1.0179,172
1.0235,170
1.0292,170
1.0348,170
1.0401,171
1.0458,172
1.0514,169
1.057,170
1.0626,168
1.068,170
1.0736,170
1.0792,169
1.0848,171
1.0902,168
1.0958,170
1.1014,170
1.1068,170
1.1124,170
1.1181,171
1.1237,169
1.129,171
1.1347,170
1.1403,170
1.1459,167
1.1513,169
1.157,167
1.1623,173
1.1679,168
1.1736,170
1.1792,171
1.1845,168
1.1901,170
1.1958,170
1.2014,171
1.207,170
1.2124,169
1.218,170
1.2237,169
1.2293,169
1.2346,166
1.2402,169
1.2459,171
1.2515,171
1.2568,170
1.2625,169
1.2681,169
1.2737,170
1.279,171
1.2847,170
1.2903,169
1.2957,172
1.3013,167
1.3069,170
1.3125,167
1.3179,172
1.3235,166
1.3292,170
1.3348,167
1.3401,171
1.3458,169
1.3514,168
1.357,169
1.3624,169
1.368,171
1.3736,169
1.379,166
1.3846,166
1.3903,168
1.3959,170
1.4012,169
1.4069,168
1.4125,169
1.4181,170
1.4235,170
1.4291,169
1.4348,169
1.4401,167
1.4458,168
1.4514,168
1.457,169
1.4624,170
1.468,169
1.4736,171
1.4792,167
1.4846,169
1.4903,169
1.4959,169
1.5012,170
1.5069,170
1.5125,171
1.5181,171
1.5235,169
1.5291,171
1.5348,169
1.5401,170
1.5458,169
1.5514,171
1.5568,169
1.5624,171
1.568,169
1.5736,168
1.5793,169
1.5846,167
1.5902,169
1.5959,170
1.6015,168
1.6068,172
1.6124,169
1.6181,170
1.6237,170
1.6291,169
1.6347,170
1.6403,170
1.6457,168
1.6513,166
1.6569,168
1.6626,172
1.6679,169
1.6736,167
1.6792,170
1.6848,171
1.6902,171
1.6958,170
1.7015,172
1.7068,171
1.7124,170
1.7181,169
1.7237,170
1.729,171
1.7346,168
1.7403,171
1.7459,169
1.7513,169
1.7569,169
1.7624,171
1.768,170
1.7736,171
1.7793,170
1.7846,168
1.7902,170
1.7958,172
1.8014,173
1.8071,169
1.8124,171
1.818,169
1.8236,166
1.8293,169
1.8346,170
1.8402,168
1.8458,168
1.8514,171
1.8571,167
1.8624,167
1.868,166
1.8736,168
1.8792,168
1.8846,168
1.8902,167
1.8958,169
1.9014,171
1.9071,166
1.9124,165
1.918,167
1.9237,168
1.9292,169
1.9349,167
1.9402,164
1.9458,168
1.9515,169
1.9568,167
1.9624,169
1.9681,168
1.9737,170
1.979,168
1.9847,166
1.9903,170
1.9959,166
2.0069,167
2.0126,165
2.018,167
2.0236,169
2.0292,168
2.0348,167
2.0402,170
2.0458,168
2.0515,169
2.0568,166
2.0624,169
2.0681,167
2.0737,163
2.0791,169
2.0847,165
2.0904,166
2.096,167
2.1013,165
2.107,166
2.1126,165
2.1179,168
2.1236,169
2.1292,166
2.1348,165
2.1401,167
2.1458,167
2.1514,166
2.157,168
2.1624,167
2.168,165
2.1736,167
2.1793,166
2.1846,167
2.1902,166
2.1959,166
2.2015,168
2.2069,166
2.2125,169
2.2181,166
2.2235,168
2.2291,165
2.2347,165
2.2404,169
2.2457,167
2.2514,168
2.257,166
2.2627,166
2.268,168
2.2737,165
2.2793,167
2.2847,168
2.2903,169
2.2959,168
2.3015,169
2.3069,170
2.3125,167
2.3182,168
2.3235,168
2.3291,170
2.3348,171
2.3404,168
2.3457,168
2.3514,169
2.357,167
2.3626,167
2.368,169
2.3736,170
2.3792,169
2.3849,169
2.3902,168
2.3958,170
2.4015,171
2.4068,171
2.4124,175
2.4181,170
2.4237,171
2.4293,170
2.4347,170
2.4403,169
2.446,172
2.4513,171
2.457,169
2.4626,172
2.4682,170
2.4736,172
2.4792,171
2.4848,171
2.4902,171
2.4958,168
2.5014,170
2.5071,170
2.5124,170
2.5181,170
2.5237,169
2.5293,171
2.5347,171
2.5403,167
2.5459,169
2.5513,169
2.5569,169
2.5626,170
2.5682,169
2.5736,169
2.5792,168
2.5848,168
2.5905,170
2.5958,172
2.6014,170
2.6071,169
2.6124,171
2.618,170
2.6236,171
2.6293,171
2.6346,171
2.6403,167
2.6459,170
2.6515,170
2.6569,171
2.6625,170
2.6681,171
2.6737,170
2.6793,170
2.6847,168
2.6903,170
2.6959,171
2.7016,172
2.7069,170
2.7126,170
2.7182,169
2.7235,170
2.7292,171
2.7348,169
2.7404,171
2.7458,172
2.7514,172
2.757,171
2.7626,172
2.768,170
2.7736,172
2.7792,171
2.7849,168
2.7902,171
2.7959,172
2.8015,170
2.8071,172
2.8125,172
2.8181,171
2.8237,171
2.8291,170
2.8347,170
2.8404,173
2.846,171
2.8513,171
2.857,172
2.8626,173
2.8682,170
2.8736,169
2.8792,171
2.8848,168
2.8902,169
2.8958,173
2.9015,172
2.9071,171
2.9124,173
2.9181,171
2.9237,169
2.9293,172
2.9346,173
2.9403,170
2.9459,172
2.9515,172
2.9571,171
2.9625,170
2.9681,170
2.9737,172
2.9793,171
2.9847,171
2.9903,170
2.9959,172
3.0069,169
3.0125,172
3.0182,171
3.0236,170
3.0292,170
3.0348,170
3.0405,171
3.0458,171
3.0514,170
3.0571,171
3.0627,171
3.068,169
3.0737,171
3.0793,172
3.0849,170
3.0902,170
3.0959,172
3.1015,171
3.1071,166
3.1125,171
3.1181,171
3.1237,170
3.1294,172
3.1347,171
3.1403,172
3.146,170
3.1513,172
3.157,173
3.1626,171
3.1682,171
3.1736,169
3.1792,172
3.1848,173
3.1905,172
3.1958,171
3.2014,172
3.207,170
3.2127,170
3.218,171
3.2236,170
3.2293,169
3.2349,173
3.2402,171
3.2458,172
3.2515,169
3.2571,171
3.2627,172
3.268,171
3.2737,170
3.2793,169
3.2846,172
3.2903,169
3.2959,169
3.3015,169
3.3071,171
3.3125,170
3.3181,170
3.3237,169
3.3294,170
3.3347,171
3.3403,172
3.3459,170
3.3516,172
3.3569,172
3.3625,170
3.3681,169
3.3737,173
3.3791,172
3.3847,172
3.3904,173
3.3959,171
3.4015,170
3.4072,171
3.4125,173
3.4181,173
3.4237,173
3.4293,169
3.4347,170
3.4404,172
3.446,171
3.4513,169
3.457,172
3.4626,169
3.4682,169
3.4739,170
3.4792,169
3.4848,167
3.4904,167
3.4961,170
3.5015,170
3.5071,169
3.5127,169
3.518,167
3.5237,165
3.5293,169
3.5346,171
3.5403,168
3.5459,170
3.5515,171
3.5572,168
3.5625,169
3.5681,170
3.5738,170
3.5794,167
3.5847,168
3.5903,169
3.596,167
3.6016,167
3.6069,171
3.6126,170
3.6182,170
3.6236,171
3.6292,169
3.6349,168
3.6405,171
3.6458,169
3.6515,169
3.6571,167
3.6627,169
3.6681,168
3.6737,169
3.6793,169
3.6847,167
3.6903,169
3.696,168
3.7016,167
3.7069,166
3.7126,169
3.7182,167
3.7238,168
3.7292,168
3.7348,168
3.7405,168
3.7458,171
3.7514,169
3.7571,166
3.7627,167
3.7681,169
3.7737,169
3.7793,165
3.7849,170
3.7903,169
3.7959,169
3.8015,172
3.8072,170
3.8125,170
3.8182,169
3.8238,169
3.8291,171
3.8348,169
3.8404,170
3.846,168
3.8514,169
3.857,169
3.8626,169
3.8682,171
3.8736,171
3.8792,169
3.8848,169
3.8905,170
3.8958,170
3.9014,169
3.9071,168
3.9127,170
3.9181,168
3.9237,168
3.9293,168
3.9347,168
3.9403,168
3.946,167
3.9516,170
3.9569,169
3.9626,167
3.9682,172
3.9738,165
3.9792,169
3.9848,169
3.9904,168
3.9961,170
4.0014,170
4.0071,169
4.0127,169
4.018,169
4.0237,168
4.0293,170
4.0349,169
4.0403,170
4.0459,170
4.0516,170
4.0569,169
4.0626,171
4.0682,170
4.0738,169
4.0792,171
4.0848,168
4.0904,171
4.096,170
4.1014,172
4.107,171
4.1126,172
4.1183,169
4.1236,168
4.1292,171
4.1348,167
4.1405,171
4.1461,170
4.1515,170
4.1571,169
4.1627,172
4.1681,172
4.1737,172
4.1793,170
4.1849,167
4.1903,169
4.1959,170
4.2016,167
4.2072,168
4.2125,170
4.2182,171
4.2238,169
4.2294,167
4.2348,170
4.2404,170
4.246,170
4.2514,171
4.257,169
4.2626,173
4.2682,168
4.2739,169
4.2792,171
4.2848,171
4.2905,167
4.2958,170
4.3014,172
4.3071,169
4.3127,173
4.318,170
4.3236,170
4.3293,169
4.3349,171
4.3405,170
4.3459,169
4.3515,169
4.3571,172
4.3627,169
4.3681,169
4.3737,171
4.3793,169
4.385,170
4.3903,170
4.3959,171
4.4016,171
4.4072,168
4.4125,169
4.4182,165
4.4238,167
4.4294,166
4.4347,168
4.4404,169
4.446,168
4.4514,169
4.457,167
4.4626,169
4.4683,169
4.4736,168
4.4793,169
4.4849,169
4.4903,170
4.4959,166
4.5015,169
4.5071,169
4.5125,168
4.5181,169
4.5238,166
4.5294,168
4.5347,168
4.5404,170
4.546,170
4.5516,170
4.557,169
4.5626,169
4.5682,172
4.5738,170
4.5792,171
4.5848,168
4.5905,171
4.5958,166
4.6014,169
4.607,169
4.6127,171
4.618,171
4.6236,168
4.6293,167
4.6349,170
4.6405,168
4.6459,168
4.6515,168
4.6571,171
4.6627,170
4.6681,170
4.6737,171
4.6793,171
4.685,172
4.6903,169
4.6959,168
4.7016,168
4.7072,170
4.7126,168
4.7182,169
4.7238,172
4.7292,170
4.7348,168
4.7405,169
4.7461,168
4.7514,170
4.7571,169
4.7627,168
4.768,169
4.7737,167
4.7793,170
4.7849,168
4.7903,169
4.7959,167
4.8016,169
4.8072,170
4.8125,168
4.8182,168
4.8238,166
4.8294,169
4.8348,168
4.8405,168
4.8461,171
4.8514,170
4.8571,169
4.8625,170
4.8681,170
4.8737,169
4.8794,171
4.8847,170
4.8903,169
4.8959,169
4.9016,167
4.9072,168
4.9125,170
4.9181,169
4.9237,168
4.9294,171
4.9347,172
4.9403,170
4.9459,170
4.9516,171
4.9572,171
4.9625,169
4.9682,170
4.9737,171
4.9794,170
4.9847,169
4.9903,170
4.996,171
5.0015,169
5.0072,168
5.0125,169
5.0182,169
5.0238,171
5.0293,169
5.035,169
5.0403,171
5.0459,170
5.0516,171
5.0571,167
5.0625,166
5.0681,168
5.0738,168
5.0794,170
5.0847,169
5.0904,171
5.096,171
5.1016,168
5.1069,168
5.1126,169
5.1182,169
5.1238,171
5.1292,169
5.1348,170
5.1404,169
5.1461,171
5.1514,171
5.157,169
5.1627,170
5.1683,170
5.1737,170
5.1793,169
5.1849,169
5.1903,170
5.1959,169
5.2015,168
5.2072,167
5.2125,170
5.2181,168
5.2238,171
5.2294,169
5.235,170
5.2404,169
5.246,169
5.2516,170
5.257,169
5.2626,168
5.2682,168
5.2739,169
5.2792,172
5.2848,171
5.2905,170
5.2961,170
5.3014,170
5.3071,172
5.3127,170
5.3183,171
5.3237,170
5.3293,171
5.3349,172
5.3405,170
5.3459,168
5.3515,172
5.3572,171
5.3628,170
5.3681,172
5.3737,169
5.3794,170
5.385,169
5.3903,169
5.396,168
5.4016,172
5.4069,173
5.4126,173
5.4182,170
5.4238,171
5.4292,170
5.4348,169
5.4404,171
5.4461,168
5.4515,170
5.4571,171
5.4628,169
5.4681,169
5.4738,170
5.4794,169
5.4847,169
5.4904,167
5.496,168
5.5016,169
5.507,169
5.5126,170
5.5182,169
5.5239,168
5.5292,169
5.5348,167
5.5405,169
5.5461,169
5.5514,165
5.5571,170
5.5627,167
5.5683,167
5.5736,170
5.5793,169
5.5849,167
5.5906,168
5.5959,169
5.6015,169
5.6072,170
5.6125,168
5.6181,168
5.6238,168
5.6294,171
5.6348,169
5.6404,169
5.646,168
5.6517,170
5.657,167
5.6626,168
5.6683,166
5.6736,166
5.6792,167
5.6849,167
5.6905,170
5.6958,168
5.7015,167
5.7071,169
5.7127,167
5.7181,166
5.7237,171
5.7294,169
5.735,170
5.7404,168
5.746,168
5.7516,170
5.757,169
5.7626,171
5.7682,167
5.7739,168
5.7792,170
5.7848,170
5.7905,170
5.7961,169
5.8015,168
5.8071,170
5.8127,169
5.8181,168
5.8237,169
5.8294,169
5.835,169
5.8403,169
5.846,166
5.8516,167
5.8572,168
5.8626,168
5.8682,167
5.8738,166
5.8792,168
5.8848,169
5.8904,170
5.8961,169
5.9014,168
5.9071,168
5.9127,170
5.9181,169
5.9237,169
5.9293,170
5.935,170
5.9403,166
5.946,169
5.9516,169
5.9572,168
5.9626,168
5.9682,166
5.9738,169
5.9794,166
5.9848,170
5.9904,171
5.996,166
6.0017,170
6.0071,171
6.0127,169
6.0183,169
6.0236,168
6.0293,171
6.0349,172
6.0405,171
6.0458,167
6.0515,170
6.0571,169
6.0627,167
6.0683,167
6.0737,166
6.0794,169
6.085,168
6.0904,168
6.096,167
6.1016,166
6.107,169
6.1126,168
6.1182,169
6.1238,170
6.1292,167
6.1348,169
6.1404,170
6.1461,171
6.1517,172
6.157,169
6.1626,167
6.1683,169
6.1739,169
6.1792,169
6.1849,170
6.1905,169
6.1961,172
6.2015,169
6.2071,170
6.2127,169
6.2181,168
6.2237,168
6.2294,167
6.235,170
6.2403,169
6.246,168
6.2516,169
6.2572,170
6.2626,169
6.2682,167
6.2738,170
6.2795,170
6.2848,171
6.2904,171
6.2961,168
6.3014,167
6.307,169
6.3127,168
6.3183,169
6.3237,171
6.3293,169
6.3349,169
6.3405,170
6.3459,170
6.3515,170
6.3571,173
6.3627,171
6.3681,171
6.3737,168
6.3793,171
6.385,170
6.3906,170
6.3959,168
6.4015,172
6.4072,167
6.4125,171
6.4182,170
6.4238,171
6.4294,169
6.435,170
6.4403,172
6.446,171
6.4516,171
6.4572,170
6.4626,172
6.4681,172
6.4737,169
6.4794,170
6.485,170
6.4904,168
6.4959,170
6.5015,171
6.5072,169
6.5128,172
6.5181,168
6.5237,170
6.5293,171
6.535,168
6.5404,170
6.546,168
6.5515,171
6.5572,171
6.5628,172
6.5681,168
6.5738,169
6.5793,170
6.5849,171
6.5903,170
6.5959,170
6.6016,170
6.6071,169
6.6128,168
6.6181,171
6.6237,169
6.6294,170
6.6349,172
6.6406,172
6.6459,170
6.6515,169
6.6572,171
6.6627,172
6.6684,168
6.6737,168
6.6793,173
6.685,171
6.6903,170
6.6959,171
6.7016,168
6.7072,170
6.7125,170
6.7182,168
6.7238,169
6.7294,169
6.7348,169
6.7404,171
6.746,169
6.7516,170
6.757,171
6.7626,170
6.7682,170
6.7739,167
6.7792,171
6.7848,171
6.7905,169
6.7961,169
6.8015,170
6.8071,169
6.8127,170
6.8183,165
6.8237,168
6.8293,164
6.8349,166
6.8406,170
6.8459,169
6.8515,169
6.8572,167
6.8628,168
6.8682,167
6.8738,168
6.8794,169
6.8848,167
6.8904,168
6.896,165
6.9017,169
6.907,167
6.9126,168
6.9183,171
6.9239,170
6.9292,168
6.9349,168
6.9405,169
6.9461,167
6.9515,169
6.9571,166
6.9627,167
6.9683,172
6.9739,171
6.9793,175
6.9849,170
6.9905,170
6.9961,170
7.0015,169
7.0072,170
7.0125,167
7.0181,169
7.0238,168
7.0294,169
7.035,170
7.0404,169
7.046,168
7.0516,169
7.0573,169
7.0626,170
7.0682,170
7.0739,169
7.0792,167
7.0848,169
7.0905,171
7.0961,173
7.1014,171
7.1071,172
7.1127,169
7.1183,170
7.1236,168
7.1293,170
7.1349,168
7.1405,169
7.1459,170
7.1515,169
7.1571,168
7.1627,168
7.1681,169
7.1737,169
7.1794,169
7.185,168
7.1903,169
7.196,170
7.2016,170
7.2072,167
7.2126,168
7.2182,167
7.2239,168
7.2292,167
7.2348,171
7.2405,166
7.2461,168
7.2517,167
7.2571,168
7.2627,168
7.2683,168
7.2737,171
7.2793,169
7.2849,170
7.2905,171
7.2959,170
7.3015,170
7.3072,169
7.3128,170
7.3182,167
7.3238,168
7.3294,171
7.3348,169
7.3404,169
7.3461,170
7.3517,167
7.357,168
7.3627,167
7.3683,167
7.3737,167
7.3793,169
7.3849,168
7.3905,166
7.3962,169
7.4015,166
7.4071,168
7.4128,167
7.4181,168
7.4237,168
7.4293,168
7.435,170
7.4403,167
7.446,169
7.4516,169
7.4572,169
7.4626,168
7.4682,169
7.4738,171
7.4795,168
7.4848,170
7.4904,169
7.4961,170
7.5017,168
7.507,171
7.5126,169
7.5183,169
7.5239,168
7.5293,167
7.5349,169
7.5405,168
7.5459,168
7.5515,172
7.5571,169
7.5628,169
7.5681,167
7.5738,167
7.5794,170
7.585,168
7.5904,170
7.596,168
7.6016,168
7.6072,170
7.6126,169
7.6182,171
7.6239,169
7.6292,169
7.6348,168
7.6405,170
7.6461,171
7.6517,167
7.6571,168
7.6627,170
7.6683,171
7.6737,170
7.6793,171
7.6849,167
7.6905,168
7.6959,168
7.7015,167
7.7071,169
7.7128,168
7.7181,170
7.7238,170
7.7294,169
7.735,169
7.7404,169
7.746,171
7.7516,170
7.7572,165
7.7626,166
7.7682,168
7.7739,165
7.7792,168
7.7848,168
7.7904,169
7.7961,168
7.8014,169
7.8071,170
7.8127,170
7.8183,169
7.8237,166
7.8293,171
7.8349,168
7.8405,166
7.8462,169
7.8515,169
7.8571,168
7.8628,167
7.8681,168
7.8738,169
7.8794,168
7.885,169
7.8904,170
7.896,170
7.9016,170
7.9073,168
7.9126,170
7.9183,168
7.9239,166
7.9295,170
7.9348,170
7.9405,169
7.9461,168
7.9515,167
7.9571,168
7.9627,164
7.9681,169
7.9737,168
7.9793,167
7.985,170
7.9906,168
7.9959,168
8.0016,166
8.0073,168
8.0126,168
8.0182,168
8.0239,167
8.0292,169
8.0349,169
8.0405,170
8.0459,170
8.0515,169
8.0572,167
8.0628,167
8.0681,169
8.0737,168
8.0793,168
8.0849,167
8.0906,168
8.0959,168
8.1015,169
8.1071,166
8.1127,168
8.1184,169
8.1237,167
8.1293,168
8.1349,165
8.1406,168
8.1459,168
8.1515,168
8.1571,168
8.1627,168
8.1684,169
8.1737,167
8.1794,168
8.1849,165
8.1905,168
8.1962,168
8.2015,166
8.2071,169
8.2127,169
8.2183,167
8.2237,168
8.2293,168
8.2349,170
8.2405,168
8.2462,166
8.2515,171
8.2571,167
8.2628,168
8.2683,167
8.2737,167
8.2793,168
8.2849,168
8.2906,167
8.2959,170
8.3015,168
8.3072,169
8.3128,167
8.3182,166
8.3238,167
8.3294,168
8.3348,168
8.3404,170
8.346,168
8.3517,168
8.357,166
8.3626,168
8.3682,169
8.3739,170
8.3792,167
8.3849,167
8.3905,169
8.3961,168
8.4017,168
8.4071,168
8.4127,168
8.4184,169
8.4237,170
8.4293,166
8.435,167
8.4403,169
8.446,166
8.4516,169
8.4572,169
8.4628,170
8.4682,169
8.4738,169
8.4794,168
8.485,171
8.4904,170
8.496,169
8.5017,167
8.507,169
8.5126,169
8.5183,169
8.5239,168
8.5292,170
8.5349,167
8.5405,168
8.5461,169
8.5515,169
8.5571,170
8.5627,169
8.5684,167
8.5737,168
8.5793,169
8.585,169
8.5903,169
8.596,170
8.6016,167
8.6072,169
8.6126,170
8.6182,169
8.6238,170
8.6295,167
8.6348,168
8.6404,166
8.646,169
8.6517,169
8.657,169
8.6626,170
8.6683,168
8.6739,170
8.6793,171
8.6849,169
8.6905,169
8.6961,168
8.7015,168
8.7071,170
8.7128,171
8.7181,169
8.7237,172
8.7293,170
8.735,166
8.7406,168
8.746,170
8.7516,168
8.7572,167
8.7629,168
8.7682,171
8.7738,169
8.7795,172
8.7848,170
8.7904,169
8.7961,168
8.8014,170
8.807,169
8.8127,168
8.8183,168
8.8239,169
8.8293,168
8.8349,169
8.8405,170
8.8461,170
8.8515,168
8.8571,167
8.8627,170
8.8683,169
8.8737,170
8.8793,171
8.8849,170
8.8906,170
8.8962,170
8.9015,165
8.9071,169
8.9128,169
8.9184,170
8.9237,167
8.9294,171
8.935,172
8.9404,168
8.946,168
8.9516,171
8.9572,170
8.9626,171
8.9682,170
8.9738,168
8.9795,169
8.9848,170
8.9904,169
8.9961,168
9.0017,168
9.0071,168
9.0127,169
9.0183,170
9.0239,169
9.0293,170
9.0349,168
9.0405,169
9.0461,172
9.0515,170
9.0571,169
9.0628,168
9.0681,168
9.0737,168
9.0794,170
9.085,167
9.0904,168
9.096,172
9.1016,169
9.1072,170
9.1126,170
9.1182,170
9.1238,167
9.1292,167
9.1348,165
9.1404,166
9.1461,165
9.1514,165
9.1571,165
9.1627,166
9.1683,166
9.1739,164
9.1793,166
9.1849,164
9.1905,166
9.1962,163
9.2015,166
9.2071,166
9.2128,166
9.2181,166
9.2238,164
9.2294,168
9.235,165
9.2403,165
9.246,167
9.2516,171
9.2572,169
9.2626,168
9.2682,168
9.2738,170
9.2795,170
9.2848,170
9.2904,171
9.2961,171
9.3017,170
9.3071,169
9.3127,172
9.3183,171
9.3237,170
9.3293,170
9.3349,168
9.3406,169
9.3459,170
9.3516,168
9.3572,174
9.3626,173
9.3682,167
9.3738,168
9.3794,167
9.385,171
9.3904,169
9.396,169
9.4016,171
9.407,172
9.4126,165
9.4182,170
9.4239,170
9.4295,170
9.4348,170
9.4405,172
9.4461,170
9.4517,168
9.4571,167
9.4627,171
9.4684,169
9.4737,171
9.4793,170
9.4849,169
9.4906,170
9.4959,172
9.5016,172
9.5072,169
9.5128,171
9.5181,168
9.5238,172
9.5294,168
9.535,169
9.5404,170
9.546,167
9.5516,167
9.5572,168
9.5626,170
9.5682,170
9.5739,171
9.5795,170
9.5848,169
9.5905,171
9.5961,167
9.6015,170
9.6071,169
9.6127,168
9.6184,167
9.6237,170
9.6293,172
9.6349,168
9.6406,169
9.6459,170
9.6515,168
9.6571,170
9.6628,172
9.6682,171
9.6738,169
9.6793,168
9.6849,170
9.6906,170
9.6959,167
9.7015,168
9.7071,169
9.7127,165
9.7184,166
9.7237,164
9.7294,168
9.7349,168
9.7406,169
9.7459,168
9.7515,169
9.7572,167
9.7627,170
9.7684,169
9.7737,171
9.7793,168
9.785,170
9.7905,170
9.7962,168
9.8015,170
9.8071,169
9.8128,167
9.8183,171
9.8237,168
9.8293,170
9.8349,168
9.8406,170
9.8459,169
9.8515,166
9.8572,168
9.8628,170
9.8681,171
9.8738,169
9.8794,167
9.885,168
9.8904,168
9.896,168
9.9016,168
9.9072,170
9.9126,170
9.9182,167
9.9238,167
9.9295,170
9.9351,168
9.9404,168
9.946,169
9.9517,168
9.957,171
9.9627,170
9.9683,170
9.9737,170
9.9793,167
9.9849,169
9.9905,168
9.9959,169
10.0015,166
10.0072,169
10.0128,170
10.0184,170
10.0238,166
10.0294,169
10.035,169
10.0404,169
10.046,168
10.0516,171
10.0572,169
10.0626,163
10.0682,167
10.0739,170
10.0795,170
10.0848,169
10.0904,171
10.0961,168
10.1017,169
10.107,170
10.1126,167
10.1183,169
10.1239,170
10.1292,168
10.1349,169
10.1405,169
10.1461,167
10.1517,171
10.1571,169
10.1627,165
10.1683,169
10.1737,168
10.1793,170
10.1849,167
10.1906,170
10.1959,169
10.2015,169
10.2072,166
10.2128,167
10.2181,170
10.2238,168
10.2294,168
10.235,170
10.2404,167
10.246,168
10.2517,167
10.257,168
10.2626,168
10.2683,169
10.2739,166
10.2792,168
10.2849,169
10.2905,167
10.2961,168
10.3015,169
10.3071,169
10.3128,169
10.3184,169
10.3237,169
10.3293,166
10.335,167
10.3406,166
10.3459,169
10.3516,170
10.3572,170
10.3626,167
10.3682,167
10.3738,166
10.3795,169
10.3848,168
10.3904,168
10.396,169
10.4017,170
10.407,165
10.4127,171
10.4183,168
10.4239,167
10.4293,170
10.4349,170
10.4405,169
10.4461,171
10.4515,166
10.4571,171
10.4628,167
10.4681,171
10.4738,168
10.4794,169
10.485,170
10.4904,169
10.496,168
10.5016,170
10.5073,168
10.5126,167
10.5182,171
10.5239,169
10.5292,169
10.5349,172
10.5405,170
10.5461,169
10.5515,167
10.5571,168
10.5628,170
10.5681,168
10.5737,166
10.5794,168
10.585,165
10.5904,167
10.596,168
10.6016,170
10.6072,169
10.6126,170
10.6182,167
10.6238,173
10.6295,172
10.6348,169
10.6404,169
10.6461,170
10.6517,171
10.6571,169
10.6627,172
10.6683,171
10.6739,170
10.6793,169
10.6849,168
10.6905,171
10.6959,168
10.7015,167
10.7071,169
10.7128,170
10.7184,164
10.7238,166
10.7294,169
10.735,166
10.7404,167
10.746,166
10.7516,166
10.7573,168
10.7626,168
10.7683,171
10.7739,165
10.7793,169
10.7849,169
10.7905,167
10.7962,166
10.8015,167
10.8071,170
10.8128,168
10.8184,168
10.8237,169
10.8293,170
10.8349,166
10.8406,168
10.8462,167
10.8515,166
10.8572,167
10.8628,164
10.8681,168
10.8738,169
10.8794,167
10.885,167
10.8904,167
10.896,167
10.9016,169
10.9072,163
10.9126,163
10.9182,165
10.9238,164
10.9295,163
10.9351,163
10.9404,162
10.9461,165
10.9517,167
10.9573,163
10.9627,164
10.9683,161
10.9739,164
10.9795,161
10.9849,161
10.9905,164
10.9961,166
11.0018,165
11.0071,164
11.0128,165
11.0184,165
11.0238,165
11.0294,162
11.035,166
11.0406,164
11.046,163
11.0516,163
11.0573,161
11.0626,166
11.0683,164
11.0739,164
11.0795,164
11.0849,166
11.0905,164
11.0962,162
11.1018,161
11.1071,164
11.1128,164
11.1184,164
11.1237,164
11.1294,162
11.135,163
11.1406,165
11.146,165
11.1516,165
11.1572,163
11.1629,161
11.1682,163
11.1737,165
11.1793,163
11.185,165
11.1906,164
11.1959,162
11.2015,165
11.2072,165
11.2128,162
11.2184,163
11.2238,163
11.2294,164
11.235,162
11.2406,164
11.246,166
11.2516,163
11.2572,161
11.2628,164
11.2684,166
11.2738,167
11.2794,165
11.285,164
11.2906,166
11.2962,165
11.3016,165
11.3072,163
11.3128,163
11.3184,169
11.3238,168
11.3294,166
11.335,167
11.3406,170
11.346,169
11.3516,168
11.3572,170
11.3629,167
11.3684,166
11.3738,166
11.3794,169
11.385,169
11.3906,169
11.396,168
11.4016,170
11.4073,167
11.4129,167
11.4182,167
11.4239,169
11.4295,169
11.4348,167
11.4405,170
11.4461,169
11.4517,169
11.4571,170
11.4627,168
11.4683,169
11.474,170
11.4793,169
11.485,169
11.4906,167
11.4962,168
11.5016,170
11.5072,167
11.5128,167
11.5182,171
11.5238,167
11.5294,165
11.5351,167
11.5404,169
11.546,168
11.5517,169
11.5573,166
11.5629,170
11.5683,167
11.5739,165
11.5795,168
11.5849,165
11.5905,169
11.5962,168
11.6015,168
11.6071,169
11.6127,165
11.6184,170
11.624,168
11.6294,171
11.635,166
11.6406,167
11.646,168
11.6516,169
11.6573,168
11.6626,170
11.6683,166
11.6739,169
11.6795,169
11.6849,169
11.6905,170
11.6961,170
11.7017,166
11.7071,168
11.7128,167
11.7184,169
11.724,167
11.7294,168
11.735,170
11.7406,169
11.746,169
11.7516,168
11.7572,168
11.7628,170
11.7685,169
11.7738,168
11.7794,167
11.7851,168
11.7907,168
11.796,169
11.8017,168
11.8073,164
11.8129,168
11.8183,167
11.8239,167
11.8295,168
11.8349,169
11.8405,168
11.8461,170
11.8517,168
11.8571,165
11.8627,169
11.8684,168
11.874,168
11.8793,170
11.885,168
11.8906,166
11.8962,168
11.9016,167
11.9072,166
11.9129,167
11.9182,167
11.9238,167
11.9295,167
11.9351,166
11.9404,169
11.9461,163
11.9517,167
11.9573,168
11.9627,169
11.9683,169
11.9739,163
11.9795,164
11.9852,169
11.9905,168
11.9961,166
12.0017,167
12.0071,167
12.0127,167
12.0184,167
12.024,168
12.0293,167
12.0349,169
12.0406,167
12.0462,167
12.0518,165
12.0572,170
12.0628,166
12.0684,164
12.074,167
12.0794,165
12.085,168
12.0907,166
12.096,167
12.1016,167
12.1073,165
12.1129,165
12.1182,165
12.1239,166
12.1295,167
12.1351,166
12.1407,169
12.1461,170
12.1517,168
12.1573,166
12.1627,168
12.1683,169
12.174,168
12.1793,166
12.185,168
12.1906,165
12.1962,165
12.2018,166
12.2072,169
12.2128,164
12.2184,168
12.224,167
12.2294,167
12.235,168
12.2406,166
12.2463,166
12.2516,167
12.2573,164
12.2629,167
12.2683,167
12.2739,169
12.2795,166
12.2851,165
12.2905,166
12.2961,168
12.3017,164
12.3074,165
12.3127,167
12.3183,168
12.3238,167
12.3294,165
12.335,160
12.3406,167
12.3463,167
12.3516,165
12.3572,167
12.3628,166
12.3685,165
12.3738,166
12.3794,168
12.385,168
12.3907,165
12.3963,167
12.4016,167
12.4073,165
12.4129,166
12.4185,169
12.4238,168
12.4294,167
12.4351,167
12.4405,163
12.4461,166
12.4517,167
12.4574,166
12.4627,166
12.4683,166
12.4738,166
12.4795,168
12.4851,167
12.4905,167
12.4961,167
12.5017,168
12.5072,168
12.5128,168
12.5184,167
12.5238,166
12.5295,167
12.5351,169
12.5405,169
12.5461,168
12.5518,168
12.5572,168
12.5628,169
12.5684,167
12.5738,167
12.5795,167
12.5851,167
12.5905,167
12.5961,170
12.6016,167
12.6072,167
12.6128,166
12.6184,168
12.6239,167
12.6295,167
12.6351,166
12.6405,168
12.6462,166
12.6518,166
12.6572,167
12.6628,167
12.6684,167
12.6739,169
12.6795,168
12.6851,167
12.6905,166
12.6961,166
12.7017,169
12.7072,163
12.7128,167
12.7185,169
12.7238,168
12.7294,169
12.7351,164
12.7406,167
12.7462,166
12.7516,164
12.7572,170
12.7629,167
12.7685,168
12.7738,167
12.7794,166
12.7851,167
12.7906,168
12.7962,168
12.8018,167
12.8072,166
12.8128,167
12.8184,166
12.8238,166
12.8294,168
12.8351,168
12.8406,166
12.8462,167
12.8518,169
12.8572,166
12.8628,166
12.8684,167
12.8739,169
12.8796,167
12.8849,168
12.8906,166
12.8962,168
12.9018,167
12.9071,167
12.9128,167
12.9184,168
12.9239,166
12.9296,166
12.9352,168
12.9405,165
12.9462,168
12.9518,168
12.9571,166
12.9628,167
12.9684,166
12.9739,168
12.9796,166
12.9852,167
12.9905,166
12.9962,167
13.0018,167
13.0072,168
13.0128,168
13.0184,167
13.024,169
13.0296,168
13.0352,165
13.0406,166
13.0462,165
13.0518,166
13.0572,167
13.0628,166
13.0684,168
13.074,167
13.0796,166
13.085,166
13.0906,167
13.0962,168
13.1018,168
13.1072,170
13.1128,169
13.1185,167
13.1238,169
13.1294,170
13.135,167
13.1407,169
13.146,168
13.1516,167
13.1573,167
13.1629,168
13.1685,167
13.1738,170
13.1794,167
13.1851,165
13.1907,171
13.1963,167
13.2016,170
13.2073,168
13.2129,170
13.2183,170
13.2239,171
13.2295,169
13.2351,166
13.2407,170
13.246,163
13.2517,170
13.2573,169
13.2629,167
13.2683,169
13.2739,168
13.2795,169
13.2851,170
13.2907,168
13.2961,167
13.3017,167
13.3073,166
13.3129,167
13.3183,169
13.3239,169
13.3295,168
13.3352,170
13.3405,166
13.3461,169
13.3517,167
13.3574,167
13.363,169
13.3683,167
13.374,168
13.3796,167
13.3852,171
13.3906,169
13.3962,169
13.4018,166
13.4072,170
13.4128,170
13.4184,168
13.4241,168
13.4294,167
13.435,169
13.4407,169
13.4463,170
13.4517,169
13.4573,168
13.4629,165
13.4683,166
13.4739,169
13.4795,169
13.4852,168
13.4905,165
13.4961,164
13.5018,168
13.5074,168
13.5127,168
13.5184,168
13.524,166
13.5296,173
13.5349,172
13.5406,166
13.5462,172
13.5518,168
13.5572,169
13.5628,168
13.5684,167
13.5741,169
13.5794,169
13.585,165
13.5907,166
13.5963,167
13.6016,168
13.6073,165
13.6129,169
13.6183,170
13.6239,167
13.6295,169
13.6351,169
13.6408,170
13.6461,168
13.6517,169
13.6574,168
13.663,166
13.6683,170
13.674,170
13.6796,167
13.6852,168
13.6906,166
13.6962,165
13.7018,170
13.7072,171
13.7128,165
13.7184,168
13.724,165
13.7294,170
13.735,167
13.7406,169
13.7463,169
13.7516,170
13.7572,166
13.7628,169
13.7685,169
13.7741,172
13.7794,166
13.785,167
13.7907,168
13.7963,170
13.8016,167
13.8073,168
13.8129,165
13.8185,168
13.8239,170
13.8295,168
13.8351,166
13.8408,170
13.8461,166
13.8517,169
13.8574,168
13.8627,172
13.8683,168
13.874,167
13.8796,167
13.8849,169
13.8906,168
13.8962,169
13.9018,167
13.9072,169
13.9128,168
13.9185,168
13.9239,167
13.9295,165
13.9351,169
13.9408,167
13.9461,166
13.9517,169
13.9574,165
13.9627,165
13.9684,168
13.974,168
13.9796,166
13.9852,168
13.9906,170
13.9962,167
14.0018,163
14.0072,168
14.0128,169
14.0185,168
14.0241,166
14.0294,169
14.0351,169
14.0407,168
14.0463,169
14.0517,168
14.0573,168
14.063,169
14.0683,170
14.074,170
14.0796,165
14.0852,166
14.0905,170
14.0961,171
14.1018,170
14.1074,170
14.113,170
14.1184,167
14.124,168
14.1296,165
14.135,168
14.1406,168
14.1462,168
14.1519,168
14.1572,170
14.1628,169
14.1684,169
14.1741,169
14.1794,164
14.1851,168
14.1907,170
14.1963,169
14.2017,169
14.2073,166
14.2129,167
14.2186,167
14.2239,169
14.2295,169
14.2352,168
14.2405,169
14.2461,168
14.2517,166
14.2573,166
14.2629,167
14.2686,168
14.2739,169
14.2795,167
14.2851,169
14.2908,168
14.2961,168
14.3017,168
14.3073,167
14.3129,165
14.3186,171
14.3239,170
14.3295,168
14.3351,168
14.3407,167
14.3461,169
14.3517,169
14.3573,167
14.3629,169
14.3683,166
14.3739,168
14.3795,170
14.3851,169
14.3907,171
14.3961,171
14.4017,168
14.4073,170
14.4129,168
14.4186,170
14.4239,169
14.4295,170
14.4352,171
14.4405,171
14.4461,172
14.4518,168
14.4574,170
14.463,169
14.4684,170
14.474,169
14.4796,171
14.4852,170
14.4906,171
14.4963,168
14.5016,171
14.5072,169
14.5129,170
14.5185,171
14.5239,169
14.5295,170
14.5351,170
14.5407,170
14.5464,168
14.5517,169
14.5574,170
14.563,168
14.5683,169
14.574,169
14.5796,169
14.5852,168
14.5906,172
14.5962,169
14.6018,169
14.6075,168
14.6128,167
14.6184,169
14.6241,170
14.6294,169
14.635,171
14.6407,172
14.6461,170
14.6517,168
14.6573,168
14.6629,169
14.6686,168
14.6739,170
14.6795,168
14.6851,168
14.6908,170
14.6961,168
14.7017,169
14.7074,170
14.713,169
14.7183,171
14.724,170
14.7296,172
14.7352,169
14.7406,169
14.7462,171
14.7518,169
14.7574,167
14.7628,168
14.7684,170
14.7741,169
14.7794,169
14.785,171
14.7907,169
14.7963,171
14.8017,169
14.8073,168
14.8129,171
14.8185,169
14.8239,169
14.8295,170
14.8351,169
14.8408,170
14.8461,173
14.8517,171
14.8574,171
14.863,170
14.8683,169
14.874,170
14.8796,170
14.8852,170
14.8906,170
14.8962,170
14.9018,169
14.9075,170
14.9128,172
14.9185,169
14.9241,168
14.9294,168
14.9351,169
14.9407,169
14.9463,170
14.9517,169
14.9573,169
14.963,170
14.9686,172
14.9739,169
14.9796,168
14.9852,169
14.9906,167
14.9962,167
15.0018,170
15.0072,167
15.0128,168
15.0185,169
15.0241,169
15.0297,174
15.0351,170
15.0407,169
15.0464,168
15.0517,169
15.0573,169
15.063,169
15.0686,169
15.0739,169
15.0795,170
15.0852,169
15.0905,171
15.0962,170
15.1018,170
15.1074,169
15.1128,170
15.1184,170
15.124,168
15.1294,170
15.135,169
15.1407,172
15.1463,170
15.1516,170
15.1573,169
15.1629,170
15.1685,170
15.1741,169
15.1795,170
15.1851,169
15.1907,171
15.1964,169
15.2017,167
15.2073,170
15.213,169
15.2186,170
15.2239,171
15.2296,168
15.2352,171
15.2408,170
15.2461,170
15.2518,165
15.2574,168
15.263,170
15.2684,170
15.274,170
15.2796,167
15.285,168
15.2906,170
15.2962,166
15.3018,168
15.3072,170
15.3128,168
15.3185,170
15.3241,168
15.3297,167
15.3351,169
15.3407,170
15.3463,170
15.3517,169
15.3573,167
15.3629,166
15.3683,167
15.3739,169
15.3796,167
15.3852,170
15.3908,169
15.3962,169
15.4018,168
15.4072,167
15.4128,168
15.4184,168
15.4241,169
15.4294,165
15.435,171
15.4407,169
15.4463,169
15.4516,168
15.4573,170
15.4629,169
15.4685,172
15.4741,170
15.4795,171
15.4851,170
15.4907,172
15.4964,168
15.5017,168
15.5073,168
15.513,170
15.5186,169
15.5239,168
15.5295,165
15.5352,168
15.5408,169
15.5461,167
15.5518,168
15.5574,168
15.5628,168
15.5684,166
15.574,168
15.5796,167
15.585,168
15.5906,167
15.5963,166
15.6019,170
15.6072,169
15.6128,166
15.6185,168
15.6241,168
15.6295,168
15.6351,168
15.6407,171
15.6463,169
15.6517,168
15.6573,170
15.6629,169
15.6685,170
15.6739,168
15.6795,167
15.6852,169
15.6908,167
15.6961,169
15.7017,166
15.7074,167
15.713,170
15.7183,169
15.724,170
15.7296,171
15.7352,172
15.7406,170
15.7463,168
15.7519,169
15.7573,170
15.7629,172
15.7685,170
15.7739,170
15.7795,169
15.7852,169
15.7908,168
15.7961,168
15.8018,169
15.8074,169
15.813,168
15.8184,168
15.824,170
15.8296,169
15.8352,170
15.8406,169
15.8462,166
15.8517,172
15.8573,167
15.863,169
15.8686,170
15.8739,168
15.8795,171
15.8851,172
15.8908,172
15.8961,169
15.9017,170
15.9073,168
15.913,170
15.9186,170
15.9239,169
15.9296,169
15.9351,169
15.9408,167
15.9461,170
15.9517,167
15.9574,169
15.9629,170
15.9686,170
15.9739,169
15.9795,170
15.9852,169
15.9907,170
15.9961,167
16.0017,169
16.0074,171
16.013,170
16.0184,170
16.024,168
16.0296,170
16.035,168
16.0407,167
16.0463,169
16.0519,171
16.0573,167
16.0629,168
16.0686,169
16.0739,171
16.0795,168
16.0852,168
16.0906,168
16.0962,170
16.1019,166
16.1072,173
16.1129,171
16.1185,170
16.1241,168
16.1295,169
16.1351,170
16.1407,171
16.1463,168
16.1517,168
16.1573,172
16.163,169
16.1683,168
16.174,171
16.1796,168
16.1853,168
16.1906,170
16.1962,169
16.2019,167
16.2075,168
16.2129,169
16.2185,169
16.2241,172
16.2295,169
16.2351,169
16.2407,169
16.2464,169
16.2517,165
16.2573,169
16.263,168
16.2686,169
16.2739,170
16.2796,170
16.2852,168
16.2906,169
16.2963,168
16.3019,171
16.3073,167
16.313,169
16.3186,166
16.324,170
16.3296,170
16.335,168
16.3406,170
16.3462,167
16.3519,167
16.3573,166
16.3629,169
16.3686,169
16.3739,169
16.3796,169
16.3852,167
16.3906,167
16.3962,167
16.4019,168
16.4075,170
16.4128,167
16.4184,171
16.4241,167
16.4294,167
16.435,171
16.4407,168
16.4463,169
16.4519,166
16.4573,169
16.4629,170
16.4685,168
16.4742,170
16.4795,169
16.4852,171
16.4905,168
16.4962,168
16.5018,170
16.5074,169
16.5128,170
16.5184,169
16.524,167
16.5297,171
16.5353,167
16.5406,170
16.5463,167
16.5519,171
16.5572,168
16.5629,166
16.5685,171
16.5741,168
16.5795,167
16.5851,169
16.5907,166
16.5961,168
16.6017,170
16.6073,169
16.6129,168
16.6186,171
16.6239,166
16.6295,165
16.6352,168
16.6408,168
16.6461,167
16.6518,171
16.6574,170
16.663,171
16.6684,171
16.674,169
16.6796,169
16.6852,170
16.6906,168
16.6962,169
16.7018,170
16.7075,170
16.7128,170
16.7184,172
16.7241,171
16.7297,169
16.735,170
16.7407,170
16.7463,168
16.7519,169
16.7573,170
16.7629,166
16.7685,171
16.7739,170
16.7795,170
16.7852,167
16.7905,167
16.7961,168
16.8018,170
16.8074,168
16.813,169
16.8184,170
16.824,168
16.8296,170
16.8353,170
16.8406,171
16.8462,169
16.8519,168
16.8572,172
16.8629,168
16.8685,169
16.8741,169
16.8795,168
16.8851,170
16.8907,170
16.8964,172
16.9017,171
16.9073,171
16.913,170
16.9186,171
16.9239,171
16.9296,171
16.9352,171
16.9408,169
16.9462,170
16.9518,169
16.9574,170
16.9628,168
16.9684,171
16.974,168
16.9797,172
16.985,168
16.9906,171
16.9963,171
17.0019,167
17.0073,170
17.0129,172
17.0186,173
17.0239,169
17.0295,168
17.0352,169
17.0408,169
17.0461,170
17.0518,168
17.0574,168
17.063,168
17.0686,169
17.074,168
17.0796,169
17.0852,169
17.0906,166
17.0962,167
17.1019,170
17.1072,171
17.1128,170
17.1184,169
17.1241,168
17.1294,170
17.135,168
17.1407,168
17.1463,169
17.1519,170
17.1573,166
17.1629,167
17.1685,169
17.1742,167
17.1795,169
17.1851,166
17.1908,169
17.1964,168
17.2017,170
17.2074,170
17.213,173
17.2186,168
17.2239,170
17.2296,169
17.2352,170
17.2408,169
17.2462,172
17.2518,170
17.2574,169
17.263,169
17.2684,168
17.274,170
17.2796,170
17.2852,170
17.2906,170
17.2962,169
17.3019,171
17.3075,169
17.3128,170
17.3185,169
17.3241,169
17.3295,167
17.3351,168
17.3407,166
17.3464,167
17.3517,168
17.3573,168
17.363,168
17.3686,171
17.3739,165
17.3795,167
17.3852,166
17.3908,167
17.3962,166
17.4017,165
17.4074,169
17.413,171
17.4186,169
17.424,168
17.4295,168
17.4351,169
17.4408,169
17.4461,170
17.4518,166
17.4573,168
17.463,169
17.4683,169
17.4739,168
17.4796,167
17.4851,171
17.4908,168
17.4961,171
17.5018,169
17.5074,170
17.513,167
17.5186,169
17.5239,169
17.5296,165
17.5352,168
17.5405,166
17.5462,166
17.5518,170
17.5575,167
17.5628,168
17.5685,169
17.5741,169
17.5797,170
17.585,171
17.5907,170
17.5963,165
17.6019,164
17.6073,169
17.6129,169
17.6185,167
17.6242,168
17.6295,167
17.6351,170
17.6408,169
17.6461,169
17.6517,168
17.6574,168
17.663,167
17.6686,170
17.674,170
17.6796,167
17.6853,167
17.6906,164
17.6962,169
17.7018,166
17.7075,169
17.7128,168
17.7184,169
17.724,165
17.7297,167
17.735,167
17.7407,169
17.7463,170
17.7519,167
17.7573,168
17.7629,167
17.7685,170
17.7742,171
17.7795,169
17.7851,168
17.7908,170
17.7961,170
17.8017,168
17.8074,171
17.813,170
17.8183,170
17.824,168
17.8296,171
17.8352,167
17.8408,169
17.8462,170
17.8518,170
17.8575,169
17.8628,169
17.8685,166
17.8741,168
17.8794,169
17.8851,169
17.8907,167
17.8964,170
17.9017,170
17.9074,170
17.913,170
17.9183,171
17.924,168
17.9296,165
17.9352,169
17.9406,168
17.9462,169
17.9518,167
17.9575,169
17.9631,168
17.9684,170
17.974,168
17.9797,167
17.9853,170
17.9906,169
17.9963,168
18.0019,168
18.0073,168
18.0129,167
18.0185,169
18.0239,168
18.0295,166
18.0351,168
18.0408,168
18.0464,169
18.0518,171
18.0574,169
18.0628,168
18.0684,169
18.074,168
18.0797,167
18.085,168
18.0907,168
18.0963,168
18.1019,169
18.1073,168
18.1129,168
18.1186,169
18.1239,170
18.1296,169
18.1352,169
18.1406,170
18.1463,169
18.1519,172
18.1573,169
18.1629,167
18.1685,168
18.1739,171
18.1795,171
18.1852,170
18.1908,170
18.1962,170
18.2018,171
18.2074,170
18.2131,169
18.2185,167
18.2241,170
18.2295,170
18.2352,169
18.2408,169
18.2461,171
18.2518,172
18.2574,170
18.263,170
18.2684,170
18.274,168
18.2797,169
18.285,168
18.2906,169
18.2963,169
18.3019,169
18.3073,169
18.3129,169
18.3185,171
18.3241,168
18.3295,169
18.3351,170
18.3407,171
18.3464,168
18.3518,168
18.3574,170
18.363,169
18.3684,170
18.374,169
18.3796,167
18.3853,169
18.3906,169
18.3963,167
18.4019,170
18.4073,170
18.4129,169
18.4186,169
18.4239,170
18.4296,169
18.4352,169
18.4406,169
18.4462,172
18.4518,169
18.4575,168
18.4628,170
18.4684,171
18.4741,167
18.4797,170
18.485,169
18.4907,170
18.4963,171
18.5019,170
18.5073,167
18.5129,169
18.5185,170
18.5241,170
18.5295,165
18.5351,172
18.5407,169
18.5463,169
18.5517,164
18.5573,168
18.563,169
18.5686,171
18.5739,174
18.5796,175
18.5852,172
18.5906,174
18.5962,175
18.6018,172
18.6075,173
18.6128,173
18.6184,175
18.6241,172
18.6297,170
18.635,170
18.6407,169
18.6463,170
18.6519,168
18.6573,169
18.6629,168
18.6685,168
18.6742,169
18.6795,168
18.6851,171
18.6908,169
18.6964,170
18.7018,166
18.7074,169
18.713,169
18.7184,168
18.724,170
18.7296,170
18.7352,168
18.7406,170
18.7462,169
18.7519,169
18.7575,171
18.7628,168
18.7685,167
18.7741,170
18.7797,168
18.7851,168
18.7907,167
18.7963,165
18.8019,172
18.8073,171
18.8129,168
18.8186,170
18.8239,170
18.8295,168
18.8352,170
18.8408,168
18.8461,170
18.8518,169
18.8574,171
18.863,169
18.8687,171
18.874,170
18.8796,169
18.8853,168
18.8906,169
18.8961,168
18.9018,168
18.9074,168
18.913,168
18.9184,170
18.9239,168
18.9296,170
18.9352,169
18.9408,169
18.9462,171
18.9517,167
18.9573,168
18.963,167
18.9686,168
18.974,165
18.9795,169
18.9852,172
18.9908,170
18.9962,168
19.0018,169
19.0073,168
19.013,168
19.0184,168
19.024,170
19.0297,171
19.0352,169
19.0408,167
19.0462,169
19.0518,169
19.0574,170
19.0628,170
19.0684,172
19.074,170
19.0797,171
19.0853,167
19.0906,168
19.0962,169
19.1019,165
19.1075,167
19.1128,170
19.1185,168
19.1241,169
19.1297,169
19.1351,171
19.1407,169
19.1464,168
19.1517,170
19.1573,171
19.163,170
19.1686,169
19.1739,170
19.1796,170
19.1852,170
19.1908,171
19.1962,167
19.2018,168
19.2074,167
19.2128,169
19.2184,169
19.2241,169
19.2297,168
19.235,170
19.2407,168
19.2463,171
19.2519,170
19.2572,172
19.2629,171
19.2685,170
19.2739,170
19.2796,171
19.2853,172
19.2907,169
19.2962,172
19.3018,169
19.3075,171
19.3128,173
19.3184,171
19.3241,170
19.3294,173
19.3351,171
19.3407,169
19.3464,171
19.352,169
19.3573,169
19.363,171
19.3686,173
19.374,172
19.3796,170
19.3853,173
19.3906,170
19.3962,170
19.4019,171
19.4075,170
19.4129,171
19.4185,172
19.4241,171
19.4296,170
19.4353,174
19.4407,171
19.4464,174
19.4517,169
19.4574,171
19.4628,170
19.4685,169
19.4742,171
19.4796,172
19.4853,168
19.4906,171
19.4963,169
19.5017,170
19.5074,171
19.5131,171
19.5185,172
19.5242,171
19.5295,170
19.5352,169
19.5406,170
19.5463,172
19.552,170
19.5574,166
19.5631,171
19.5685,169
19.5741,171
19.5795,169
19.5852,175
19.5909,175
19.5963,174
19.602,171
19.6073,176
19.613,172
19.6184,175
19.6241,175
19.6295,175
19.6352,174
19.6408,174
19.6462,175
19.6519,175
19.6573,177
19.663,173
19.6684,176
19.6741,176
19.6795,176
19.6851,174
19.6908,172
19.6962,172
19.7019,174
19.7073,175
19.713,175
19.7184,169
19.724,171
19.7297,170
19.7351,169
19.7408,171
19.7462,167
19.7519,169
19.7573,169
19.763,171
19.7686,171
19.774,168
19.7797,167
19.7851,170
19.7908,169
19.7962,170
19.8019,169
19.8073,170
19.8129,171
19.8186,171
19.824,168
19.8297,168
19.8351,170
19.8408,169
19.8462,170
19.8518,167
19.8575,169
19.8629,168
19.8686,171
19.874,170
19.8797,170
19.8851,171
19.8908,172
19.8962,170
19.9018,169
19.9072,172
19.9129,168
19.9186,170
19.924,165
19.9296,170
19.935,168
19.9407,169
19.9464,170
19.9518,169
19.9575,168
19.9628,170
19.9685,168
19.9742,168
19.9796,169
19.9853,168
19.9907,168
19.9963,168
20.0017,170
20.0074,170
20.0128,167
20.0185,169
20.0242,168
20.0296,169
20.0353,167
20.0406,167
20.0463,168
20.052,166
20.0574,170
20.0631,170
20.0685,171
20.0741,170
20.0795,170
20.0852,171
20.0906,172
20.0963,168
20.102,170
20.1074,170
20.113,167
20.1184,170
20.1241,171
20.1295,170
20.1352,169
20.1408,170
20.1462,171
20.1519,168
20.1573,169
20.163,167
20.1687,170
20.1741,169
20.1798,169
20.1851,170
20.1908,169
20.1965,171
20.2019,168
20.2076,171
20.213,170
20.2186,168
20.224,169
20.2297,167
20.2351,169
20.2407,167
20.2464,170
20.2518,171
20.2575,170
20.2629,172
20.2685,171
20.2742,169
20.2796,173
20.2853,171
20.2906,173
20.2963,169
20.302,170
20.3074,170
20.3131,170
20.3185,171
20.3241,167
20.3298,170
20.3352,171
20.3409,170
20.3462,168
20.3519,170
20.3575,172
20.3631,171
20.3685,172
20.3741,170
20.3798,170
20.3851,171
20.3908,170
20.3964,171
20.4017,170
20.4075,174
20.4131,170
20.4185,173
20.4242,171
20.4296,169
20.4353,169
20.4407,171
20.4463,168
20.452,171
20.4574,171
20.463,170
20.4684,171
20.474,171
20.4796,172
20.4853,170
20.4907,171
20.4964,171
20.5018,171
20.5075,174
20.5129,173
20.5185,171
20.5242,170
20.5296,170
20.5352,172
20.5408,171
20.5464,173
20.5518,169
20.5574,171
20.563,173
20.5687,171
20.5741,171
20.5797,169
20.5851,171
20.5907,170
20.5964,172
20.602,171
20.6074,170
20.613,174
20.6186,171
20.6242,170
20.6296,171
20.6352,169
20.6408,168
20.6462,170
20.6519,170
20.6575,170
20.6629,170
20.6686,171
20.6742,174
20.6796,169
20.6852,170
20.6909,170
20.6963,171
20.7019,172
20.7073,171
20.713,170
20.7187,170
20.7241,170
20.7297,168
20.7351,172
20.7408,169
20.7462,170
20.7519,169
20.7573,170
20.763,169
20.7685,167
20.7742,167
20.7796,164
20.7853,169
20.7907,170
20.7964,170
20.8019,170
20.8076,171
20.813,171
20.8184,170
20.8241,167
20.8297,169
20.8354,170
20.8408,172
20.8462,172
20.8519,172
20.8574,171
20.8631,170
20.8685,171
20.8742,170
20.8796,171
20.8853,169
20.8907,170
20.8965,170
20.9019,169
20.9076,170
20.913,171
20.9187,170
20.9241,170
20.9298,168
20.9352,172
20.9409,171
20.9463,172
20.9519,171
20.9574,171
20.9631,173
20.9685,170
20.9742,167
20.9797,172
20.9854,170
20.9908,171
20.9962,171
21.0019,169
21.0074,168
21.0131,172
21.0186,172
21.024,173
21.0297,171
21.0352,170
21.0409,171
21.0463,171
21.052,170
21.0575,168
21.0632,171
21.0686,170
21.074,173
21.0797,170
21.0852,171
21.0909,170
21.0964,173
21.1021,172
21.1075,167
21.1132,170
21.1186,170
21.1243,170
21.1297,169
21.1352,171
21.1409,171
21.1463,170
21.152,170
21.1574,168
21.1631,169
21.1685,169
21.1742,172
21.1797,170
21.1854,170
21.1908,169
21.1965,169
21.2019,170
21.2076,171
21.213,171
21.2187,171
21.2242,173
21.2296,171
21.2353,172
21.241,170
21.2463,171
21.252,171
21.2574,172
21.2631,169
21.2685,170
21.2742,166
21.2798,170
21.2852,172
21.2909,170
21.2963,167
21.302,170
21.3074,168
21.3131,170
21.3187,170
21.3241,169
21.3298,173
21.3352,169
21.3409,168
21.3463,170
21.352,170
21.3574,171
21.363,167
21.3684,170
21.3741,172
21.3798,170
21.3852,171
21.3909,172
21.3963,168
21.4019,171
21.4073,172
21.413,168
21.4187,173
21.4241,169
21.4298,171
21.4352,171
21.4409,169
21.4463,173
21.4519,171
21.4576,172
21.463,170
21.4687,172
21.4741,168
21.4798,170
21.4852,171
21.4908,170
21.4965,170
21.5019,167
21.5076,167
21.513,171
21.5187,171
21.5241,171
21.5297,169
21.5354,172
21.5408,171
21.5465,168
21.5519,170
21.5576,169
21.563,172
21.5686,169
21.574,172
21.5797,172
21.5854,170
21.5908,171
21.5964,169
21.6018,171
21.6075,172
21.6129,170
21.6186,170
21.6243,171
21.6297,171
21.6353,171
21.6408,168
21.6464,168
21.6518,169
21.6575,170
21.6632,168
21.6686,170
21.6743,172
21.6796,168
21.6853,171
21.691,169
21.6964,171
21.7021,169
21.7075,166
21.7132,170
21.7186,171
21.7243,170
21.7297,169
21.7353,168
21.7408,169
21.7465,171
21.7519,172
21.7576,170
21.7629,168
21.7686,169
21.7743,171
21.7797,171
21.7854,170
21.7908,171
21.7965,169
21.8019,170
21.8076,171
21.813,168
21.8186,168
21.824,170
21.8297,169
21.8354,171
21.8408,172
21.8465,171
21.8519,171
21.8575,168
21.863,170
21.8686,168
21.8743,168
21.8797,168
21.8854,171
21.8908,170
21.8965,173
21.9019,169
21.9076,169
21.9129,168
21.9186,170
21.9243,170
21.9297,171
21.9354,169
21.9408,168
21.9465,169
21.9519,167
21.9575,171
21.9632,169
21.9686,167
21.9743,172
21.9797,168
21.9854,170
21.9908,170
21.9965,173
22.0019,170
22.0076,170
22.013,170
22.0186,168
22.0242,169
22.0299,169
22.0353,168
22.0409,167
22.0463,168
22.0519,170
22.0575,167
22.0629,169
22.0686,170
22.0743,169
22.0797,170
22.0853,170
22.0907,171
22.0964,169
22.1018,167
22.1075,168
22.1132,169
22.1186,170
22.1242,166
22.1296,168
22.1353,172
22.141,168
22.1464,171
22.152,168
22.1574,168
22.1631,170
22.1688,170
22.1742,167
22.1798,171
22.1852,169
22.1909,166
22.1963,169
22.202,170
22.2077,168
22.2131,168
22.2187,170
22.2241,172
22.2298,169
22.2352,170
22.2409,169
22.2463,169
22.252,170
22.2576,169
22.263,170
22.2687,169
22.2741,168
22.2798,169
22.2852,170
22.2909,170
22.2965,171
22.3019,168
22.3076,167
22.313,169
22.3187,171
22.3241,171
22.3298,169
22.3355,168
22.3408,169
22.3465,165
22.3519,169
22.3576,167
22.363,167
22.3687,170
22.3744,170
22.3798,168
22.3854,168
22.3908,168
22.3965,167
22.4019,169
22.4075,169
22.4129,169
22.4186,168
22.4243,169
22.4297,168
22.4353,171
22.4407,169
22.4464,170
22.452,170
22.4574,171
22.4631,168
22.4688,168
22.4741,163
22.4798,169
22.4852,168
22.4908,171
22.4965,168
22.5021,169
22.5074,168
22.5131,166
22.5187,170
22.5241,169
22.5297,170
22.5353,168
22.5409,171
22.5463,170
22.5519,170
22.5576,170
22.563,167
22.5686,170
22.5743,169
22.5799,166
22.5852,169
22.5909,168
22.5965,168
22.6019,168
22.6075,167
22.6131,170
22.6188,168
22.6241,168
22.6298,169
22.6354,169
22.6407,169
22.6464,168
22.652,170
22.6576,172
22.663,171
22.6686,172
22.6743,171
22.6797,170
22.6853,170
22.691,167
22.6963,170
22.702,168
22.7076,169
22.7131,171
22.7252,170
22.7346,167
22.738,169
22.738,168
22.7409,168
22.7465,170
22.7518,168
22.7575,168
22.7632,169
22.7688,170
22.7741,168
22.7798,170
22.7854,169
22.7908,169
22.7965,169
22.8019,169
22.8075,168
22.8131,169
22.8188,168
22.8241,168
22.8298,168
22.8354,168
22.8408,169
22.8465,169
22.8521,169
22.8575,169
