0.0038,36.80961986441003
0.0094,37.06693562034807
0.0151,37.181298178542754
0.0204,37.06693562034807
0.0261,36.95257306215339
0.0318,36.923982422604716
0.0372,37.095526259896744
0.0429,37.152707538994086
0.0482,37.06693562034807
0.0539,36.838210503958706
0.0595,36.923982422604716
0.065,37.095526259896744
0.0707,37.152707538994086
0.0766,37.009754341250726
0.0817,36.866801143507374
0.0873,36.95257306215339
0.0927,37.20988881809143
0.0984,37.152707538994086
0.104,36.98116370170206
0.1094,36.838210503958706
0.115,37.06693562034807
0.1207,37.181298178542754
0.126,37.12411689944541
0.1317,36.89539178305605
0.1373,36.80961986441003
0.143,37.009754341250726
0.1483,37.238479457640096
0.154,36.98116370170206
0.1594,36.80961986441003
0.165,36.98116370170206
0.1707,37.20988881809143
0.1761,37.12411689944541
0.1817,36.89539178305605
0.1874,36.866801143507374
0.1928,37.095526259896744
0.1985,37.152707538994086
0.2039,37.0383449807994
0.2096,36.866801143507374
0.215,36.923982422604716
0.2205,37.12411689944541
0.2261,37.181298178542754
0.2315,36.95257306215339
0.2373,36.89539178305605
0.2427,36.98116370170206
0.2483,37.152707538994086
0.254,37.152707538994086
0.2594,36.866801143507374
0.265,36.866801143507374
0.2707,37.12411689944541
0.2761,37.20988881809143
0.2817,37.06693562034807
0.2874,36.89539178305605
0.2927,36.89539178305605
