0.0038,36.887503778672865
0.0094,36.887503778672865
0.0151,37.117942507889005
0.0204,37.20435703134506
0.0261,37.00272314328093
0.0318,36.77228441406479
0.0372,37.06033282558497
0.0429,37.08913766673699
0.0482,36.973918302128915
0.0539,36.887503778672865
0.0595,37.08913766673699
0.065,37.08913766673699
0.0707,36.829894096368825
0.0766,36.973918302128915
0.0817,37.14674734904102
0.0873,37.08913766673699
0.0927,36.85869893752084
0.0984,37.031527984432955
0.104,37.031527984432955
0.1094,36.85869893752084
0.115,36.973918302128915
0.1207,37.17555219019304
0.126,37.08913766673699
0.1317,36.829894096368825
0.1373,36.887503778672865
0.143,37.14674734904102
0.1483,37.031527984432955
0.154,36.829894096368825
0.1594,36.973918302128915
0.165,37.17555219019304
0.1707,37.06033282558497
0.1761,36.85869893752084
0.1817,37.031527984432955
0.1874,37.14674734904102
0.1928,37.00272314328093
0.1985,36.829894096368825
0.2039,37.031527984432955
0.2096,37.14674734904102
0.215,36.887503778672865
0.2205,36.887503778672865
0.2261,37.00272314328093
0.2315,37.06033282558497
0.2373,36.887503778672865
0.2427,36.91630861982488
0.2483,37.17555219019304
0.254,37.117942507889005
0.2594,36.887503778672865
0.265,36.9451134609769
0.2707,37.14674734904102
0.2761,37.14674734904102
0.2817,36.887503778672865
0.2874,36.91630861982488
0.2927,37.14674734904102
