Experiment: Mar_18_osmo_expt vial 10, Thu Mar 18 18:20:50 2021
0.0052,32765
0.0109,32766
0.0165,32766
0.0219,32766
0.0275,32764
0.0332,32768
0.0388,32767
0.0442,32765
0.0498,32766
0.0554,32766
0.0608,32767
0.0664,32767
0.072,32763
0.0777,32767
0.083,32766
0.0887,32765
0.0943,32764
0.0997,32766
0.1053,32767
0.111,32767
0.1163,32764
0.122,32765
0.1276,32765
0.1332,32766
0.1386,32767
0.1442,32767
0.1498,32765
0.1554,32765
0.1608,32764
0.1664,32767
0.1721,32766
0.1774,32765
0.183,32766
0.1887,32768
0.1943,32764
0.1997,32766
0.2053,32764
0.2109,32763
0.2166,32767
0.2219,32766
0.2276,32765
0.2332,32766
0.2386,32767
0.2442,32766
0.2498,32767
0.2555,32764
0.2608,32765
0.2665,32763
0.2721,32765
0.2775,32768
0.283,32768
0.2886,32767
0.2942,32764
0.2999,32765
0.3052,32763
0.3108,32767
0.3164,32762
0.3221,32764
0.3275,32765
0.3331,32767
0.3386,32765
0.3442,32763
0.3499,32764
0.3552,32767
0.3608,32765
0.3664,32765
0.372,32765
0.3774,32766
0.383,32765
0.3887,32768
0.3942,32764
0.3998,32764
0.4052,32766
0.4108,32766
0.4165,32765
0.422,32764
0.4277,32764
0.433,32765
0.4387,32766
0.4443,32765
0.4496,32766
0.4553,32769
0.4609,32768
0.4666,32769
0.4719,32767
0.4776,32767
0.4832,32763
0.4885,32768
0.4942,32767
0.4998,32766
0.5054,32765
0.5108,32765
0.5164,32765
0.522,32761
0.5277,32764
0.533,32765
0.5387,32768
0.5443,32764
0.5497,32766
0.5553,32763
0.561,32763
0.5666,32767
0.572,32763
0.5776,32764
0.5832,32763
0.5886,32760
0.5942,32759
0.5999,32761
0.6052,32760
0.6108,32759
0.6165,32759
0.6221,32764
0.6277,32765
0.6331,32764
0.6387,32760
0.6444,32764
0.6497,32764
0.6554,32765
0.661,32765
0.6663,32764
0.672,32763
0.6776,32762
0.6832,32764
0.6886,32761
0.6942,32766
0.6999,32764
0.7052,32767
0.7109,32762
0.7165,32760
0.7221,32762
0.7275,32760
0.7331,32765
0.7388,32764
0.7441,32760
0.7498,32761
0.7554,32761
0.7607,32762
0.7664,32766
0.772,32763
0.7777,32765
0.783,32763
0.7887,32758
0.7943,32764
0.7997,32765
0.8053,32765
0.8109,32769
0.8166,32763
0.8219,32763
0.8276,32762
0.8332,32759
0.8385,32762
0.8442,32764
0.8498,32767
0.8555,32763
0.8608,32761
0.8664,32763
0.872,32761
0.8777,32764
0.883,32765
0.8887,32763
0.8943,32762
0.8997,32763
0.9053,32764
0.9109,32771
0.9163,32764
0.9219,32765
0.9276,32769
0.9332,32765
0.9388,32765
0.9442,32767
0.9498,32769
0.9555,32769
0.9608,32762
0.9663,32764
0.972,32769
0.9776,32768
0.9832,32766
0.9886,32770
0.9941,32763
0.9998,32766
1.0054,32765
1.0108,32766
1.0164,32765
1.022,32768
1.0276,32765
1.0332,32767
1.0386,32765
1.0443,32764
1.0498,32770
1.0554,32768
1.0608,32766
1.0664,32768
1.072,32768
1.0776,32769
1.0832,32766
1.0886,32766
1.0942,32766
1.0999,32764
1.1054,32765
1.111,32765
1.1164,32768
1.122,32763
1.1276,32765
1.133,32766
1.1386,32765
1.1443,32769
1.1499,32769
1.1553,32765
1.1609,32762
1.1666,32764
1.1719,32764
1.1776,32767
1.1832,32768
1.1888,32765
1.1942,32766
1.1998,32760
1.2054,32764
1.2108,32768
1.2164,32769
1.222,32766
1.2277,32771
1.233,32769
1.2387,32768
1.2443,32766
1.2499,32772
1.2553,32767
1.2609,32768
1.2666,32766
1.2719,32768
1.2776,32767
1.2832,32765
1.2888,32766
1.2942,32767
1.2998,32767
1.3055,32766
1.3108,32768
1.3165,32766
1.3221,32767
1.3275,32762
1.3331,32770
1.3387,32767
1.3444,32764
1.3497,32767
1.3554,32766
1.361,32765
1.3664,32767
1.372,32769
1.3776,32770
1.383,32767
1.3886,32768
1.3943,32767
1.3999,32766
1.4053,32763
1.4109,32764
1.4166,32765
1.4219,32764
1.4275,32774
1.4332,32765
1.4388,32767
1.4442,32769
1.4498,32767
1.4554,32768
1.4608,32767
1.4664,32766
1.4721,32769
1.4777,32768
1.4831,32767
1.4887,32772
1.4943,32768
1.4997,32765
1.5053,32766
1.511,32766
1.5166,32766
1.522,32767
1.5276,32767
1.5333,32765
1.5386,32763
1.5443,32767
1.5499,32767
1.5553,32764
1.5609,32769
1.5665,32767
1.5722,32769
1.5775,32761
1.5832,32763
1.5888,32764
1.5942,32764
1.5998,32766
1.6054,32770
1.6108,32769
1.6165,32766
1.6221,32763
1.6277,32768
1.6331,32765
1.6387,32771
1.6443,32770
1.6497,32769
1.6553,32766
1.661,32766
1.6666,32765
1.6719,32766
1.6776,32766
1.6832,32763
1.6886,32768
1.6942,32768
1.6998,32768
1.7055,32765
1.7108,32766
1.7164,32766
1.7221,32760
1.7277,32763
1.7331,32766
1.7387,32769
1.7443,32768
1.7497,32765
1.7553,32767
1.761,32765
1.7666,32762
1.772,32763
1.7776,32766
1.7833,32765
1.7886,32764
1.7942,32763
1.7999,32766
1.8053,32762
1.8109,32764
1.8165,32764
1.8221,32761
1.8275,32764
1.8331,32764
1.8388,32764
1.8441,32768
1.8498,32764
1.8554,32763
1.861,32768
1.8664,32760
1.872,32766
1.8776,32765
1.8833,32763
1.8886,32767
1.8943,32765
1.8999,32763
1.9053,32762
1.9109,32761
1.9164,32766
1.922,32764
1.9277,32765
1.9333,32766
1.9386,32765
1.9442,32766
1.9499,32761
1.9555,32762
1.9609,32768
1.9665,32762
1.972,32762
1.9777,32763
1.9831,32760
1.9887,32764
1.9943,32760
1.9997,32763
2.0053,32764
2.0108,32771
2.0164,32764
2.022,32765
2.0276,32763
2.0333,32759
2.0386,32761
2.0443,32765
2.0499,32765
2.0553,32764
2.0609,32763
2.0666,32768
2.0719,32765
2.0776,32766
2.0832,32766
2.0886,32766
2.0942,32762
2.0998,32764
2.1055,32764
2.1108,32764
2.1165,32764
2.1221,32765
2.1277,32765
2.1331,32766
2.1387,32765
2.1443,32763
2.1497,32757
2.1554,32762
2.161,32762
2.1666,32762
2.172,32760
2.1776,32761
2.1832,32766
2.1886,32764
2.1943,32766
2.1999,32763
2.2052,32766
2.2109,32767
2.2165,32767
2.2219,32762
2.2275,32763
2.2332,32765
2.2388,32765
2.2442,32765
2.2498,32766
2.2555,32762
2.2608,32763
2.2665,32763
2.2721,32764
2.2775,32764
2.2831,32767
2.2887,32766
2.2944,32763
2.2997,32763
2.3054,32767
2.311,32762
2.3166,32762
2.322,32766
2.3277,32768
2.3333,32765
2.3386,32760
2.3443,32761
2.3499,32765
2.3555,32766
2.3609,32765
2.3665,32763
2.3721,32764
2.3775,32766
2.3831,32764
2.3888,32760
2.3944,32758
2.3998,32766
2.4054,32763
2.4108,32763
2.4164,32759
2.4221,32766
2.4277,32765
2.4331,32764
2.4387,32764
2.4443,32767
2.45,32763
2.4553,32765
2.461,32764
2.4666,32761
2.4719,32762
2.4776,32760
2.4832,32760
2.4888,32759
2.4942,32762
2.4998,32759
2.5055,32761
2.5108,32760
2.5164,32759
2.522,32761
2.5276,32758
2.5333,32760
2.5386,32764
2.5442,32762
2.5498,32762
2.5554,32759
2.5608,32760
2.5665,32765
2.572,32761
2.5776,32762
2.5833,32762
2.5886,32761
2.5942,32760
2.5998,32761
2.6054,32763
2.6111,32762
2.6164,32761
2.6221,32763
2.6276,32763
2.6332,32764
2.6386,32763
2.6442,32761
2.6499,32761
2.6554,32762
2.6611,32759
2.6664,32758
2.672,32765
2.6777,32760
2.683,32759
2.6886,32764
2.6943,32761
2.6999,32761
2.7055,32762
2.7109,32764
2.7165,32760
2.7222,32759
2.7275,32763
2.7332,32759
2.7388,32760
2.7442,32765
2.7498,32762
2.7554,32762
2.7611,32762
2.7665,32760
2.7721,32761
2.7777,32763
2.7831,32766
2.7887,32762
2.7943,32762
2.8,32760
2.8053,32759
2.811,32761
2.8166,32764
2.822,32759
2.8276,32757
2.8332,32762
2.8389,32760
2.8442,32759
2.8499,32763
2.8555,32763
2.8609,32761
2.8665,32762
2.8721,32763
2.8775,32760
2.8831,32762
2.8888,32760
2.8944,32761
2.8998,32762
2.9054,32765
2.9108,32764
2.9164,32759
2.9221,32767
2.9277,32759
2.9331,32763
2.9387,32761
2.9444,32763
2.9497,32762
2.9554,32760
2.961,32762
2.9664,32761
2.972,32760
2.9777,32763
2.983,32763
2.9887,32758
2.9943,32759
2.9997,32760
3.0054,32760
3.011,32760
3.0166,32761
3.022,32758
3.0277,32760
3.033,32761
3.0387,32760
3.0443,32764
3.0499,32758
3.0553,32758
3.0609,32760
3.0666,32763
3.0722,32761
3.0775,32761
3.0832,32761
3.0889,32761
3.0942,32760
3.0999,32762
3.1055,32759
3.1109,32757
3.1166,32762
3.1222,32767
3.1276,32763
3.1332,32762
3.1388,32760
3.1442,32764
3.1498,32762
3.1554,32758
3.1611,32757
3.1664,32760
3.1721,32764
3.1775,32758
3.1831,32768
3.1888,32765
3.1944,32763
3.1998,32762
3.2054,32761
3.2108,32763
3.2164,32760
3.2221,32765
3.2277,32761
3.2331,32760
3.2387,32764
3.2444,32760
3.2497,32762
3.2553,32763
3.261,32762
3.2666,32760
3.272,32761
3.2776,32763
3.2833,32763
3.2887,32762
3.2943,32764
3.2999,32763
3.3053,32764
3.3109,32764
3.3166,32760
3.322,32760
3.3276,32762
3.3332,32763
3.3389,32765
3.3442,32763
3.3499,32763
3.3555,32760
3.3608,32761
3.3665,32765
3.3721,32763
3.3778,32762
3.3831,32762
3.3888,32760
3.3944,32762
3.3998,32762
3.4054,32762
3.4111,32763
3.4164,32760
3.4221,32757
3.4277,32757
3.4331,32763
3.4388,32763
3.4444,32759
3.4498,32761
3.4554,32760
3.461,32758
3.4664,32761
3.4721,32766
3.4777,32759
3.4831,32761
3.4887,32762
3.4942,32760
3.4998,32761
3.5055,32762
3.5111,32760
3.5165,32762
3.522,32763
3.5276,32760
3.5333,32761
3.5386,32760
3.5443,32760
3.5498,32761
3.5554,32758
3.5611,32759
3.5664,32760
3.572,32761
3.5776,32763
3.5832,32761
3.5886,32761
3.5942,32761
3.5999,32764
3.6054,32762
3.6111,32761
3.6164,32766
3.6221,32762
3.6277,32766
3.6331,32765
3.6387,32762
3.6444,32764
3.6497,32763
3.6554,32763
3.661,32764
3.6667,32762
3.672,32760
3.6777,32763
3.6833,32760
3.6887,32760
3.6943,32762
3.7,32761
3.7053,32763
3.711,32761
3.7166,32764
3.722,32765
3.7276,32762
3.7332,32759
3.7389,32764
3.7442,32760
3.7499,32767
3.7555,32754
3.7609,32763
3.7665,32767
3.7721,32763
3.7775,32763
3.7831,32761
3.7888,32764
3.7944,32760
3.7998,32761
3.8054,32761
3.811,32763
3.8164,32761
3.822,32762
3.8277,32760
3.8333,32766
3.8387,32764
3.8443,32761
3.85,32762
3.8553,32764
3.861,32765
3.8666,32765
3.872,32762
3.8777,32758
3.8833,32763
3.8886,32762
3.8943,32761
3.8999,32765
3.9053,32760
3.911,32761
3.9166,32762
3.922,32763
3.9276,32758
3.9333,32760
3.9386,32758
3.9443,32756
3.9499,32759
3.9553,32758
3.9609,32762
3.9666,32763
3.972,32762
3.9776,32763
3.9833,32761
3.9886,32764
3.9943,32766
3.9999,32764
4.0053,32760
4.0109,32759
4.0166,32761
4.0222,32760
4.0276,32764
4.0332,32757
4.0389,32762
4.0442,32758
4.0499,32757
4.0555,32762
4.0609,32762
4.0665,32757
4.0722,32762
4.0775,32764
4.0832,32763
4.0888,32762
4.0942,32765
4.0998,32764
4.1055,32762
4.1111,32764
4.1165,32764
4.1221,32761
4.1278,32762
4.1332,32758
4.1388,32763
4.1444,32759
4.1497,32758
4.1554,32759
4.161,32760
4.1667,32758
4.172,32757
4.1775,32762
4.1832,32760
4.1888,32757
4.1945,32762
4.1998,32761
4.2053,32760
4.211,32762
4.2166,32761
4.222,32756
4.2276,32759
4.2331,32760
4.2388,32759
4.2442,32758
4.2498,32760
4.2555,32763
4.2609,32762
4.2665,32766
4.2721,32761
4.2778,32761
4.2831,32762
4.2888,32756
4.2944,32760
4.2998,32761
4.3054,32759
4.311,32764
4.3164,32765
4.3221,32762
4.3277,32760
4.3331,32761
4.3387,32761
4.3444,32763
4.35,32764
4.3553,32757
4.361,32762
4.3666,32762
4.372,32758
4.3776,32762
4.3832,32762
4.3886,32764
4.3942,32759
4.3999,32760
4.4055,32764
4.4109,32766
4.4165,32762
4.4222,32761
4.4275,32765
4.4332,32764
4.4388,32762
4.4445,32760
4.4498,32763
4.4555,32763
4.4611,32763
4.4665,32764
4.4721,32766
4.4777,32763
4.4834,32762
4.4887,32760
4.4944,32764
4.4998,32764
4.5054,32762
4.511,32762
4.5167,32752
4.522,32762
4.5277,32762
4.5333,32760
4.5387,32763
4.5443,32757
4.55,32761
4.5556,32768
4.561,32761
4.5666,32761
4.572,32761
4.5776,32761
4.5833,32760
4.5886,32762
4.5943,32759
4.5999,32761
4.6053,32763
4.611,32762
4.6166,32760
4.622,32762
4.6276,32760
4.6333,32763
4.6389,32762
4.6443,32763
4.6499,32760
4.6555,32762
4.6609,32760
4.6665,32761
4.6722,32764
4.6775,32762
4.6832,32766
4.6888,32763
4.6945,32761
4.6998,32761
4.7055,32761
4.7111,32763
4.7165,32761
4.7221,32759
4.7277,32762
4.7331,32761
4.7387,32758
4.7444,32759
4.75,32763
4.7554,32762
4.761,32763
4.7667,32763
4.772,32756
4.7776,32760
4.7833,32756
4.7886,32760
4.7943,32758
4.7999,32760
4.8056,32760
4.8109,32759
4.8166,32756
4.8222,32759
4.8276,32761
4.8332,32758
4.8389,32761
4.8442,32758
4.8499,32761
4.8555,32755
4.8609,32756
4.8665,32761
4.8722,32760
4.8776,32763
4.8832,32763
4.8889,32758
4.8943,32762
4.8999,32761
4.9055,32759
4.9109,32759
4.9165,32761
4.9222,32762
4.9278,32760
4.9332,32758
4.9388,32761
4.9445,32761
4.9499,32758
4.9555,32764
4.9611,32763
4.9665,32767
4.9721,32766
4.9775,32762
4.9832,32763
4.9888,32760
4.9944,32763
4.9998,32764
5.0055,32766
5.0108,32758
5.0165,32756
5.0221,32761
5.0278,32760
5.0331,32764
5.0388,32762
5.0444,32763
5.0497,32760
5.0554,32763
5.061,32762
5.0667,32762
5.072,32762
5.0776,32761
5.0833,32761
5.0889,32764
5.0943,32760
5.0998,32761
5.1054,32758
5.1111,32760
5.1167,32763
5.1221,32761
5.1276,32761
5.1333,32760
5.1389,32764
5.1443,32765
5.1499,32764
5.1554,32762
5.161,32762
5.1667,32762
5.172,32759
5.1777,32762
5.1832,32761
5.1889,32765
5.1942,32760
5.1998,32763
5.2055,32763
5.211,32764
5.2167,32762
5.222,32761
5.2277,32762
5.2333,32761
5.2386,32764
5.2443,32763
5.2499,32765
5.2556,32762
5.2609,32761
5.2665,32763
5.2722,32763
5.2775,32762
5.2832,32761
5.2888,32763
5.2944,32760
5.2998,32764
5.3054,32762
5.311,32762
5.3167,32761
5.322,32766
5.3277,32762
5.3333,32760
5.3387,32762
5.3443,32759
5.3499,32759
5.3556,32763
5.3609,32764
5.3666,32762
5.3722,32763
5.3775,32762
5.3832,32763
5.3888,32763
5.3945,32762
5.3998,32759
5.4055,32760
5.4111,32765
5.4165,32760
5.4221,32760
5.4277,32762
5.4331,32763
5.4387,32762
5.4444,32762
5.45,32765
5.4554,32763
5.461,32758
5.4667,32764
5.472,32764
5.4776,32763
5.4833,32764
5.4889,32762
5.4943,32760
5.4999,32753
5.5053,32757
5.5109,32761
5.5166,32760
5.5222,32761
5.5276,32763
5.5332,32763
5.5388,32762
5.5442,32761
5.5498,32762
5.5555,32759
5.5611,32757
5.5665,32759
5.5721,32759
5.5778,32764
5.5831,32760
5.5888,32761
5.5944,32761
5.6,32762
5.6054,32762
5.611,32759
5.6166,32764
5.6223,32758
5.6276,32762
5.6333,32758
5.6389,32763
5.6443,32759
5.6499,32762
5.6555,32764
5.6609,32763
5.6665,32765
5.6721,32763
5.6778,32763
5.6831,32760
5.6888,32763
5.6944,32763
5.6998,32761
5.7054,32761
5.7111,32762
5.7167,32764
5.7221,32761
5.7277,32764
5.7333,32764
5.7387,32764
5.7443,32766
5.75,32763
5.7553,32762
5.761,32761
5.7666,32771
5.7722,32761
5.7776,32762
5.7831,32765
5.7888,32765
5.7944,32760
5.8,32760
5.8054,32762
5.811,32761
5.8166,32762
5.8223,32766
5.8276,32760
5.8332,32757
5.8388,32761
5.8444,32761
5.8501,32763
5.8554,32761
5.861,32763
5.8666,32762
5.8722,32761
5.8776,32762
5.8832,32758
5.8888,32761
5.8944,32762
5.8998,32760
5.9054,32760
5.911,32764
5.9166,32764
5.9222,32764
5.9276,32768
5.9332,32761
5.9389,32763
5.9445,32762
5.9499,32765
5.9555,32761
5.9611,32762
5.9665,32764
5.9721,32763
5.9777,32763
5.9831,32766
5.9887,32765
5.9944,32763
6.0,32763
6.0054,32763
6.011,32764
6.0167,32763
6.022,32762
6.0276,32766
6.0333,32764
6.0389,32766
6.0443,32763
6.0499,32759
6.0555,32759
6.0609,32761
6.0665,32764
6.0722,32757
6.0778,32764
6.0832,32761
6.0889,32763
6.0942,32764
6.0998,32760
6.1055,32765
6.1111,32765
6.1165,32764
6.1221,32762
6.1278,32763
6.1332,32757
6.1388,32762
6.1445,32763
6.1498,32763
6.1555,32763
6.1611,32762
6.1665,32763
6.1721,32761
6.1778,32760
6.1834,32762
6.1887,32764
6.1944,32766
6.1998,32765
6.2054,32764
6.211,32762
6.2167,32764
6.222,32760
6.2277,32761
6.2333,32762
6.239,32760
6.2443,32763
6.25,32763
6.2556,32761
6.261,32760
6.2666,32763
6.2722,32759
6.2776,32763
6.2832,32763
6.2889,32767
6.2942,32761
6.2999,32761
6.3055,32762
6.3111,32762
6.3165,32766
6.3222,32762
6.3278,32765
6.3332,32762
6.3388,32763
6.3444,32762
6.3498,32765
6.3554,32763
6.3611,32762
6.3665,32760
6.3721,32762
6.3777,32759
6.3834,32760
6.3887,32764
6.3944,32761
6.4,32763
6.4054,32764
6.4111,32762
6.4164,32763
6.4221,32765
6.4277,32759
6.4334,32766
6.4387,32761
6.4444,32760
6.45,32758
6.4553,32761
6.461,32762
6.4666,32762
6.4723,32765
6.4776,32765
6.4832,32760
6.4889,32761
6.4945,32761
6.4999,32764
6.5055,32765
6.5111,32763
6.5165,32768
6.5221,32767
6.5278,32766
6.5331,32763
6.5388,32765
6.5444,32762
6.5501,32766
6.5554,32758
6.561,32763
6.5667,32761
6.572,32764
6.5777,32762
6.5833,32762
6.5889,32761
6.5943,32763
6.6,32764
6.6056,32768
6.611,32762
6.6166,32764
6.6222,32761
6.6276,32762
6.6333,32766
6.6389,32765
6.6443,32768
6.6499,32764
6.6555,32764
6.6612,32769
6.6665,32765
6.6722,32766
6.6776,32765
6.6832,32765
6.6889,32768
6.6945,32764
6.6998,32763
6.7054,32762
6.711,32763
6.7167,32764
6.7223,32762
6.7276,32763
6.7332,32765
6.7388,32765
6.7445,32760
6.7498,32765
6.7555,32763
6.761,32760
6.7666,32762
6.7723,32767
6.7777,32760
6.7833,32760
6.7887,32764
6.7943,32765
6.8,32764
6.8056,32767
6.811,32765
6.8166,32765
6.8222,32770
6.8276,32764
6.8333,32764
6.8389,32763
6.8443,32764
6.8499,32764
6.8555,32767
6.8609,32764
6.8666,32761
6.8722,32762
6.8779,32763
6.8832,32765
6.8889,32761
6.8942,32759
6.8999,32762
6.9055,32761
6.9112,32764
6.9165,32763
6.9222,32764
6.9278,32765
6.9332,32763
6.9388,32764
6.9445,32762
6.9498,32763
6.9554,32764
6.9611,32763
6.9664,32764
6.9721,32759
6.9777,32759
6.9834,32760
6.9887,32768
6.9944,32761
7.0,32766
7.0054,32759
7.011,32764
7.0167,32764
7.0223,32761
7.0277,32763
7.0333,32764
7.0387,32762
7.0443,32765
7.05,32764
7.0556,32762
7.061,32767
7.0666,32766
7.072,32766
7.0777,32764
7.0833,32762
7.0887,32764
7.0943,32766
7.1,32766
7.1056,32764
7.111,32767
7.1166,32765
7.122,32761
7.1277,32765
7.1333,32762
7.1389,32763
7.1443,32762
7.1499,32760
7.1556,32762
7.161,32760
7.1666,32766
7.1723,32766
7.1776,32763
7.1833,32762
7.1889,32760
7.1943,32759
7.1999,32760
7.2055,32765
7.2112,32767
7.2166,32760
7.2222,32761
7.2276,32764
7.2332,32764
7.2388,32761
7.2445,32763
7.2498,32766
7.2555,32766
7.2611,32763
7.2665,32763
7.2721,32762
7.2778,32761
7.2831,32767
7.2888,32758
7.2944,32766
7.2998,32762
7.3054,32762
7.3111,32764
7.3167,32761
7.3221,32766
7.3278,32763
7.3334,32764
7.3388,32765
7.3444,32765
7.35,32760
7.3554,32764
7.3609,32766
7.3666,32764
7.3722,32765
7.3779,32760
7.3832,32762
7.3887,32765
7.3944,32762
7.4,32763
7.4054,32766
7.411,32767
7.4166,32761
7.4222,32765
7.4278,32764
7.4332,32766
7.4389,32761
7.4444,32765
7.45,32764
7.4554,32765
7.461,32767
7.4666,32763
7.4722,32765
7.4778,32763
7.4832,32766
7.4888,32765
7.4945,32763
7.4998,32761
7.5055,32759
7.5111,32765
7.5165,32759
7.5221,32762
7.5278,32761
7.5332,32761
7.5388,32762
7.5444,32756
7.5501,32765
7.5554,32765
7.5611,32764
7.5667,32762
7.5721,32765
7.5777,32764
7.5833,32762
7.5887,32761
7.5944,32764
7.6,32763
7.6054,32763
7.611,32760
7.6166,32762
7.6223,32763
7.6276,32763
7.6333,32763
7.6389,32765
7.6443,32765
7.6499,32765
7.6556,32762
7.6609,32761
7.6665,32761
7.6722,32762
7.6778,32763
7.6832,32765
7.6888,32764
7.6945,32761
7.6998,32762
7.7055,32761
7.7111,32761
7.7168,32761
7.7221,32767
7.7278,32762
7.7331,32761
7.7388,32765
7.7444,32758
7.7498,32759
7.7554,32760
7.7611,32761
7.7667,32762
7.7721,32764
7.7777,32765
7.7834,32765
7.7888,32764
7.7944,32763
7.8001,32764
7.8054,32765
7.8111,32764
7.8167,32763
7.8221,32765
7.8277,32761
7.8333,32765
7.839,32762
7.8443,32765
7.85,32763
7.8556,32765
7.861,32765
7.8666,32762
7.8723,32761
7.8776,32762
7.8832,32765
7.8889,32766
7.8945,32764
7.8999,32762
7.9055,32762
7.9111,32765
7.9165,32758
7.9221,32757
7.9278,32763
7.9334,32763
7.9388,32760
7.9444,32764
7.95,32764
7.9554,32764
7.961,32767
7.9667,32765
7.972,32764
7.9777,32763
7.9833,32765
7.989,32762
7.9943,32758
8.0,32764
8.0056,32760
8.011,32763
8.0166,32760
8.022,32761
8.0277,32762
8.0333,32764
8.039,32758
8.0443,32759
8.05,32764
8.0556,32763
8.061,32760
8.0666,32765
8.0722,32764
8.0779,32762
8.0832,32763
8.0889,32762
8.0945,32765
8.0999,32765
8.1055,32763
8.1111,32762
8.1165,32763
8.1221,32759
8.1278,32757
8.1334,32764
8.1388,32763
8.1444,32758
8.15,32767
8.1554,32766
8.161,32763
8.1667,32768
8.1723,32766
8.1776,32762
8.1833,32759
8.1889,32762
8.1943,32761
8.1998,32761
8.2055,32763
8.2111,32763
8.2167,32761
8.2221,32762
8.2276,32763
8.2333,32763
8.2389,32764
8.2445,32761
8.2499,32763
8.2554,32763
8.2611,32762
8.2667,32765
8.2721,32763
8.2777,32761
8.2832,32761
8.2889,32766
8.2945,32764
8.2999,32763
8.3055,32762
8.311,32762
8.3167,32765
8.3221,32762
8.3277,32766
8.3334,32763
8.3388,32764
8.3444,32765
8.35,32764
8.3554,32762
8.361,32762
8.3667,32761
8.3723,32763
8.3777,32767
8.3833,32765
8.3889,32762
8.3943,32761
8.3999,32764
8.4055,32767
8.4112,32763
8.4165,32767
8.4222,32765
8.4278,32762
8.4332,32765
8.4388,32763
8.4445,32763
8.4501,32765
8.4554,32767
8.4611,32762
8.4667,32763
8.4721,32764
8.4777,32763
8.4834,32762
8.4888,32762
8.4944,32765
8.5,32763
8.5057,32762
8.511,32765
8.5167,32763
8.5223,32761
8.5277,32762
8.5333,32761
8.5389,32762
8.5446,32761
8.5499,32764
8.5556,32767
8.5609,32762
8.5666,32759
8.5722,32760
8.5778,32761
8.5832,32762
8.5888,32761
8.5945,32759
8.5999,32764
8.6055,32767
8.6111,32763
8.6168,32765
8.6221,32764
8.6278,32763
8.6334,32766
8.639,32764
8.6444,32759
8.65,32762
8.6556,32764
8.661,32763
8.6666,32765
8.6722,32765
8.6779,32765
8.6832,32764
8.6889,32763
8.6945,32764
8.6999,32765
8.7056,32764
8.7112,32765
8.7166,32763
8.7222,32763
8.7278,32764
8.7332,32763
8.7388,32759
8.7445,32767
8.7498,32762
8.7555,32764
8.7611,32763
8.7668,32763
8.7721,32763
8.7777,32763
8.7834,32761
8.7887,32760
8.7944,32752
8.8,32766
8.8056,32763
8.811,32762
8.8166,32765
8.8223,32767
8.8279,32767
8.8333,32764
8.8389,32760
8.8445,32768
8.8499,32765
8.8555,32765
8.8611,32763
8.8668,32764
8.8721,32762
8.8778,32763
8.8832,32762
8.8888,32762
8.8945,32763
8.9001,32766
8.9055,32766
8.911,32763
8.9166,32765
8.9223,32761
8.9277,32761
8.9333,32759
8.9388,32758
8.9445,32765
8.9501,32760
8.9555,32764
8.9611,32762
8.9666,32766
8.9723,32762
8.9779,32760
8.9833,32763
8.9889,32764
8.9944,32763
9.0001,32767
9.0055,32764
9.0111,32761
9.0168,32763
9.0221,32764
9.0277,32765
9.0334,32763
9.0387,32764
9.0444,32765
9.05,32766
9.0556,32766
9.061,32764
9.0666,32765
9.0723,32768
9.0776,32764
9.0833,32766
9.0889,32766
9.0945,32764
9.0999,32763
9.1055,32764
9.1112,32765
9.1166,32766
9.1222,32764
9.1279,32763
9.1332,32761
9.1389,32763
9.1445,32766
9.1499,32762
9.1555,32763
9.1612,32762
9.1665,32762
9.1722,32762
9.1778,32763
9.1832,32766
9.1889,32765
9.1945,32763
9.1999,32765
9.2056,32760
9.2112,32761
9.2166,32760
9.2222,32762
9.2279,32765
9.2332,32765
9.2389,32765
9.2445,32759
9.2499,32764
9.2555,32762
9.2612,32765
9.2668,32762
9.2722,32762
9.2778,32760
9.2834,32765
9.2888,32763
9.2944,32764
9.3001,32764
9.3055,32765
9.3111,32761
9.3167,32761
9.3221,32762
9.3277,32764
9.3334,32763
9.3388,32764
9.3444,32765
9.35,32765
9.3554,32764
9.361,32767
9.3667,32762
9.3721,32767
9.3777,32769
9.3833,32764
9.389,32765
9.3943,32762
9.4,32762
9.4056,32764
9.411,32764
9.4166,32763
9.4223,32765
9.4279,32766
9.4332,32760
9.4389,32766
9.4445,32764
9.4499,32765
9.4555,32768
9.4612,32766
9.4665,32763
9.4722,32764
9.4778,32762
9.4832,32764
9.4888,32762
9.4944,32766
9.5001,32766
9.5054,32764
9.5111,32759
9.5167,32766
9.5221,32763
9.5277,32762
9.5333,32764
9.539,32767
9.5443,32762
9.55,32762
9.5556,32763
9.561,32762
9.5666,32763
9.5723,32763
9.5779,32762
9.5832,32763
9.5889,32763
9.5946,32765
9.5999,32761
9.6055,32765
9.6112,32763
9.6166,32765
9.6222,32761
9.6279,32763
9.6332,32763
9.6389,32764
9.6445,32763
9.6499,32760
9.6555,32761
9.6612,32763
9.6665,32762
9.6721,32760
9.6778,32765
9.6834,32762
9.6888,32762
9.6944,32766
9.7,32762
9.7057,32760
9.711,32757
9.7166,32763
9.7223,32760
9.7276,32761
9.7333,32762
9.7389,32761
9.7445,32762
9.7499,32763
9.7555,32761
9.7612,32758
9.7668,32759
9.7721,32766
9.7778,32762
9.7834,32762
9.7887,32760
9.7944,32766
9.8,32767
9.8054,32764
9.8111,32760
9.8167,32763
9.8223,32762
9.8277,32764
9.8332,32762
9.8389,32765
9.8445,32766
9.8499,32760
9.8555,32764
9.861,32763
9.8667,32764
9.8723,32764
9.8777,32763
9.8833,32758
9.8889,32762
9.8945,32765
9.9001,32763
9.9055,32760
9.9111,32764
9.9167,32762
9.9223,32765
9.9277,32760
9.9333,32765
9.9389,32765
9.9445,32762
9.9498,32765
9.9555,32763
9.9611,32762
9.9667,32760
9.9721,32765
9.9777,32760
9.9834,32763
9.9887,32763
9.9944,32762
10.0,32760
10.0057,32765
10.011,32764
10.0167,32760
10.0221,32761
10.0277,32761
10.0333,32758
10.039,32763
10.0443,32761
10.05,32765
10.0556,32763
10.061,32762
10.0666,32763
10.0722,32767
10.0779,32763
10.0832,32765
10.0889,32765
10.0945,32763
10.0999,32760
10.1055,32762
10.1112,32765
10.1168,32762
10.1222,32763
10.1278,32764
10.1334,32764
10.1388,32761
10.1444,32763
10.1501,32769
10.1554,32764
10.1611,32763
10.1667,32764
10.1723,32762
10.1776,32763
10.1833,32758
10.1889,32764
10.1946,32761
10.1999,32762
10.2056,32765
10.2112,32764
10.2165,32761
10.2222,32762
10.2278,32761
10.2334,32765
10.2388,32762
10.2444,32762
10.2501,32761
10.2557,32762
10.2611,32761
10.2667,32762
10.2723,32761
10.2777,32759
10.2833,32764
10.289,32759
10.2943,32762
10.3,32760
10.3056,32761
10.311,32763
10.3166,32765
10.3223,32765
10.3279,32764
10.3332,32764
10.3389,32763
10.3445,32761
10.3499,32762
10.3555,32770
10.3612,32759
10.3668,32763
10.3722,32763
10.3778,32765
10.3832,32758
10.3888,32763
10.3945,32760
10.4001,32764
10.4055,32759
10.4111,32760
10.4167,32763
10.4223,32759
10.4277,32762
10.4332,32762
10.4389,32762
10.4445,32764
10.4501,32765
10.4555,32761
10.461,32762
10.4667,32763
10.4723,32763
10.4779,32763
10.4833,32765
10.4888,32762
10.4945,32763
10.5001,32756
10.5055,32765
10.5111,32761
10.5167,32759
10.5223,32765
10.5277,32764
10.5333,32763
10.5389,32761
10.5445,32765
10.5501,32762
10.5555,32765
10.5611,32763
10.5668,32765
10.5721,32760
10.5778,32767
10.5834,32764
10.5888,32760
10.5944,32761
10.6,32760
10.6057,32764
10.6113,32765
10.6167,32769
10.6223,32759
10.6279,32762
10.6333,32765
10.6389,32766
10.6445,32765
10.6501,32763
10.6555,32762
10.6611,32762
10.6668,32763
10.6724,32763
10.6778,32763
10.6834,32761
10.689,32760
10.6944,32763
10.7,32763
10.7057,32760
10.7111,32768
10.7167,32764
10.7224,32763
10.7277,32764
10.7334,32764
10.739,32763
10.7444,32767
10.75,32764
10.7557,32765
10.761,32761
10.7667,32761
10.7723,32763
10.778,32764
10.7833,32764
10.7889,32765
10.7946,32763
10.7999,32764
10.8056,32765
10.8112,32762
10.8166,32765
10.8223,32765
10.8279,32764
10.8333,32765
10.8389,32763
10.8445,32764
10.8502,32761
10.8555,32760
10.8612,32763
10.8666,32765
10.8722,32764
10.8779,32766
10.8835,32766
10.8888,32763
10.8945,32759
10.9001,32766
10.9055,32765
10.9111,32767
10.9168,32760
10.9224,32762
10.9278,32761
10.9334,32762
10.939,32763
10.9444,32763
10.95,32763
10.9557,32762
10.9613,32763
10.9666,32762
10.9723,32762
10.9779,32763
10.9833,32766
10.9889,32766
10.9946,32766
10.9999,32762
11.0056,32767
11.0112,32766
11.0168,32761
11.0222,32764
11.0278,32763
11.0335,32766
11.0388,32765
11.0445,32764
11.0501,32765
11.0557,32766
11.0611,32761
11.0667,32764
11.0724,32766
11.0777,32766
11.0834,32768
11.089,32766
11.0946,32764
11.1,32769
11.1056,32764
11.1113,32763
11.1166,32763
11.1223,32764
11.1279,32763
11.1333,32761
11.1389,32764
11.1445,32762
11.1502,32761
11.1555,32761
11.1612,32762
11.1668,32762
11.1721,32765
11.1778,32765
11.1834,32763
11.1891,32761
11.1944,32763
11.2,32762
11.2057,32764
11.211,32762
11.2167,32763
11.2223,32765
11.2277,32762
11.2333,32762
11.2389,32760
11.2446,32764
11.2499,32764
11.2556,32763
11.2612,32763
11.2668,32762
11.2722,32762
11.2778,32764
11.2835,32762
11.2888,32762
11.2944,32762
11.3001,32760
11.3057,32764
11.3111,32762
11.3168,32762
11.3224,32761
11.3277,32761
11.3334,32762
11.339,32761
11.3444,32760
11.35,32760
11.3556,32762
11.3613,32761
11.3666,32759
11.3722,32758
11.3779,32765
11.3835,32763
11.3889,32764
11.3945,32762
11.4002,32757
11.4055,32766
11.4112,32760
11.4168,32761
11.4222,32766
11.4278,32759
11.4335,32759
11.4388,32764
11.4444,32764
11.4501,32764
11.4557,32760
11.4611,32762
11.4667,32766
11.4724,32764
11.4777,32765
11.4834,32764
11.489,32761
11.4944,32762
11.5,32765
11.5057,32765
11.511,32762
11.5167,32760
11.5222,32764
11.5278,32762
11.5335,32763
11.5388,32761
11.5445,32763
11.55,32763
11.5557,32767
11.5613,32761
11.5667,32766
11.5723,32760
11.5778,32759
11.5835,32764
11.5888,32765
11.5945,32762
11.6001,32758
11.6055,32762
11.6111,32766
11.6168,32765
11.6224,32762
11.6277,32764
11.6334,32765
11.639,32762
11.6444,32763
11.65,32763
11.6556,32764
11.6612,32764
11.6666,32766
11.6722,32766
11.6779,32765
11.6835,32763
11.6889,32763
11.6945,32762
11.7002,32761
11.7055,32759
11.7111,32763
11.7168,32765
11.7222,32765
11.7278,32765
11.7334,32762
11.7391,32763
11.7444,32761
11.7501,32763
11.7557,32758
11.7611,32763
11.7667,32763
11.7724,32766
11.7777,32765
11.7834,32762
11.789,32761
11.7943,32760
11.8,32763
11.8056,32763
11.8112,32763
11.8169,32763
11.8222,32759
11.8279,32764
11.8335,32759
11.8389,32763
11.8445,32762
11.8501,32763
11.8555,32762
11.8611,32763
11.8668,32761
11.8724,32763
11.8778,32759
11.8834,32763
11.889,32762
11.8944,32764
11.9,32762
11.9057,32763
11.9113,32761
11.9167,32768
11.9223,32763
11.9277,32761
11.9333,32764
11.939,32765
11.9446,32763
11.95,32765
11.9556,32766
11.9612,32764
11.9666,32766
11.9722,32764
11.9779,32766
11.9835,32761
11.9888,32758
11.9945,32758
12.0002,32758
12.0056,32761
12.011,32764
12.0167,32770
12.0223,32767
12.0279,32764
12.0333,32763
12.0388,32764
12.0445,32764
12.0501,32766
12.0558,32764
12.0611,32766
12.0666,32764
12.0723,32764
12.0779,32765
12.0833,32764
12.0889,32763
12.0945,32764
12.1001,32763
12.1057,32762
12.1111,32762
12.1167,32763
12.1223,32765
12.1279,32764
12.1333,32761
12.1389,32763
12.1446,32767
12.1501,32765
12.1557,32763
12.1611,32764
12.1667,32761
12.1724,32763
12.1777,32766
12.1834,32762
12.189,32763
12.1944,32762
12.2,32764
12.2057,32764
12.2111,32762
12.2167,32766
12.2223,32763
12.2277,32766
12.2333,32763
12.239,32762
12.2446,32761
12.2499,32760
12.2556,32760
12.2612,32761
12.2666,32760
12.2722,32764
12.2779,32761
12.2835,32761
12.2889,32761
12.2945,32760
12.3001,32764
12.3055,32761
12.3111,32765
12.3168,32761
12.3221,32762
12.3278,32765
12.3334,32762
12.3391,32760
12.3444,32765
12.3501,32765
12.3557,32763
12.3611,32759
12.3667,32764
12.3724,32760
12.3777,32761
12.3833,32763
12.389,32762
12.3943,32759
12.4,32758
12.4057,32761
12.4113,32764
12.4167,32765
12.4223,32764
12.4279,32767
12.4333,32765
12.4389,32760
12.4446,32765
12.4502,32762
12.4556,32765
12.4612,32765
12.4668,32767
12.4722,32758
12.4778,32763
12.4834,32766
12.4891,32757
12.4945,32761
12.5001,32764
12.5057,32764
12.5111,32763
12.5167,32766
12.5224,32763
12.5277,32760
12.5333,32763
12.539,32767
12.5446,32768
12.55,32763
12.5556,32764
12.5613,32763
12.5666,32765
12.5723,32765
12.5779,32767
12.5833,32768
12.5889,32766
12.5946,32766
12.5999,32764
12.6056,32765
12.6112,32765
12.6169,32764
12.6222,32763
12.6279,32762
12.6335,32765
12.6389,32762
12.6445,32765
12.6501,32764
12.6558,32767
12.6611,32762
12.6668,32765
12.6721,32764
12.6778,32763
12.6834,32764
12.6891,32765
12.6944,32768
12.7,32765
12.7057,32765
12.7113,32766
12.7167,32763
12.7223,32764
12.728,32763
12.7333,32764
12.739,32766
12.7444,32765
12.75,32757
12.7557,32764
12.7613,32765
12.7666,32765
12.7723,32762
12.7779,32763
12.7833,32761
12.7889,32761
12.7946,32763
12.8002,32760
12.8056,32759
12.8112,32762
12.8166,32759
12.8222,32763
12.8279,32763
12.8335,32763
12.8389,32772
12.8445,32763
12.8502,32764
12.8555,32763
12.8612,32767
12.8668,32768
12.8722,32764
12.8779,32763
12.8835,32765
12.8888,32765
12.8945,32764
12.9001,32762
12.9057,32764
12.9111,32763
12.9167,32765
12.9224,32764
12.9277,32763
12.9334,32765
12.939,32766
12.9447,32766
12.95,32767
12.9557,32769
12.9613,32762
12.9666,32763
12.9723,32760
12.9779,32767
12.9833,32763
12.9889,32766
12.9946,32763
13.0002,32760
13.0056,32765
13.0112,32765
13.0169,32764
13.0222,32767
13.0279,32762
13.0335,32764
13.0388,32767
13.0445,32762
13.0501,32766
13.0555,32766
13.0611,32765
13.0667,32765
13.0724,32768
13.0777,32764
13.0834,32765
13.089,32765
13.0947,32765
13.1,32767
13.1057,32768
13.1113,32767
13.1167,32767
13.1223,32766
13.1279,32766
13.1333,32765
13.1389,32765
13.1445,32769
13.1502,32763
13.1555,32763
13.1611,32764
13.1668,32763
13.1724,32764
13.1778,32764
13.1833,32768
13.189,32767
13.1946,32766
13.2,32768
13.2056,32764
13.2111,32765
13.2168,32763
13.2224,32762
13.2278,32761
13.2334,32760
13.239,32761
13.2446,32763
13.25,32768
13.2556,32768
13.2613,32767
13.2668,32765
13.2724,32767
13.2778,32762
13.2834,32764
13.2891,32765
13.2944,32763
13.3001,32766
13.3058,32764
13.3111,32765
13.3167,32762
13.3224,32764
13.3278,32763
13.3334,32766
13.339,32763
13.3444,32759
13.3501,32764
13.3557,32764
13.3611,32762
13.3667,32766
13.3724,32765
13.378,32766
13.3834,32765
13.389,32760
13.3946,32767
13.4,32762
13.4056,32761
13.4113,32763
13.4166,32765
13.4222,32766
13.4279,32765
13.4335,32764
13.4389,32767
13.4445,32764
13.4502,32765
13.4555,32765
13.4612,32767
13.4668,32759
13.4724,32763
13.4778,32763
13.4834,32761
13.4891,32766
13.4944,32763
13.5001,32765
13.5057,32766
13.5113,32764
13.5167,32760
13.5223,32765
13.528,32767
13.5334,32765
13.539,32761
13.5446,32762
13.55,32768
13.5556,32766
13.5611,32766
13.5667,32765
13.5723,32764
13.578,32763
13.5833,32765
13.5889,32768
13.5945,32764
13.6001,32764
13.6058,32767
13.6111,32766
13.6167,32764
13.6224,32767
13.628,32769
13.6334,32765
13.639,32760
13.6445,32766
13.6501,32769
13.6558,32768
13.6611,32767
13.6668,32765
13.6723,32771
13.6779,32765
13.6833,32764
13.6889,32766
13.6946,32762
13.7001,32762
13.7058,32762
13.7111,32764
13.7168,32763
13.7224,32762
13.7279,32765
13.7333,32765
13.7389,32764
13.7446,32767
13.7502,32766
13.7556,32763
13.7612,32759
13.7669,32762
13.7722,32763
13.7778,32766
13.7835,32766
13.7891,32763
13.7945,32763
13.8001,32762
13.8058,32761
13.8111,32767
13.8167,32766
13.8224,32761
13.8277,32764
13.8334,32764
13.839,32763
13.8446,32766
13.85,32765
13.8556,32765
13.8612,32765
13.8669,32765
13.8722,32763
13.8779,32764
13.8835,32764
13.8888,32762
13.8945,32767
13.9001,32761
13.9057,32762
13.9111,32761
13.9167,32765
13.9224,32763
13.9277,32764
13.9334,32761
13.939,32762
13.9446,32763
13.95,32762
13.9557,32759
13.9613,32760
13.9667,32761
13.9723,32761
13.9779,32757
13.9833,32758
13.9889,32764
13.9946,32765
14.0002,32761
14.0056,32761
14.0112,32762
14.0169,32762
14.0222,32763
14.0279,32765
14.0335,32762
14.0391,32764
14.0445,32765
14.0501,32767
14.0557,32760
14.0611,32765
14.0667,32766
14.0723,32764
14.078,32762
14.0833,32764
14.089,32757
14.0946,32761
14.1002,32764
14.1057,32761
14.1113,32762
14.1166,32758
14.1223,32762
14.1279,32762
14.1335,32762
14.1389,32762
14.1445,32766
14.1502,32767
14.1555,32762
14.1612,32765
14.1668,32762
14.1724,32760
14.1778,32763
14.1834,32763
14.1891,32765
14.1944,32763
14.2001,32761
14.2057,32757
14.2113,32762
14.2167,32762
14.2223,32763
14.228,32764
14.2333,32763
14.239,32759
14.2446,32762
14.25,32765
14.2556,32765
14.2612,32764
14.2669,32765
14.2722,32761
14.2779,32763
14.2835,32760
14.2888,32762
14.2945,32764
14.3001,32762
14.3057,32762
14.3111,32761
14.3167,32763
14.3224,32762
14.328,32762
14.3334,32764
14.339,32763
14.3446,32762
14.35,32762
14.3556,32763
14.3612,32760
14.3669,32764
14.3722,32761
14.3779,32764
14.3835,32762
14.3891,32761
14.3945,32764
14.4001,32763
14.4057,32760
14.4113,32761
14.4167,32762
14.4223,32764
14.428,32762
14.4333,32762
14.439,32763
14.4446,32763
14.45,32761
14.4556,32759
14.4613,32762
14.4669,32761
14.4722,32763
14.4779,32761
14.4835,32763
14.4891,32761
14.4945,32761
14.5001,32763
14.5058,32761
14.5111,32766
14.5168,32764
14.5224,32766
14.5277,32764
14.5334,32762
14.539,32761
14.5447,32767
14.55,32769
14.5556,32764
14.5613,32763
14.5666,32764
14.5723,32765
14.5779,32764
14.5835,32765
14.5889,32767
14.5946,32764
14.6002,32760
14.6055,32762
14.6112,32764
14.6168,32763
14.6224,32762
14.6278,32763
14.6334,32764
14.6391,32765
14.6444,32764
14.6501,32762
14.6557,32763
14.6613,32760
14.6667,32765
14.6723,32761
14.678,32766
14.6834,32763
14.689,32763
14.6946,32759
14.7002,32765
14.7056,32761
14.7112,32765
14.7168,32762
14.7222,32763
14.7279,32763
14.7333,32764
14.7389,32760
14.7446,32764
14.7502,32762
14.7556,32765
14.7611,32764
14.7668,32764
14.7724,32764
14.778,32758
14.7834,32760
14.7889,32761
14.7946,32760
14.8002,32766
14.8056,32764
14.8112,32764
14.8167,32766
14.8224,32765
14.8277,32763
14.8334,32764
14.839,32764
14.8445,32761
14.8502,32764
14.8555,32760
14.8612,32762
14.8668,32764
14.8724,32760
14.878,32762
14.8834,32764
14.889,32765
14.8946,32764
14.9,32764
14.9056,32761
14.9113,32760
14.9169,32763
14.9223,32763
14.9279,32763
14.9335,32766
14.9389,32767
14.9445,32764
14.9502,32764
14.9558,32762
14.9611,32764
14.9668,32766
14.9724,32761
14.9778,32764
14.9834,32763
14.989,32763
14.9947,32764
15.0,32761
15.0057,32761
15.0113,32764
15.0167,32762
15.0223,32766
15.0279,32763
15.0336,32764
15.0389,32763
15.0445,32761
15.0502,32760
15.0555,32768
15.0612,32762
15.0668,32763
15.0724,32766
15.0778,32762
15.0834,32762
15.0891,32763
15.0944,32762
15.1001,32768
15.1057,32762
15.1114,32765
15.1167,32767
15.1224,32767
15.128,32768
15.1334,32762
15.139,32764
15.1446,32764
15.1503,32765
15.1556,32761
15.1613,32759
15.1667,32761
15.1723,32764
15.1779,32767
15.1836,32762
15.1889,32760
15.1945,32762
15.2001,32765
15.2058,32763
15.2114,32763
15.2168,32763
15.2223,32760
15.2279,32766
15.2336,32769
15.2389,32760
15.2446,32764
15.2501,32756
15.2557,32764
15.2614,32761
15.2667,32766
15.2723,32765
15.2779,32765
15.2836,32766
15.2889,32763
15.2946,32763
15.3002,32764
15.3057,32765
15.3114,32764
15.3167,32768
15.3224,32767
15.328,32765
15.3334,32763
15.339,32762
15.3447,32766
15.35,32764
15.3557,32761
15.3613,32763
15.3667,32763
15.3723,32765
15.378,32765
15.3836,32764
15.3889,32762
15.3946,32764
15.4002,32759
15.4059,32759
15.4112,32761
15.4168,32768
15.4225,32765
15.4278,32761
15.4335,32766
15.4391,32765
15.4445,32766
15.4501,32764
15.4557,32763
15.4613,32766
15.4667,32764
15.4723,32766
15.478,32768
15.4836,32764
15.489,32762
15.4946,32760
15.5002,32766
15.5056,32765
15.5112,32761
15.5169,32762
15.5225,32761
15.5279,32762
15.5335,32764
15.5391,32764
15.5445,32765
15.5501,32764
15.5558,32762
15.5611,32766
15.5668,32764
15.5724,32764
15.5779,32768
15.5836,32765
15.5889,32762
15.5945,32760
15.6002,32761
15.6058,32765
15.6112,32764
15.6169,32763
15.6222,32766
15.6279,32762
15.6335,32760
15.6391,32764
15.6445,32765
15.6501,32763
15.6558,32763
15.6611,32765
15.6668,32763
15.6724,32764
15.6778,32764
15.6834,32765
15.6891,32766
15.6945,32764
15.7001,32763
15.7057,32763
15.7114,32762
15.7167,32767
15.7224,32765
15.728,32763
15.7334,32761
15.7391,32764
15.7447,32762
15.7501,32766
15.7557,32764
15.7614,32762
15.7667,32763
15.7724,32764
15.7778,32763
15.7834,32766
15.789,32767
15.7947,32762
15.8001,32765
15.8057,32765
15.8114,32762
15.8167,32764
15.8224,32765
15.828,32766
15.8334,32763
15.839,32762
15.8446,32765
15.85,32767
15.8556,32764
15.8613,32764
15.8669,32763
15.8724,32763
15.878,32765
15.8834,32764
15.889,32768
15.8947,32764
15.9,32765
15.9057,32767
15.9113,32768
15.917,32764
15.9223,32765
15.928,32765
15.9336,32765
15.939,32763
15.9446,32763
15.9503,32765
15.9557,32771
15.9613,32763
15.9667,32764
15.9724,32763
15.978,32765
15.9834,32765
15.9891,32767
15.9947,32763
16.0001,32765
16.0058,32766
16.0112,32766
16.0169,32765
16.0223,32764
16.028,32765
16.0334,32765
16.0391,32765
16.0445,32766
16.0501,32766
16.0558,32764
16.0612,32764
16.0669,32765
16.0723,32763
16.0779,32768
16.0836,32762
16.089,32766
16.0946,32764
16.1002,32763
16.1056,32765
16.1112,32766
16.1169,32761
16.1225,32761
16.1279,32768
16.1335,32764
16.1389,32763
16.1445,32764
16.1502,32764
16.1558,32763
16.1614,32764
16.1668,32766
16.1724,32763
16.178,32766
16.1836,32762
16.189,32766
16.1946,32766
16.2003,32762
16.2056,32762
16.2113,32764
16.2169,32763
16.2223,32762
16.2279,32763
16.2336,32765
16.2389,32765
16.2445,32764
16.2502,32764
16.2558,32762
16.2612,32765
16.2668,32763
16.2724,32762
16.2781,32764
16.2833,32765
16.289,32763
16.2946,32768
16.3003,32762
16.3056,32762
16.3111,32764
16.3168,32761
16.3224,32765
16.328,32762
16.3334,32764
16.3389,32764
16.3446,32765
16.3502,32763
16.3556,32765
16.3612,32767
16.3668,32761
16.3724,32763
16.378,32763
16.3834,32758
16.389,32759
16.3946,32765
16.4002,32759
16.4056,32767
16.4112,32763
16.4168,32765
16.4224,32765
16.428,32760
16.4334,32762
16.439,32762
16.4447,32761
16.4502,32761
16.4558,32760
16.4612,32762
16.4668,32763
16.4725,32761
16.4778,32764
16.4835,32763
16.4891,32762
16.4945,32763
16.5001,32760
16.5057,32759
16.5114,32762
16.5167,32764
16.5224,32765
16.528,32760
16.5334,32763
16.539,32763
16.5446,32762
16.5503,32763
16.5556,32767
16.5612,32764
16.5669,32764
16.5722,32761
16.5779,32763
16.5835,32765
16.5891,32761
16.5945,32767
16.6001,32769
16.6058,32765
16.6114,32767
16.6167,32762
16.6224,32765
16.628,32761
16.6334,32764
16.639,32762
16.6446,32764
16.6503,32766
16.6556,32766
16.6612,32762
16.6669,32759
16.6725,32766
16.6779,32766
16.6835,32762
16.6891,32763
16.6945,32765
16.7001,32765
16.7057,32761
16.7114,32766
16.7167,32764
16.7224,32764
16.728,32762
16.7334,32767
16.739,32763
16.7446,32764
16.7503,32765
16.7556,32761
16.7613,32760
16.7669,32763
16.7725,32760
16.7779,32766
16.7835,32762
16.7891,32760
16.7945,32767
16.8,32760
16.8057,32761
16.8113,32765
16.817,32764
16.8223,32766
16.8279,32764
16.8335,32765
16.8391,32763
16.8445,32762
16.8501,32766
16.8557,32763
16.8613,32765
16.8669,32764
16.8723,32766
16.878,32764
16.8835,32766
16.8891,32765
16.8945,32761
16.9001,32766
16.9058,32764
16.9113,32763
16.9169,32764
16.9223,32762
16.9279,32769
16.9336,32766
16.9391,32763
16.9447,32766
16.9501,32764
16.9558,32767
16.9611,32766
16.9668,32764
16.9724,32766
16.9781,32762
16.9835,32764
16.9891,32765
16.9947,32764
17.0003,32762
17.0057,32767
17.0114,32768
17.0167,32766
17.0224,32761
17.028,32765
17.0336,32762
17.039,32761
17.0446,32764
17.0503,32765
17.0556,32764
17.0613,32762
17.0669,32767
17.0723,32766
17.0779,32764
17.0836,32765
17.0892,32764
17.0945,32764
17.1002,32767
17.1058,32763
17.1112,32760
17.1168,32760
17.1225,32760
17.1281,32758
17.1334,32766
17.1391,32765
17.1447,32764
17.1501,32767
17.1557,32766
17.1614,32766
17.1668,32767
17.1724,32760
17.1781,32761
17.1835,32762
17.1892,32765
17.1945,32764
17.2001,32765
17.2058,32764
17.2114,32763
17.2168,32762
17.2224,32767
17.2281,32763
17.2334,32768
17.2391,32765
17.2447,32762
17.2501,32765
17.2557,32769
17.2613,32766
17.267,32766
17.2723,32765
17.278,32766
17.2836,32767
17.289,32765
17.2946,32765
17.3003,32766
17.3056,32769
17.3113,32768
17.3169,32765
17.3223,32767
17.3279,32766
17.3336,32765
17.3392,32762
17.3446,32764
17.3502,32762
17.3559,32765
17.3612,32766
17.3669,32762
17.3725,32762
17.3779,32763
17.3835,32764
17.3892,32764
17.3946,32764
17.4002,32762
17.4058,32764
17.4112,32763
17.4169,32765
17.4225,32761
17.4279,32763
17.4335,32764
17.4392,32762
17.4445,32765
17.4502,32765
17.4558,32762
17.4612,32763
17.4668,32766
17.4725,32765
17.4781,32767
17.4835,32768
17.4891,32763
17.4947,32765
17.5001,32765
17.5058,32764
17.5114,32763
17.5168,32764
17.5224,32768
17.5281,32763
17.5335,32763
17.5391,32764
17.5447,32764
17.5501,32763
17.5557,32765
17.5614,32767
17.567,32759
17.5724,32768
17.578,32766
17.5834,32762
17.589,32767
17.5947,32765
17.6003,32765
17.6057,32763
17.6113,32763
17.617,32763
17.6223,32762
17.628,32762
17.6336,32765
17.639,32763
17.6446,32768
17.6503,32764
17.6557,32764
17.6613,32766
17.667,32767
17.6723,32764
17.678,32763
17.6836,32764
17.689,32762
17.6946,32762
17.7003,32763
17.7056,32765
17.7113,32760
17.717,32761
17.7223,32763
17.7279,32765
17.7336,32763
17.739,32763
17.7446,32760
17.7503,32763
17.7559,32763
17.7613,32761
17.7669,32763
17.7725,32768
17.7779,32767
17.7836,32767
17.7892,32763
17.7946,32761
17.8002,32764
17.8058,32767
17.8112,32765
17.8168,32765
17.8225,32761
17.8281,32763
17.8335,32763
17.8391,32763
17.8447,32762
17.8501,32764
17.8557,32765
17.8614,32764
17.867,32763
17.8724,32766
17.878,32761
17.8837,32764
17.889,32766
17.8947,32765
17.9003,32768
17.9057,32768
17.9113,32767
17.917,32766
17.9224,32762
17.928,32763
17.9337,32765
17.939,32768
17.9447,32764
17.9503,32761
17.9557,32766
17.9613,32764
17.967,32766
17.9723,32765
17.978,32764
17.9836,32765
17.989,32765
17.9946,32761
18.0001,32764
18.0057,32767
18.0114,32764
18.017,32767
18.0223,32766
18.0279,32762
18.0335,32765
18.0391,32762
18.0448,32766
18.0501,32767
18.0557,32765
18.0613,32765
18.067,32768
18.0723,32762
18.0779,32764
18.0835,32768
18.0892,32768
18.0948,32760
18.1001,32761
18.1058,32761
18.1113,32761
18.1169,32762
18.1223,32762
18.128,32762
18.1336,32766
18.139,32768
18.1446,32764
18.1502,32766
18.1559,32765
18.1612,32762
18.1668,32765
18.1725,32763
18.1781,32764
18.1835,32760
18.1891,32760
18.1947,32764
18.2001,32764
18.2058,32761
18.2114,32765
18.2168,32767
18.2224,32762
18.2281,32763
18.2335,32761
18.2391,32763
18.2445,32764
18.2502,32765
18.2559,32764
18.2612,32766
18.2669,32764
18.2726,32763
18.278,32764
18.2836,32767
18.289,32765
18.2947,32762
18.3001,32764
18.3058,32762
18.3114,32767
18.3168,32768
18.3225,32767
18.3281,32763
18.3335,32765
18.3392,32764
18.3446,32765
18.3503,32767
18.3557,32763
