Experiment: Apr29_NP_tst_expt vial 15, Fri Apr 29 15:50:36 2022
0.0017,107
0.0067,106
0.0124,103
0.018,101
0.0233,108
0.0289,105
0.0346,104
0.0402,106
0.0456,107
2.857,105
2.8626,103
2.8679,105
2.8737,104
2.879,106
2.8847,105
2.8903,104
2.8957,106
2.9013,101
2.9069,101
2.9126,102
2.9179,101
2.9236,107
2.9293,106
2.9346,102
2.9403,103
2.9459,109
2.9513,103
2.9569,104
2.9625,105
2.9679,103
2.9735,103
2.9792,106
2.9848,105
2.9901,106
2.9958,103
3.0014,101
3.0068,106
3.0125,106
3.0182,105
3.0235,105
3.0292,105
3.0348,105
3.0402,104
3.0458,107
3.0513,102
3.057,102
3.0626,102
3.0679,106
3.0736,103
3.0791,103
3.0847,102
3.0904,103
3.0957,106
3.1013,103
3.1069,107
3.1126,102
3.1179,104
3.1235,102
3.1291,105
3.1348,104
3.1404,105
3.1457,105
3.1514,105
3.157,104
3.1626,104
3.1679,104
3.1735,109
3.1792,107
3.1848,105
3.1902,105
3.1958,107
3.2014,104
3.2068,104
3.2124,104
3.218,102
3.2237,105
3.229,106
3.2346,109
3.2403,105
3.246,104
3.2513,106
3.2569,110
3.2626,105
3.2679,106
3.2735,108
3.2792,103
3.2848,104
3.2901,100
3.2958,101
3.3014,100
3.307,101
3.3124,104
3.318,102
3.3236,105
3.3292,100
3.3349,104
3.3402,103
3.3458,104
3.3515,108
3.3571,104
3.3624,104
3.3681,107
3.3737,100
3.3793,101
3.3846,107
3.3903,105
3.3959,106
3.4013,108
3.4069,103
3.4125,105
3.4182,106
3.4235,105
3.4291,106
3.4348,103
3.4404,104
3.4458,107
3.4514,106
3.457,102
3.4624,105
3.468,103
3.4736,106
3.4792,104
3.4846,109
3.4902,105
3.4958,104
3.5014,106
3.5068,106
3.5124,108
3.518,105
3.5237,108
3.529,105
3.5346,109
3.5402,105
3.5459,102
3.5515,107
3.5568,107
3.5624,105
3.5681,107
3.5737,106
3.579,102
3.5846,103
3.5902,105
3.5959,103
3.6015,106
3.6068,106
3.6125,102
3.618,105
3.6237,104
3.6293,104
3.6346,104
3.6403,104
3.6458,105
3.6515,104
3.6571,106
3.6624,102
3.668,104
3.6736,105
3.6793,104
3.6846,102
3.6903,107
3.6959,104
3.7012,109
3.7069,107
3.7125,107
3.7181,108
3.7234,101
3.7291,100
3.7347,100
3.7403,99
3.746,101
3.7513,105
3.7569,106
3.7625,100
3.7682,109
3.7735,106
3.7791,103
3.7848,105
3.7904,103
3.7957,104
3.8013,106
3.807,107
3.8126,104
3.8182,102
3.8235,102
3.8292,103
3.8348,106
3.8404,105
3.8458,106
3.8514,101
3.8571,106
3.8624,103
3.868,103
3.8737,104
3.879,102
3.8846,104
3.8903,107
3.8959,105
3.9015,105
3.9069,106
3.9125,106
3.9181,106
3.9237,105
3.9291,105
3.9347,104
3.9403,105
3.946,104
3.9513,105
3.957,104
3.9626,104
3.9679,105
3.9736,105
3.9792,105
3.9848,103
3.9902,107
3.9958,105
4.0014,103
4.0071,104
4.0124,105
4.018,106
4.0237,101
4.0293,104
4.0346,106
4.0403,108
4.0459,106
4.0512,106
4.0569,106
4.0625,107
4.0681,105
4.0735,107
4.0791,104
4.0847,107
4.0903,107
4.096,106
4.1013,107
4.107,107
4.1126,103
4.118,105
4.1236,103
4.1292,107
4.1349,106
4.1402,106
4.1458,106
4.1515,107
4.1571,105
4.1625,105
4.1681,106
4.1737,108
4.1791,104
4.1847,106
4.1904,106
4.1957,105
4.2014,105
4.207,105
4.2126,106
4.218,103
4.2236,106
4.2293,105
4.2346,103
4.2403,105
4.2459,108
4.2515,103
4.2569,103
4.2625,107
4.2679,105
4.2736,103
4.2792,104
4.2848,106
4.2902,104
4.2957,104
4.3014,106
4.307,105
4.3127,106
4.318,105
4.3236,104
4.3292,106
4.3348,106
4.3402,102
4.3458,105
4.3514,106
4.357,106
4.3626,104
4.368,105
4.3736,105
4.3792,106
4.3848,106
4.3902,108
4.3958,105
4.4014,104
4.407,108
4.4124,107
4.418,102
4.4236,106
4.4293,105
4.4346,103
4.4403,105
4.4459,103
4.4515,104
4.4569,104
4.4625,104
4.4681,105
4.4738,106
4.4791,105
4.4847,104
4.4904,106
4.4957,106
4.5014,107
4.507,106
4.5126,106
4.518,102
4.5236,102
4.5292,102
4.5349,106
4.5402,105
4.5458,106
4.5515,105
4.5568,105
4.5625,102
4.5681,100
4.5737,99
4.5791,103
4.5847,105
4.5903,104
4.596,107
4.6013,105
4.607,104
4.6126,107
4.618,106
4.6236,107
4.6292,103
4.6348,104
4.6402,105
4.6458,103
4.6515,106
4.6571,106
4.6624,104
4.6681,103
4.6737,103
4.6791,104
4.6847,103
4.6904,101
4.696,104
4.7013,102
4.7069,106
4.7126,105
4.7182,104
4.7236,104
4.7292,104
4.7349,106
4.7402,107
4.7458,106
4.7515,106
4.7571,103
4.7625,106
4.7681,107
4.7737,104
4.7791,103
4.7847,106
4.7903,106
4.7959,106
4.8013,106
4.8069,102
4.8126,104
4.8182,103
4.8235,105
4.8292,105
4.8348,104
4.8404,103
4.8458,103
4.8514,108
4.857,103
4.8624,105
4.868,106
4.8737,103
4.8793,105
4.8846,108
4.8903,104
4.8959,106
4.9015,108
4.9069,106
4.9125,104
4.9181,108
4.9238,108
4.9291,105
4.9347,102
4.9404,101
4.9457,104
4.9514,104
4.957,103
4.9626,103
4.968,104
4.9736,105
4.9792,102
4.9849,105
4.9902,103
4.9959,106
5.0015,105
5.0071,103
5.0125,104
5.0181,108
5.0237,106
5.0291,106
5.0347,103
5.0403,103
5.0459,105
5.0513,108
5.0569,108
5.0626,104
5.0682,106
5.0736,105
5.0792,105
5.0848,108
5.0904,106
5.0958,103
5.1014,106
5.107,106
5.1124,104
5.118,105
5.1236,105
5.1293,106
5.1346,105
5.1402,107
5.1459,105
5.1515,107
5.1568,108
5.1625,104
5.1681,106
5.1737,105
5.1793,106
5.1847,105
5.1903,106
5.1958,102
5.2014,102
5.207,102
5.2126,105
5.218,104
5.2236,100
5.2292,105
5.2348,101
5.2402,107
5.2458,104
5.2514,103
5.257,104
5.2626,105
5.268,106
5.2736,101
5.2792,106
5.2848,102
5.2902,103
5.2958,107
5.3014,106
5.307,104
5.3124,104
5.318,106
5.3236,101
5.3293,104
5.3348,105
5.3404,106
5.3458,105
5.3514,107
5.357,104
5.3624,106
5.368,106
5.3736,104
5.3793,104
5.3846,104
5.3902,108
5.3959,106
5.4015,105
5.4071,106
5.4124,105
5.418,107
5.4237,109
5.4293,106
5.4346,108
5.4403,105
5.4459,105
5.4515,106
5.4569,105
5.4625,106
5.4681,103
5.4738,105
5.4791,104
5.4847,103
5.4904,107
5.4957,101
5.5013,108
5.507,105
5.5126,110
5.518,107
5.5236,107
5.5292,104
5.5349,102
5.5402,103
5.5458,110
5.5514,105
5.5571,104
5.5624,106
5.568,107
5.5736,106
5.5792,105
5.5849,106
5.5902,105
5.5958,104
5.6014,106
5.607,107
5.6124,109
5.618,108
5.6236,105
5.6292,102
5.6349,107
5.6402,104
5.6458,109
5.6514,112
5.657,105
5.6624,110
5.668,106
5.6736,105
5.6792,106
5.6848,108
5.6902,105
5.6958,102
5.7014,106
5.707,107
5.7124,108
5.718,106
5.7236,109
5.7293,103
5.7346,105
5.7403,104
5.7459,103
5.7515,106
5.7568,106
5.7625,104
5.7681,106
5.7737,106
5.7793,100
5.7847,102
5.7903,106
5.796,107
5.8013,105
5.8069,107
5.8126,107
5.8179,102
5.8236,106
5.8292,101
5.8348,104
5.8402,99
5.8459,101
5.8515,96
5.8569,101
5.8625,102
5.8682,103
5.8738,100
5.8791,101
5.8848,107
5.8904,101
5.896,105
5.9013,108
5.907,105
5.9126,106
5.9182,104
5.9236,103
5.9292,103
5.9348,105
5.9404,106
5.9458,104
5.9514,106
5.957,105
5.9624,109
5.968,106
5.9736,106
5.9793,105
5.9849,104
5.9902,106
5.9959,107
6.0015,102
6.0068,101
6.0125,105
6.0181,107
6.0237,106
6.0291,103
6.0347,105
6.0404,108
6.046,106
6.0513,107
6.057,105
6.0626,105
6.068,106
6.0736,102
6.0792,107
6.0848,104
6.0902,107
6.0958,105
6.1015,106
6.1071,103
6.1124,105
6.1181,106
6.1237,102
6.129,106
6.1347,109
6.1403,107
6.1459,105
6.1513,107
6.1569,105
6.1625,104
6.1681,107
6.1738,104
6.1791,106
6.1848,110
6.1904,105
6.1957,106
6.2014,103
6.207,103
6.2126,107
6.218,109
6.2236,108
6.2292,103
6.2348,102
6.2402,105
6.2458,108
6.2514,108
6.2571,104
6.2624,106
6.268,106
6.2737,101
6.2793,105
6.2847,104
6.2903,105
6.2959,105
6.3015,105
6.3069,104
6.3125,107
6.3181,105
6.3238,102
6.3291,104
6.3347,105
6.3404,106
6.3457,106
6.3514,105
6.357,104
6.3626,102
6.368,104
6.3736,105
6.3792,106
6.3848,105
6.3902,103
6.3958,104
6.4014,104
6.4071,101
6.4124,102
6.4181,102
6.4237,106
6.4293,105
6.4347,105
6.4403,107
6.4459,108
6.4513,107
6.4569,102
6.4625,104
6.4681,107
6.4738,104
6.4791,104
6.4848,106
6.4904,108
6.496,104
6.5014,107
6.507,105
6.5126,106
6.5182,108
6.5236,103
6.5292,101
6.5348,100
6.5404,102
6.5458,107
6.5514,101
6.557,103
6.5627,101
6.568,101
6.5736,104
6.5793,103
6.5849,106
6.5902,103
6.5959,105
6.6015,106
6.6068,105
6.6124,105
6.6181,106
6.6237,108
6.6293,109
6.6347,109
6.6403,103
6.6459,108
6.6515,105
6.6569,106
6.6625,106
6.6681,107
6.6738,107
6.6791,107
6.6848,107
6.6902,106
6.6958,108
6.7015,104
6.7071,102
6.7124,103
6.718,106
6.7236,104
6.7293,104
6.7349,103
6.7402,104
6.7458,106
6.7514,104
6.7569,103
6.7625,104
6.7681,104
6.7736,104
6.7792,102
6.7847,100
6.7903,107
6.796,107
6.8013,104
6.8069,104
6.8125,107
6.8181,107
6.8237,105
6.8291,102
6.8347,106
6.8403,107
6.8459,106
6.8513,106
6.857,103
6.8626,106
6.868,103
6.8736,100
6.8792,105
6.8848,106
6.8904,105
6.8958,105
6.9014,103
6.9071,107
6.9124,106
6.9181,103
6.9237,106
6.9293,103
6.9347,102
6.9403,104
6.9459,101
6.9515,106
6.9569,105
6.9625,104
6.9682,104
6.9738,104
6.9791,107
6.9848,105
6.9904,107
6.9957,105
7.0014,105
7.007,106
7.0126,103
7.018,102
7.0236,103
7.0292,107
7.0349,105
7.0402,103
7.0458,105
7.0515,104
7.0571,107
7.0624,106
7.0681,105
7.0737,105
7.0793,105
7.0846,106
7.0903,103
7.0959,105
7.1015,107
7.1069,107
7.1125,104
7.1181,107
7.1237,107
7.1291,103
7.1347,106
7.1403,105
7.146,106
7.1513,106
7.157,106
7.1626,104
7.1682,104
7.1735,105
7.1792,106
7.1848,105
7.1904,103
7.1958,103
7.2014,105
7.207,107
7.2127,103
7.218,101
7.2237,106
7.2293,105
7.2349,100
7.2402,104
7.2459,102
7.2515,106
7.2569,102
7.2625,106
7.2681,104
7.2737,104
7.2791,105
7.2847,102
7.2903,105
7.296,106
7.3013,104
7.3069,105
7.3126,107
7.3182,102
7.3238,105
7.3292,107
7.3348,107
7.3404,103
7.3458,103
7.3514,108
7.357,105
7.3627,104
7.368,104
7.3736,102
7.3793,104
7.3846,101
7.3903,104
7.3959,103
7.4015,104
7.4071,104
7.4125,108
7.4181,110
7.4238,109
7.4291,105
7.4347,108
7.4404,105
7.446,103
7.4513,105
7.457,106
7.4626,105
7.4682,103
7.4736,106
7.4792,106
7.4848,108
7.4905,105
7.4958,105
7.5014,102
7.507,106
7.5127,109
7.518,108
7.5236,106
7.5293,107
7.5346,104
7.5403,107
7.5459,110
7.5515,105
7.5571,103
7.5625,106
7.5681,107
7.5737,101
7.5791,106
7.5847,105
7.5903,103
7.596,104
7.6013,105
7.607,105
7.6126,105
7.618,105
7.6236,104
7.6292,103
7.6349,103
7.6402,106
7.6459,106
7.6515,106
7.6571,108
7.6625,108
7.6681,108
7.6737,106
7.6791,108
7.6847,106
7.6904,107
7.696,107
7.7013,107
7.707,103
7.7126,106
7.7182,105
7.7236,103
7.7292,104
7.7348,101
7.7405,105
7.7458,105
7.7514,108
7.757,105
7.7627,103
7.768,106
7.7737,108
7.7793,107
7.7846,104
7.7903,104
7.7959,102
7.8015,105
7.8069,105
7.8125,105
7.8181,101
7.8237,103
7.8294,106
7.8347,104
7.8403,105
7.846,103
7.8516,100
7.857,107
7.8626,104
7.8682,104
7.8736,104
7.8792,101
7.8848,103
7.8902,102
7.8958,103
7.9014,104
7.9071,107
7.9127,104
7.918,103
7.9236,106
7.9292,106
7.9348,106
7.9402,107
7.9458,103
7.9514,107
7.9571,108
7.9624,104
7.9681,109
7.9736,105
7.9792,106
7.9849,104
7.9902,106
7.9959,102
8.0014,106
8.007,101
8.0124,101
8.018,104
8.0237,105
8.0292,107
8.0349,107
8.0402,106
8.0459,104
8.0515,104
8.0569,106
8.0625,104
8.0681,102
8.0737,104
8.0794,105
8.0847,103
8.0903,106
8.096,108
8.1013,102
8.1069,105
8.1126,105
8.1182,104
8.1235,106
8.1291,106
8.1347,105
8.1403,105
8.146,106
8.1516,106
8.1569,104
8.1625,103
8.1681,105
8.1738,102
8.1791,104
8.1847,105
8.1903,104
8.196,102
8.2013,104
8.2069,107
8.2125,103
8.2181,101
8.2238,102
8.2291,108
8.2347,104
8.2403,104
8.246,107
8.2513,108
8.2569,103
8.2626,109
8.2681,104
8.2738,106
8.2791,106
8.2847,104
8.2904,103
8.2959,104
8.3013,102
8.3069,108
8.3125,103
8.3182,104
8.3235,104
8.3291,107
8.3348,104
8.3404,105
8.3458,105
8.3514,107
8.357,103
8.3626,103
8.368,103
8.3736,104
8.3792,103
8.3849,104
8.3902,103
8.3958,108
8.4015,101
8.4071,106
8.4124,106
8.4181,107
8.4237,107
8.4293,105
8.4347,104
8.4403,103
8.4459,103
8.4516,105
8.4569,105
8.4625,105
8.4682,105
8.4738,108
8.4791,104
8.4848,105
8.4904,105
8.4958,107
8.5014,107
8.507,105
8.5126,104
8.5182,102
8.5236,105
8.5292,107
8.5348,105
8.5402,105
8.5458,104
8.5514,107
8.5571,106
8.5624,104
8.568,105
8.5736,109
8.5793,105
8.5846,106
8.5902,104
8.5959,105
8.6015,107
8.6071,109
8.6125,107
8.6181,103
8.6237,106
8.6293,108
8.6347,106
8.6403,104
8.6459,108
8.6515,106
8.6569,106
8.6625,104
8.6682,105
8.6738,105
8.6791,105
8.6847,105
8.6904,103
8.696,102
8.7013,106
8.707,104
8.7126,105
8.718,104
8.7236,106
8.7292,102
8.7348,106
8.7402,103
8.7458,106
8.7514,105
8.7571,103
8.7627,105
8.768,99
8.7737,102
8.7793,99
8.7849,104
8.7903,106
8.7959,102
8.8015,104
8.8069,104
8.8125,103
8.8181,105
8.8238,102
8.8291,103
8.8347,103
8.8403,104
8.846,104
8.8513,102
8.857,103
8.8624,104
8.8681,107
8.8736,105
8.8792,103
8.8848,104
8.8905,102
8.8958,103
8.9014,103
8.9071,106
8.9124,107
8.918,105
8.9237,106
8.9293,106
8.9346,106
8.9403,104
8.9459,107
8.9515,101
8.9569,105
8.9625,103
8.9681,105
8.9738,106
8.9791,107
8.9848,103
8.9904,106
8.9957,106
9.0014,102
9.007,105
9.0126,110
9.0182,106
9.0236,105
9.0292,104
9.0349,103
9.0402,105
9.0458,104
9.0514,104
9.0571,104
9.0627,105
9.0681,106
9.0738,106
9.0791,103
9.0848,106
9.0904,103
9.096,104
9.1013,108
9.1069,103
9.1126,107
9.1182,106
9.1235,103
9.1292,102
9.1348,104
9.1404,107
9.1458,101
9.1514,106
9.1571,104
9.1624,105
9.1681,104
9.1737,104
9.1793,104
9.1847,104
9.1903,104
9.1959,104
9.2015,106
9.2071,103
9.2125,101
9.2181,100
9.2237,102
9.2293,102
9.2346,103
9.2403,100
9.2459,107
9.2515,103
9.2569,103
9.2625,107
9.2681,103
9.2737,105
9.2793,104
9.2847,101
9.2903,103
9.2959,102
9.3015,97
9.3069,102
9.3125,106
9.3181,104
9.3237,105
9.3293,105
9.3347,106
9.3403,105
9.3459,105
9.3515,106
9.3569,101
9.3625,105
9.3681,103
9.3737,103
9.3791,103
9.3847,103
9.3903,106
9.396,107
9.4013,102
9.4069,106
9.4125,103
9.4182,106
9.4238,106
9.4292,100
9.4348,106
9.4404,102
9.446,103
9.4514,106
9.457,106
9.4626,106
9.4682,104
9.4736,101
9.4792,103
9.4848,103
9.4905,103
9.4958,103
9.5015,102
9.5071,104
9.5125,105
9.5181,106
9.5237,103
9.5291,104
9.5348,101
9.5404,103
9.546,105
9.5514,102
9.557,101
9.5626,105
9.5682,106
9.5736,105
9.5792,106
9.5848,101
9.5905,104
9.5958,107
9.6014,104
9.607,104
9.6126,105
9.618,105
9.6236,105
9.6292,106
9.6348,107
9.6404,104
9.6458,103
9.6514,106
9.657,109
9.6626,103
9.668,103
9.6736,105
9.6792,106
9.6848,100
9.6904,105
9.696,103
9.7014,104
9.707,103
9.7126,103
9.7182,104
9.7236,103
9.7292,105
9.7348,104
9.7404,101
9.7458,105
9.7514,104
9.757,102
9.7626,101
9.7682,104
9.7736,104
9.7792,105
9.7849,104
9.7902,100
9.7959,104
9.8015,105
9.8071,106
9.8125,101
9.8181,104
9.8237,104
9.8293,104
9.8347,101
9.8403,105
9.8459,105
9.8516,104
9.8569,107
9.8626,103
9.8682,99
9.8736,104
9.8792,107
9.8848,106
9.8904,101
9.8958,97
9.9014,105
9.907,101
9.9127,99
9.918,104
9.9236,101
9.9292,104
9.9349,105
9.9402,101
9.9458,103
9.9515,106
9.9571,106
9.9624,102
9.968,107
9.9737,101
9.9793,105
9.9849,105
9.9902,105
9.9959,105
10.0015,101
10.0071,103
10.0125,104
10.0181,103
10.0237,103
10.0291,105
10.0347,104
10.0403,104
10.0459,103
10.0516,104
10.0569,106
10.0625,104
10.0682,103
10.0738,106
10.0791,104
10.0848,100
10.0904,103
10.096,101
10.1013,103
10.107,105
10.1126,104
10.1182,104
10.1235,108
10.1292,104
10.1348,104
10.1404,107
10.1458,101
10.1514,108
10.157,103
10.1627,100
10.168,104
10.1736,100
10.1793,103
10.1849,105
10.1902,106
10.1959,105
10.2015,104
10.2071,104
10.2124,104
10.2181,102
10.2237,104
10.2293,103
10.2346,107
10.2403,104
10.2459,102
10.2515,102
10.2569,103
10.2625,106
10.2681,103
10.2737,103
10.2793,104
10.2847,104
10.2903,105
10.2957,101
10.3014,100
10.307,104
10.3126,105
10.3182,106
10.3236,103
10.3292,107
10.3348,105
10.3404,103
10.3458,107
10.3514,106
10.357,106
10.3626,102
10.368,102
10.3736,103
10.3792,100
10.3848,102
10.3905,103
10.3958,104
10.4014,106
10.407,104
10.4124,103
10.418,102
10.4236,104
10.4293,105
10.4348,103
10.4402,108
10.4458,103
10.4514,106
10.4571,103
10.4624,102
10.468,101
10.4736,102
10.4793,106
10.4847,102
10.4903,104
10.4959,104
10.5016,106
10.5069,105
10.5126,103
10.5182,105
10.5235,105
10.5292,102
10.5348,102
10.5404,103
10.5458,105
10.5514,104
10.557,104
10.5627,103
10.568,106
10.5736,102
10.5793,104
10.5849,105
10.5902,102
10.5959,102
10.6015,106
10.6069,105
10.6125,104
10.6181,103
10.6237,105
10.6294,101
10.6347,103
10.6403,101
10.646,105
10.6514,108
10.657,104
10.6626,104
10.668,103
10.6736,104
10.6792,103
10.6849,103
10.6902,102
10.6959,103
10.7015,106
10.7071,104
10.7125,103
10.7181,107
10.7238,105
10.7291,103
10.7347,105
10.7404,105
10.746,104
10.7513,102
10.757,105
10.7626,102
10.7682,102
10.7738,103
10.7792,102
10.7848,104
10.7904,106
10.7958,101
10.8014,103
10.8071,103
10.8124,102
10.818,106
10.8237,105
10.8293,105
10.8347,104
10.8403,102
10.8459,103
10.8515,102
10.8569,105
10.8626,103
10.8682,102
10.8735,100
10.8792,102
10.8848,101
10.8904,99
10.8958,98
10.9014,100
10.907,101
10.9126,100
10.9183,104
10.9236,100
10.9292,103
10.9348,103
10.9405,102
10.9458,103
10.9514,102
10.9571,104
10.9624,106
10.9681,106
10.9737,103
10.9793,103
10.9846,104
10.9903,103
10.9959,105
11.0015,101
11.0069,101
11.0125,104
11.0181,99
11.0238,103
11.0291,108
11.0348,101
11.0404,104
11.046,105
11.0513,101
11.057,107
11.0626,105
11.0682,106
11.0736,104
11.0792,104
11.0848,104
11.0902,106
11.0958,103
11.1015,103
11.1071,106
11.1124,104
11.118,106
11.1237,101
11.1293,103
11.1349,103
11.1403,102
11.1458,100
11.1515,103
11.1571,103
11.1624,104
11.168,101
11.1736,104
11.1793,105
11.1849,104
11.1902,106
11.1959,103
11.2014,102
11.2071,99
11.2124,103
11.2181,101
11.2237,105
11.2293,105
11.2349,104
11.2402,104
11.2459,107
11.2515,107
11.2571,104
11.2627,106
11.268,103
11.2737,105
11.2793,103
11.2847,102
11.2903,105
11.2959,103
11.3015,100
11.3069,106
11.3125,104
11.3181,106
11.3238,101
11.3291,103
11.3347,103
11.3403,105
11.346,102
11.3516,103
11.3569,105
11.3625,102
11.3682,100
11.3738,101
11.3791,107
11.3848,105
11.3904,107
11.396,104
11.4013,104
11.4069,103
11.4126,105
11.4182,106
11.4238,102
11.4291,101
11.4347,102
11.4404,104
11.446,100
11.4513,105
11.4569,103
11.4626,104
11.4682,102
11.4735,102
11.4792,106
11.4847,104
11.4904,105
11.496,107
11.5014,104
11.507,106
11.5125,107
11.5182,105
11.5238,105
11.5291,100
11.5348,102
11.5404,105
11.546,105
11.5513,107
11.5569,102
11.5626,105
11.5682,102
11.5735,103
11.5792,106
11.5848,104
11.5904,104
11.5958,104
11.6014,105
11.607,106
11.6127,105
11.618,103
11.6236,106
11.6293,108
11.6349,107
11.6403,105
11.6459,102
11.6515,104
11.6569,107
11.6625,106
11.6681,103
11.6737,105
11.6794,106
11.6847,108
11.6903,108
11.6959,105
11.7016,106
11.7069,105
11.7125,105
11.7181,107
11.7238,106
11.7291,103
11.7348,103
11.7404,106
11.746,101
11.7514,105
11.757,105
11.7626,105
11.7682,103
11.7736,105
11.7792,103
11.7849,102
11.7903,105
11.7959,104
11.8015,106
11.8071,107
11.8124,104
11.8181,106
11.8237,102
11.8293,105
11.8347,103
11.8403,105
11.846,107
11.8516,103
11.8569,107
11.8626,105
11.8682,104
11.8738,105
11.8791,104
11.8848,106
11.8904,107
11.8958,106
11.9014,106
11.907,104
11.9126,103
11.918,103
11.9236,103
11.9293,105
11.9349,102
11.9402,104
11.9459,103
11.9515,100
11.9571,102
11.9625,100
11.9681,105
11.9737,107
11.9793,102
11.9847,103
11.9903,105
11.996,107
12.0013,104
12.0069,102
12.0126,105
12.0182,103
12.0238,102
12.0292,104
12.0348,104
12.0404,103
12.0458,103
12.0514,103
12.057,104
12.0627,103
12.068,104
12.0736,99
12.0793,103
12.0849,105
12.0903,101
12.0959,104
12.1016,105
12.1069,104
12.1125,105
12.1182,103
12.1238,104
12.1291,105
12.1347,109
12.1404,104
12.146,102
12.1514,104
12.157,107
12.1626,107
12.1683,104
12.1736,103
12.1792,103
12.1848,104
12.1905,101
12.1958,104
12.2014,100
12.207,100
12.2127,103
12.218,103
12.2237,101
12.2293,106
12.2347,104
12.2403,105
12.246,107
12.2516,104
12.2569,106
12.2626,100
12.2682,104
12.2736,107
12.2792,107
12.2848,103
12.2904,102
12.2958,105
12.3014,102
12.3071,107
12.3127,103
12.318,102
12.3237,105
12.3293,103
12.3349,102
12.3403,104
12.3459,106
12.3515,106
12.3569,102
12.3625,105
12.3681,109
12.3737,104
12.3791,109
12.3847,106
12.3903,107
12.396,104
12.4013,107
12.407,106
12.4126,106
12.4182,103
12.4236,103
12.4292,103
12.4348,104
12.4405,104
12.4458,103
12.4514,102
12.4571,105
12.4627,103
12.468,103
12.4737,102
12.4793,106
12.4847,101
12.4903,102
12.4959,105
12.5016,104
12.5069,104
12.5125,100
12.5181,103
12.5238,103
12.5291,102
12.5348,101
12.5404,100
12.546,101
12.5514,102
12.5569,103
12.5625,103
12.5681,104
12.5738,105
12.5791,102
12.5847,102
12.5903,102
12.5959,103
12.6016,102
12.6069,104
12.6125,101
12.618,98
12.6236,100
12.6293,104
12.6349,105
12.6402,105
12.6458,99
12.6515,104
12.6571,102
12.6627,107
12.668,106
12.6736,101
12.6793,105
12.6849,105
12.6902,104
12.6958,103
12.7014,101
12.7071,104
12.7124,105
12.718,105
12.7237,103
12.7293,102
12.7349,100
12.7403,104
12.7459,103
12.7515,104
12.7571,101
12.7625,101
12.7681,102
12.7737,106
12.7793,107
12.7847,107
12.7903,102
12.796,105
12.8016,106
12.8069,102
12.8125,102
12.8182,102
12.8238,104
12.8291,103
12.8348,104
12.8404,105
12.846,106
12.8514,106
12.8571,104
12.8627,106
12.868,105
12.8736,103
12.8793,106
12.8849,105
12.8902,107
12.8959,106
12.9015,104
12.9071,105
12.9125,107
12.9181,106
12.9237,109
12.9293,108
12.9347,106
12.9403,104
12.9459,104
12.9516,107
12.9569,106
12.9625,105
12.9682,105
12.9738,102
12.9791,103
12.9847,102
12.9904,106
12.996,107
13.0016,105
13.007,104
13.0126,108
13.0182,104
13.0236,104
13.0292,106
13.0348,106
13.0404,105
13.0458,103
13.0514,105
13.0571,106
13.0627,108
13.068,104
13.0737,104
13.0793,102
13.0849,101
13.0903,105
13.0959,104
13.1016,107
13.1069,103
13.1126,102
13.1182,101
13.1236,94
13.1292,105
13.1348,107
13.1404,100
13.1458,104
13.1515,102
13.1571,103
13.1624,104
13.1681,104
13.1737,106
13.1793,104
13.1847,104
13.1903,106
13.1959,106
13.2015,102
13.2069,106
13.2125,104
13.2181,103
13.2238,101
13.2294,106
13.2347,105
13.2403,103
13.246,101
13.2516,104
13.257,105
13.2626,102
13.2682,101
13.2736,103
13.2792,104
13.2848,107
13.2905,105
13.2958,106
13.3014,101
13.3071,100
13.3127,99
13.3181,101
13.3237,103
13.3293,100
13.3347,103
13.3403,106
13.3459,104
13.3516,105
13.3569,104
13.3625,104
13.3682,102
13.3738,103
13.3792,104
13.3848,100
13.3904,104
13.396,104
13.4014,106
13.407,108
13.4126,103
13.418,101
13.4236,100
13.4293,104
13.4349,104
13.4402,104
13.4458,103
13.4515,106
13.4571,103
13.4625,102
13.4681,104
13.4737,105
13.4791,102
13.4848,105
13.4904,108
13.496,105
13.5013,104
13.5069,105
13.5126,103
13.5182,103
13.5236,104
13.5292,104
13.5348,105
13.5404,105
13.5458,108
13.5514,105
13.557,100
13.5627,106
13.568,106
13.5736,105
13.5793,104
13.5849,104
13.5905,105
13.5959,104
13.6015,101
13.6072,105
13.6125,103
13.6181,104
13.6238,107
13.6291,105
13.6348,105
13.6404,106
13.646,108
13.6514,103
13.657,102
13.6626,105
13.668,103
13.6736,105
13.6792,104
13.6849,107
13.6902,108
13.6959,106
13.7015,103
13.7071,104
13.7125,105
13.7181,105
13.7237,105
13.7294,105
13.7347,103
13.7403,102
13.746,106
13.7513,105
13.757,109
13.7626,105
13.7682,103
13.7735,104
13.7791,105
13.7848,105
13.7904,101
13.796,101
13.8014,104
13.807,106
13.8126,107
13.8182,104
13.8236,105
13.8292,106
13.8348,104
13.8404,105
13.8457,104
13.8514,105
13.857,103
13.8626,104
13.8682,103
13.8736,103
13.8792,101
13.8849,105
13.8904,102
13.8959,104
13.9016,102
13.9069,106
13.9126,104
13.9182,105
13.9236,105
13.9292,105
13.9348,102
13.9404,104
13.9458,102
13.9514,104
13.9571,107
13.9627,102
13.968,105
13.9737,108
13.9793,103
13.9849,104
13.9903,104
13.9959,108
14.0016,103
14.0069,104
14.0126,105
14.0182,104
14.0238,103
14.0291,104
14.0348,104
14.0404,106
14.046,106
14.0513,102
14.057,106
14.0626,102
14.0682,105
14.0736,104
14.0791,105
14.0848,107
14.0904,108
14.096,109
14.1014,109
14.107,109
14.1126,107
14.1182,106
14.1236,102
14.1292,105
14.1348,105
14.1404,106
14.146,107
14.1514,107
14.157,104
14.1626,106
14.1682,107
14.1735,109
14.1792,107
14.1848,106
14.1904,109
14.196,108
14.2014,106
14.207,105
14.2126,105
14.218,108
14.2236,106
14.2293,107
14.2349,106
14.2402,109
14.2459,110
14.2515,104
14.2571,110
14.2625,105
14.2681,108
14.2738,108
14.2791,109
14.2847,107
14.2904,104
14.296,109
14.3016,108
14.3069,108
14.3126,108
14.3182,107
14.3238,107
14.3292,107
14.3348,107
14.3404,106
14.3458,106
14.3514,103
14.3571,108
14.3624,107
14.368,105
14.3737,107
14.3793,106
14.3849,109
14.3903,108
14.396,106
14.4016,108
14.4069,107
14.4126,109
14.4182,109
14.4238,106
14.4292,106
14.4348,107
14.4404,109
14.4458,107
14.4514,106
14.457,105
14.4627,107
14.4683,109
14.4736,106
14.4793,104
14.4849,111
14.4903,106
14.4959,105
14.5015,107
14.5071,102
14.5125,106
14.5181,106
14.5237,107
14.5291,104
14.5347,109
14.5403,109
14.546,106
14.5516,104
14.557,106
14.5626,106
14.5682,109
14.5738,106
14.5792,109
14.5848,105
14.5905,105
14.5958,106
14.6014,104
14.6071,105
14.6124,109
14.618,105
14.6237,110
14.6293,110
14.6349,105
14.6403,109
14.6459,106
14.6515,106
14.6572,104
14.6625,103
14.6681,104
14.6737,100
14.6794,103
14.6847,102
14.6903,101
14.696,103
14.7013,103
14.707,105
14.7126,105
14.7182,104
14.7236,105
14.7292,106
14.7348,107
14.7405,103
14.7458,107
14.7514,109
14.757,111
14.7627,107
14.7681,105
14.7737,107
14.7793,105
14.7847,108
14.7903,104
14.7959,107
14.8015,108
14.8069,105
14.8125,107
14.8181,108
14.8238,106
14.8291,107
14.8347,107
14.8404,106
14.846,108
14.8516,109
14.857,106
14.8626,110
14.868,108
14.8736,107
14.8793,109
14.8849,106
14.8902,107
14.8959,106
14.9015,105
14.9071,104
14.9124,106
14.9181,105
14.9237,108
14.9293,106
14.9349,105
14.9403,108
14.9459,111
14.9515,106
14.9571,107
14.9625,107
14.9681,108
14.9737,108
14.9793,107
14.9847,108
14.9903,106
14.9959,108
15.0015,109
15.0072,107
15.0125,109
15.0181,109
15.0237,109
15.0293,106
15.0347,108
15.0404,104
15.046,107
15.0514,110
15.057,107
15.0626,106
15.0682,107
15.0736,106
15.0792,105
15.0849,107
15.0905,109
15.0958,107
15.1015,105
15.1071,104
15.1125,107
15.1181,105
15.1237,104
15.1293,103
15.1349,103
15.1403,102
15.1459,105
15.1515,111
15.1569,109
15.1625,109
15.1682,109
15.1738,109
15.1791,106
15.1848,108
15.1904,108
15.1958,106
15.2014,107
15.2071,108
15.2127,109
15.218,104
15.2236,105
15.2293,107
15.2349,107
15.2403,108
15.2459,106
15.2515,108
15.2572,107
15.2625,106
15.2681,108
15.2737,107
15.2794,110
15.2847,105
15.2904,108
15.296,109
15.3013,107
15.3069,107
15.3126,105
15.3182,106
15.3235,108
15.3292,107
15.3348,110
15.3404,103
15.3461,106
15.3514,106
15.357,109
15.3627,108
15.3683,107
15.3736,103
15.3793,104
15.3849,107
15.3903,106
15.3959,107
15.4015,104
15.4071,104
15.4125,106
15.4181,106
15.4238,106
15.4294,103
15.4347,104
15.4404,104
15.446,104
15.4514,107
15.457,105
15.4626,105
15.4683,105
15.4736,105
15.4792,107
15.4849,105
15.4902,106
15.4958,107
15.5015,105
15.5071,109
15.5127,109
15.518,104
15.5236,104
15.5293,102
15.5349,107
15.5402,108
15.5458,107
15.5515,110
15.5571,109
15.5624,105
15.5681,110
15.5736,109
15.5793,107
15.5849,107
15.5902,109
15.5959,107
15.6014,108
15.6071,107
15.6125,106
15.6181,107
15.6237,108
15.6292,106
15.6349,106
15.6402,110
15.6458,106
15.6515,108
15.6571,104
15.6627,107
15.668,101
15.6736,105
15.6793,105
15.6849,106
15.6905,106
15.6959,106
15.7015,105
15.7071,108
15.7127,107
15.7181,106
15.7237,113
15.7293,112
15.7349,107
15.7403,107
15.7459,110
15.7515,105
15.7569,106
15.7625,109
15.7682,108
15.7738,108
15.7791,107
15.7848,112
15.7904,107
15.7961,106
15.8014,108
15.807,107
15.8126,109
15.818,110
15.8236,108
15.8292,109
15.8349,101
15.8402,105
15.8459,108
15.8515,104
15.8571,105
15.8625,108
15.8682,107
15.8738,110
15.8791,108
15.8847,107
15.8903,107
15.896,104
15.9016,106
15.9069,104
15.9126,107
15.9182,108
15.9235,106
15.9292,107
15.9348,107
15.9404,107
15.9458,107
15.9514,109
15.9571,108
15.9627,109
15.968,106
15.9737,106
15.9793,109
15.9847,107
15.9903,106
15.9959,106
16.0016,104
16.0069,105
16.0125,104
16.0182,107
16.0238,104
16.0291,103
16.0348,108
16.0404,109
16.046,108
16.0514,109
16.057,106
16.0626,106
16.068,105
16.0736,109
16.0792,109
16.0848,105
16.0904,109
16.0958,108
16.1014,109
16.107,108
16.1126,109
16.1182,103
16.1236,109
16.1292,107
16.1348,106
16.1404,108
16.1461,108
16.1514,104
16.157,102
16.1626,106
16.1683,104
16.1736,110
16.1792,110
16.1848,108
16.1904,107
16.196,106
16.2014,107
16.207,107
16.2126,107
16.2182,108
16.2236,108
16.2292,106
16.2348,102
16.2404,105
16.2458,105
16.2514,106
16.257,104
16.2627,104
16.2682,104
16.2736,105
16.2792,103
16.2849,106
16.2905,106
16.2959,107
16.3015,106
16.3071,105
16.3127,107
16.3181,109
16.3237,104
16.3293,105
16.3347,107
16.3403,109
16.3459,107
16.3516,109
16.3569,107
16.3625,108
16.3682,108
16.3738,109
16.3791,107
16.3848,108
16.3904,108
16.396,107
16.4014,107
16.407,107
16.4126,106
16.4182,106
16.4236,107
16.4292,111
16.4349,107
16.4405,110
16.4458,110
16.4515,106
16.4571,107
16.4624,107
16.4681,106
16.4737,105
16.4793,106
16.4847,111
16.4903,105
16.4959,107
16.5016,106
16.5072,104
16.5125,99
16.5182,103
16.5238,105
16.5291,109
16.5347,109
16.5404,104
16.546,104
16.5513,106
16.557,107
16.5626,106
16.5682,108
16.5736,108
16.5792,106
16.5849,106
16.5905,108
16.5958,106
16.6015,102
16.6071,104
16.6127,106
16.6181,103
16.6237,109
16.6293,108
16.6347,105
16.6404,105
16.646,107
16.6516,107
16.657,111
16.6626,110
16.6682,106
16.6736,108
16.6792,108
16.6849,106
16.6902,109
16.6959,108
16.7015,106
16.7071,107
16.7128,107
16.7181,108
16.7237,107
16.7294,109
16.7347,104
16.7403,107
16.7459,105
16.7516,105
16.7569,104
16.7626,105
16.7682,105
16.7735,104
16.7792,109
16.7848,107
16.7905,109
16.7958,105
16.8015,108
16.8071,107
16.8127,106
16.818,109
16.8237,109
16.8293,104
16.8347,107
16.8403,105
16.8459,107
16.8516,104
16.857,106
16.8626,106
16.8682,107
16.8736,107
16.8792,108
16.8848,107
16.8905,108
16.8958,108
16.9015,107
16.9071,108
16.9125,106
16.9181,108
16.9237,108
16.9294,105
16.9347,104
16.9404,107
16.946,113
16.9514,99
16.957,108
16.9626,107
16.9683,105
16.9736,106
16.9792,106
16.9849,105
16.9902,107
16.9958,108
17.0015,108
17.0071,106
17.0124,106
17.0181,110
17.0237,104
17.0293,107
17.035,109
17.0403,107
17.0459,105
17.0515,106
17.0572,108
17.0625,108
17.0681,111
17.0737,106
17.0794,109
17.0847,108
17.0904,106
17.0959,107
17.1015,109
17.1072,108
17.1125,107
17.1182,106
17.1237,109
17.1294,106
17.1347,108
17.1404,108
17.146,107
17.1514,107
17.157,109
17.1626,109
17.1683,108
17.1736,106
17.1792,105
17.1849,106
17.1905,105
17.1959,107
17.2015,106
17.2069,108
17.2125,104
17.2181,109
17.2238,106
17.2291,108
17.2347,109
17.2403,106
17.246,106
17.2516,112
17.2569,109
17.2625,107
17.2681,105
17.2738,106
17.2791,106
17.2847,105
17.2903,108
17.2959,108
17.3016,109
17.3069,106
17.3126,106
17.3181,105
17.3238,109
17.3294,106
17.3347,107
17.3404,108
17.346,108
17.3516,108
17.3569,107
17.3625,109
17.3682,109
17.3738,107
17.3794,107
17.3848,107
17.3904,106
17.396,105
17.4014,108
17.407,107
17.4126,106
17.4182,108
17.4236,106
17.4292,106
17.4348,105
17.4404,104
17.4458,105
17.4514,107
17.457,109
17.4627,107
17.468,105
17.4736,107
17.4793,101
17.4849,107
17.4905,109
17.4959,103
17.5015,109
17.5071,109
17.5125,107
17.5181,107
17.5237,107
17.5294,104
17.5347,104
17.5403,108
17.546,108
17.5513,109
17.5569,106
17.5626,105
17.5682,107
17.5736,108
17.5792,108
17.5848,108
17.5905,108
17.5958,109
17.6015,107
17.6071,104
17.6124,108
17.6181,107
17.6237,105
17.6293,109
17.6347,109
17.6403,107
17.6459,108
17.6516,109
17.6569,106
17.6625,105
17.6682,104
17.6738,106
17.6792,107
17.6848,104
17.6904,108
17.6958,107
17.7014,104
17.707,105
17.7126,104
17.7183,105
17.7236,103
17.7292,102
17.7349,106
17.7405,103
17.7458,104
17.7514,104
17.7571,103
17.7627,104
17.768,106
17.7737,108
17.7793,102
17.7849,102
17.7903,104
17.7959,102
17.8015,105
17.8069,104
17.8125,103
17.8181,105
17.8238,103
17.8291,103
17.8348,102
17.8404,104
17.846,106
17.8514,103
17.8571,105
17.8627,105
17.8681,103
17.8737,105
17.8793,104
17.885,98
17.8903,101
17.8959,102
17.9016,104
17.9069,102
17.9126,100
17.9183,102
17.9236,106
17.9293,106
17.9349,104
17.9405,104
17.9459,104
17.9515,109
17.9571,104
17.9627,105
17.9681,103
17.9737,102
17.9793,104
17.9847,103
17.9903,100
17.996,99
18.0016,102
18.007,105
18.0126,103
18.0182,103
18.0238,103
18.0294,103
18.0348,104
18.0404,106
18.046,103
18.0514,102
18.057,106
18.0627,105
18.0683,104
18.0736,103
18.0793,103
18.0849,105
18.0905,104
18.0959,107
18.1015,103
18.1072,106
18.1125,105
18.1182,103
18.1238,105
18.1292,107
18.1348,102
18.1403,102
18.1459,106
18.1514,106
18.157,105
18.1625,108
18.1681,104
18.1738,105
18.1794,104
18.185,103
18.1903,102
18.1959,104
18.2014,99
18.207,100
18.2125,102
18.2181,103
18.2236,102
18.2292,105
18.2347,103
18.2403,103
18.2459,100
18.2514,105
18.2571,100
18.2625,106
18.2681,102
18.2737,106
18.2792,104
18.2848,104
18.2903,105
18.2959,105
18.3014,109
18.307,105
18.3126,103
18.3181,105
18.3237,105
18.3292,105
18.3348,101
18.3404,106
18.3459,105
18.3515,102
18.357,105
18.3626,104
18.3681,101
18.3737,103
18.3793,103
18.3848,102
18.3904,98
18.3959,103
18.4015,106
18.4071,99
18.4126,103
18.4182,103
18.4237,104
18.4293,105
18.4349,105
18.4404,105
18.446,103
18.4515,104
18.4571,103
18.4627,104
18.4682,102
18.4738,105
18.4793,101
18.4849,105
18.4904,103
18.496,100
18.5016,104
18.5071,103
18.5127,102
18.5182,103
18.5238,106
18.5294,104
18.5349,103
18.5405,103
18.546,105
18.5516,104
18.5572,106
18.5627,104
18.5683,107
18.5738,107
18.5794,101
18.5849,104
18.5905,108
18.5961,104
18.6016,105
18.6072,105
18.6127,104
18.6183,109
18.6239,108
18.6294,105
18.635,105
18.6405,109
18.6461,108
18.6516,101
18.6572,104
18.6628,107
18.6681,103
18.6738,106
18.6794,104
18.685,105
18.6903,104
18.696,102
18.7016,104
18.7072,104
18.7128,105
18.7181,105
18.7238,106
18.7294,108
18.735,106
18.7404,100
18.746,105
18.7516,102
18.7573,102
18.7626,104
18.7683,103
18.7739,104
18.7795,101
18.7848,99
18.7905,100
18.7961,101
18.8017,104
18.8071,106
18.8127,101
18.8183,106
18.824,107
18.8293,105
18.8349,103
18.8405,106
18.8462,105
18.8515,104
18.8572,101
18.8629,101
18.8682,104
18.8738,104
18.8794,101
18.8851,104
18.8904,103
18.8961,104
18.9017,103
18.9071,104
18.9127,104
18.9183,103
18.9239,107
18.9296,108
18.9349,103
18.9405,103
18.9462,105
18.9518,104
18.9572,105
18.9628,103
18.9684,102
18.9738,106
18.9794,103
18.985,103
18.9907,105
18.996,104
19.0016,105
19.0073,100
19.0129,102
19.0182,106
19.0239,104
19.0295,102
19.0349,102
19.0405,106
19.0461,106
19.0518,105
19.0571,109
19.0627,101
19.0684,102
19.074,101
19.0793,104
19.085,103
19.0906,106
19.0962,106
19.1016,103
19.1072,102
19.1128,104
19.1185,100
19.1238,105
19.1295,101
19.1351,105
19.1404,104
19.1461,105
19.1517,105
19.1573,105
19.1627,103
19.1683,105
19.174,103
19.1793,105
19.185,105
19.1906,104
19.1962,105
19.2016,108
19.2072,102
19.2128,107
19.2185,102
19.2238,102
19.2294,102
19.2351,105
19.2404,102
19.2461,103
19.2517,105
19.2573,103
19.2627,102
19.2684,105
19.2738,103
19.2794,106
19.2851,105
19.2907,103
19.2961,102
19.3017,104
19.3071,104
19.3127,104
19.3184,105
19.324,101
19.3294,102
19.335,102
19.3407,102
19.3461,105
19.3517,102
19.3573,103
19.3627,104
19.3684,104
19.3741,99
19.3794,103
19.3851,105
19.3904,107
19.3962,103
19.4016,101
19.4073,103
19.4126,105
19.4183,104
19.424,102
19.4293,100
19.435,100
19.4406,107
19.4463,103
19.4517,103
19.4573,107
19.4629,105
19.4683,103
19.4739,107
19.4796,105
19.4849,100
19.4906,108
19.4962,103
19.5016,106
19.5072,106
19.5129,106
19.5185,103
19.5239,105
19.5296,105
19.5349,106
19.5406,105
19.5463,104
19.5516,105
19.5571,103
19.5628,104
19.5684,105
19.5741,109
19.5794,109
19.585,101
19.5906,103
19.5963,103
19.6017,102
19.6073,102
19.613,102
19.6183,104
19.624,105
19.6296,100
19.6349,103
19.6406,101
19.6462,102
19.6516,105
19.6572,102
19.6628,105
19.6685,104
19.6738,104
19.6795,106
19.6851,108
19.6905,105
19.6961,103
19.7017,105
19.7074,102
19.7127,104
19.7183,108
19.724,102
19.7296,102
19.735,103
19.7406,102
19.7463,108
19.7516,105
19.7572,102
19.7629,102
19.7685,107
19.7739,106
19.7795,105
19.7851,103
19.7905,105
19.7962,109
19.8018,100
19.8072,102
19.8128,102
19.8184,106
19.8241,104
19.8294,104
19.835,104
19.8406,105
19.846,102
19.8517,108
19.8573,105
19.863,104
19.8683,104
19.874,100
19.8796,101
19.885,101
19.8905,105
19.8961,106
19.9018,104
19.9074,104
19.9128,104
19.9183,104
19.9239,104
