Experiment: Apr29_NP_tst_expt vial 12, Fri Apr 29 15:50:36 2022
0.0017,105
0.0067,104
0.0124,102
0.018,101
0.0233,106
0.0289,103
0.0346,103
0.0402,103
0.0456,107
2.857,106
2.8626,106
2.8679,106
2.8737,106
2.879,103
2.8847,104
2.8903,104
2.8957,103
2.9013,104
2.9069,104
2.9126,101
2.9179,100
2.9236,106
2.9293,105
2.9346,104
2.9403,103
2.9459,103
2.9513,102
2.9569,105
2.9625,103
2.9679,104
2.9735,107
2.9792,107
2.9848,106
2.9901,102
2.9958,108
3.0014,105
3.0068,105
3.0125,102
3.0182,105
3.0235,107
3.0292,106
3.0348,106
3.0402,103
3.0458,107
3.0513,101
3.057,104
3.0626,103
3.0679,106
3.0736,101
3.0791,107
3.0847,105
3.0904,105
3.0957,106
3.1013,106
3.1069,103
3.1126,104
3.1179,104
3.1235,106
3.1291,104
3.1348,103
3.1404,107
3.1457,105
3.1514,104
3.157,105
3.1626,102
3.1679,103
3.1735,105
3.1792,103
3.1848,106
3.1902,105
3.1958,107
3.2014,104
3.2068,104
3.2124,103
3.218,104
3.2237,106
3.229,105
3.2346,107
3.2403,105
3.246,105
3.2513,105
3.2569,107
3.2626,102
3.2679,106
3.2735,103
3.2792,106
3.2848,105
3.2901,100
3.2958,101
3.3014,101
3.307,102
3.3124,102
3.318,102
3.3236,103
3.3292,102
3.3349,103
3.3402,106
3.3458,104
3.3515,104
3.3571,103
3.3624,106
3.3681,104
3.3737,101
3.3793,106
3.3846,103
3.3903,105
3.3959,104
3.4013,105
3.4069,106
3.4125,101
3.4182,105
3.4235,107
3.4291,105
3.4348,106
3.4404,103
3.4458,105
3.4514,107
3.457,104
3.4624,104
3.468,108
3.4736,107
3.4792,108
3.4846,109
3.4902,108
3.4958,105
3.5014,107
3.5068,105
3.5124,107
3.518,108
3.5237,105
3.529,108
3.5346,104
3.5402,103
3.5459,107
3.5515,105
3.5568,106
3.5624,105
3.5681,106
3.5737,105
3.579,106
3.5846,105
3.5902,107
3.5959,104
3.6015,102
3.6068,105
3.6125,104
3.618,101
3.6237,106
3.6293,103
3.6346,103
3.6403,103
3.6458,106
3.6515,104
3.6571,105
3.6624,103
3.668,103
3.6736,104
3.6793,103
3.6846,103
3.6903,104
3.6959,104
3.7012,107
3.7069,109
3.7125,107
3.7181,108
3.7234,103
3.7291,103
3.7347,98
3.7403,102
3.746,106
3.7513,106
3.7569,101
3.7625,104
3.7682,104
3.7735,105
3.7791,104
3.7848,106
3.7904,105
3.7957,105
3.8013,102
3.807,106
3.8126,107
3.8182,107
3.8235,103
3.8292,103
3.8348,104
3.8404,105
3.8458,104
3.8514,105
3.8571,102
3.8624,106
3.868,102
3.8737,107
3.879,102
3.8846,103
3.8903,104
3.8959,105
3.9015,103
3.9069,108
3.9125,107
3.9181,103
3.9237,106
3.9291,104
3.9347,103
3.9403,105
3.946,105
3.9513,106
3.957,103
3.9626,100
3.9679,107
3.9736,108
3.9792,92
3.9848,102
3.9902,105
3.9958,107
4.0014,104
4.0071,102
4.0124,106
4.018,109
4.0237,104
4.0293,105
4.0346,104
4.0403,109
4.0459,105
4.0512,106
4.0569,105
4.0625,106
4.0681,105
4.0735,108
4.0791,105
4.0847,105
4.0903,106
4.096,104
4.1013,106
4.107,105
4.1126,106
4.118,102
4.1236,102
4.1292,105
4.1349,108
4.1402,103
4.1458,106
4.1515,105
4.1571,103
4.1625,106
4.1681,107
4.1737,104
4.1791,106
4.1847,104
4.1904,106
4.1957,104
4.2014,107
4.207,105
4.2126,105
4.218,102
4.2236,105
4.2293,104
4.2346,105
4.2403,105
4.2459,106
4.2515,106
4.2569,105
4.2625,104
4.2679,106
4.2736,106
4.2792,103
4.2848,102
4.2902,107
4.2957,104
4.3014,106
4.307,106
4.3127,106
4.318,102
4.3236,105
4.3292,108
4.3348,107
4.3402,105
4.3458,102
4.3514,104
4.357,106
4.3626,104
4.368,104
4.3736,107
4.3792,107
4.3848,104
4.3902,108
4.3958,103
4.4014,105
4.407,107
4.4124,104
4.418,106
4.4236,105
4.4293,104
4.4346,106
4.4403,105
4.4459,103
4.4515,102
4.4569,102
4.4625,107
4.4681,108
4.4738,105
4.4791,106
4.4847,104
4.4904,102
4.4957,105
4.5014,104
4.507,104
4.5126,105
4.518,101
4.5236,104
4.5292,106
4.5349,106
4.5402,106
4.5458,107
4.5515,105
4.5568,104
4.5625,104
4.5681,98
4.5737,102
4.5791,103
4.5847,103
4.5903,105
4.596,104
4.6013,104
4.607,103
4.6126,103
4.618,107
4.6236,105
4.6292,104
4.6348,103
4.6402,105
4.6458,105
4.6515,102
4.6571,102
4.6624,104
4.6681,102
4.6737,106
4.6791,107
4.6847,102
4.6904,103
4.696,107
4.7013,104
4.7069,106
4.7126,105
4.7182,107
4.7236,105
4.7292,107
4.7349,102
4.7402,105
4.7458,104
4.7515,104
4.7571,105
4.7625,106
4.7681,106
4.7737,105
4.7791,104
4.7847,103
4.7903,106
4.7959,105
4.8013,106
4.8069,101
4.8126,105
4.8182,104
4.8235,104
4.8292,107
4.8348,103
4.8404,104
4.8458,104
4.8514,102
4.857,104
4.8624,104
4.868,104
4.8737,104
4.8793,104
4.8846,106
4.8903,106
4.8959,106
4.9015,104
4.9069,106
4.9125,106
4.9181,111
4.9238,106
4.9291,106
4.9347,102
4.9404,104
4.9457,104
4.9514,106
4.957,104
4.9626,103
4.968,105
4.9736,105
4.9792,104
4.9849,107
4.9902,105
4.9959,108
5.0015,105
5.0071,102
5.0125,104
5.0181,106
5.0237,108
5.0291,107
5.0347,106
5.0403,102
5.0459,107
5.0513,106
5.0569,106
5.0626,103
5.0682,105
5.0736,104
5.0792,107
5.0848,108
5.0904,105
5.0958,103
5.1014,107
5.107,104
5.1124,107
5.118,105
5.1236,105
5.1293,107
5.1346,107
5.1402,105
5.1459,104
5.1515,106
5.1568,107
5.1625,104
5.1681,106
5.1737,107
5.1793,106
5.1847,105
5.1903,105
5.1958,101
5.2014,102
5.207,106
5.2126,108
5.218,106
5.2236,103
5.2292,104
5.2348,103
5.2402,107
5.2458,104
5.2514,105
5.257,101
5.2626,102
5.268,105
5.2736,104
5.2792,104
5.2848,105
5.2902,106
5.2958,106
5.3014,107
5.307,100
5.3124,107
5.318,105
5.3236,101
5.3293,104
5.3348,103
5.3404,104
5.3458,105
5.3514,104
5.357,105
5.3624,108
5.368,104
5.3736,106
5.3793,109
5.3846,107
5.3902,105
5.3959,105
5.4015,104
5.4071,102
5.4124,106
5.418,105
5.4237,105
5.4293,106
5.4346,106
5.4403,103
5.4459,103
5.4515,106
5.4569,104
5.4625,106
5.4681,104
5.4738,105
5.4791,105
5.4847,107
5.4904,107
5.4957,103
5.5013,108
5.507,106
5.5126,110
5.518,109
5.5236,107
5.5292,101
5.5349,103
5.5402,108
5.5458,106
5.5514,106
5.5571,105
5.5624,102
5.568,106
5.5736,107
5.5792,106
5.5849,106
5.5902,106
5.5958,104
5.6014,103
5.607,107
5.6124,104
5.618,106
5.6236,105
5.6292,106
5.6349,108
5.6402,103
5.6458,106
5.6514,106
5.657,106
5.6624,107
5.668,107
5.6736,106
5.6792,107
5.6848,110
5.6902,106
5.6958,105
5.7014,105
5.707,105
5.7124,106
5.718,106
5.7236,107
5.7293,108
5.7346,108
5.7403,105
5.7459,104
5.7515,105
5.7568,107
5.7625,103
5.7681,104
5.7737,106
5.7793,103
5.7847,104
5.7903,108
5.796,102
5.8013,104
5.8069,108
5.8126,105
5.8179,106
5.8236,102
5.8292,103
5.8348,105
5.8402,104
5.8459,102
5.8515,95
5.8569,103
5.8625,103
5.8682,106
5.8738,102
5.8791,106
5.8848,108
5.8904,103
5.896,106
5.9013,107
5.907,105
5.9126,104
5.9182,103
5.9236,102
5.9292,105
5.9348,104
5.9404,109
5.9458,104
5.9514,105
5.957,105
5.9624,105
5.968,106
5.9736,104
5.9793,104
5.9849,103
5.9902,107
5.9959,108
6.0015,106
6.0068,99
6.0125,104
6.0181,104
6.0237,107
6.0291,104
6.0347,108
6.0404,107
6.046,108
6.0513,107
6.057,106
6.0626,106
6.068,107
6.0736,104
6.0792,107
6.0848,107
6.0902,103
6.0958,106
6.1015,105
6.1071,108
6.1124,105
6.1181,107
6.1237,105
6.129,105
6.1347,109
6.1403,104
6.1459,107
6.1513,107
6.1569,105
6.1625,106
6.1681,105
6.1738,106
6.1791,107
6.1848,106
6.1904,104
6.1957,107
6.2014,105
6.207,104
6.2126,106
6.218,110
6.2236,108
6.2292,103
6.2348,103
6.2402,104
6.2458,105
6.2514,106
6.2571,105
6.2624,103
6.268,102
6.2737,101
6.2793,105
6.2847,103
6.2903,108
6.2959,108
6.3015,108
6.3069,106
6.3125,108
6.3181,106
6.3238,104
6.3291,106
6.3347,105
6.3404,106
6.3457,104
6.3514,106
6.357,103
6.3626,103
6.368,106
6.3736,104
6.3792,105
6.3848,103
6.3902,106
6.3958,103
6.4014,104
6.4071,102
6.4124,101
6.4181,102
6.4237,106
6.4293,108
6.4347,103
6.4403,105
6.4459,107
6.4513,108
6.4569,99
6.4625,106
6.4681,103
6.4738,103
6.4791,103
6.4848,105
6.4904,104
6.496,103
6.5014,104
6.507,107
6.5126,105
6.5182,105
6.5236,106
6.5292,103
6.5348,102
6.5404,103
6.5458,107
6.5514,102
6.557,100
6.5627,102
6.568,100
6.5736,104
6.5793,103
6.5849,103
6.5902,108
6.5959,104
6.6015,108
6.6068,106
6.6124,105
6.6181,106
6.6237,108
6.6293,107
6.6347,106
6.6403,105
6.6459,105
6.6515,104
6.6569,106
6.6625,109
6.6681,108
6.6738,106
6.6791,107
6.6848,105
6.6902,107
6.6958,104
6.7015,102
6.7071,102
6.7124,107
6.718,107
6.7236,104
6.7293,107
6.7349,104
6.7402,105
6.7458,106
6.7514,105
6.7569,104
6.7625,103
6.7681,105
6.7736,103
6.7792,103
6.7847,105
6.7903,105
6.796,103
6.8013,105
6.8069,106
6.8125,103
6.8181,103
6.8237,104
6.8291,105
6.8347,106
6.8403,105
6.8459,104
6.8513,106
6.857,102
6.8626,107
6.868,107
6.8736,102
6.8792,103
6.8848,106
6.8904,105
6.8958,104
6.9014,105
6.9071,104
6.9124,105
6.9181,106
6.9237,107
6.9293,104
6.9347,102
6.9403,103
6.9459,105
6.9515,106
6.9569,107
6.9625,102
6.9682,104
6.9738,101
6.9791,107
6.9848,103
6.9904,106
6.9957,106
7.0014,106
7.007,106
7.0126,104
7.018,103
7.0236,105
7.0292,107
7.0349,102
7.0402,104
7.0458,103
7.0515,105
7.0571,104
7.0624,105
7.0681,104
7.0737,103
7.0793,104
7.0846,105
7.0903,103
7.0959,105
7.1015,104
7.1069,104
7.1125,103
7.1181,108
7.1237,105
7.1291,105
7.1347,106
7.1403,105
7.146,105
7.1513,105
7.157,108
7.1626,101
7.1682,108
7.1735,107
7.1792,107
7.1848,108
7.1904,102
7.1958,105
7.2014,108
7.207,105
7.2127,101
7.218,100
7.2237,107
7.2293,104
7.2349,106
7.2402,105
7.2459,102
7.2515,103
7.2569,103
7.2625,105
7.2681,107
7.2737,105
7.2791,104
7.2847,105
7.2903,107
7.296,106
7.3013,103
7.3069,104
7.3126,107
7.3182,100
7.3238,106
7.3292,104
7.3348,107
7.3404,105
7.3458,105
7.3514,108
7.357,106
7.3627,104
7.368,105
7.3736,106
7.3793,102
7.3846,103
7.3903,106
7.3959,106
7.4015,104
7.4071,105
7.4125,107
7.4181,108
7.4238,107
7.4291,107
7.4347,105
7.4404,104
7.446,106
7.4513,106
7.457,106
7.4626,106
7.4682,104
7.4736,105
7.4792,107
7.4848,107
7.4905,107
7.4958,107
7.5014,103
7.507,105
7.5127,106
7.518,107
7.5236,106
7.5293,108
7.5346,107
7.5403,106
7.5459,110
7.5515,104
7.5571,108
7.5625,103
7.5681,106
7.5737,103
7.5791,104
7.5847,104
7.5903,106
7.596,106
7.6013,106
7.607,108
7.6126,104
7.618,105
7.6236,104
7.6292,103
7.6349,104
7.6402,105
7.6459,103
7.6515,102
7.6571,104
7.6625,110
7.6681,105
7.6737,110
7.6791,105
7.6847,105
7.6904,109
7.696,109
7.7013,104
7.707,104
7.7126,105
7.7182,104
7.7236,103
7.7292,102
7.7348,100
7.7405,106
7.7458,105
7.7514,106
7.757,105
7.7627,104
7.768,105
7.7737,108
7.7793,105
7.7846,105
7.7903,101
7.7959,100
7.8015,104
7.8069,101
7.8125,107
7.8181,102
7.8237,102
7.8294,106
7.8347,105
7.8403,106
7.846,102
7.8516,106
7.857,105
7.8626,108
7.8682,104
7.8736,106
7.8792,104
7.8848,104
7.8902,102
7.8958,104
7.9014,106
7.9071,102
7.9127,104
7.918,105
7.9236,106
7.9292,105
7.9348,104
7.9402,107
7.9458,105
7.9514,106
7.9571,107
7.9624,103
7.9681,104
7.9736,105
7.9792,104
7.9849,106
7.9902,106
7.9959,105
8.0014,105
8.007,103
8.0124,102
8.018,105
8.0237,105
8.0292,106
8.0349,105
8.0402,107
8.0459,104
8.0515,107
8.0569,106
8.0625,106
8.0681,100
8.0737,105
8.0794,102
8.0847,102
8.0903,103
8.096,106
8.1013,103
8.1069,102
8.1126,105
8.1182,106
8.1235,105
8.1291,105
8.1347,104
8.1403,104
8.146,105
8.1516,108
8.1569,104
8.1625,103
8.1681,103
8.1738,104
8.1791,103
8.1847,103
8.1903,105
8.196,101
8.2013,106
8.2069,104
8.2125,102
8.2181,103
8.2238,103
8.2291,105
8.2347,105
8.2403,109
8.246,104
8.2513,105
8.2569,102
8.2626,105
8.2681,105
8.2738,105
8.2791,105
8.2847,108
8.2904,104
8.2959,106
8.3013,103
8.3069,102
8.3125,105
8.3182,103
8.3235,104
8.3291,107
8.3348,102
8.3404,106
8.3458,108
8.3514,105
8.357,105
8.3626,103
8.368,103
8.3736,104
8.3792,106
8.3849,103
8.3902,105
8.3958,107
8.4015,103
8.4071,106
8.4124,105
8.4181,110
8.4237,108
8.4293,104
8.4347,103
8.4403,103
8.4459,104
8.4516,103
8.4569,104
8.4625,105
8.4682,103
8.4738,105
8.4791,105
8.4848,106
8.4904,106
8.4958,107
8.5014,107
8.507,107
8.5126,105
8.5182,105
8.5236,102
8.5292,104
8.5348,105
8.5402,103
8.5458,106
8.5514,104
8.5571,109
8.5624,104
8.568,105
8.5736,109
8.5793,102
8.5846,103
8.5902,104
8.5959,107
8.6015,107
8.6071,110
8.6125,105
8.6181,104
8.6237,107
8.6293,107
8.6347,105
8.6403,105
8.6459,105
8.6515,105
8.6569,106
8.6625,105
8.6682,103
8.6738,105
8.6791,105
8.6847,105
8.6904,107
8.696,106
8.7013,104
8.707,106
8.7126,104
8.718,105
8.7236,104
8.7292,106
8.7348,108
8.7402,103
8.7458,103
8.7514,105
8.7571,101
8.7627,105
8.768,100
8.7737,104
8.7793,102
8.7849,107
8.7903,105
8.7959,104
8.8015,102
8.8069,104
8.8125,106
8.8181,104
8.8238,104
8.8291,102
8.8347,103
8.8403,102
8.846,107
8.8513,104
8.857,104
8.8624,104
8.8681,104
8.8736,105
8.8792,106
8.8848,104
8.8905,102
8.8958,102
8.9014,104
8.9071,106
8.9124,104
8.918,103
8.9237,105
8.9293,106
8.9346,104
8.9403,103
8.9459,107
8.9515,102
8.9569,107
8.9625,102
8.9681,103
8.9738,106
8.9791,105
8.9848,104
8.9904,107
8.9957,105
9.0014,105
9.007,105
9.0126,106
9.0182,105
9.0236,105
9.0292,101
9.0349,106
9.0402,107
9.0458,103
9.0514,106
9.0571,105
9.0627,105
9.0681,106
9.0738,106
9.0791,103
9.0848,106
9.0904,107
9.096,105
9.1013,108
9.1069,101
9.1126,106
9.1182,103
9.1235,104
9.1292,100
9.1348,104
9.1404,101
9.1458,103
9.1514,105
9.1571,102
9.1624,105
9.1681,106
9.1737,105
9.1793,105
9.1847,104
9.1903,102
9.1959,105
9.2015,103
9.2071,105
9.2125,101
9.2181,107
9.2237,103
9.2293,101
9.2346,107
9.2403,104
9.2459,103
9.2515,103
9.2569,104
9.2625,105
9.2681,105
9.2737,104
9.2793,103
9.2847,106
9.2903,98
9.2959,100
9.3015,101
9.3069,101
9.3125,105
9.3181,106
9.3237,104
9.3293,106
9.3347,104
9.3403,107
9.3459,107
9.3515,102
9.3569,101
9.3625,103
9.3681,100
9.3737,101
9.3791,101
9.3847,102
9.3903,107
9.396,105
9.4013,101
9.4069,105
9.4125,105
9.4182,105
9.4238,104
9.4292,99
9.4348,107
9.4404,101
9.446,101
9.4514,105
9.457,105
9.4626,105
9.4682,105
9.4736,104
9.4792,101
9.4848,104
9.4905,102
9.4958,104
9.5015,99
9.5071,103
9.5125,103
9.5181,105
9.5237,104
9.5291,106
9.5348,103
9.5404,104
9.546,102
9.5514,101
9.557,104
9.5626,105
9.5682,104
9.5736,104
9.5792,107
9.5848,105
9.5905,106
9.5958,105
9.6014,104
9.607,105
9.6126,104
9.618,105
9.6236,106
9.6292,105
9.6348,103
9.6404,103
9.6458,105
9.6514,105
9.657,104
9.6626,103
9.668,105
9.6736,106
9.6792,107
9.6848,107
9.6904,105
9.696,100
9.7014,106
9.707,104
9.7126,105
9.7182,105
9.7236,106
9.7292,102
9.7348,103
9.7404,103
9.7458,103
9.7514,101
9.757,103
9.7626,103
9.7682,105
9.7736,104
9.7792,105
9.7849,105
9.7902,101
9.7959,101
9.8015,101
9.8071,102
9.8125,104
9.8181,104
9.8237,105
9.8293,103
9.8347,107
9.8403,105
9.8459,103
9.8516,103
9.8569,103
9.8626,102
9.8682,103
9.8736,100
9.8792,105
9.8848,105
9.8904,102
9.8958,100
9.9014,103
9.907,105
9.9127,100
9.918,101
9.9236,103
9.9292,103
9.9349,103
9.9402,102
9.9458,102
9.9515,103
9.9571,104
9.9624,106
9.968,104
9.9737,105
9.9793,105
9.9849,106
9.9902,102
9.9959,102
10.0015,104
10.0071,105
10.0125,104
10.0181,101
10.0237,105
10.0291,101
10.0347,103
10.0403,105
10.0459,106
10.0516,105
10.0569,104
10.0625,107
10.0682,103
10.0738,106
10.0791,107
10.0848,102
10.0904,102
10.096,102
10.1013,104
10.107,107
10.1126,103
10.1182,106
10.1235,107
10.1292,104
10.1348,108
10.1404,107
10.1458,100
10.1514,106
10.157,104
10.1627,101
10.168,101
10.1736,102
10.1793,100
10.1849,105
10.1902,104
10.1959,106
10.2015,103
10.2071,103
10.2124,104
10.2181,104
10.2237,104
10.2293,105
10.2346,106
10.2403,101
10.2459,103
10.2515,106
10.2569,104
10.2625,103
10.2681,104
10.2737,104
10.2793,103
10.2847,102
10.2903,106
10.2957,101
10.3014,101
10.307,104
10.3126,106
10.3182,102
10.3236,105
10.3292,104
10.3348,104
10.3404,103
10.3458,104
10.3514,104
10.357,106
10.3626,104
10.368,103
10.3736,104
10.3792,101
10.3848,105
10.3905,103
10.3958,102
10.4014,105
10.407,101
10.4124,102
10.418,102
10.4236,104
10.4293,102
10.4348,103
10.4402,105
10.4458,103
10.4514,108
10.4571,100
10.4624,104
10.468,99
10.4736,103
10.4793,108
10.4847,104
10.4903,105
10.4959,106
10.5016,105
10.5069,105
10.5126,104
10.5182,105
10.5235,104
10.5292,104
10.5348,105
10.5404,103
10.5458,105
10.5514,105
10.557,105
10.5627,102
10.568,107
10.5736,104
10.5793,105
10.5849,102
10.5902,102
10.5959,105
10.6015,105
10.6069,104
10.6125,105
10.6181,103
10.6237,104
10.6294,102
10.6347,103
10.6403,102
10.646,105
10.6514,105
10.657,105
10.6626,104
10.668,101
10.6736,102
10.6792,103
10.6849,105
10.6902,106
10.6959,104
10.7015,101
10.7071,103
10.7125,102
10.7181,102
10.7238,103
10.7291,105
10.7347,103
10.7404,103
10.746,106
10.7513,102
10.757,102
10.7626,106
10.7682,102
10.7738,103
10.7792,106
10.7848,106
10.7904,104
10.7958,99
10.8014,104
10.8071,105
10.8124,105
10.818,105
10.8237,105
10.8293,105
10.8347,102
10.8403,105
10.8459,104
10.8515,103
10.8569,105
10.8626,103
10.8682,105
10.8735,98
10.8792,100
10.8848,100
10.8904,99
10.8958,99
10.9014,101
10.907,102
10.9126,102
10.9183,104
10.9236,100
10.9292,102
10.9348,105
10.9405,100
10.9458,100
10.9514,103
10.9571,106
10.9624,103
10.9681,106
10.9737,103
10.9793,103
10.9846,103
10.9903,104
10.9959,106
11.0015,100
11.0069,100
11.0125,102
11.0181,101
11.0238,108
11.0291,102
11.0348,100
11.0404,104
11.046,105
11.0513,104
11.057,105
11.0626,104
11.0682,102
11.0736,105
11.0792,104
11.0848,104
11.0902,101
11.0958,102
11.1015,105
11.1071,106
11.1124,105
11.118,102
11.1237,106
11.1293,103
11.1349,103
11.1403,99
11.1458,102
11.1515,101
11.1571,100
11.1624,104
11.168,102
11.1736,102
11.1793,104
11.1849,104
11.1902,103
11.1959,105
11.2014,100
11.2071,101
11.2124,105
11.2181,102
11.2237,105
11.2293,105
11.2349,104
11.2402,104
11.2459,105
11.2515,106
11.2571,101
11.2627,107
11.268,100
11.2737,102
11.2793,101
11.2847,104
11.2903,104
11.2959,104
11.3015,104
11.3069,105
11.3125,104
11.3181,106
11.3238,103
11.3291,103
11.3347,105
11.3403,104
11.346,104
11.3516,104
11.3569,105
11.3625,106
11.3682,100
11.3738,103
11.3791,106
11.3848,106
11.3904,108
11.396,105
11.4013,105
11.4069,105
11.4126,104
11.4182,106
11.4238,101
11.4291,101
11.4347,103
11.4404,104
11.446,104
11.4513,105
11.4569,104
11.4626,103
11.4682,103
11.4735,106
11.4792,106
11.4847,105
11.4904,103
11.496,108
11.5014,103
11.507,107
11.5125,109
11.5182,109
11.5238,104
11.5291,103
11.5348,104
11.5404,103
11.546,106
11.5513,105
11.5569,105
11.5626,109
11.5682,104
11.5735,105
11.5792,105
11.5848,103
11.5904,105
11.5958,105
11.6014,106
11.607,106
11.6127,107
11.618,107
11.6236,105
11.6293,106
11.6349,103
11.6403,104
11.6459,106
11.6515,106
11.6569,104
11.6625,104
11.6681,103
11.6737,106
11.6794,106
11.6847,106
11.6903,105
11.6959,104
11.7016,105
11.7069,104
11.7125,106
11.7181,105
11.7238,107
11.7291,102
11.7348,107
11.7404,104
11.746,105
11.7514,106
11.757,103
11.7626,104
11.7682,105
11.7736,104
11.7792,100
11.7849,103
11.7903,109
11.7959,108
11.8015,105
11.8071,103
11.8124,105
11.8181,104
11.8237,107
11.8293,107
11.8347,102
11.8403,103
11.846,106
11.8516,102
11.8569,106
11.8626,106
11.8682,106
11.8738,107
11.8791,103
11.8848,106
11.8904,104
11.8958,105
11.9014,104
11.907,107
11.9126,104
11.918,105
11.9236,105
11.9293,103
11.9349,104
11.9402,106
11.9459,104
11.9515,99
11.9571,99
11.9625,102
11.9681,104
11.9737,105
11.9793,106
11.9847,106
11.9903,104
11.996,104
12.0013,106
12.0069,106
12.0126,106
12.0182,104
12.0238,104
12.0292,104
12.0348,104
12.0404,106
12.0458,103
12.0514,104
12.057,105
12.0627,105
12.068,104
12.0736,102
12.0793,102
12.0849,105
12.0903,104
12.0959,103
12.1016,105
12.1069,106
12.1125,105
12.1182,106
12.1238,105
12.1291,104
12.1347,105
12.1404,104
12.146,104
12.1514,104
12.157,103
12.1626,104
12.1683,102
12.1736,106
12.1792,106
12.1848,107
12.1905,103
12.1958,105
12.2014,100
12.207,103
12.2127,105
12.218,101
12.2237,99
12.2293,104
12.2347,105
12.2403,103
12.246,105
12.2516,103
12.2569,102
12.2626,102
12.2682,105
12.2736,104
12.2792,111
12.2848,102
12.2904,107
12.2958,104
12.3014,105
12.3071,105
12.3127,107
12.318,106
12.3237,103
12.3293,106
12.3349,103
12.3403,106
12.3459,103
12.3515,103
12.3569,105
12.3625,108
12.3681,105
12.3737,106
12.3791,104
12.3847,107
12.3903,103
12.396,105
12.4013,106
12.407,105
12.4126,104
12.4182,102
12.4236,104
12.4292,104
12.4348,100
12.4405,105
12.4458,102
12.4514,104
12.4571,106
12.4627,105
12.468,107
12.4737,103
12.4793,104
12.4847,101
12.4903,103
12.4959,104
12.5016,103
12.5069,102
12.5125,101
12.5181,103
12.5238,103
12.5291,100
12.5348,101
12.5404,102
12.546,101
12.5514,103
12.5569,100
12.5625,103
12.5681,105
12.5738,104
12.5791,102
12.5847,103
12.5903,103
12.5959,104
12.6016,104
12.6069,103
12.6125,104
12.618,103
12.6236,104
12.6293,104
12.6349,108
12.6402,104
12.6458,103
12.6515,103
12.6571,100
12.6627,104
12.668,106
12.6736,102
12.6793,104
12.6849,100
12.6902,104
12.6958,105
12.7014,102
12.7071,104
12.7124,102
12.718,101
12.7237,107
12.7293,102
12.7349,101
12.7403,101
12.7459,101
12.7515,105
12.7571,102
12.7625,104
12.7681,104
12.7737,102
12.7793,104
12.7847,106
12.7903,102
12.796,105
12.8016,105
12.8069,102
12.8125,104
12.8182,103
12.8238,103
12.8291,102
12.8348,104
12.8404,106
12.846,104
12.8514,107
12.8571,106
12.8627,106
12.868,103
12.8736,104
12.8793,103
12.8849,106
12.8902,105
12.8959,106
12.9015,104
12.9071,105
12.9125,105
12.9181,104
12.9237,106
12.9293,106
12.9347,106
12.9403,106
12.9459,107
12.9516,107
12.9569,106
12.9625,106
12.9682,103
12.9738,102
12.9791,105
12.9847,105
12.9904,105
12.996,108
13.0016,104
13.007,106
13.0126,106
13.0182,104
13.0236,106
13.0292,105
13.0348,105
13.0404,105
13.0458,103
13.0514,106
13.0571,105
13.0627,105
13.068,104
13.0737,105
13.0793,104
13.0849,108
13.0903,103
13.0959,105
13.1016,106
13.1069,104
13.1126,106
13.1182,107
13.1236,105
13.1292,105
13.1348,109
13.1404,102
13.1458,106
13.1515,108
13.1571,104
13.1624,106
13.1681,106
13.1737,104
13.1793,104
13.1847,106
13.1903,103
13.1959,103
13.2015,104
13.2069,105
13.2125,106
13.2181,107
13.2238,103
13.2294,106
13.2347,104
13.2403,102
13.246,102
13.2516,104
13.257,104
13.2626,101
13.2682,100
13.2736,106
13.2792,103
13.2848,105
13.2905,104
13.2958,106
13.3014,101
13.3071,99
13.3127,100
13.3181,101
13.3237,104
13.3293,105
13.3347,101
13.3403,106
13.3459,105
13.3516,102
13.3569,102
13.3625,104
13.3682,100
13.3738,101
13.3792,105
13.3848,101
13.3904,104
13.396,104
13.4014,102
13.407,105
13.4126,104
13.418,105
13.4236,105
13.4293,104
13.4349,104
13.4402,102
13.4458,105
13.4515,105
13.4571,102
13.4625,104
13.4681,104
13.4737,103
13.4791,105
13.4848,103
13.4904,104
13.496,104
13.5013,104
13.5069,104
13.5126,105
13.5182,105
13.5236,107
13.5292,104
13.5348,104
13.5404,105
13.5458,106
13.5514,105
13.557,101
13.5627,103
13.568,102
13.5736,106
13.5793,104
13.5849,102
13.5905,103
13.5959,104
13.6015,101
13.6072,104
13.6125,105
13.6181,104
13.6238,107
13.6291,107
13.6348,105
13.6404,105
13.646,107
13.6514,106
13.657,98
13.6626,104
13.668,105
13.6736,103
13.6792,104
13.6849,107
13.6902,103
13.6959,108
13.7015,108
13.7071,103
13.7125,105
13.7181,101
13.7237,104
13.7294,106
13.7347,104
13.7403,103
13.746,105
13.7513,106
13.757,106
13.7626,104
13.7682,105
13.7735,104
13.7791,104
13.7848,103
13.7904,105
13.796,103
13.8014,102
13.807,106
13.8126,106
13.8182,106
13.8236,104
13.8292,104
13.8348,107
13.8404,104
13.8457,103
13.8514,104
13.857,104
13.8626,104
13.8682,103
13.8736,103
13.8792,103
13.8849,106
13.8904,104
13.8959,106
13.9016,106
13.9069,105
13.9126,103
13.9182,102
13.9236,103
13.9292,107
13.9348,105
13.9404,102
13.9458,101
13.9514,102
13.9571,103
13.9627,105
13.968,103
13.9737,110
13.9793,107
13.9849,103
13.9903,108
13.9959,107
14.0016,104
14.0069,104
14.0126,106
14.0182,104
14.0238,102
14.0291,102
14.0348,102
14.0404,106
14.046,105
14.0513,102
14.057,108
14.0626,104
14.0682,104
14.0736,101
14.0791,105
14.0848,106
14.0904,107
14.096,108
14.1014,112
14.107,104
14.1126,104
14.1182,104
14.1236,104
14.1292,106
14.1348,103
14.1404,108
14.146,106
14.1514,106
14.157,105
14.1626,105
14.1682,106
14.1735,108
14.1792,107
14.1848,107
14.1904,110
14.196,105
14.2014,110
14.207,104
14.2126,106
14.218,107
14.2236,107
14.2293,103
14.2349,106
14.2402,107
14.2459,108
14.2515,108
14.2571,108
14.2625,106
14.2681,107
14.2738,107
14.2791,109
14.2847,107
14.2904,106
14.296,111
14.3016,105
14.3069,106
14.3126,110
14.3182,104
14.3238,111
14.3292,108
14.3348,109
14.3404,109
14.3458,105
14.3514,104
14.3571,108
14.3624,109
14.368,106
14.3737,106
14.3793,107
14.3849,108
14.3903,108
14.396,110
14.4016,109
14.4069,107
14.4126,107
14.4182,109
14.4238,105
14.4292,107
14.4348,109
14.4404,105
14.4458,107
14.4514,105
14.457,107
14.4627,109
14.4683,107
14.4736,104
14.4793,106
14.4849,109
14.4903,107
14.4959,107
14.5015,105
14.5071,104
14.5125,107
14.5181,109
14.5237,107
14.5291,105
14.5347,105
14.5403,104
14.546,105
14.5516,107
14.557,106
14.5626,105
14.5682,106
14.5738,105
14.5792,107
14.5848,105
14.5905,104
14.5958,108
14.6014,101
14.6071,104
14.6124,108
14.618,106
14.6237,108
14.6293,109
14.6349,105
14.6403,102
14.6459,106
14.6515,105
14.6572,101
14.6625,103
14.6681,108
14.6737,104
14.6794,102
14.6847,107
14.6903,105
14.696,106
14.7013,106
14.707,105
14.7126,102
14.7182,103
14.7236,108
14.7292,103
14.7348,106
14.7405,108
14.7458,107
14.7514,105
14.757,108
14.7627,109
14.7681,105
14.7737,107
14.7793,107
14.7847,105
14.7903,107
14.7959,106
14.8015,107
14.8069,110
14.8125,106
14.8181,107
14.8238,106
14.8291,107
14.8347,105
14.8404,107
14.846,108
14.8516,107
14.857,107
14.8626,108
14.868,106
14.8736,106
14.8793,107
14.8849,107
14.8902,108
14.8959,107
14.9015,103
14.9071,106
14.9124,107
14.9181,108
14.9237,105
14.9293,107
14.9349,104
14.9403,106
14.9459,107
14.9515,106
14.9571,107
14.9625,107
14.9681,105
14.9737,103
14.9793,105
14.9847,109
14.9903,104
14.9959,111
15.0015,105
15.0072,107
15.0125,106
15.0181,105
15.0237,113
15.0293,109
15.0347,105
15.0404,106
15.046,105
15.0514,107
15.057,109
15.0626,106
15.0682,108
15.0736,109
15.0792,106
15.0849,110
15.0905,106
15.0958,107
15.1015,106
15.1071,106
15.1125,107
15.1181,102
15.1237,102
15.1293,101
15.1349,103
15.1403,104
15.1459,103
15.1515,105
15.1569,108
15.1625,109
15.1682,104
15.1738,109
15.1791,108
15.1848,108
15.1904,108
15.1958,109
15.2014,107
15.2071,107
15.2127,109
15.218,107
15.2236,106
15.2293,106
15.2349,106
15.2403,106
15.2459,103
15.2515,108
15.2572,105
15.2625,106
15.2681,113
15.2737,107
15.2794,108
15.2847,110
15.2904,108
15.296,106
15.3013,108
15.3069,105
15.3126,107
15.3182,107
15.3235,107
15.3292,107
15.3348,110
15.3404,104
15.3461,110
15.3514,107
15.357,107
15.3627,109
15.3683,105
15.3736,107
15.3793,107
15.3849,108
15.3903,108
15.3959,108
15.4015,105
15.4071,103
15.4125,107
15.4181,106
15.4238,104
15.4294,105
15.4347,103
15.4404,108
15.446,107
15.4514,107
15.457,106
15.4626,104
15.4683,107
15.4736,105
15.4792,110
15.4849,104
15.4902,107
15.4958,110
15.5015,107
15.5071,108
15.5127,108
15.518,107
15.5236,101
15.5293,106
15.5349,107
15.5402,108
15.5458,107
15.5515,113
15.5571,106
15.5624,104
15.5681,108
15.5736,113
15.5793,104
15.5849,106
15.5902,105
15.5959,108
15.6014,106
15.6071,106
15.6125,107
15.6181,108
15.6237,107
15.6292,109
15.6349,107
15.6402,109
15.6458,106
15.6515,107
15.6571,107
15.6627,104
15.668,103
15.6736,103
15.6793,105
15.6849,106
15.6905,104
15.6959,107
15.7015,107
15.7071,106
15.7127,108
15.7181,107
15.7237,109
15.7293,108
15.7349,108
15.7403,109
15.7459,110
15.7515,107
15.7569,108
15.7625,109
15.7682,108
15.7738,107
15.7791,105
15.7848,105
15.7904,108
15.7961,108
15.8014,105
15.807,108
15.8126,108
15.818,109
15.8236,106
15.8292,106
15.8349,102
15.8402,106
15.8459,105
15.8515,109
15.8571,104
15.8625,108
15.8682,109
15.8738,107
15.8791,109
15.8847,105
15.8903,109
15.896,106
15.9016,108
15.9069,108
15.9126,108
15.9182,108
15.9235,106
15.9292,108
15.9348,107
15.9404,109
15.9458,107
15.9514,108
15.9571,107
15.9627,110
15.968,105
15.9737,107
15.9793,107
15.9847,106
15.9903,107
15.9959,108
16.0016,103
16.0069,104
16.0125,106
16.0182,104
16.0238,105
16.0291,101
16.0348,108
16.0404,107
16.046,105
16.0514,109
16.057,111
16.0626,106
16.068,107
16.0736,108
16.0792,106
16.0848,108
16.0904,109
16.0958,107
16.1014,107
16.107,107
16.1126,108
16.1182,107
16.1236,110
16.1292,108
16.1348,105
16.1404,106
16.1461,107
16.1514,108
16.157,106
16.1626,106
16.1683,105
16.1736,106
16.1792,107
16.1848,108
16.1904,106
16.196,106
16.2014,105
16.207,106
16.2126,101
16.2182,106
16.2236,109
16.2292,106
16.2348,101
16.2404,104
16.2458,103
16.2514,105
16.257,104
16.2627,105
16.2682,103
16.2736,106
16.2792,103
16.2849,107
16.2905,105
16.2959,108
16.3015,106
16.3071,108
16.3127,106
16.3181,107
16.3237,108
16.3293,106
16.3347,107
16.3403,109
16.3459,106
16.3516,107
16.3569,106
16.3625,104
16.3682,105
16.3738,105
16.3791,104
16.3848,105
16.3904,107
16.396,108
16.4014,107
16.407,106
16.4126,107
16.4182,108
16.4236,109
16.4292,107
16.4349,107
16.4405,109
16.4458,107
16.4515,108
16.4571,105
16.4624,108
16.4681,106
16.4737,105
16.4793,105
16.4847,107
16.4903,106
16.4959,108
16.5016,107
16.5072,100
16.5125,103
16.5182,107
16.5238,107
16.5291,106
16.5347,103
16.5404,106
16.546,106
16.5513,105
16.557,108
16.5626,108
16.5682,107
16.5736,109
16.5792,104
16.5849,110
16.5905,107
16.5958,107
16.6015,103
16.6071,103
16.6127,106
16.6181,104
16.6237,110
16.6293,108
16.6347,107
16.6404,106
16.646,106
16.6516,107
16.657,110
16.6626,108
16.6682,109
16.6736,108
16.6792,106
16.6849,105
16.6902,107
16.6959,109
16.7015,108
16.7071,107
16.7128,106
16.7181,106
16.7237,108
16.7294,108
16.7347,107
16.7403,106
16.7459,106
16.7516,106
16.7569,106
16.7626,106
16.7682,104
16.7735,105
16.7792,107
16.7848,107
16.7905,108
16.7958,107
16.8015,107
16.8071,103
16.8127,103
16.818,105
16.8237,109
16.8293,105
16.8347,106
16.8403,107
16.8459,103
16.8516,102
16.857,106
16.8626,104
16.8682,107
16.8736,109
16.8792,107
16.8848,104
16.8905,107
16.8958,105
16.9015,106
16.9071,109
16.9125,108
16.9181,109
16.9237,108
16.9294,105
16.9347,103
16.9404,109
16.946,108
16.9514,108
16.957,107
16.9626,106
16.9683,108
16.9736,107
16.9792,108
16.9849,108
16.9902,108
16.9958,106
17.0015,108
17.0071,106
17.0124,107
17.0181,108
17.0237,106
17.0293,105
17.035,108
17.0403,102
17.0459,106
17.0515,109
17.0572,107
17.0625,109
17.0681,112
17.0737,108
17.0794,108
17.0847,105
17.0904,106
17.0959,105
17.1015,109
17.1072,109
17.1125,108
17.1182,105
17.1237,107
17.1294,109
17.1347,109
17.1404,111
17.146,107
17.1514,108
17.157,109
17.1626,108
17.1683,107
17.1736,105
17.1792,104
17.1849,109
17.1905,106
17.1959,109
17.2015,107
17.2069,107
17.2125,107
17.2181,107
17.2238,108
17.2291,108
17.2347,108
17.2403,104
17.246,105
17.2516,111
17.2569,108
17.2625,106
17.2681,106
17.2738,108
17.2791,106
17.2847,107
17.2903,105
17.2959,107
17.3016,105
17.3069,108
17.3126,108
17.3181,106
17.3238,105
17.3294,106
17.3347,110
17.3404,106
17.346,106
17.3516,107
17.3569,106
17.3625,105
17.3682,108
17.3738,107
17.3794,110
17.3848,105
17.3904,107
17.396,107
17.4014,108
17.407,110
17.4126,106
17.4182,104
17.4236,107
17.4292,103
17.4348,105
17.4404,103
17.4458,107
17.4514,107
17.457,108
17.4627,106
17.468,105
17.4736,103
17.4793,106
17.4849,105
17.4905,107
17.4959,105
17.5015,110
17.5071,110
17.5125,109
17.5181,105
17.5237,109
17.5294,105
17.5347,108
17.5403,108
17.546,106
17.5513,108
17.5569,109
17.5626,106
17.5682,106
17.5736,109
17.5792,106
17.5848,106
17.5905,111
17.5958,106
17.6015,109
17.6071,107
17.6124,105
17.6181,109
17.6237,101
17.6293,108
17.6347,108
17.6403,105
17.6459,106
17.6516,107
17.6569,108
17.6625,104
17.6682,101
17.6738,104
17.6792,107
17.6848,106
17.6904,107
17.6958,108
17.7014,104
17.707,105
17.7126,103
17.7183,104
17.7236,101
17.7292,101
17.7349,103
17.7405,104
17.7458,104
17.7514,101
17.7571,107
17.7627,104
17.768,104
17.7737,109
17.7793,104
17.7849,105
17.7903,106
17.7959,104
17.8015,104
17.8069,104
17.8125,105
17.8181,105
17.8238,105
17.8291,104
17.8348,106
17.8404,104
17.846,105
17.8514,106
17.8571,102
17.8627,104
17.8681,104
17.8737,104
17.8793,104
17.885,102
17.8903,99
17.8959,103
17.9016,104
17.9069,103
17.9126,102
17.9183,102
17.9236,106
17.9293,104
17.9349,103
17.9405,104
17.9459,105
17.9515,105
17.9571,102
17.9627,107
17.9681,106
17.9737,103
17.9793,105
17.9847,105
17.9903,102
17.996,99
18.0016,100
18.007,104
18.0126,99
18.0182,101
18.0238,103
18.0294,100
18.0348,104
18.0404,108
18.046,102
18.0514,103
18.057,105
18.0627,106
18.0683,106
18.0736,105
18.0793,102
18.0849,105
18.0905,104
18.0959,105
18.1015,103
18.1072,102
18.1125,105
18.1182,108
18.1238,105
18.1292,108
18.1348,105
18.1403,105
18.1459,105
18.1514,105
18.157,106
18.1625,107
18.1681,108
18.1738,104
18.1794,102
18.185,105
18.1903,102
18.1959,102
18.2014,104
18.207,105
18.2125,103
18.2181,103
18.2236,103
18.2292,103
18.2347,105
18.2403,107
18.2459,103
18.2514,105
18.2571,102
18.2625,108
18.2681,103
18.2737,102
18.2792,105
18.2848,102
18.2903,97
18.2959,105
18.3014,103
18.307,105
18.3126,104
18.3181,103
18.3237,103
18.3292,104
18.3348,102
18.3404,108
18.3459,103
18.3515,101
18.357,105
18.3626,106
18.3681,100
18.3737,102
18.3793,104
18.3848,103
18.3904,103
18.3959,104
18.4015,104
18.4071,101
18.4126,103
18.4182,104
18.4237,106
18.4293,105
18.4349,103
18.4404,104
18.446,106
18.4515,105
18.4571,101
18.4627,103
18.4682,103
18.4738,101
18.4793,100
18.4849,106
18.4904,106
18.496,99
18.5016,100
18.5071,103
18.5127,102
18.5182,104
18.5238,103
18.5294,107
18.5349,104
18.5405,99
18.546,104
18.5516,104
18.5572,106
18.5627,109
18.5683,104
18.5738,102
18.5794,107
18.5849,104
18.5905,104
18.5961,105
18.6016,105
18.6072,105
18.6127,104
18.6183,110
18.6239,108
18.6294,105
18.635,105
18.6405,107
18.6461,108
18.6516,102
18.6572,103
18.6628,102
18.6681,105
18.6738,105
18.6794,104
18.685,107
18.6903,103
18.696,105
18.7016,103
18.7072,103
18.7128,104
18.7181,104
18.7238,104
18.7294,106
18.735,108
18.7404,105
18.746,102
18.7516,105
18.7573,106
18.7626,103
18.7683,101
18.7739,103
18.7795,100
18.7848,100
18.7905,102
18.7961,103
18.8017,105
18.8071,107
18.8127,101
18.8183,104
18.824,110
18.8293,106
18.8349,102
18.8405,105
18.8462,107
18.8515,100
18.8572,100
18.8629,101
18.8682,103
18.8738,101
18.8794,101
18.8851,104
18.8904,103
18.8961,102
18.9017,104
18.9071,105
18.9127,100
18.9183,105
18.9239,106
18.9296,105
18.9349,105
18.9405,101
18.9462,104
18.9518,103
18.9572,106
18.9628,103
18.9684,107
18.9738,108
18.9794,106
18.985,104
18.9907,105
18.996,105
19.0016,102
19.0073,102
19.0129,103
19.0182,104
19.0239,105
19.0295,106
19.0349,101
19.0405,107
19.0461,107
19.0518,107
19.0571,107
19.0627,104
19.0684,104
19.074,102
19.0793,104
19.085,104
19.0906,107
19.0962,103
19.1016,104
19.1072,104
19.1128,103
19.1185,105
19.1238,103
19.1295,104
19.1351,105
19.1404,105
19.1461,104
19.1517,102
19.1573,104
19.1627,100
19.1683,104
19.174,104
19.1793,107
19.185,101
19.1906,104
19.1962,104
19.2016,104
19.2072,104
19.2128,106
19.2185,104
19.2238,105
19.2294,104
19.2351,103
19.2404,103
19.2461,102
19.2517,105
19.2573,103
19.2627,102
19.2684,101
19.2738,103
19.2794,104
19.2851,104
19.2907,103
19.2961,106
19.3017,105
19.3071,102
19.3127,106
19.3184,103
19.324,102
19.3294,103
19.335,107
19.3407,105
19.3461,106
19.3517,102
19.3573,104
19.3627,103
19.3684,103
19.3741,102
19.3794,104
19.3851,99
19.3904,108
19.3962,103
19.4016,104
19.4073,104
19.4126,103
19.4183,105
19.424,103
19.4293,100
19.435,105
19.4406,104
19.4463,103
19.4517,104
19.4573,106
19.4629,104
19.4683,104
19.4739,106
19.4796,104
19.4849,105
19.4906,104
19.4962,106
19.5016,105
19.5072,104
19.5129,104
19.5185,101
19.5239,104
19.5296,105
19.5349,104
19.5406,107
19.5463,101
19.5516,102
19.5571,103
19.5628,103
19.5684,105
19.5741,104
19.5794,111
19.585,103
19.5906,103
19.5963,102
19.6017,104
19.6073,104
19.613,104
19.6183,102
19.624,106
19.6296,99
19.6349,100
19.6406,102
19.6462,98
19.6516,103
19.6572,104
19.6628,104
19.6685,104
19.6738,105
19.6795,106
19.6851,106
19.6905,107
19.6961,102
19.7017,104
19.7074,105
19.7127,106
19.7183,107
19.724,103
19.7296,104
19.735,104
19.7406,101
19.7463,105
19.7516,102
19.7572,103
19.7629,106
19.7685,106
19.7739,107
19.7795,105
19.7851,105
19.7905,103
19.7962,104
19.8018,103
19.8072,103
19.8128,104
19.8184,101
19.8241,103
19.8294,109
19.835,104
19.8406,104
19.846,101
19.8517,104
19.8573,108
19.863,105
19.8683,105
19.874,104
19.8796,101
19.885,103
19.8905,106
19.8961,105
19.9018,106
19.9074,101
19.9128,105
19.9183,106
19.9239,103
