0.0049,36.66666666316549
0.0103,36.89830943590839
0.0159,37.07204151546556
0.0213,37.07204151546556
0.0269,36.956220129094106
0.0326,36.92726478250125
0.0382,37.04308616887269
0.0436,37.01413082227983
0.0492,36.89830943590839
0.0546,36.98517547568697
0.0602,37.04308616887269
0.0659,36.956220129094106
0.0715,37.01413082227983
0.0769,37.07204151546556
0.0826,36.92726478250125
0.088,36.92726478250125
0.0936,37.07204151546556
0.0992,37.01413082227983
0.1046,36.86935408931552
0.1102,37.01413082227983
0.1159,37.129952208651275
0.1215,36.92726478250125
0.1269,36.956220129094106
0.1325,37.100996862058416
0.1381,37.07204151546556
0.1435,36.89830943590839
0.1491,37.01413082227983
0.1548,37.129952208651275
0.1604,36.956220129094106
0.1658,36.89830943590839
0.1715,37.100996862058416
0.1768,37.129952208651275
0.1825,36.956220129094106
0.1881,37.01413082227983
0.1938,37.15890755524414
0.2032,37.07204151546556
0.2046,36.89830943590839
0.2103,36.98517547568697
0.216,37.187862901837
0.2213,37.04308616887269
0.2269,36.86935408931552
0.2359,37.129952208651275
0.238,37.04308616887269
0.2436,36.956220129094106
0.2493,36.956220129094106
0.2607,37.100996862058416
0.2622,37.100996862058416
0.2659,36.89830943590839
0.2713,36.956220129094106
0.282,37.15890755524414
0.2827,37.100996862058416
0.2881,36.89830943590839
0.2937,36.98517547568697
0.3039,37.15890755524414
0.3046,36.98517547568697
0.3103,36.86935408931552
0.3159,36.98517547568697
0.3254,37.129952208651275
0.3271,37.01413082227983
0.3324,36.89830943590839
0.3381,37.100996862058416
0.3437,37.07204151546556
0.354,36.89830943590839
0.3567,37.07204151546556
0.3604,37.129952208651275
0.3658,37.01413082227983
0.3764,36.98517547568697
0.3788,37.100996862058416
0.3825,36.98517547568697
0.3881,36.98517547568697
0.398,37.07204151546556
0.3991,37.01413082227983
0.4047,36.956220129094106
0.4104,37.07204151546556
0.4158,37.100996862058416
0.4214,36.956220129094106
0.427,36.92726478250125
0.4327,37.100996862058416
0.438,37.01413082227983
0.4437,36.92726478250125
0.4493,37.129952208651275
0.4547,37.01413082227983
0.4603,36.89830943590839
0.466,37.100996862058416
0.4713,37.07204151546556
0.477,36.89830943590839
0.4826,37.04308616887269
0.488,37.100996862058416
0.4937,36.89830943590839
0.4993,37.01413082227983
0.5047,37.100996862058416
0.5103,37.01413082227983
0.5159,36.89830943590839
0.5216,37.100996862058416
0.5269,37.04308616887269
0.5326,36.89830943590839
0.5379,37.07204151546556
0.5436,37.04308616887269
0.5492,36.98517547568697
0.5549,37.04308616887269
0.5602,37.15890755524414
0.5659,37.01413082227983
0.5715,36.956220129094106
0.5769,37.129952208651275
0.5825,37.04308616887269
0.5881,36.92726478250125
0.5938,37.07204151546556
0.5992,37.07204151546556
0.6048,36.92726478250125
0.6102,37.04308616887269
0.6159,37.100996862058416
0.6215,36.92726478250125
0.6269,37.04308616887269
0.6324,37.04308616887269
0.6381,36.98517547568697
0.6437,36.98517547568697
0.6491,37.129952208651275
0.6547,36.956220129094106
0.6603,36.956220129094106
0.666,37.07204151546556
0.6713,37.04308616887269
0.6769,36.98517547568697
0.6826,37.04308616887269
0.6882,37.07204151546556
0.6935,36.92726478250125
0.6992,36.98517547568697
0.7048,37.129952208651275
0.7102,36.98517547568697
0.7158,36.89830943590839
0.7214,37.129952208651275
0.7271,37.04308616887269
0.7324,36.92726478250125
0.7381,37.07204151546556
0.7437,37.100996862058416
0.7493,36.956220129094106
0.7547,36.98517547568697
0.7603,37.07204151546556
0.766,37.01413082227983
0.7713,36.956220129094106
0.777,37.07204151546556
0.7826,36.98517547568697
0.7882,36.956220129094106
0.7936,37.129952208651275
0.7992,37.01413082227983
0.8049,37.01413082227983
0.8102,37.07204151546556
0.8159,37.07204151546556
0.8215,36.956220129094106
0.8271,36.956220129094106
0.8325,37.07204151546556
0.8381,36.92726478250125
0.8438,36.92726478250125
0.8491,37.04308616887269
0.8548,36.98517547568697
0.8604,36.86935408931552
0.8658,37.04308616887269
0.8714,37.04308616887269
0.877,36.956220129094106
0.8827,37.01413082227983
0.888,37.100996862058416
0.8936,36.956220129094106
0.8993,36.98517547568697
0.9049,37.15890755524414
0.9102,37.01413082227983
0.9159,36.92726478250125
0.9215,37.100996862058416
0.9269,37.15890755524414
0.9325,36.98517547568697
0.9381,36.98517547568697
0.9438,37.129952208651275
0.9491,37.07204151546556
0.9548,36.86935408931552
0.9604,37.04308616887269
0.9658,37.07204151546556
0.9714,36.956220129094106
0.977,36.956220129094106
0.9827,37.129952208651275
0.988,37.07204151546556
0.9937,36.86935408931552
0.9993,36.98517547568697
1.0047,37.100996862058416
1.0103,36.98517547568697
1.016,36.98517547568697
1.0213,37.07204151546556
1.027,37.07204151546556
1.0326,36.956220129094106
1.0382,36.98517547568697
1.0436,37.15890755524414
1.0492,37.07204151546556
1.0548,36.92726478250125
1.0602,37.01413082227983
1.0659,37.07204151546556
1.0715,36.98517547568697
1.0769,36.956220129094106
1.0825,37.15890755524414
1.0882,37.01413082227983
1.0936,36.92726478250125
1.0992,37.129952208651275
1.1048,37.100996862058416
1.1105,36.956220129094106
1.1158,36.98517547568697
1.1215,37.04308616887269
1.1271,37.01413082227983
1.1325,36.92726478250125
1.1381,37.129952208651275
1.1437,37.01413082227983
1.1494,36.956220129094106
1.1547,37.07204151546556
1.1603,37.04308616887269
1.166,36.956220129094106
1.1713,37.01413082227983
1.177,37.129952208651275
1.1826,36.98517547568697
1.1883,36.956220129094106
1.1936,37.129952208651275
1.1993,37.07204151546556
1.2049,36.92726478250125
1.2103,37.07204151546556
1.2159,37.100996862058416
1.2215,37.01413082227983
1.2269,36.956220129094106
1.2325,37.129952208651275
1.238,37.04308616887269
1.2436,36.89830943590839
1.2492,37.04308616887269
1.2548,37.07204151546556
1.2605,36.92726478250125
1.2658,36.956220129094106
1.2714,37.187862901837
1.2771,37.100996862058416
1.2824,36.89830943590839
1.2881,37.07204151546556
1.2938,37.07204151546556
1.2991,36.956220129094106
1.3048,36.98517547568697
1.3104,37.01413082227983
1.3158,36.956220129094106
1.3215,36.92726478250125
1.3271,37.100996862058416
1.3325,37.07204151546556
1.3381,36.956220129094106
1.3438,37.100996862058416
1.3492,37.100996862058416
1.3548,36.92726478250125
1.3604,36.98517547568697
1.3658,37.15890755524414
1.3715,36.98517547568697
1.3771,36.98517547568697
1.3825,37.100996862058416
1.3882,37.07204151546556
1.3938,36.98517547568697
1.3992,36.956220129094106
1.4048,37.100996862058416
1.4102,36.98517547568697
1.4158,36.956220129094106
1.4215,37.07204151546556
1.4271,37.01413082227983
1.4325,36.956220129094106
1.4381,37.07204151546556
1.4437,37.100996862058416
1.4491,36.92726478250125
1.4547,37.01413082227983
1.4604,37.100996862058416
1.466,36.98517547568697
1.4714,36.92726478250125
1.477,37.04308616887269
1.4826,37.129952208651275
1.4883,36.956220129094106
1.4936,36.89830943590839
1.4992,37.129952208651275
1.5048,37.04308616887269
1.5105,36.89830943590839
1.5158,36.98517547568697
1.5215,37.129952208651275
1.527,36.98517547568697
1.5324,36.89830943590839
1.5381,37.100996862058416
1.5438,37.04308616887269
1.5491,36.956220129094106
1.5548,37.01413082227983
1.5604,37.15890755524414
1.5658,37.04308616887269
1.5714,36.89830943590839
1.577,37.04308616887269
1.5827,37.07204151546556
1.588,36.956220129094106
1.5937,37.01413082227983
1.5993,37.129952208651275
1.6047,36.98517547568697
1.6103,36.956220129094106
1.6159,37.15890755524414
1.6215,37.07204151546556
1.6271,36.89830943590839
1.6325,36.98517547568697
1.6381,37.129952208651275
1.6437,36.956220129094106
1.6493,36.92726478250125
1.6547,37.100996862058416
1.6603,37.100996862058416
1.6659,36.92726478250125
1.6715,36.98517547568697
1.6769,37.129952208651275
1.6825,36.956220129094106
1.6882,36.956220129094106
1.6938,37.100996862058416
1.6992,37.01413082227983
1.7048,36.956220129094106
1.7105,37.100996862058416
1.7158,37.01413082227983
1.7215,36.956220129094106
1.7271,37.01413082227983
1.7327,37.129952208651275
1.7381,36.98517547568697
1.7438,36.956220129094106
1.7491,37.100996862058416
1.7548,37.07204151546556
1.7604,36.92726478250125
1.7658,36.956220129094106
1.7714,37.15890755524414
1.7771,37.04308616887269
1.7827,36.956220129094106
1.7881,37.07204151546556
1.7937,37.07204151546556
1.7993,36.92726478250125
1.8047,37.01413082227983
1.8103,37.100996862058416
1.816,37.01413082227983
1.8214,36.98517547568697
1.827,37.100996862058416
1.8326,37.07204151546556
1.8383,36.956220129094106
1.8436,37.100996862058416
1.8492,37.100996862058416
1.8549,36.86935408931552
1.8603,37.100996862058416
1.8659,37.129952208651275
1.8715,36.956220129094106
1.8772,36.92726478250125
1.8825,37.129952208651275
1.8881,37.07204151546556
1.8937,36.956220129094106
1.8994,37.01413082227983
1.9047,37.100996862058416
1.9103,36.92726478250125
1.9159,36.78248804953694
1.9216,37.100996862058416
1.9269,37.07204151546556
1.9326,36.956220129094106
1.9381,37.01413082227983
1.9437,37.100996862058416
1.9491,36.956220129094106
1.9548,36.98517547568697
1.9604,37.129952208651275
1.9658,36.98517547568697
1.9714,36.956220129094106
1.977,37.129952208651275
1.9827,37.07204151546556
1.9881,36.92726478250125
1.9937,37.01413082227983
1.9993,37.15890755524414
2.0047,37.07204151546556
2.0104,36.92726478250125
2.0158,37.100996862058416
2.0214,37.01413082227983
2.027,36.92726478250125
2.0327,37.07204151546556
2.0381,37.07204151546556
2.0437,36.89830943590839
2.0493,36.956220129094106
2.0547,37.100996862058416
2.0604,36.98517547568697
2.066,36.956220129094106
2.0714,37.15890755524414
2.077,37.07204151546556
2.0827,36.92726478250125
2.088,36.98517547568697
2.0937,37.187862901837
2.0993,36.98517547568697
2.1047,36.89830943590839
2.1103,37.129952208651275
2.1159,37.01413082227983
2.1216,36.956220129094106
2.1269,37.100996862058416
2.1326,37.07204151546556
2.1382,36.89830943590839
2.1438,37.01413082227983
2.1492,37.07204151546556
2.1548,37.01413082227983
2.1604,36.89830943590839
2.1658,37.100996862058416
2.1714,37.100996862058416
2.177,36.92726478250125
2.1827,36.98517547568697
2.188,37.15890755524414
2.1937,37.04308616887269
2.1992,36.92726478250125
2.2048,37.129952208651275
2.2102,37.187862901837
2.2158,36.956220129094106
2.2215,36.89830943590839
2.227,37.129952208651275
2.2327,37.07204151546556
2.2381,36.98517547568697
2.2437,37.100996862058416
2.2493,36.956220129094106
2.2547,36.92726478250125
2.2603,36.98517547568697
2.266,37.129952208651275
2.2713,36.98517547568697
2.277,36.89830943590839
2.2826,37.100996862058416
2.2883,37.129952208651275
2.2937,36.89830943590839
2.2993,37.04308616887269
2.3047,37.100996862058416
2.3103,37.04308616887269
2.3159,36.89830943590839
2.3216,37.07204151546556
2.3269,37.07204151546556
2.3326,36.89830943590839
2.3382,37.04308616887269
2.3436,37.100996862058416
2.3493,36.92726478250125
2.3549,36.98517547568697
2.3603,37.129952208651275
2.3659,37.07204151546556
2.3716,36.92726478250125
2.3769,37.01413082227983
2.3826,37.100996862058416
2.3882,36.98517547568697
2.3936,36.956220129094106
2.3992,37.129952208651275
2.4049,37.04308616887269
2.4102,36.86935408931552
2.4159,37.01413082227983
2.4215,37.129952208651275
2.4269,36.956220129094106
2.4325,36.92726478250125
2.4382,37.129952208651275
2.4438,37.07204151546556
2.4492,36.98517547568697
2.4548,36.98517547568697
2.4605,37.15890755524414
2.4659,37.04308616887269
2.4715,36.98517547568697
2.4772,37.100996862058416
2.4826,37.07204151546556
2.4882,36.89830943590839
2.4936,37.129952208651275
2.4992,37.100996862058416
2.5049,36.956220129094106
2.5102,37.01413082227983
2.5159,37.15890755524414
2.5216,36.956220129094106
2.527,36.956220129094106
2.5326,37.04308616887269
2.538,37.100996862058416
2.5437,36.86935408931552
2.5493,37.01413082227983
2.5547,37.07204151546556
2.5603,36.92726478250125
2.566,37.01413082227983
2.5714,37.100996862058416
2.577,36.98517547568697
2.5827,36.89830943590839
2.5881,37.07204151546556
2.5938,37.15890755524414
2.5991,36.98517547568697
2.6048,36.89830943590839
2.6105,37.07204151546556
2.6158,37.04308616887269
2.6215,36.89830943590839
2.6272,37.01413082227983
2.6326,37.15890755524414
2.6382,36.956220129094106
2.6436,36.89830943590839
2.6493,37.100996862058416
2.6547,37.129952208651275
2.6603,36.956220129094106
2.666,37.01413082227983
2.6714,37.15890755524414
2.677,36.98517547568697
2.6825,36.956220129094106
2.6882,37.129952208651275
2.6939,37.100996862058416
2.6993,36.92726478250125
2.7049,36.98517547568697
2.7103,37.100996862058416
2.716,36.98517547568697
2.7214,37.04308616887269
2.727,37.15890755524414
2.7327,36.956220129094106
2.7381,36.956220129094106
2.7437,37.129952208651275
2.7494,37.01413082227983
2.7548,36.956220129094106
2.7604,37.07204151546556
2.7658,37.07204151546556
2.7715,36.89830943590839
2.7771,36.956220129094106
2.7825,37.100996862058416
2.7881,37.100996862058416
2.7938,36.92726478250125
2.7992,37.01413082227983
2.8049,37.15890755524414
2.8103,36.956220129094106
2.8159,36.98517547568697
2.8216,37.129952208651275
2.8269,37.07204151546556
2.8326,36.86935408931552
2.8382,37.04308616887269
2.8436,37.129952208651275
2.8492,36.98517547568697
2.855,36.92726478250125
2.8604,37.07204151546556
2.866,37.07204151546556
2.8714,36.98517547568697
2.877,37.01413082227983
2.8827,37.129952208651275
2.8883,37.01413082227983
2.8937,36.956220129094106
2.8994,37.15890755524414
2.9048,37.100996862058416
2.9104,36.92726478250125
2.9158,37.04308616887269
2.9214,37.187862901837
2.9271,36.98517547568697
2.9327,36.956220129094106
2.9381,37.129952208651275
2.9437,37.04308616887269
2.9491,36.92726478250125
2.9548,37.04308616887269
2.9605,37.129952208651275
2.9659,36.92726478250125
2.9716,36.92726478250125
2.977,37.100996862058416
2.9827,37.15890755524414
2.9883,36.956220129094106
2.9937,36.98517547568697
2.9994,37.187862901837
3.0048,37.04308616887269
3.0105,36.86935408931552
3.0159,37.07204151546556
3.0216,37.129952208651275
3.0269,37.01413082227983
3.0326,36.98517547568697
3.0383,37.129952208651275
3.0436,37.04308616887269
3.0493,36.92726478250125
3.0547,37.07204151546556
3.0604,37.100996862058416
3.066,36.92726478250125
3.0714,36.98517547568697
3.0771,37.129952208651275
3.0825,37.129952208651275
3.0881,36.89830943590839
3.0937,37.01413082227983
3.0994,37.100996862058416
3.1047,37.01413082227983
3.1103,36.92726478250125
3.116,37.07204151546556
3.1214,37.100996862058416
3.1271,36.92726478250125
3.1327,36.98517547568697
3.1381,37.129952208651275
3.1438,36.956220129094106
3.1492,36.89830943590839
3.1548,37.100996862058416
3.1605,37.04308616887269
3.1659,36.92726478250125
3.1715,37.04308616887269
3.177,37.07204151546556
3.1826,36.92726478250125
3.1882,36.98517547568697
3.1936,37.100996862058416
3.1993,37.07204151546556
3.2049,36.92726478250125
3.2103,37.01413082227983
3.216,37.15890755524414
3.2216,37.04308616887269
3.227,36.92726478250125
3.2327,37.01413082227983
3.238,37.07204151546556
3.2437,36.92726478250125
3.2494,36.956220129094106
3.2547,37.129952208651275
3.2604,37.01413082227983
3.266,36.98517547568697
3.2714,37.07204151546556
3.2771,37.100996862058416
3.2825,36.956220129094106
3.2882,36.98517547568697
3.2938,37.100996862058416
3.2992,36.98517547568697
3.3049,36.98517547568697
3.3103,37.100996862058416
3.3159,37.07204151546556
3.3216,36.92726478250125
3.327,36.92726478250125
3.3326,37.15890755524414
3.3381,37.100996862058416
3.3438,36.86935408931552
3.3491,37.04308616887269
3.3548,37.15890755524414
3.3605,37.01413082227983
3.3659,36.92726478250125
3.3715,37.01413082227983
3.3771,37.129952208651275
3.3825,36.956220129094106
3.3882,36.956220129094106
3.3936,37.187862901837
3.3992,37.100996862058416
3.4049,36.89830943590839
3.4105,36.98517547568697
3.4159,37.15890755524414
3.4215,36.98517547568697
3.4272,36.98517547568697
3.4326,37.100996862058416
3.4382,37.07204151546556
3.4436,36.86935408931552
3.4493,37.04308616887269
3.4547,37.129952208651275
3.4603,36.89830943590839
3.466,36.92726478250125
3.4716,37.07204151546556
3.477,37.04308616887269
3.4826,36.92726478250125
3.488,36.956220129094106
3.4937,37.15890755524414
3.4994,37.01413082227983
3.5048,36.89830943590839
3.5104,37.07204151546556
3.516,37.15890755524414
3.5214,36.92726478250125
3.527,36.89830943590839
3.5327,37.129952208651275
3.5381,37.04308616887269
3.5437,36.92726478250125
3.5493,37.100996862058416
3.5548,37.01413082227983
3.5604,36.89830943590839
3.5658,37.01413082227983
3.5715,37.100996862058416
3.5771,37.04308616887269
3.5825,36.89830943590839
3.5881,37.04308616887269
3.5938,37.129952208651275
3.5992,36.98517547568697
3.6048,36.92726478250125
3.6102,37.100996862058416
3.6159,37.04308616887269
3.6216,36.98517547568697
3.627,37.01413082227983
3.6326,37.100996862058416
3.6383,37.04308616887269
3.6437,36.72457735635122
3.6493,36.956220129094106
3.6547,37.129952208651275
3.6604,37.01413082227983
3.6658,36.956220129094106
3.6715,37.100996862058416
3.6771,37.100996862058416
3.6827,36.92726478250125
3.6881,36.956220129094106
3.6938,37.129952208651275
3.6992,37.07204151546556
3.7048,36.89830943590839
3.7105,37.01413082227983
3.7159,37.100996862058416
3.7216,37.04308616887269
3.7272,36.89830943590839
3.7325,37.129952208651275
3.7382,37.07204151546556
3.7438,36.89830943590839
3.7492,36.956220129094106
3.7549,37.187862901837
3.7605,36.98517547568697
3.7659,36.86935408931552
3.7715,37.07204151546556
3.7772,37.100996862058416
3.7825,36.98517547568697
3.7882,36.956220129094106
3.7938,37.129952208651275
3.7992,37.04308616887269
3.8048,36.89830943590839
3.8105,37.01413082227983
3.8159,37.129952208651275
3.8216,37.01413082227983
3.8272,36.92726478250125
3.8326,37.07204151546556
3.8382,37.129952208651275
3.8436,36.98517547568697
3.8492,36.956220129094106
3.8549,37.100996862058416
3.8603,37.01413082227983
3.866,36.92726478250125
3.8714,37.01413082227983
3.877,37.129952208651275
3.8827,36.956220129094106
3.8881,36.98517547568697
3.8937,37.15890755524414
3.8994,37.01413082227983
3.9047,36.86935408931552
3.9104,37.01413082227983
3.916,37.15890755524414
3.9214,37.01413082227983
3.9271,37.01413082227983
3.9328,37.07204151546556
3.9381,37.04308616887269
3.9438,36.92726478250125
3.9494,37.04308616887269
3.9548,37.15890755524414
3.9604,36.92726478250125
3.9661,36.92726478250125
3.9715,37.100996862058416
3.9772,37.07204151546556
3.9825,36.89830943590839
3.9882,36.89830943590839
3.9938,37.129952208651275
3.9995,37.01413082227983
4.0048,36.92726478250125
4.0105,37.07204151546556
4.0158,37.15890755524414
4.0215,36.98517547568697
4.0272,36.956220129094106
4.0326,37.100996862058416
4.0382,37.100996862058416
4.0439,36.956220129094106
4.0492,37.01413082227983
4.0548,37.07204151546556
4.0605,36.98517547568697
4.0658,36.956220129094106
4.0715,37.15890755524414
4.0772,37.04308616887269
4.0826,36.956220129094106
4.0882,37.04308616887269
4.0939,37.100996862058416
4.0992,37.04308616887269
4.1049,36.92726478250125
4.1103,37.100996862058416
4.1159,37.129952208651275
4.1215,36.89830943590839
4.1272,36.92726478250125
4.1325,37.129952208651275
4.1382,37.04308616887269
4.1439,36.89830943590839
4.1492,37.04308616887269
4.1549,37.15890755524414
4.1603,36.956220129094106
4.166,37.01413082227983
4.1716,37.100996862058416
4.177,37.07204151546556
4.1826,36.89830943590839
4.1882,37.04308616887269
4.1938,37.129952208651275
4.1994,37.04308616887269
4.2048,36.86935408931552
4.2104,37.07204151546556
4.216,37.100996862058416
4.2214,36.92726478250125
4.2271,36.98517547568697
4.2327,37.100996862058416
4.2381,36.956220129094106
4.2438,36.89830943590839
4.2494,37.07204151546556
4.2548,37.100996862058416
4.2604,36.92726478250125
4.2658,37.01413082227983
4.2715,37.129952208651275
4.2771,37.04308616887269
4.2825,36.92726478250125
4.2881,37.04308616887269
4.2938,37.07204151546556
4.2992,36.92726478250125
4.3049,36.98517547568697
4.3105,37.129952208651275
4.3159,37.01413082227983
4.3215,36.956220129094106
4.3272,37.04308616887269
4.3325,37.07204151546556
4.3382,36.89830943590839
4.3439,36.98517547568697
4.3492,37.15890755524414
4.3549,36.98517547568697
4.3605,36.92726478250125
4.3658,37.07204151546556
4.3715,37.100996862058416
4.3771,36.956220129094106
4.3828,36.956220129094106
4.3881,37.15890755524414
4.3938,37.100996862058416
4.3992,36.89830943590839
4.4049,37.07204151546556
4.4105,37.15890755524414
4.4159,36.956220129094106
4.4215,36.84039874272266
4.4272,37.07204151546556
4.4325,37.100996862058416
4.4382,36.89830943590839
4.4438,36.92726478250125
4.4492,37.129952208651275
4.4549,37.04308616887269
4.4605,36.89830943590839
4.4659,37.04308616887269
4.4715,37.129952208651275
4.4772,36.98517547568697
4.4826,36.956220129094106
4.4882,37.15890755524414
4.4938,37.04308616887269
4.4992,36.89830943590839
4.5049,37.01413082227983
4.5105,37.129952208651275
4.5159,36.98517547568697
4.5214,36.92726478250125
4.527,37.07204151546556
4.5327,37.129952208651275
4.5383,36.89830943590839
4.5437,37.01413082227983
4.5492,37.100996862058416
4.5548,37.04308616887269
4.5605,36.86935408931552
4.5659,36.98517547568697
4.5715,37.187862901837
4.577,36.956220129094106
4.5826,36.956220129094106
4.5883,37.100996862058416
4.5937,37.07204151546556
4.5993,36.84039874272266
4.6048,36.98517547568697
4.6105,37.15890755524414
4.6159,37.07204151546556
4.6215,36.89830943590839
4.6272,37.07204151546556
4.6326,37.07204151546556
4.6382,36.956220129094106
4.6438,36.92726478250125
4.6492,37.129952208651275
4.6549,37.129952208651275
4.6604,36.92726478250125
4.6661,36.956220129094106
4.6715,37.129952208651275
4.6772,37.01413082227983
4.6825,36.89830943590839
4.6882,37.07204151546556
4.6938,37.100996862058416
4.6992,37.04308616887269
4.7048,36.956220129094106
4.7105,37.129952208651275
4.7158,37.07204151546556
4.7215,36.956220129094106
4.7269,36.98517547568697
4.7325,37.15890755524414
4.7382,36.98517547568697
4.7438,36.956220129094106
4.7492,37.129952208651275
4.7548,37.129952208651275
4.7604,36.89830943590839
4.7661,36.92726478250125
4.7715,37.129952208651275
4.7771,36.98517547568697
4.7825,36.89830943590839
4.7882,37.07204151546556
4.7938,37.100996862058416
4.7992,36.956220129094106
4.8048,36.956220129094106
4.8105,37.100996862058416
4.8158,37.100996862058416
4.8214,36.956220129094106
4.8271,36.956220129094106
4.8327,37.100996862058416
4.8381,37.04308616887269
4.8438,36.956220129094106
4.8494,37.129952208651275
4.8548,37.129952208651275
4.8604,36.92726478250125
4.8661,37.01413082227983
4.8714,37.100996862058416
4.8771,37.04308616887269
4.8827,36.92726478250125
4.8881,37.07204151546556
4.8938,37.129952208651275
4.8992,36.98517547568697
4.9048,36.956220129094106
4.9105,37.15890755524414
4.9161,37.07204151546556
4.9215,36.89830943590839
4.9271,37.04308616887269
4.9325,37.15890755524414
4.9382,36.956220129094106
4.9439,36.92726478250125
4.9492,37.07204151546556
4.9549,37.100996862058416
4.9605,36.92726478250125
4.9659,37.01413082227983
4.9715,37.100996862058416
4.9772,37.04308616887269
4.9825,36.84039874272266
4.9881,37.04308616887269
4.9938,37.15890755524414
4.9992,37.04308616887269
5.0049,36.86935408931552
5.0105,37.100996862058416
5.0159,37.129952208651275
5.0215,36.956220129094106
5.0271,36.92726478250125
5.0325,37.07204151546556
5.0382,37.01413082227983
5.0438,36.89830943590839
5.0494,37.100996862058416
5.0549,37.129952208651275
5.0605,36.92726478250125
5.0659,36.92726478250125
5.0716,37.129952208651275
5.077,37.01413082227983
5.0826,36.89830943590839
5.0882,37.07204151546556
5.0939,37.129952208651275
5.0993,36.92726478250125
5.1049,36.98517547568697
5.1103,37.129952208651275
5.116,37.04308616887269
5.1216,36.92726478250125
5.127,37.01413082227983
5.1326,37.129952208651275
5.1383,36.956220129094106
5.1436,36.92726478250125
5.1493,37.15890755524414
5.1549,37.07204151546556
5.1606,36.92726478250125
5.166,37.07204151546556
5.1717,37.129952208651275
5.177,37.01413082227983
5.1827,36.92726478250125
5.188,37.100996862058416
5.1937,37.129952208651275
5.1994,36.92726478250125
5.205,37.01413082227983
5.2104,37.15890755524414
5.216,37.07204151546556
5.2214,36.92726478250125
5.227,37.04308616887269
5.2325,37.100996862058416
5.2382,36.98517547568697
5.2438,36.98517547568697
5.2492,37.187862901837
5.2548,37.100996862058416
5.2604,36.956220129094106
5.2661,37.07204151546556
5.2714,37.100996862058416
5.2771,36.92726478250125
5.2827,36.92726478250125
5.2883,37.187862901837
5.2936,37.07204151546556
5.2992,36.86935408931552
5.3049,36.98517547568697
5.3105,37.100996862058416
5.3159,36.92726478250125
5.3215,36.956220129094106
5.3269,37.07204151546556
5.3325,37.04308616887269
5.3382,36.92726478250125
5.3438,36.956220129094106
5.3492,37.187862901837
5.3549,37.04308616887269
5.3605,36.956220129094106
5.3659,37.04308616887269
5.3715,37.07204151546556
5.3771,36.956220129094106
5.3826,36.98517547568697
5.3882,37.15890755524414
5.3939,37.04308616887269
5.3992,36.89830943590839
5.4049,37.04308616887269
5.4105,37.100996862058416
5.4159,37.01413082227983
5.4215,36.98517547568697
5.4272,37.15890755524414
5.4326,37.07204151546556
5.4383,36.92726478250125
5.4436,36.98517547568697
5.4493,37.100996862058416
5.455,36.956220129094106
5.4604,36.92726478250125
5.466,37.07204151546556
5.4717,37.100996862058416
5.477,36.89830943590839
5.4827,36.956220129094106
5.4881,37.15890755524414
5.4937,37.07204151546556
5.4994,36.956220129094106
5.5048,37.01413082227983
5.5104,37.100996862058416
5.5161,37.01413082227983
5.5215,36.956220129094106
5.5271,37.129952208651275
5.5328,37.129952208651275
5.5382,36.956220129094106
5.5438,36.956220129094106
5.5495,37.100996862058416
5.5548,36.98517547568697
5.5605,36.956220129094106
5.5661,37.07204151546556
5.5715,37.07204151546556
5.5771,36.98517547568697
5.5828,37.04308616887269
5.5881,37.07204151546556
5.5938,36.92726478250125
5.5994,36.98517547568697
5.6048,37.100996862058416
5.6104,37.01413082227983
5.616,36.92726478250125
5.6217,37.04308616887269
5.627,37.100996862058416
5.6327,36.92726478250125
5.6383,37.01413082227983
5.6438,37.129952208651275
5.6494,36.956220129094106
5.6548,36.92726478250125
5.6604,37.15890755524414
5.6661,37.04308616887269
5.6714,36.89830943590839
5.6771,37.04308616887269
5.6827,37.100996862058416
5.6881,37.01413082227983
5.6938,36.956220129094106
5.6992,37.15890755524414
5.7049,37.07204151546556
5.7105,36.86935408931552
5.7159,37.01413082227983
5.7215,37.129952208651275
5.7271,37.01413082227983
5.7328,36.84039874272266
5.7381,37.07204151546556
5.7437,37.129952208651275
5.7494,36.92726478250125
5.7548,37.01413082227983
5.7604,37.100996862058416
5.7659,36.98517547568697
5.7715,36.92726478250125
5.7772,37.07204151546556
5.7826,37.07204151546556
5.7882,36.86935408931552
5.7937,37.01413082227983
5.7994,37.129952208651275
5.8048,36.956220129094106
5.8104,36.956220129094106
5.8161,37.100996862058416
5.8214,37.100996862058416
5.8271,36.92726478250125
5.8327,37.07204151546556
5.8381,37.15890755524414
5.8438,36.956220129094106
5.8494,36.92726478250125
5.8548,37.07204151546556
5.8605,37.129952208651275
5.8661,36.89830943590839
5.8714,36.956220129094106
5.8771,37.15890755524414
5.8827,36.92726478250125
5.8881,36.89830943590839
5.8937,36.89830943590839
5.8993,37.129952208651275
5.9049,37.04308616887269
5.9103,36.89830943590839
5.9159,37.01413082227983
5.9216,37.129952208651275
5.9271,36.98517547568697
5.9327,36.92726478250125
5.9384,37.129952208651275
5.9437,37.07204151546556
5.9494,36.956220129094106
5.9548,36.98517547568697
5.9604,37.187862901837
5.9658,36.956220129094106
5.9715,36.92726478250125
5.9771,37.100996862058416
5.9828,37.187862901837
5.9881,36.92726478250125
5.9937,36.92726478250125
5.9994,37.07204151546556
6.0048,37.100996862058416
6.0104,36.92726478250125
6.0159,36.98517547568697
6.0214,37.187862901837
6.0271,37.01413082227983
6.0327,36.92726478250125
6.0384,36.98517547568697
6.0437,37.129952208651275
6.0494,37.01413082227983
6.0548,36.92726478250125
6.0604,37.07204151546556
6.066,37.129952208651275
6.0715,36.956220129094106
6.0771,36.92726478250125
6.0828,37.100996862058416
6.0881,37.04308616887269
6.0938,36.84039874272266
6.0994,37.04308616887269
6.105,37.15890755524414
6.1104,37.01413082227983
6.116,36.92726478250125
6.1217,37.100996862058416
6.1271,37.04308616887269
6.1328,36.89830943590839
6.1381,36.98517547568697
6.1438,37.187862901837
6.1494,37.04308616887269
6.1548,36.86935408931552
6.1604,37.01413082227983
6.166,37.129952208651275
6.1717,36.956220129094106
6.1771,36.98517547568697
6.1827,37.100996862058416
6.1881,37.100996862058416
6.1938,36.92726478250125
6.1994,36.89830943590839
6.205,37.100996862058416
6.2104,37.01413082227983
6.216,36.92726478250125
6.2217,37.01413082227983
6.227,37.07204151546556
6.2327,36.92726478250125
6.2381,36.98517547568697
6.2437,37.100996862058416
6.2494,37.01413082227983
6.255,36.92726478250125
6.2604,37.01413082227983
6.2661,37.15890755524414
6.2717,36.956220129094106
6.2771,36.92726478250125
6.2825,37.100996862058416
6.2882,37.04308616887269
6.2938,36.92726478250125
6.2994,37.01413082227983
6.3048,37.129952208651275
6.3105,36.956220129094106
6.3161,36.956220129094106
6.3215,37.07204151546556
6.3271,37.01413082227983
6.3328,36.92726478250125
6.3382,36.956220129094106
6.3438,37.15890755524414
6.3492,36.956220129094106
6.3549,36.92726478250125
6.3605,37.07204151546556
6.3659,37.129952208651275
6.3715,36.92726478250125
6.3772,37.01413082227983
6.3828,37.07204151546556
6.3881,36.956220129094106
6.3938,36.956220129094106
6.3992,37.129952208651275
6.4049,37.04308616887269
6.4105,36.92726478250125
6.4162,36.98517547568697
6.4215,37.129952208651275
6.4272,36.98517547568697
6.4328,36.89830943590839
6.4382,37.100996862058416
6.4439,37.07204151546556
6.4492,36.92726478250125
6.4549,36.956220129094106
6.4605,37.15890755524414
6.4659,37.04308616887269
6.4716,36.92726478250125
6.4772,36.98517547568697
6.4826,37.15890755524414
6.4882,36.98517547568697
6.4938,36.92726478250125
6.4992,37.01413082227983
6.5049,37.07204151546556
6.5105,36.89830943590839
6.5162,36.92726478250125
6.5215,37.15890755524414
6.5271,37.01413082227983
6.5328,36.98517547568697
6.5382,37.07204151546556
6.5438,37.01413082227983
6.5494,36.98517547568697
6.5549,37.04308616887269
6.5605,37.15890755524414
6.5661,36.956220129094106
6.5715,36.92726478250125
6.5771,37.04308616887269
6.5828,37.07204151546556
6.5882,37.01413082227983
6.5938,36.98517547568697
6.5992,37.15890755524414
6.6048,37.04308616887269
6.6105,36.86935408931552
6.6162,37.04308616887269
6.6215,37.100996862058416
6.6272,36.98517547568697
6.6326,36.89830943590839
6.6382,37.129952208651275
6.6439,37.07204151546556
6.6492,36.89830943590839
6.6549,37.01413082227983
6.6606,37.129952208651275
6.6659,36.92726478250125
6.6716,36.89830943590839
6.6772,37.129952208651275
6.6826,37.07204151546556
6.6882,36.89830943590839
6.6938,37.07204151546556
6.6995,37.07204151546556
6.7049,36.956220129094106
6.7106,36.98517547568697
6.7159,37.129952208651275
6.7216,37.07204151546556
6.7272,36.89830943590839
6.7326,37.01413082227983
6.7382,37.100996862058416
6.7438,37.04308616887269
6.7495,36.92726478250125
6.7548,37.04308616887269
6.7605,37.100996862058416
6.7659,36.956220129094106
6.7716,36.86935408931552
6.7772,37.100996862058416
6.7826,37.100996862058416
6.7882,36.956220129094106
6.7938,36.956220129094106
6.7992,37.07204151546556
6.8049,37.129952208651275
6.8105,36.89830943590839
6.8159,36.956220129094106
6.8216,37.187862901837
6.8272,37.07204151546556
6.8326,36.92726478250125
6.8382,37.01413082227983
6.8438,37.15890755524414
6.8495,37.01413082227983
6.8549,36.86935408931552
6.8605,37.100996862058416
6.8662,37.04308616887269
6.8716,36.956220129094106
6.8772,37.04308616887269
6.8828,37.129952208651275
6.8882,36.98517547568697
6.8938,36.92726478250125
6.8992,37.100996862058416
6.9049,37.04308616887269
6.9105,36.89830943590839
6.9161,37.07204151546556
6.9215,37.07204151546556
6.9272,36.956220129094106
6.9328,36.89830943590839
6.9381,37.07204151546556
6.9438,37.07204151546556
6.9494,36.89830943590839
6.9548,36.98517547568697
6.9605,37.100996862058416
6.9661,36.956220129094106
6.9715,36.92726478250125
6.9771,37.100996862058416
6.9826,37.04308616887269
6.9882,36.956220129094106
6.9939,37.07204151546556
6.9993,37.15890755524414
7.0049,37.01413082227983
7.0106,36.956220129094106
7.016,37.15890755524414
7.0216,37.04308616887269
7.0272,36.84039874272266
7.0326,37.04308616887269
7.0383,37.187862901837
7.0439,37.01413082227983
7.0493,36.86935408931552
7.0549,37.07204151546556
7.0606,37.100996862058416
7.0659,36.89830943590839
7.0716,37.01413082227983
7.0772,37.129952208651275
7.0826,37.01413082227983
7.0883,36.86935408931552
7.0939,37.100996862058416
7.0993,37.100996862058416
7.1049,36.84039874272266
7.1106,36.956220129094106
7.1159,37.15890755524414
7.1216,37.04308616887269
7.1273,36.92726478250125
7.1327,37.04308616887269
7.1383,37.129952208651275
7.1439,36.92726478250125
7.1493,37.01413082227983
7.1549,37.04308616887269
7.1606,36.98517547568697
7.1659,37.01413082227983
7.1716,37.129952208651275
7.1772,37.01413082227983
7.1826,36.89830943590839
7.1883,37.01413082227983
7.1939,37.129952208651275
7.1993,36.92726478250125
7.2049,37.04308616887269
7.2106,37.100996862058416
7.2159,37.07204151546556
7.2215,36.92726478250125
7.2272,37.07204151546556
7.2328,37.129952208651275
7.2382,36.956220129094106
7.2439,36.956220129094106
7.2492,37.15890755524414
7.2549,37.07204151546556
7.2605,36.92726478250125
7.2662,37.04308616887269
7.2715,37.100996862058416
7.2772,36.89830943590839
7.2828,36.89830943590839
7.2882,37.07204151546556
7.2939,37.07204151546556
7.2995,36.92726478250125
7.3049,37.07204151546556
7.3105,37.129952208651275
7.3159,36.956220129094106
7.3215,36.8114433961298
7.3272,37.07204151546556
7.3328,37.07204151546556
7.3382,36.956220129094106
7.3438,37.01413082227983
7.3492,37.100996862058416
7.3549,36.98517547568697
7.3605,36.92726478250125
7.3659,37.04308616887269
7.3716,37.100996862058416
7.3773,37.01413082227983
7.3827,36.956220129094106
7.3883,37.100996862058416
7.3939,37.07204151546556
7.3993,36.86935408931552
7.405,37.04308616887269
7.4105,37.100996862058416
7.4161,37.01413082227983
7.4215,36.89830943590839
7.427,37.07204151546556
7.4327,37.15890755524414
7.4383,36.92726478250125
7.4437,36.98517547568697
7.4493,37.187862901837
7.4548,37.04308616887269
7.4605,36.86935408931552
7.4661,37.07204151546556
7.4715,37.129952208651275
7.4771,36.956220129094106
7.4827,36.92726478250125
7.4883,37.129952208651275
7.4937,37.04308616887269
7.4993,36.92726478250125
7.505,37.100996862058416
7.5104,37.129952208651275
7.516,36.92726478250125
7.5217,36.98517547568697
7.5273,37.15890755524414
7.5327,37.01413082227983
7.5383,36.92726478250125
7.5439,37.07204151546556
7.5493,37.07204151546556
7.5549,36.92726478250125
7.5605,36.98517547568697
7.566,37.100996862058416
7.5716,36.98517547568697
7.5773,36.92726478250125
7.5826,37.129952208651275
7.5882,37.07204151546556
7.5939,36.92726478250125
7.5993,36.98517547568697
7.6049,37.15890755524414
7.6106,37.04308616887269
7.616,36.92726478250125
7.6216,37.04308616887269
7.6273,37.129952208651275
7.6326,36.92726478250125
7.6383,36.956220129094106
7.6439,37.15890755524414
7.6493,37.01413082227983
7.6549,36.86935408931552
7.6606,37.100996862058416
7.6659,37.129952208651275
7.6716,36.92726478250125
7.6773,36.956220129094106
7.6826,37.100996862058416
7.6883,37.07204151546556
7.6939,36.89830943590839
7.6992,37.01413082227983
7.7049,37.15890755524414
7.7105,36.89830943590839
7.7162,36.89830943590839
7.7216,37.07204151546556
7.7272,37.07204151546556
7.7328,36.92726478250125
7.7382,37.07204151546556
7.7438,37.15890755524414
7.7495,36.92726478250125
7.7549,36.92726478250125
7.7605,37.100996862058416
7.7661,37.07204151546556
7.7715,36.92726478250125
7.7772,37.04308616887269
7.7828,37.01413082227983
7.7882,36.98517547568697
7.7938,36.98517547568697
7.7995,37.129952208651275
7.8048,37.129952208651275
7.8105,36.92726478250125
7.8161,37.01413082227983
7.8218,37.187862901837
7.8272,36.956220129094106
7.8328,36.89830943590839
7.8382,37.15890755524414
7.8438,37.07204151546556
7.8495,36.956220129094106
7.8548,37.01413082227983
7.8604,37.129952208651275
7.8661,37.01413082227983
7.8717,36.89830943590839
7.8771,37.07204151546556
7.8828,37.129952208651275
7.8884,36.89830943590839
7.8938,37.01413082227983
7.8994,37.129952208651275
7.905,37.01413082227983
7.9104,36.92726478250125
7.916,37.07204151546556
7.9217,37.129952208651275
7.927,36.92726478250125
7.9327,37.01413082227983
7.9384,37.15890755524414
7.9437,37.07204151546556
7.9494,36.84039874272266
7.955,37.04308616887269
7.9604,37.15890755524414
7.966,36.98517547568697
7.9716,36.89830943590839
7.9773,37.129952208651275
7.9826,37.129952208651275
7.9882,36.956220129094106
7.9939,36.92726478250125
7.9993,37.100996862058416
8.005,37.04308616887269
8.0106,36.92726478250125
8.016,37.01413082227983
8.0216,37.15890755524414
8.0272,37.01413082227983
8.0326,36.86935408931552
8.0383,37.100996862058416
8.0439,37.07204151546556
8.0493,36.92726478250125
8.0549,36.92726478250125
8.0606,37.129952208651275
8.0659,37.04308616887269
8.0716,36.89830943590839
8.0773,37.07204151546556
8.0826,37.07204151546556
8.0882,37.04308616887269
8.0939,36.956220129094106
8.0993,37.129952208651275
8.1049,37.100996862058416
8.1106,36.956220129094106
8.1159,37.01413082227983
8.1216,37.15890755524414
8.1272,37.04308616887269
8.1329,36.89830943590839
8.1382,37.100996862058416
8.1439,37.129952208651275
8.1493,36.92726478250125
8.1549,36.98517547568697
8.1605,37.100996862058416
8.1662,37.01413082227983
8.1715,36.92726478250125
8.1772,37.07204151546556
8.1828,37.100996862058416
8.1882,36.92726478250125
8.1938,36.956220129094106
8.1995,37.100996862058416
8.2049,37.100996862058416
8.2105,36.89830943590839
8.2161,36.98517547568697
8.2218,37.15890755524414
8.2271,37.07204151546556
8.2328,36.86935408931552
8.2381,37.01413082227983
8.2438,37.187862901837
8.2494,36.956220129094106
8.2551,36.956220129094106
8.2605,37.04308616887269
8.2661,37.07204151546556
8.2717,36.98517547568697
8.2771,36.956220129094106
8.2827,37.100996862058416
8.2884,37.04308616887269
8.294,36.956220129094106
8.2993,37.04308616887269
8.305,37.129952208651275
8.3106,36.956220129094106
8.316,36.956220129094106
8.3217,37.07204151546556
8.3273,37.07204151546556
8.3327,36.92726478250125
8.3383,36.98517547568697
8.3439,37.100996862058416
8.3493,36.92726478250125
8.3549,36.98517547568697
8.3606,37.15890755524414
8.3662,37.01413082227983
8.3716,36.89830943590839
8.3772,37.04308616887269
8.3826,37.100996862058416
8.3882,36.956220129094106
8.3939,36.89830943590839
8.3995,37.100996862058416
8.4049,37.15890755524414
8.4104,36.92726478250125
8.4161,36.89830943590839
8.4217,37.15890755524414
8.4271,37.07204151546556
8.4327,36.89830943590839
8.4384,37.01413082227983
8.4437,37.187862901837
8.4494,37.04308616887269
8.455,36.92726478250125
8.4604,37.100996862058416
8.466,37.04308616887269
8.4717,36.89830943590839
8.4771,37.04308616887269
8.4827,37.129952208651275
8.4883,36.956220129094106
8.4937,36.86935408931552
8.4993,37.100996862058416
8.505,37.04308616887269
8.5106,36.86935408931552
8.516,37.04308616887269
8.5216,37.100996862058416
8.5273,36.98517547568697
8.5327,36.92726478250125
8.5383,37.100996862058416
8.5439,37.04308616887269
8.5493,36.89830943590839
8.5549,36.98517547568697
8.5606,37.187862901837
8.5659,36.98517547568697
8.5715,36.89830943590839
8.5772,37.129952208651275
8.5828,37.07204151546556
8.5882,36.89830943590839
8.5938,37.04308616887269
8.5995,37.15890755524414
8.6048,37.01413082227983
8.6105,36.956220129094106
8.6161,37.129952208651275
8.6215,37.100996862058416
8.6271,36.92726478250125
8.6327,36.956220129094106
8.6383,37.129952208651275
8.6437,37.01413082227983
8.6494,36.86935408931552
8.655,37.07204151546556
8.6606,37.129952208651275
8.666,36.956220129094106
8.6716,36.956220129094106
8.6773,37.100996862058416
8.6826,37.01413082227983
8.6883,36.89830943590839
8.6939,37.100996862058416
8.6993,37.100996862058416
8.7049,36.956220129094106
8.7106,36.92726478250125
8.7159,37.129952208651275
8.7216,37.04308616887269
8.7272,36.89830943590839
8.7328,37.01413082227983
8.7382,37.129952208651275
8.7438,36.98517547568697
8.7492,36.89830943590839
8.7549,37.07204151546556
8.7605,37.15890755524414
8.7662,36.956220129094106
8.7716,36.956220129094106
8.7772,37.15890755524414
8.7828,37.04308616887269
8.7882,36.89830943590839
8.7938,37.01413082227983
8.7995,37.100996862058416
8.8049,36.92726478250125
8.8105,36.956220129094106
8.8162,37.100996862058416
8.8215,37.100996862058416
8.8272,36.86935408931552
8.8328,37.01413082227983
8.8382,37.100996862058416
8.8438,37.01413082227983
8.8494,36.956220129094106
8.8551,37.07204151546556
8.8605,37.07204151546556
8.8661,36.98517547568697
8.8717,37.04308616887269
8.8771,37.15890755524414
8.8827,36.98517547568697
8.8884,36.956220129094106
8.8937,37.100996862058416
8.8994,37.100996862058416
8.905,36.956220129094106
8.9104,37.01413082227983
8.9161,37.187862901837
8.9215,36.98517547568697
8.9271,36.89830943590839
8.9328,37.04308616887269
8.9384,37.187862901837
8.9438,37.01413082227983
8.9493,36.98517547568697
8.9549,37.129952208651275
8.9606,37.07204151546556
8.966,36.89830943590839
8.9717,37.04308616887269
8.9771,37.07204151546556
8.9828,36.98517547568697
8.9882,36.98517547568697
8.9938,37.04308616887269
8.9995,37.04308616887269
9.0049,36.92726478250125
9.0105,37.04308616887269
9.0162,37.129952208651275
9.0216,36.956220129094106
9.0272,37.01413082227983
9.0328,37.07204151546556
9.0384,37.04308616887269
9.0438,36.956220129094106
9.0494,37.07204151546556
9.0548,37.100996862058416
9.0604,36.956220129094106
9.0661,36.98517547568697
9.0716,37.129952208651275
9.077,37.04308616887269
9.0826,36.89830943590839
9.0883,37.07204151546556
9.094,37.129952208651275
9.0993,36.98517547568697
9.105,36.956220129094106
9.1106,37.129952208651275
9.116,37.129952208651275
9.1216,36.92726478250125
9.1272,37.01413082227983
9.1329,37.15890755524414
9.1382,36.98517547568697
9.1438,36.89830943590839
9.1495,37.07204151546556
9.1549,37.129952208651275
9.1605,36.956220129094106
9.1662,36.956220129094106
9.1715,37.15890755524414
9.1772,37.100996862058416
9.1826,36.89830943590839
9.1882,37.04308616887269
9.1938,37.129952208651275
9.1995,37.04308616887269
9.2048,36.92726478250125
9.2105,37.04308616887269
9.2162,37.129952208651275
9.2215,36.92726478250125
9.2271,36.956220129094106
9.2328,37.129952208651275
9.2382,37.100996862058416
9.2438,36.956220129094106
9.2495,36.98517547568697
9.2548,37.129952208651275
9.2605,36.98517547568697
9.2661,36.86935408931552
9.2717,37.100996862058416
9.2771,37.100996862058416
9.2827,36.89830943590839
9.2884,36.98517547568697
9.2938,37.100996862058416
9.2995,37.07204151546556
9.3049,36.89830943590839
9.3105,37.100996862058416
9.3161,37.100996862058416
9.3218,36.92726478250125
9.3271,36.956220129094106
9.3328,37.07204151546556
9.3384,37.01413082227983
9.3438,36.956220129094106
9.3494,37.04308616887269
9.3551,37.100996862058416
9.3604,36.956220129094106
9.3661,36.956220129094106
9.3717,37.129952208651275
9.3771,37.15890755524414
9.3827,36.92726478250125
9.3884,37.01413082227983
9.3938,37.129952208651275
9.3994,37.04308616887269
9.4051,36.89830943590839
9.4104,37.07204151546556
9.4161,37.129952208651275
9.4217,36.956220129094106
9.4271,36.956220129094106
9.4327,37.187862901837
9.4383,37.100996862058416
9.444,36.956220129094106
9.4494,36.98517547568697
9.455,37.129952208651275
9.4604,37.01413082227983
9.466,36.92726478250125
9.4716,37.100996862058416
9.4773,37.100996862058416
9.4827,36.89830943590839
9.4883,36.956220129094106
9.4939,37.129952208651275
9.4995,37.129952208651275
9.505,36.92726478250125
9.5106,37.01413082227983
9.5159,37.15890755524414
9.5216,36.98517547568697
9.5272,36.956220129094106
9.5329,37.129952208651275
9.5382,37.04308616887269
9.5439,36.92726478250125
9.5495,37.01413082227983
9.5549,37.129952208651275
9.5606,37.01413082227983
9.5662,36.956220129094106
9.5716,37.100996862058416
9.5772,37.129952208651275
9.5828,36.92726478250125
9.5882,36.98517547568697
9.5938,37.129952208651275
9.5995,37.04308616887269
9.6049,36.92726478250125
9.6105,37.07204151546556
9.6162,37.100996862058416
9.6218,36.92726478250125
9.6272,36.92726478250125
9.6328,37.21681824842986
9.6384,37.07204151546556
9.6438,36.92726478250125
9.6494,36.92726478250125
9.6551,37.15890755524414
9.6605,37.04308616887269
9.6661,36.86935408931552
9.6718,37.01413082227983
9.6771,37.129952208651275
9.6827,36.98517547568697
9.6884,36.86935408931552
9.694,37.07204151546556
9.6993,37.100996862058416
9.705,36.956220129094106
9.7106,36.956220129094106
9.716,37.100996862058416
9.7217,37.04308616887269
9.7273,36.89830943590839
9.7327,37.01413082227983
9.7383,37.129952208651275
9.744,36.956220129094106
9.7493,36.92726478250125
9.755,37.129952208651275
9.7606,37.07204151546556
9.766,36.92726478250125
9.7717,36.98517547568697
9.7773,37.129952208651275
9.7827,37.04308616887269
9.7883,36.89830943590839
9.794,37.07204151546556
9.7993,37.129952208651275
9.805,36.956220129094106
9.8106,36.92726478250125
9.816,37.15890755524414
9.8216,37.07204151546556
9.8273,36.89830943590839
9.8327,36.98517547568697
9.8383,37.15890755524414
9.844,36.98517547568697
9.8493,36.92726478250125
9.855,37.07204151546556
9.8606,37.100996862058416
9.866,36.956220129094106
9.8716,36.92726478250125
9.8773,37.129952208651275
9.8827,37.07204151546556
9.8883,36.86935408931552
9.8939,37.01413082227983
9.8996,37.100996862058416
9.905,37.01413082227983
9.9106,36.86935408931552
9.9162,37.04308616887269
9.9216,37.15890755524414
9.9273,36.956220129094106
9.9329,36.98517547568697
9.9382,37.187862901837
9.9439,37.04308616887269
9.9495,36.92726478250125
9.9549,37.07204151546556
9.9605,37.187862901837
9.9662,36.98517547568697
9.9716,36.86935408931552
9.9772,37.15890755524414
9.9828,37.100996862058416
9.9885,36.92726478250125
9.9938,37.100996862058416
9.9994,37.100996862058416
10.0051,36.92726478250125
10.0105,36.956220129094106
10.0161,37.15890755524414
10.0217,37.04308616887269
10.0271,36.956220129094106
10.0328,37.07204151546556
10.0384,37.07204151546556
10.0438,36.956220129094106
10.0494,36.98517547568697
10.055,37.15890755524414
10.0607,36.98517547568697
10.066,36.89830943590839
10.0717,37.01413082227983
10.0771,37.100996862058416
10.0827,36.956220129094106
10.0883,36.98517547568697
10.094,37.15890755524414
10.0993,37.07204151546556
10.105,36.92726478250125
10.1106,37.04308616887269
10.116,37.100996862058416
10.1216,36.956220129094106
10.1273,36.89830943590839
10.1327,37.129952208651275
10.1383,37.04308616887269
10.144,36.92726478250125
10.1493,37.04308616887269
10.1549,37.07204151546556
10.1606,36.92726478250125
10.1659,36.956220129094106
10.1716,37.100996862058416
10.1772,37.07204151546556
10.1829,36.89830943590839
10.1883,37.07204151546556
10.1939,37.07204151546556
10.1996,36.956220129094106
10.2049,36.92726478250125
10.2106,37.100996862058416
10.2162,37.100996862058416
10.2216,36.89830943590839
10.2272,36.956220129094106
10.2327,37.129952208651275
10.2384,37.07204151546556
10.2438,36.89830943590839
10.2495,37.100996862058416
10.2551,37.129952208651275
10.2605,36.98517547568697
10.2661,36.89830943590839
10.2717,37.15890755524414
10.2771,37.04308616887269
10.2828,36.92726478250125
10.2884,36.98517547568697
10.2938,37.15890755524414
10.2995,36.98517547568697
10.3051,36.956220129094106
10.3105,37.187862901837
10.3161,37.100996862058416
10.3216,36.92726478250125
10.3272,37.01413082227983
10.3326,37.07204151546556
10.3383,36.92726478250125
10.3439,36.98517547568697
10.3493,37.15890755524414
10.355,36.98517547568697
10.3605,36.98517547568697
10.3661,37.100996862058416
10.3718,37.100996862058416
10.3771,36.86935408931552
10.3828,36.98517547568697
10.3883,37.129952208651275
10.3939,37.100996862058416
10.3993,36.92726478250125
10.405,37.01413082227983
10.4106,37.187862901837
10.4161,36.92726478250125
10.4217,36.956220129094106
10.4274,37.15890755524414
10.4327,37.129952208651275
10.4383,36.92726478250125
10.4439,36.92726478250125
10.4496,37.129952208651275
10.455,37.04308616887269
10.4606,36.92726478250125
10.4662,37.07204151546556
10.4716,37.04308616887269
10.4772,36.89830943590839
10.4829,37.04308616887269
10.4883,37.07204151546556
10.4939,37.01413082227983
10.4995,36.92726478250125
10.5049,37.129952208651275
10.5106,37.15890755524414
10.5162,36.956220129094106
10.5216,36.98517547568697
10.5272,37.129952208651275
10.5329,37.100996862058416
10.5382,36.92726478250125
10.5439,37.01413082227983
10.5495,37.100996862058416
10.5551,37.04308616887269
10.5605,36.98517547568697
10.5662,37.04308616887269
10.5718,37.07204151546556
10.5772,36.92726478250125
10.5828,36.98517547568697
10.5882,37.129952208651275
10.5938,36.956220129094106
10.5995,36.956220129094106
10.6051,37.100996862058416
10.6105,37.100996862058416
10.6162,36.89830943590839
10.6218,36.98517547568697
10.6272,37.129952208651275
10.6328,37.04308616887269
10.6382,36.98517547568697
10.6438,37.129952208651275
10.6495,37.01413082227983
10.6551,36.86935408931552
10.6605,37.07204151546556
10.6662,37.129952208651275
10.6718,37.01413082227983
10.6772,36.89830943590839
10.6828,37.100996862058416
10.6884,37.100996862058416
10.6938,36.92726478250125
10.6994,36.98517547568697
10.705,37.129952208651275
10.7104,37.01413082227983
10.716,36.86935408931552
10.7217,37.01413082227983
10.7271,37.129952208651275
10.7327,36.98517547568697
10.7384,36.89830943590839
10.744,37.04308616887269
10.7494,37.129952208651275
10.755,36.98517547568697
10.7604,36.92726478250125
10.7661,37.07204151546556
10.7718,37.100996862058416
10.7771,36.92726478250125
10.7828,36.956220129094106
10.7884,37.15890755524414
10.794,36.98517547568697
10.7994,36.92726478250125
10.805,37.07204151546556
10.8104,37.129952208651275
10.816,36.89830943590839
10.8217,37.01413082227983
10.8271,37.21681824842986
10.8327,36.98517547568697
10.8384,36.92726478250125
10.8441,37.07204151546556
10.8494,37.15890755524414
10.8551,36.92726478250125
10.8607,36.92726478250125
10.866,37.129952208651275
10.8717,37.100996862058416
10.8774,36.92726478250125
10.8827,37.01413082227983
10.8884,37.15890755524414
10.8937,37.04308616887269
10.8994,36.92726478250125
10.905,37.04308616887269
10.9107,37.100996862058416
10.916,36.956220129094106
10.9216,36.956220129094106
10.9273,37.15890755524414
10.9327,37.01413082227983
10.9383,36.92726478250125
10.9439,37.129952208651275
10.9496,37.15890755524414
10.9549,37.01413082227983
10.9606,36.92726478250125
10.9662,37.100996862058416
10.9715,37.129952208651275
10.9772,36.92726478250125
10.9828,36.98517547568697
10.9882,37.129952208651275
10.9939,37.04308616887269
10.9994,36.92726478250125
11.005,36.98517547568697
11.0107,37.129952208651275
11.0161,37.01413082227983
11.0217,36.92726478250125
11.0273,37.07204151546556
11.0327,37.129952208651275
11.0383,36.92726478250125
11.044,37.04308616887269
11.0494,37.129952208651275
11.055,37.04308616887269
11.0607,36.89830943590839
11.066,37.01413082227983
11.0717,37.100996862058416
11.0773,36.98517547568697
11.0829,36.956220129094106
11.0883,37.129952208651275
11.094,37.01413082227983
11.0994,36.956220129094106
11.105,37.04308616887269
11.1106,37.15890755524414
11.116,36.956220129094106
11.1216,36.92726478250125
11.1273,37.07204151546556
11.1329,37.100996862058416
11.1383,36.89830943590839
11.1439,37.01413082227983
11.1493,37.187862901837
11.155,37.01413082227983
11.1606,36.92726478250125
11.166,37.100996862058416
11.1716,37.100996862058416
11.1773,36.956220129094106
11.1829,36.956220129094106
11.1883,37.100996862058416
11.1939,37.01413082227983
11.1996,36.92726478250125
11.205,37.04308616887269
11.2104,37.129952208651275
11.2161,36.92726478250125
11.2217,36.98517547568697
11.2273,37.129952208651275
11.2327,37.04308616887269
11.2383,36.92726478250125
11.244,37.04308616887269
11.2494,37.187862901837
11.255,36.92726478250125
11.2607,37.01413082227983
11.266,37.100996862058416
11.2717,37.01413082227983
11.2773,36.92726478250125
11.2827,37.04308616887269
11.2883,37.129952208651275
11.294,37.01413082227983
11.2993,36.98517547568697
11.305,37.15890755524414
11.3106,37.07204151546556
11.316,36.89830943590839
11.3217,37.04308616887269
11.3273,37.100996862058416
11.3329,36.98517547568697
11.3383,36.98517547568697
11.3439,37.100996862058416
11.3493,36.98517547568697
11.3549,36.956220129094106
11.3606,37.100996862058416
11.3662,37.01413082227983
11.3717,36.92726478250125
11.3773,37.01413082227983
11.3827,37.129952208651275
11.3883,36.956220129094106
11.3939,37.01413082227983
11.3996,37.129952208651275
11.4049,37.100996862058416
11.4106,36.89830943590839
11.4162,37.01413082227983
11.4217,37.187862901837
11.4273,37.01413082227983
11.4327,36.84039874272266
11.4383,36.98517547568697
11.4439,37.15890755524414
11.4496,37.01413082227983
11.455,36.92726478250125
11.4606,37.04308616887269
11.4663,37.129952208651275
11.4717,36.98517547568697
11.4773,36.92726478250125
11.4827,37.100996862058416
11.4883,37.129952208651275
11.494,36.92726478250125
11.4996,36.98517547568697
11.505,37.129952208651275
11.5106,37.07204151546556
11.516,36.92726478250125
11.5216,37.04308616887269
11.5273,37.187862901837
11.5327,37.04308616887269
11.5383,36.956220129094106
11.544,37.07204151546556
11.5493,37.07204151546556
11.555,36.92726478250125
11.5606,37.100996862058416
11.566,37.129952208651275
11.5716,36.89830943590839
11.5773,36.956220129094106
11.5827,37.100996862058416
11.5883,37.01413082227983
11.594,36.98517547568697
11.5994,37.100996862058416
11.605,37.07204151546556
11.6106,36.92726478250125
11.616,37.01413082227983
11.6216,37.100996862058416
11.6273,36.98517547568697
11.6327,36.92726478250125
11.6383,37.100996862058416
11.6439,37.129952208651275
11.6493,36.89830943590839
11.6549,36.98517547568697
11.6606,37.15890755524414
11.6662,36.89830943590839
11.6716,36.92726478250125
11.6772,37.129952208651275
11.6827,37.129952208651275
11.6883,36.89830943590839
11.6939,36.98517547568697
11.6996,37.100996862058416
11.705,37.04308616887269
11.7106,36.89830943590839
11.716,36.98517547568697
11.7216,37.15890755524414
11.7273,36.98517547568697
11.7327,36.89830943590839
11.7383,37.129952208651275
11.7438,37.100996862058416
11.7495,36.956220129094106
11.7551,37.01413082227983
11.7607,37.129952208651275
11.7661,37.01413082227983
11.7716,36.956220129094106
11.7773,37.100996862058416
11.7827,37.07204151546556
11.7884,36.89830943590839
11.794,37.01413082227983
11.7994,37.15890755524414
11.805,36.98517547568697
11.8107,36.89830943590839
11.816,37.100996862058416
11.8217,37.100996862058416
11.8273,36.92726478250125
11.8329,36.92726478250125
11.8383,37.100996862058416
11.844,37.04308616887269
11.8493,36.89830943590839
11.855,36.92726478250125
11.8606,37.129952208651275
11.8663,37.01413082227983
11.8716,36.92726478250125
11.8773,37.100996862058416
11.8828,37.100996862058416
11.8885,36.98517547568697
11.8939,36.956220129094106
11.8995,37.07204151546556
11.9051,37.04308616887269
11.9105,36.92726478250125
11.9161,37.07204151546556
11.9218,37.100996862058416
11.9271,36.92726478250125
11.9328,37.01413082227983
11.9384,37.129952208651275
11.9441,36.98517547568697
11.9495,36.92726478250125
11.9551,37.129952208651275
11.9604,37.07204151546556
11.9661,36.92726478250125
11.9717,37.04308616887269
11.9773,37.129952208651275
11.983,36.956220129094106
11.9883,36.92726478250125
11.994,37.129952208651275
11.9994,37.100996862058416
12.0051,36.92726478250125
12.0105,36.98517547568697
12.0161,37.100996862058416
12.0217,37.01413082227983
12.0274,36.89830943590839
12.0328,37.129952208651275
12.0384,37.100996862058416
12.0438,36.92726478250125
12.0494,37.01413082227983
12.0551,37.15890755524414
12.0605,37.01413082227983
12.0661,36.92726478250125
12.0718,37.129952208651275
12.0774,37.07204151546556
12.0828,36.89830943590839
12.0884,36.956220129094106
12.0941,37.187862901837
12.0994,36.98517547568697
12.1051,36.956220129094106
12.1105,37.100996862058416
12.1161,37.07204151546556
12.1217,36.89830943590839
12.1274,36.98517547568697
12.1327,37.129952208651275
12.1384,36.98517547568697
12.144,36.92726478250125
12.1494,37.01413082227983
12.155,37.100996862058416
12.1607,36.956220129094106
12.1661,36.92726478250125
12.1717,37.100996862058416
12.1774,37.07204151546556
12.1828,36.84039874272266
12.1884,36.98517547568697
12.194,37.15890755524414
12.1994,36.98517547568697
12.205,36.956220129094106
12.2107,37.129952208651275
12.216,37.07204151546556
12.2217,36.92726478250125
12.2274,37.01413082227983
12.2327,37.15890755524414
12.2384,37.01413082227983
12.244,36.956220129094106
12.2496,37.04308616887269
12.255,37.07204151546556
12.2606,36.956220129094106
12.2663,36.92726478250125
12.2717,37.04308616887269
12.2773,37.04308616887269
12.283,36.92726478250125
12.2883,37.04308616887269
12.294,37.15890755524414
12.2996,36.98517547568697
12.305,36.98517547568697
12.3106,37.100996862058416
12.3163,37.04308616887269
12.3217,36.92726478250125
12.3273,37.07204151546556
12.333,37.129952208651275
12.3383,36.98517547568697
12.344,36.92726478250125
12.3496,37.129952208651275
12.355,37.04308616887269
12.3607,36.89830943590839
12.366,37.01413082227983
12.3717,37.129952208651275
12.3771,36.92726478250125
12.3828,36.86935408931552
12.3884,37.07204151546556
12.3941,37.100996862058416
12.3994,36.92726478250125
12.4051,36.98517547568697
12.4105,37.15890755524414
12.4161,37.01413082227983
12.4218,36.92726478250125
12.4272,37.04308616887269
12.4328,37.07204151546556
12.4385,36.98517547568697
12.4438,36.92726478250125
12.4495,37.129952208651275
12.455,37.04308616887269
12.4606,36.92726478250125
12.4663,36.956220129094106
12.4716,37.129952208651275
12.4773,36.98517547568697
12.4827,36.92726478250125
12.4884,37.04308616887269
12.494,37.15890755524414
12.4996,36.956220129094106
12.505,36.956220129094106
12.5106,37.187862901837
12.516,37.04308616887269
12.5217,36.956220129094106
12.5273,37.04308616887269
12.5327,37.100996862058416
12.5384,36.98517547568697
12.544,36.92726478250125
12.5496,37.15890755524414
12.555,37.07204151546556
12.5606,36.89830943590839
12.566,37.01413082227983
12.5716,37.187862901837
12.5773,37.04308616887269
12.5829,36.89830943590839
12.5883,37.04308616887269
12.594,37.15890755524414
12.5994,36.956220129094106
12.605,36.956220129094106
12.6107,37.100996862058416
12.616,37.129952208651275
12.6217,36.89830943590839
12.6273,37.01413082227983
12.633,37.100996862058416
12.6384,37.04308616887269
12.644,36.89830943590839
12.6494,37.07204151546556
12.655,37.07204151546556
12.6606,36.92726478250125
12.6663,37.04308616887269
12.6716,37.129952208651275
12.6773,37.01413082227983
12.6829,36.956220129094106
12.6883,37.07204151546556
12.694,37.15890755524414
12.6994,36.92726478250125
12.705,36.92726478250125
12.7107,37.100996862058416
12.7161,37.04308616887269
12.7217,36.89830943590839
12.7273,37.04308616887269
12.733,37.129952208651275
12.7383,37.01413082227983
12.744,36.956220129094106
12.7494,37.129952208651275
12.755,37.07204151546556
12.7607,36.89830943590839
12.766,36.956220129094106
12.7717,37.100996862058416
12.7773,37.07204151546556
12.783,36.956220129094106
12.7883,37.07204151546556
12.794,37.129952208651275
12.7994,36.89830943590839
12.805,36.92726478250125
12.8105,37.15890755524414
12.8161,37.07204151546556
12.8218,36.956220129094106
12.8272,37.04308616887269
12.8328,37.100996862058416
12.8383,36.98517547568697
12.844,36.956220129094106
12.8494,37.129952208651275
12.8551,37.07204151546556
12.8607,36.92726478250125
12.8661,36.98517547568697
12.8717,37.04308616887269
12.8773,37.01413082227983
12.883,36.92726478250125
12.8883,37.100996862058416
12.894,37.01413082227983
12.8996,36.92726478250125
12.905,37.01413082227983
12.9106,37.01413082227983
12.9163,36.98517547568697
12.9217,36.956220129094106
12.9273,37.187862901837
12.9329,37.01413082227983
12.9383,36.84039874272266
12.944,37.07204151546556
12.9496,37.187862901837
12.955,36.956220129094106
12.9607,36.98517547568697
12.9663,37.15890755524414
12.9717,37.04308616887269
12.9773,36.92726478250125
12.9827,36.98517547568697
12.9883,37.15890755524414
12.994,36.98517547568697
12.9994,36.89830943590839
13.0051,37.01413082227983
13.0105,37.07204151546556
13.0161,36.956220129094106
13.0218,36.92726478250125
13.0274,37.07204151546556
13.0328,37.100996862058416
13.0384,36.92726478250125
13.0441,37.01413082227983
13.0494,37.187862901837
13.0551,37.07204151546556
13.0607,36.92726478250125
13.0661,37.07204151546556
13.0718,37.129952208651275
13.0774,36.956220129094106
13.0828,37.01413082227983
13.0884,37.15890755524414
13.094,37.04308616887269
13.0994,36.956220129094106
13.105,37.07204151546556
13.1107,37.129952208651275
13.1163,36.956220129094106
13.1217,36.92726478250125
13.1274,37.15890755524414
13.1328,37.01413082227983
13.1384,36.92726478250125
13.1441,37.100996862058416
13.1494,37.07204151546556
13.1551,36.89830943590839
13.1607,36.98517547568697
13.1661,37.129952208651275
13.1717,37.04308616887269
13.1773,36.956220129094106
13.1829,37.129952208651275
13.1886,37.07204151546556
13.1939,36.92726478250125
13.1995,37.01413082227983
13.2051,37.15890755524414
13.2107,37.01413082227983
13.2161,36.89830943590839
13.2217,37.01413082227983
13.2274,37.129952208651275
13.2328,37.01413082227983
13.2383,36.956220129094106
13.2439,37.15890755524414
13.2496,37.04308616887269
13.2549,36.89830943590839
13.2606,37.04308616887269
13.2661,37.100996862058416
13.2717,36.956220129094106
13.2772,36.956220129094106
13.2829,37.129952208651275
13.2885,37.01413082227983
13.2939,36.92726478250125
13.2995,37.07204151546556
13.3052,37.245773595022726
13.3105,36.956220129094106
13.3162,36.89830943590839
13.3217,37.07204151546556
13.3274,37.100996862058416
13.3328,36.92726478250125
13.3384,37.04308616887269
13.3441,37.129952208651275
13.3494,36.956220129094106
13.3551,36.92726478250125
13.3605,37.187862901837
13.3661,37.04308616887269
13.3718,36.92726478250125
13.3774,37.01413082227983
13.383,37.100996862058416
13.3884,36.956220129094106
13.3941,36.956220129094106
13.3995,37.129952208651275
13.4051,37.01413082227983
13.4105,36.92726478250125
13.4161,37.04308616887269
13.4216,37.07204151546556
13.4272,36.89830943590839
13.4329,37.07204151546556
13.4385,37.187862901837
13.4439,37.01413082227983
13.4494,36.89830943590839
13.455,37.100996862058416
13.4607,37.129952208651275
13.466,36.92726478250125
13.4717,36.98517547568697
13.4772,37.129952208651275
13.4829,37.07204151546556
13.4885,36.956220129094106
13.4939,37.100996862058416
13.4996,37.100996862058416
13.5049,36.956220129094106
13.5106,36.956220129094106
13.5162,37.07204151546556
13.5218,37.129952208651275
13.5272,36.89830943590839
13.5329,36.956220129094106
13.5382,37.15890755524414
13.5439,37.07204151546556
13.5496,37.01413082227983
13.5549,37.07204151546556
13.5606,37.07204151546556
13.5662,36.92726478250125
13.5719,37.01413082227983
13.5772,37.15890755524414
13.5829,37.01413082227983
13.5885,36.86935408931552
13.5939,37.100996862058416
13.5995,37.04308616887269
13.6052,36.92726478250125
13.6105,37.04308616887269
13.6162,37.04308616887269
13.6218,36.956220129094106
13.6272,37.07204151546556
13.6328,37.15890755524414
13.6385,36.956220129094106
13.6438,36.956220129094106
13.6495,37.187862901837
13.6551,36.98517547568697
13.6605,36.8114433961298
13.6662,37.04308616887269
13.6718,37.129952208651275
13.6772,36.92726478250125
13.6828,36.98517547568697
13.6885,37.04308616887269
13.6939,37.01413082227983
13.6995,36.89830943590839
13.705,37.04308616887269
13.7107,37.100996862058416
13.7161,36.92726478250125
13.7217,36.956220129094106
13.7274,37.129952208651275
13.7328,37.04308616887269
13.7384,36.956220129094106
13.7441,36.956220129094106
13.7494,37.129952208651275
13.755,37.01413082227983
13.7607,36.92726478250125
13.7661,37.100996862058416
13.7717,37.07204151546556
13.7773,36.956220129094106
13.783,37.04308616887269
13.7883,37.07204151546556
13.794,36.956220129094106
13.7996,37.01413082227983
13.805,37.100996862058416
13.8106,37.01413082227983
13.8163,36.92726478250125
13.8217,37.07204151546556
13.8273,37.07204151546556
13.8329,36.956220129094106
13.8383,36.92726478250125
13.8439,37.129952208651275
13.8496,37.07204151546556
13.855,36.89830943590839
13.8606,37.01413082227983
13.8662,37.129952208651275
13.8719,37.07204151546556
13.8773,36.92726478250125
13.8829,37.07204151546556
13.8886,37.100996862058416
13.8939,36.92726478250125
13.8996,36.92726478250125
13.9049,37.187862901837
13.9106,37.100996862058416
13.9162,36.89830943590839
13.9218,37.01413082227983
13.9272,37.100996862058416
13.9329,36.956220129094106
13.9383,36.98517547568697
13.9439,37.07204151546556
13.9495,37.01413082227983
13.9552,36.86935408931552
13.9605,37.07204151546556
13.9662,37.100996862058416
13.9718,37.01413082227983
13.9772,36.92726478250125
13.9828,37.100996862058416
13.9884,37.04308616887269
13.9941,36.956220129094106
13.9994,37.04308616887269
14.0051,37.04308616887269
14.0108,36.92726478250125
14.0161,36.956220129094106
14.0218,37.15890755524414
14.0274,36.956220129094106
14.0328,36.86935408931552
14.0384,37.129952208651275
14.0441,37.100996862058416
14.0495,36.956220129094106
14.0551,36.98517547568697
14.0608,37.07204151546556
14.0661,36.98517547568697
14.0718,36.98517547568697
14.0774,37.100996862058416
14.0828,37.01413082227983
14.0885,36.92726478250125
14.0941,37.07204151546556
14.0995,37.100996862058416
14.1051,36.89830943590839
14.1108,36.92726478250125
14.1161,37.100996862058416
14.1218,36.92726478250125
14.1274,36.86935408931552
14.1328,37.04308616887269
14.1385,37.07204151546556
14.1439,36.98517547568697
14.1496,37.04308616887269
14.1552,37.04308616887269
14.1606,37.01413082227983
14.1662,36.92726478250125
14.1716,37.100996862058416
14.1772,37.04308616887269
14.1829,37.01413082227983
14.1883,37.04308616887269
14.1939,37.15890755524414
14.1996,37.01413082227983
14.2052,36.92726478250125
14.2106,37.04308616887269
14.2162,37.100996862058416
14.2219,36.92726478250125
14.2272,37.01413082227983
14.2329,37.129952208651275
14.2383,36.92726478250125
14.2439,36.956220129094106
14.2496,37.100996862058416
14.2552,37.04308616887269
14.2605,36.92726478250125
14.2662,37.04308616887269
14.2718,37.07204151546556
14.2775,36.98517547568697
14.2828,36.89830943590839
14.2885,37.100996862058416
14.2939,37.07204151546556
14.2995,36.86935408931552
14.3052,36.92726478250125
14.3106,37.15890755524414
14.3162,37.01413082227983
14.3218,36.92726478250125
14.3275,37.07204151546556
14.3328,37.187862901837
14.3385,36.98517547568697
14.3439,36.92726478250125
14.3496,37.129952208651275
14.3552,37.04308616887269
14.3605,36.89830943590839
14.3662,37.04308616887269
14.3718,37.129952208651275
14.3772,36.98517547568697
14.3829,36.92726478250125
14.3885,37.07204151546556
14.3939,37.15890755524414
14.3995,36.98517547568697
14.4052,36.956220129094106
14.4106,37.129952208651275
14.4162,36.956220129094106
14.4218,36.89830943590839
14.4272,37.100996862058416
14.4328,37.100996862058416
14.4384,36.92726478250125
14.4441,36.98517547568697
14.4495,37.15890755524414
14.4551,37.07204151546556
14.4608,36.92726478250125
14.4662,36.92726478250125
14.4718,37.21681824842986
14.4772,37.187862901837
14.4828,36.89830943590839
14.4884,37.01413082227983
14.4941,37.187862901837
14.4995,36.956220129094106
14.5052,36.92726478250125
14.5106,37.07204151546556
14.5162,37.100996862058416
14.5219,36.92726478250125
14.5272,36.98517547568697
14.5329,37.100996862058416
14.5385,37.04308616887269
14.5439,36.92726478250125
14.5495,37.04308616887269
14.5552,37.07204151546556
14.5606,36.89830943590839
14.5662,36.98517547568697
14.5719,37.129952208651275
14.5772,37.04308616887269
14.5829,36.89830943590839
14.5886,37.04308616887269
14.5939,37.07204151546556
14.5996,36.956220129094106
14.605,36.956220129094106
14.6106,37.100996862058416
14.6163,37.01413082227983
14.6219,36.92726478250125
14.6273,37.07204151546556
14.6329,37.100996862058416
14.6386,36.956220129094106
14.6439,37.04308616887269
14.6494,37.07204151546556
14.655,37.04308616887269
14.6607,36.956220129094106
14.6661,37.07204151546556
14.6717,37.129952208651275
14.6772,36.92726478250125
14.6829,36.956220129094106
14.6885,37.100996862058416
14.6939,37.01413082227983
14.6995,36.89830943590839
14.7051,37.04308616887269
14.7107,37.129952208651275
14.7161,36.98517547568697
14.7218,36.98517547568697
14.7274,37.129952208651275
14.7327,37.04308616887269
14.7384,36.92726478250125
14.744,37.07204151546556
14.7497,37.04308616887269
14.755,36.89830943590839
14.7607,36.98517547568697
14.7661,37.129952208651275
14.7718,37.01413082227983
14.7774,36.92726478250125
14.7828,37.07204151546556
14.7884,37.15890755524414
14.7941,37.01413082227983
14.7994,36.956220129094106
14.8051,37.100996862058416
14.8107,37.100996862058416
14.8161,36.956220129094106
14.8218,37.04308616887269
14.8274,37.07204151546556
14.833,37.01413082227983
14.8384,36.98517547568697
14.844,37.07204151546556
14.8497,37.100996862058416
14.855,36.92726478250125
14.8605,37.04308616887269
14.8662,37.129952208651275
14.8716,36.956220129094106
14.8773,36.98517547568697
14.8829,37.07204151546556
14.8884,37.01413082227983
14.894,36.92726478250125
14.8996,37.129952208651275
14.905,37.04308616887269
14.9107,36.89830943590839
14.9162,36.98517547568697
14.9216,37.07204151546556
14.9273,37.01413082227983
14.9329,36.98517547568697
14.9386,37.100996862058416
14.9439,37.07204151546556
14.9496,36.92726478250125
14.9552,36.98517547568697
14.9606,37.15890755524414
14.9662,37.04308616887269
14.9716,36.92726478250125
14.9773,37.01413082227983
14.9829,37.100996862058416
14.9886,36.92726478250125
14.9939,36.92726478250125
14.9995,37.100996862058416
15.0052,36.98517547568697
15.0105,36.98517547568697
15.0162,37.07204151546556
15.0217,37.07204151546556
15.0274,36.92726478250125
15.0328,37.100996862058416
15.0384,37.100996862058416
15.044,36.92726478250125
15.0495,37.07204151546556
15.0552,37.100996862058416
15.0608,36.956220129094106
15.0662,36.98517547568697
15.0718,37.129952208651275
15.0772,37.04308616887269
15.0829,36.92726478250125
15.0885,37.100996862058416
15.0941,37.07204151546556
15.0995,36.956220129094106
15.1051,37.01413082227983
15.1105,37.129952208651275
15.1162,36.98517547568697
15.1218,36.956220129094106
15.1272,37.07204151546556
15.1329,37.100996862058416
15.1385,36.98517547568697
15.1442,36.92726478250125
15.1495,37.129952208651275
15.1551,37.01413082227983
15.1608,36.89830943590839
15.1662,37.100996862058416
15.1718,37.100996862058416
15.1774,36.92726478250125
15.1828,36.98517547568697
15.1885,37.129952208651275
15.1941,36.98517547568697
15.1995,36.92726478250125
15.2051,37.129952208651275
15.2108,37.04308616887269
15.2161,36.956220129094106
15.2218,37.01413082227983
15.2274,37.15890755524414
15.2328,36.956220129094106
15.2385,36.956220129094106
15.2439,37.129952208651275
15.2495,37.100996862058416
15.2552,36.956220129094106
15.2608,36.98517547568697
15.2662,37.187862901837
15.2718,36.98517547568697
15.2774,36.92726478250125
15.2828,37.100996862058416
15.2885,37.100996862058416
15.2939,36.89830943590839
15.2995,37.01413082227983
15.305,37.15890755524414
15.3106,37.07204151546556
15.3162,36.92726478250125
15.3219,37.129952208651275
15.3272,37.07204151546556
15.3328,36.92726478250125
15.3385,37.01413082227983
15.3441,37.15890755524414
15.3495,36.956220129094106
15.3551,36.956220129094106
15.3606,37.129952208651275
15.3663,37.04308616887269
15.3719,36.89830943590839
15.3773,36.956220129094106
15.383,37.129952208651275
15.3884,37.07204151546556
15.394,36.89830943590839
15.3996,37.04308616887269
15.405,37.129952208651275
15.4106,36.98517547568697
15.4162,37.01413082227983
15.4219,37.07204151546556
15.4272,37.04308616887269
15.4329,36.92726478250125
15.4385,37.07204151546556
15.4439,36.98517547568697
15.4496,36.92726478250125
15.4552,37.04308616887269
15.4606,37.07204151546556
15.4662,36.92726478250125
15.4719,37.01413082227983
15.4772,37.129952208651275
15.4829,36.98517547568697
15.4885,36.92726478250125
15.4939,37.187862901837
15.4996,37.100996862058416
15.5052,36.89830943590839
15.5106,37.04308616887269
15.5162,37.100996862058416
15.5219,36.98517547568697
15.5272,36.956220129094106
15.5329,37.100996862058416
15.5385,37.07204151546556
15.5439,36.89830943590839
15.5496,36.98517547568697
15.5552,37.100996862058416
15.5608,36.956220129094106
15.5662,36.92726478250125
15.5718,37.100996862058416
15.5774,37.07204151546556
15.5828,36.89830943590839
15.5884,36.92726478250125
15.5941,37.15890755524414
15.5995,36.956220129094106
15.6051,36.98517547568697
15.6108,37.100996862058416
15.6161,37.100996862058416
15.6218,36.92726478250125
15.6274,37.04308616887269
15.6331,37.07204151546556
15.6384,36.92726478250125
15.644,37.01413082227983
15.6494,37.07204151546556
15.6551,36.956220129094106
15.6608,36.956220129094106
15.6661,37.100996862058416
15.6718,37.01413082227983
15.6774,36.956220129094106
15.6828,37.04308616887269
15.6885,37.100996862058416
15.6941,36.86935408931552
15.6995,36.98517547568697
15.7052,37.129952208651275
15.7108,36.92726478250125
15.7162,36.89830943590839
15.7218,37.07204151546556
15.7275,37.100996862058416
15.7328,36.92726478250125
15.7384,37.100996862058416
15.7441,37.100996862058416
15.7497,36.92726478250125
15.7551,37.07204151546556
15.7608,37.07204151546556
15.7661,36.956220129094106
15.7718,37.01413082227983
15.7774,37.07204151546556
15.7828,36.92726478250125
15.7884,36.92726478250125
15.7941,37.100996862058416
15.7994,37.04308616887269
15.8051,37.01413082227983
15.8105,37.01413082227983
15.8161,37.100996862058416
15.8218,36.98517547568697
15.8274,37.100996862058416
15.8328,37.100996862058416
15.8384,36.956220129094106
15.8441,36.956220129094106
15.8494,37.15890755524414
15.8551,37.01413082227983
15.8608,36.92726478250125
15.8661,37.07204151546556
15.8718,37.04308616887269
15.8774,36.956220129094106
15.8828,37.07204151546556
15.8884,37.04308616887269
15.8941,36.92726478250125
15.8994,37.04308616887269
15.9051,37.07204151546556
15.9108,36.89830943590839
15.9162,36.98517547568697
15.9218,37.100996862058416
15.9275,36.98517547568697
15.9328,36.92726478250125
15.9384,37.04308616887269
15.9441,37.129952208651275
15.9495,36.956220129094106
15.9551,37.01413082227983
15.9608,37.100996862058416
15.9662,36.956220129094106
15.9718,36.956220129094106
15.9772,37.129952208651275
15.9828,36.98517547568697
15.9885,36.89830943590839
15.9941,37.01413082227983
15.9995,37.187862901837
16.005,36.98517547568697
16.0107,37.01413082227983
16.0163,37.129952208651275
16.0217,37.100996862058416
16.0274,36.89830943590839
16.0328,36.956220129094106
16.0384,37.100996862058416
16.0441,36.98517547568697
16.0497,37.01413082227983
16.055,37.129952208651275
16.0607,36.956220129094106
16.0664,36.98517547568697
16.0718,37.100996862058416
16.0774,37.01413082227983
16.0828,36.956220129094106
16.0884,37.100996862058416
16.0941,37.07204151546556
16.0994,36.98517547568697
16.1051,37.100996862058416
16.1107,37.07204151546556
16.1161,36.92726478250125
16.1218,37.01413082227983
16.1275,37.15890755524414
16.1328,36.98517547568697
16.1385,37.01413082227983
16.1439,37.129952208651275
16.1496,37.07204151546556
16.1552,36.92726478250125
16.1606,37.129952208651275
16.1662,37.129952208651275
16.1716,36.956220129094106
16.1773,37.01413082227983
16.1827,37.04308616887269
16.1884,36.956220129094106
16.194,36.92726478250125
16.1996,37.129952208651275
16.2051,37.07204151546556
16.2107,36.92726478250125
16.2163,37.01413082227983
16.2217,37.15890755524414
16.2274,36.956220129094106
16.2328,36.92726478250125
16.2385,37.01413082227983
16.2441,37.01413082227983
16.2495,36.92726478250125
16.2552,37.01413082227983
16.2608,37.07204151546556
16.2662,36.98517547568697
16.2718,36.956220129094106
16.2773,37.15890755524414
16.283,36.956220129094106
16.2884,36.98517547568697
16.294,37.100996862058416
16.2997,37.04308616887269
16.3051,36.86935408931552
16.3107,37.04308616887269
16.3163,37.15890755524414
16.3217,36.89830943590839
16.3274,36.98517547568697
16.333,37.15890755524414
16.3384,37.04308616887269
16.3441,36.89830943590839
16.3494,37.07204151546556
16.3551,37.129952208651275
16.3607,36.92726478250125
16.3662,37.04308616887269
16.3718,37.129952208651275
16.3774,36.956220129094106
16.3828,36.98517547568697
16.3885,37.100996862058416
16.3942,37.07204151546556
16.3996,36.92726478250125
16.4052,37.129952208651275
16.4105,37.100996862058416
16.4162,36.92726478250125
16.4218,37.01413082227983
16.4275,37.100996862058416
16.4329,36.98517547568697
16.4385,36.89830943590839
16.4439,37.15890755524414
16.4495,37.01413082227983
16.4552,36.92726478250125
16.4606,37.04308616887269
16.4662,37.04308616887269
16.4719,36.956220129094106
16.4773,36.956220129094106
16.4829,37.129952208651275
16.4886,37.04308616887269
16.494,36.956220129094106
16.4997,37.100996862058416
16.505,37.04308616887269
16.5107,36.956220129094106
16.5163,36.956220129094106
16.5217,37.15890755524414
16.5273,37.01413082227983
16.533,36.89830943590839
16.5384,37.129952208651275
16.544,37.04308616887269
16.5494,36.956220129094106
16.5551,37.04308616887269
16.5607,37.07204151546556
16.5663,36.92726478250125
16.5717,37.01413082227983
16.5773,36.98517547568697
16.5828,36.92726478250125
16.5884,37.07204151546556
16.5939,37.07204151546556
16.5995,36.86935408931552
16.605,36.956220129094106
16.6107,37.187862901837
16.6163,37.04308616887269
16.6217,36.956220129094106
16.6273,37.04308616887269
16.6328,37.04308616887269
16.6384,36.98517547568697
16.6439,37.04308616887269
16.6496,37.07204151546556
16.655,36.956220129094106
16.6606,37.07204151546556
16.6661,37.07204151546556
16.6717,36.92726478250125
16.6773,37.07204151546556
16.6828,37.04308616887269
16.6884,36.956220129094106
16.6939,36.89830943590839
16.6995,37.100996862058416
16.705,37.100996862058416
16.7106,36.92726478250125
16.7162,36.98517547568697
16.7217,37.15890755524414
16.7273,37.01413082227983
16.7328,36.89830943590839
16.7384,37.04308616887269
16.7439,37.07204151546556
16.7495,36.89830943590839
16.7551,36.98517547568697
16.7606,37.15890755524414
16.7662,36.98517547568697
16.7717,36.92726478250125
16.7773,37.07204151546556
16.7828,37.100996862058416
16.7884,36.956220129094106
16.794,37.04308616887269
16.7995,37.04308616887269
16.8051,36.92726478250125
16.8106,37.04308616887269
16.8162,37.129952208651275
16.8217,36.98517547568697
16.8273,36.98517547568697
16.8329,37.04308616887269
16.8384,37.04308616887269
16.844,36.92726478250125
16.8495,37.07204151546556
16.8551,37.07204151546556
16.8607,36.98517547568697
16.8662,37.01413082227983
16.8718,37.07204151546556
16.8773,36.956220129094106
16.8829,36.956220129094106
16.8884,37.129952208651275
16.894,37.100996862058416
16.8996,36.956220129094106
16.9051,37.04308616887269
16.9107,37.100996862058416
16.9162,36.92726478250125
16.9218,37.01413082227983
16.9273,37.04308616887269
16.9329,36.92726478250125
16.9385,36.956220129094106
16.944,37.100996862058416
16.9496,37.04308616887269
16.9551,36.956220129094106
16.9607,37.07204151546556
16.9663,37.129952208651275
16.9718,36.956220129094106
16.9774,36.98517547568697
16.9829,37.15890755524414
16.9885,36.98517547568697
16.994,36.92726478250125
16.9996,37.129952208651275
17.0052,36.98517547568697
17.0106,36.92726478250125
17.0163,37.04308616887269
17.0219,37.04308616887269
17.0273,36.956220129094106
17.0329,37.07204151546556
17.0385,37.07204151546556
17.0441,36.92726478250125
17.0496,37.07204151546556
17.0552,37.187862901837
17.0606,36.956220129094106
17.0662,36.89830943590839
17.0718,37.100996862058416
17.0774,37.129952208651275
17.0829,36.956220129094106
17.0885,36.956220129094106
